#Navio B MarAd
#Manobra de Curva Zig-Zag
#
#Eta 
#
#temp      rot 
 0.00  1.00
 0.70  1.00
 1.40  1.00
 2.10  1.00
 2.80  1.00
 3.50  1.00
 4.20  1.00
 4.90  1.00
 5.60  1.00
 6.30  1.00
 7.00  1.00
 7.70  1.00
 8.40  1.00
 9.10  1.00
 9.80  1.00
 10.50  1.00
 11.20  1.00
 11.90  1.00
 12.60  1.00
 13.30  1.00
 14.00  1.00
 14.70  1.00
 15.40  1.00
 16.10  1.00
 16.80  1.00
 17.50  1.00
 18.20  1.00
 18.90  1.00
 19.60  1.00
 20.30  1.00
 21.00  1.00
 21.70  1.00
 22.40  1.00
 23.10  1.00
 23.80  1.00
 24.50  1.00
 25.20  1.01
 25.90  1.01
 26.60  1.01
 27.30  1.01
 28.00  1.01
 28.70  1.01
 29.40  1.01
 30.10  1.01
 30.80  1.01
 31.50  1.01
 32.20  1.01
 32.90  1.01
 33.60  1.01
 34.30  1.01
 35.00  1.01
 35.70  1.01
 36.40  1.01
 37.10  1.01
 37.80  1.01
 38.50  1.01
 39.20  1.01
 39.90  1.01
 40.60  1.01
 41.30  1.01
 42.00  1.01
 42.70  1.01
 43.40  1.01
 44.10  1.01
 44.80  1.01
 45.50  1.01
 46.20  1.01
 46.90  1.01
 47.60  1.01
 48.30  1.01
 49.00  1.01
 49.70  1.01
 50.40  1.01
 51.10  1.01
 51.80  1.01
 52.50  1.01
 53.20  1.01
 53.90  1.01
 54.60  1.01
 55.30  1.01
 56.00  1.01
 56.70  1.01
 57.40  1.01
 58.10  1.01
 58.80  1.02
 59.50  1.02
 60.20  1.02
 60.90  1.02
 61.60  1.02
 62.30  1.02
 63.00  1.02
 63.70  1.02
 64.40  1.02
 65.10  1.02
 65.80  1.02
 66.50  1.02
 67.20  1.02
 67.90  1.02
 68.60  1.02
 69.30  1.02
 70.00  1.02
 70.70  1.02
 71.40  1.02
 72.10  1.02
 72.80  1.02
 73.50  1.02
 74.20  1.02
 74.90  1.02
 75.60  1.02
 76.30  1.02
 77.00  1.02
 77.70  1.02
 78.40  1.02
 79.10  1.02
 79.80  1.02
 80.50  1.03
 81.20  1.03
 81.90  1.03
 82.60  1.03
 83.30  1.03
 84.00  1.03
 84.70  1.03
 85.40  1.03
 86.10  1.03
 86.80  1.03
 87.50  1.03
 88.20  1.03
 88.90  1.03
 89.60  1.03
 90.30  1.03
 91.00  1.03
 91.70  1.03
 92.40  1.03
 93.10  1.03
 93.80  1.03
 94.50  1.03
 95.20  1.03
 95.90  1.03
 96.60  1.04
 97.30  1.04
 98.00  1.04
 98.70  1.04
 99.40  1.04
 100.10  1.04
 100.80  1.04
 101.50  1.04
 102.20  1.04
 102.90  1.04
 103.60  1.04
 104.30  1.04
 105.00  1.04
 105.70  1.04
 106.40  1.04
 107.10  1.04
 107.80  1.04
 108.50  1.04
 109.20  1.04
 109.90  1.05
 110.60  1.05
 111.30  1.05
 112.00  1.05
 112.70  1.05
 113.40  1.05
 114.10  1.05
 114.80  1.05
 115.50  1.05
 116.20  1.05
 116.90  1.05
 117.60  1.05
 118.30  1.05
 119.00  1.05
 119.70  1.05
 120.40  1.05
 121.10  1.06
 121.80  1.06
 122.50  1.06
 123.20  1.06
 123.90  1.06
 124.60  1.06
 125.30  1.06
 126.00  1.06
 126.70  1.06
 127.40  1.06
 128.10  1.06
 128.80  1.06
 129.50  1.06
 130.20  1.06
 130.90  1.07
 131.60  1.07
 132.30  1.07
 133.00  1.07
 133.70  1.07
 134.40  1.07
 135.10  1.07
 135.80  1.07
 136.50  1.07
 137.20  1.07
 137.90  1.07
 138.60  1.07
 139.30  1.07
 140.00  1.08
 140.70  1.08
 141.40  1.08
 142.10  1.08
 142.80  1.08
 143.50  1.08
 144.20  1.08
 144.90  1.08
 145.60  1.08
 146.30  1.08
 147.00  1.08
 147.70  1.08
 148.40  1.08
 149.10  1.09
 149.80  1.09
 150.50  1.09
 151.20  1.09
 151.90  1.09
 152.60  1.09
 153.30  1.09
 154.00  1.09
 154.70  1.09
 155.40  1.09
 156.10  1.09
 156.80  1.09
 157.50  1.09
 158.20  1.09
 158.90  1.09
 159.60  1.09
 160.30  1.10
 161.00  1.10
 161.70  1.10
 162.40  1.10
 163.10  1.10
 163.80  1.10
 164.50  1.10
 165.20  1.10
 165.90  1.10
 166.60  1.10
 167.30  1.10
 168.00  1.10
 168.70  1.10
 169.40  1.10
 170.10  1.10
 170.80  1.10
 171.50  1.10
 172.20  1.10
 172.90  1.10
 173.60  1.10
 174.30  1.10
 175.00  1.11
 175.70  1.11
 176.40  1.11
 177.10  1.11
 177.80  1.11
 178.50  1.11
 179.20  1.11
 179.90  1.11
 180.60  1.11
 181.30  1.11
 182.00  1.11
 182.70  1.11
 183.40  1.11
 184.10  1.11
 184.80  1.11
 185.50  1.11
 186.20  1.11
 186.90  1.11
 187.60  1.11
 188.30  1.11
 189.00  1.11
 189.70  1.11
 190.40  1.11
 191.10  1.11
 191.80  1.11
 192.50  1.11
 193.20  1.11
 193.90  1.11
 194.60  1.11
 195.30  1.12
 196.00  1.12
 196.70  1.12
 197.40  1.12
 198.10  1.12
 198.80  1.12
 199.50  1.12
 200.20  1.12
 200.90  1.12
 201.60  1.12
 202.30  1.12
 203.00  1.12
 203.70  1.12
 204.40  1.12
 205.10  1.12
 205.80  1.12
 206.50  1.12
 207.20  1.12
 207.90  1.12
 208.60  1.12
 209.30  1.12
 210.00  1.12
 210.70  1.12
 211.40  1.12
 212.10  1.12
 212.80  1.12
 213.50  1.12
 214.20  1.12
 214.90  1.12
 215.60  1.12
 216.30  1.12
 217.00  1.12
 217.70  1.12
 218.40  1.12
 219.10  1.12
 219.80  1.12
 220.50  1.12
 221.20  1.12
 221.90  1.12
 222.60  1.12
 223.30  1.12
 224.00  1.12
 224.70  1.12
 225.40  1.12
 226.10  1.12
 226.80  1.12
 227.50  1.12
 228.20  1.12
 228.90  1.12
 229.60  1.12
 230.30  1.12
 231.00  1.12
 231.70  1.12
 232.40  1.12
 233.10  1.12
 233.80  1.12
 234.50  1.12
 235.20  1.12
 235.90  1.13
 236.60  1.13
 237.30  1.13
 238.00  1.13
 238.70  1.13
 239.40  1.13
 240.10  1.13
 240.80  1.13
 241.50  1.13
 242.20  1.13
 242.90  1.13
 243.60  1.13
 244.30  1.13
 245.00  1.13
 245.70  1.13
 246.40  1.13
 247.10  1.13
 247.80  1.13
 248.50  1.13
 249.20  1.13
 249.90  1.13
 250.60  1.13
 251.30  1.13
 252.00  1.13
 252.70  1.13
 253.40  1.13
 254.10  1.13
 254.80  1.13
 255.50  1.13
 256.20  1.13
 256.90  1.13
 257.60  1.13
 258.30  1.13
 259.00  1.13
 259.70  1.13
 260.40  1.13
 261.10  1.13
 261.80  1.13
 262.50  1.13
 263.20  1.13
 263.90  1.13
 264.60  1.13
 265.30  1.13
 266.00  1.13
 266.70  1.13
 267.40  1.13
 268.10  1.13
 268.80  1.13
 269.50  1.13
 270.20  1.13
 270.90  1.13
 271.60  1.13
 272.30  1.13
 273.00  1.13
 273.70  1.13
 274.40  1.13
 275.10  1.13
 275.80  1.13
 276.50  1.13
 277.20  1.13
 277.90  1.13
 278.60  1.13
 279.30  1.13
 280.00  1.13
 280.70  1.13
 281.40  1.13
 282.10  1.13
 282.80  1.13
 283.50  1.13
 284.20  1.13
 284.90  1.13
 285.60  1.13
 286.30  1.13
 287.00  1.13
 287.70  1.13
 288.40  1.13
 289.10  1.13
 289.80  1.13
 290.50  1.13
 291.20  1.13
 291.90  1.13
 292.60  1.13
 293.30  1.13
 294.00  1.13
 294.70  1.13
 295.40  1.13
 296.10  1.13
 296.80  1.13
 297.50  1.13
 298.20  1.13
 298.90  1.13
 299.60  1.13
 300.30  1.13
 301.00  1.13
 301.70  1.13
 302.40  1.13
 303.10  1.13
 303.80  1.13
 304.50  1.13
 305.20  1.13
 305.90  1.13
 306.60  1.13
 307.30  1.13
 308.00  1.13
 308.70  1.13
 309.40  1.13
 310.10  1.13
 310.80  1.13
 311.50  1.13
 312.20  1.13
 312.90  1.13
 313.60  1.13
 314.30  1.13
 315.00  1.13
 315.70  1.13
 316.40  1.13
 317.10  1.13
 317.80  1.13
 318.50  1.13
 319.20  1.13
 319.90  1.13
 320.60  1.13
 321.30  1.13
 322.00  1.13
 322.70  1.13
 323.40  1.13
 324.10  1.13
 324.80  1.13
 325.50  1.13
 326.20  1.13
 326.90  1.13
 327.60  1.13
 328.30  1.13
 329.00  1.13
 329.70  1.13
 330.40  1.13
 331.10  1.13
 331.80  1.13
 332.50  1.13
 333.20  1.13
 333.90  1.13
 334.60  1.13
 335.30  1.13
 336.00  1.13
 336.70  1.13
 337.40  1.13
 338.10  1.13
 338.80  1.13
 339.50  1.13
 340.20  1.13
 340.90  1.13
 341.60  1.13
 342.30  1.13
 343.00  1.13
 343.70  1.13
 344.40  1.13
 345.10  1.13
 345.80  1.13
 346.50  1.13
 347.20  1.13
 347.90  1.13
 348.60  1.13
 349.30  1.13
 350.00  1.13
 350.70  1.13
 351.40  1.13
 352.10  1.13
 352.80  1.13
 353.50  1.13
 354.20  1.13
 354.90  1.13
 355.60  1.13
 356.30  1.13
 357.00  1.13
 357.70  1.13
 358.40  1.13
 359.10  1.13
 359.80  1.13
 360.50  1.13
 361.20  1.13
 361.90  1.13
 362.60  1.13
 363.30  1.13
 364.00  1.14
 364.70  1.14
 365.40  1.14
 366.10  1.14
 366.80  1.14
 367.50  1.14
 368.20  1.14
 368.90  1.14
 369.60  1.14
 370.30  1.14
 371.00  1.14
 371.70  1.14
 372.40  1.14
 373.10  1.14
 373.80  1.14
 374.50  1.14
 375.20  1.14
 375.90  1.14
 376.60  1.14
 377.30  1.14
 378.00  1.14
 378.70  1.14
 379.40  1.14
 380.10  1.14
 380.80  1.14
 381.50  1.14
 382.20  1.14
 382.90  1.14
 383.60  1.14
 384.30  1.14
 385.00  1.14
 385.70  1.14
 386.40  1.14
 387.10  1.14
 387.80  1.14
 388.50  1.14
 389.20  1.14
 389.90  1.14
 390.60  1.15
 391.30  1.15
 392.00  1.15
 392.70  1.15
 393.40  1.15
 394.10  1.15
 394.80  1.15
 395.50  1.15
 396.20  1.15
 396.90  1.15
 397.60  1.15
 398.30  1.15
 399.00  1.15
 399.70  1.15
 400.40  1.15
 401.10  1.15
 401.80  1.15
 402.50  1.15
 403.20  1.15
 403.90  1.15
 404.60  1.15
 405.30  1.15
 406.00  1.15
 406.70  1.15
 407.40  1.16
 408.10  1.16
 408.80  1.16
 409.50  1.16
 410.20  1.16
 410.90  1.16
 411.60  1.16
 412.30  1.16
 413.00  1.16
 413.70  1.16
 414.40  1.16
 415.10  1.16
 415.80  1.16
 416.50  1.16
 417.20  1.16
 417.90  1.16
 418.60  1.16
 419.30  1.16
 420.00  1.16
 420.70  1.17
 421.40  1.17
 422.10  1.17
 422.80  1.17
 423.50  1.17
 424.20  1.17
 424.90  1.17
 425.60  1.17
 426.30  1.17
 427.00  1.17
 427.70  1.17
 428.40  1.17
 429.10  1.17
 429.80  1.17
 430.50  1.17
 431.20  1.17
 431.90  1.18
 432.60  1.18
 433.30  1.18
 434.00  1.18
 434.70  1.18
 435.40  1.18
 436.10  1.18
 436.80  1.18
 437.50  1.18
 438.20  1.18
 438.90  1.18
 439.60  1.18
 440.30  1.18
 441.00  1.18
 441.70  1.19
 442.40  1.19
 443.10  1.19
 443.80  1.19
 444.50  1.19
 445.20  1.19
 445.90  1.19
 446.60  1.19
 447.30  1.19
 448.00  1.19
 448.70  1.19
 449.40  1.19
 450.10  1.19
 450.80  1.20
 451.50  1.20
 452.20  1.20
 452.90  1.20
 453.60  1.20
 454.30  1.20
 455.00  1.20
 455.70  1.20
 456.40  1.20
 457.10  1.20
 457.80  1.20
 458.50  1.21
 459.20  1.21
 459.90  1.21
 460.60  1.21
 461.30  1.21
 462.00  1.21
 462.70  1.21
 463.40  1.21
 464.10  1.21
 464.80  1.21
 465.50  1.21
 466.20  1.22
 466.90  1.22
 467.60  1.22
 468.30  1.22
 469.00  1.22
 469.70  1.22
 470.40  1.22
 471.10  1.22
 471.80  1.22
 472.50  1.22
 473.20  1.22
 473.90  1.23
 474.60  1.23
 475.30  1.23
 476.00  1.23
 476.70  1.23
 477.40  1.23
 478.10  1.23
 478.80  1.23
 479.50  1.23
 480.20  1.24
 480.90  1.24
 481.60  1.24
 482.30  1.24
 483.00  1.24
 483.70  1.24
 484.40  1.24
 485.10  1.24
 485.80  1.24
 486.50  1.24
 487.20  1.25
 487.90  1.25
 488.60  1.25
 489.30  1.25
 490.00  1.25
 490.70  1.25
 491.40  1.25
 492.10  1.25
 492.80  1.25
 493.50  1.26
 494.20  1.26
 494.90  1.26
 495.60  1.26
 496.30  1.26
 497.00  1.26
 497.70  1.26
 498.40  1.26
 499.10  1.26
 499.80  1.27
 500.50  1.27
 501.20  1.27
 501.90  1.27
 502.60  1.27
 503.30  1.27
 504.00  1.27
 504.70  1.27
 505.40  1.28
 506.10  1.28
 506.80  1.28
 507.50  1.28
 508.20  1.28
 508.90  1.28
 509.60  1.28
 510.30  1.28
 511.00  1.29
 511.70  1.29
 512.40  1.29
 513.10  1.29
 513.80  1.29
 514.50  1.29
 515.20  1.29
 515.90  1.29
 516.60  1.30
 517.30  1.30
 518.00  1.30
 518.70  1.30
 519.40  1.30
 520.10  1.30
 520.80  1.30
 521.50  1.30
 522.20  1.31
 522.90  1.31
 523.60  1.31
 524.30  1.31
 525.00  1.31
 525.70  1.31
 526.40  1.31
 527.10  1.31
 527.80  1.32
 528.50  1.32
 529.20  1.32
 529.90  1.32
 530.60  1.32
 531.30  1.32
 532.00  1.32
 532.70  1.33
 533.40  1.33
 534.10  1.33
 534.80  1.33
 535.50  1.33
 536.20  1.33
 536.90  1.33
 537.60  1.34
 538.30  1.34
 539.00  1.34
 539.70  1.34
 540.40  1.34
 541.10  1.34
 541.80  1.34
 542.50  1.34
 543.20  1.35
 543.90  1.35
 544.60  1.35
 545.30  1.35
 546.00  1.35
 546.70  1.35
 547.40  1.35
 548.10  1.36
 548.80  1.36
 549.50  1.36
 550.20  1.36
 550.90  1.36
 551.60  1.36
 552.30  1.36
 553.00  1.37
 553.70  1.37
 554.40  1.37
 555.10  1.37
 555.80  1.37
 556.50  1.37
 557.20  1.37
 557.90  1.38
 558.60  1.38
 559.30  1.38
 560.00  1.38
 560.70  1.38
 561.40  1.38
 562.10  1.38
 562.80  1.38
 563.50  1.39
 564.20  1.39
 564.90  1.39
 565.60  1.39
 566.30  1.39
 567.00  1.39
 567.70  1.39
 568.40  1.39
 569.10  1.39
 569.80  1.39
 570.50  1.40
 571.20  1.40
 571.90  1.40
 572.60  1.40
 573.30  1.40
 574.00  1.40
 574.70  1.40
 575.40  1.40
 576.10  1.40
 576.80  1.40
 577.50  1.40
 578.20  1.41
 578.90  1.41
 579.60  1.41
 580.30  1.41
 581.00  1.41
 581.70  1.41
 582.40  1.41
 583.10  1.41
 583.80  1.41
 584.50  1.41
 585.20  1.41
 585.90  1.41
 586.60  1.41
 587.30  1.41
 588.00  1.42
 588.70  1.42
 589.40  1.42
 590.10  1.42
 590.80  1.42
 591.50  1.42
 592.20  1.42
 592.90  1.42
 593.60  1.42
 594.30  1.42
 595.00  1.42
 595.70  1.42
 596.40  1.42
 597.10  1.42
 597.80  1.42
 598.50  1.42
 599.20  1.42
 599.90  1.42
 600.60  1.42
 601.30  1.42
 602.00  1.42
 602.70  1.43
 603.40  1.43
 604.10  1.43
 604.80  1.43
 605.50  1.43
 606.20  1.43
 606.90  1.43
 607.60  1.43
 608.30  1.43
 609.00  1.43
 609.70  1.43
 610.40  1.43
 611.10  1.43
 611.80  1.43
 612.50  1.43
 613.20  1.43
 613.90  1.43
 614.60  1.43
 615.30  1.43
 616.00  1.43
 616.70  1.43
 617.40  1.43
 618.10  1.43
 618.80  1.43
 619.50  1.43
 620.20  1.43
 620.90  1.43
 621.60  1.43
 622.30  1.43
 623.00  1.43
 623.70  1.43
 624.40  1.43
 625.10  1.43
 625.80  1.43
 626.50  1.43
 627.20  1.43
 627.90  1.43
 628.60  1.43
 629.30  1.43
 630.00  1.43
 630.70  1.43
 631.40  1.43
 632.10  1.43
 632.80  1.43
 633.50  1.43
 634.20  1.43
 634.90  1.43
 635.60  1.43
 636.30  1.43
 637.00  1.43
 637.70  1.43
 638.40  1.43
 639.10  1.43
 639.80  1.43
 640.50  1.43
 641.20  1.43
 641.90  1.43
 642.60  1.43
 643.30  1.43
 644.00  1.43
 644.70  1.43
 645.40  1.43
 646.10  1.43
 646.80  1.43
 647.50  1.43
 648.20  1.43
 648.90  1.43
 649.60  1.43
 650.30  1.43
 651.00  1.43
 651.70  1.43
 652.40  1.43
 653.10  1.43
 653.80  1.43
 654.50  1.43
 655.20  1.43
 655.90  1.43
 656.60  1.43
 657.30  1.43
 658.00  1.43
 658.70  1.43
 659.40  1.43
 660.10  1.43
 660.80  1.43
 661.50  1.43
 662.20  1.43
 662.90  1.43
 663.60  1.43
 664.30  1.43
 665.00  1.43
 665.70  1.43
 666.40  1.43
 667.10  1.43
 667.80  1.43
 668.50  1.43
 669.20  1.43
 669.90  1.43
 670.60  1.43
 671.30  1.43
 672.00  1.43
 672.70  1.43
 673.40  1.43
 674.10  1.43
 674.80  1.43
 675.50  1.43
 676.20  1.43
 676.90  1.43
 677.60  1.43
 678.30  1.43
 679.00  1.43
 679.70  1.43
 680.40  1.43
 681.10  1.43
 681.80  1.43
 682.50  1.43
 683.20  1.43
 683.90  1.43
 684.60  1.43
 685.30  1.43
 686.00  1.43
 686.70  1.43
 687.40  1.43
 688.10  1.43
 688.80  1.43
 689.50  1.43
 690.20  1.43
 690.90  1.43
 691.60  1.43
 692.30  1.43
 693.00  1.43
 693.70  1.43
 694.40  1.42
 695.10  1.42
 695.80  1.42
 696.50  1.42
 697.20  1.42
 697.90  1.42
 698.60  1.42
 699.30  1.42
 700.00  1.42
 700.70  1.42
 701.40  1.42
 702.10  1.42
 702.80  1.42
 703.50  1.42
 704.20  1.42
 704.90  1.42
 705.60  1.42
 706.30  1.42
 707.00  1.42
 707.70  1.42
 708.40  1.42
 709.10  1.42
 709.80  1.42
 710.50  1.42
 711.20  1.42
 711.90  1.42
 712.60  1.42
 713.30  1.42
 714.00  1.42
 714.70  1.42
 715.40  1.42
 716.10  1.42
 716.80  1.42
 717.50  1.42
 718.20  1.42
 718.90  1.42
 719.60  1.42
 720.30  1.42
 721.00  1.42
 721.70  1.42
 722.40  1.41
 723.10  1.41
 723.80  1.41
 724.50  1.41
 725.20  1.41
 725.90  1.41
 726.60  1.41
 727.30  1.41
 728.00  1.41
 728.70  1.41
 729.40  1.41
 730.10  1.41
 730.80  1.41
 731.50  1.41
 732.20  1.41
 732.90  1.41
 733.60  1.41
 734.30  1.41
 735.00  1.41
 735.70  1.41
 736.40  1.41
 737.10  1.41
 737.80  1.41
 738.50  1.41
 739.20  1.41
 739.90  1.41
 740.60  1.41
 741.30  1.41
 742.00  1.41
 742.70  1.41
 743.40  1.41
 744.10  1.41
 744.80  1.41
 745.50  1.41
 746.20  1.41
 746.90  1.41
 747.60  1.40
 748.30  1.40
 749.00  1.40
 749.70  1.40
 750.40  1.40
 751.10  1.40
 751.80  1.40
 752.50  1.40
 753.20  1.40
 753.90  1.40
 754.60  1.40
 755.30  1.40
 756.00  1.40
 756.70  1.40
 757.40  1.40
 758.10  1.40
 758.80  1.40
 759.50  1.40
 760.20  1.40
 760.90  1.40
 761.60  1.40
 762.30  1.40
 763.00  1.40
 763.70  1.40
 764.40  1.40
 765.10  1.40
 765.80  1.40
 766.50  1.40
 767.20  1.40
 767.90  1.40
 768.60  1.40
 769.30  1.40
 770.00  1.40
 770.70  1.40
 771.40  1.40
 772.10  1.40
 772.80  1.39
 773.50  1.39
 774.20  1.39
 774.90  1.39
 775.60  1.39
 776.30  1.39
 777.00  1.39
 777.70  1.39
 778.40  1.39
 779.10  1.39
 779.80  1.39
 780.50  1.39
 781.20  1.39
 781.90  1.39
 782.60  1.39
 783.30  1.39
 784.00  1.39
 784.70  1.39
 785.40  1.39
 786.10  1.39
 786.80  1.39
 787.50  1.39
 788.20  1.39
 788.90  1.39
 789.60  1.39
 790.30  1.39
 791.00  1.39
 791.70  1.39
 792.40  1.39
 793.10  1.39
 793.80  1.39
 794.50  1.39
 795.20  1.39
 795.90  1.39
 796.60  1.39
 797.30  1.39
 798.00  1.39
 798.70  1.39
 799.40  1.39
 800.10  1.38
 800.80  1.38
 801.50  1.38
 802.20  1.38
 802.90  1.38
 803.60  1.38
 804.30  1.38
 805.00  1.38
 805.70  1.38
 806.40  1.38
 807.10  1.38
 807.80  1.38
 808.50  1.38
 809.20  1.38
 809.90  1.38
 810.60  1.38
 811.30  1.38
 812.00  1.38
 812.70  1.38
 813.40  1.38
 814.10  1.38
 814.80  1.38
 815.50  1.38
 816.20  1.38
 816.90  1.38
 817.60  1.38
 818.30  1.38
 819.00  1.38
 819.70  1.38
 820.40  1.38
 821.10  1.38
 821.80  1.38
 822.50  1.38
 823.20  1.38
 823.90  1.38
 824.60  1.38
 825.30  1.38
 826.00  1.38
 826.70  1.38
 827.40  1.38
 828.10  1.38
 828.80  1.38
 829.50  1.38
 830.20  1.38
 830.90  1.38
 831.60  1.38
 832.30  1.38
 833.00  1.38
 833.70  1.38
 834.40  1.38
 835.10  1.38
 835.80  1.38
 836.50  1.38
 837.20  1.38
 837.90  1.38
 838.60  1.37
 839.30  1.37
 840.00  1.37
 840.70  1.37
 841.40  1.37
 842.10  1.37
 842.80  1.37
 843.50  1.37
 844.20  1.37
 844.90  1.37
 845.60  1.37
 846.30  1.37
 847.00  1.37
 847.70  1.37
 848.40  1.37
 849.10  1.37
 849.80  1.37
 850.50  1.37
 851.20  1.37
 851.90  1.37
 852.60  1.37
 853.30  1.37
 854.00  1.37
 854.70  1.37
 855.40  1.37
 856.10  1.37
 856.80  1.37
 857.50  1.37
 858.20  1.37
 858.90  1.37
 859.60  1.37
 860.30  1.37
 861.00  1.37
 861.70  1.37
 862.40  1.37
 863.10  1.37
 863.80  1.37
 864.50  1.37
 865.20  1.37
 865.90  1.37
 866.60  1.37
 867.30  1.37
 868.00  1.37
 868.70  1.37
 869.40  1.37
 870.10  1.37
 870.80  1.37
 871.50  1.37
 872.20  1.37
 872.90  1.37
 873.60  1.37
 874.30  1.37
 875.00  1.37
 875.70  1.37
 876.40  1.37
 877.10  1.37
 877.80  1.37
 878.50  1.37
 879.20  1.37
 879.90  1.37
 880.60  1.37
 881.30  1.37
 882.00  1.37
 882.70  1.37
 883.40  1.37
 884.10  1.37
 884.80  1.37
 885.50  1.37
 886.20  1.37
 886.90  1.37
 887.60  1.37
 888.30  1.38
 889.00  1.38
 889.70  1.38
 890.40  1.38
 891.10  1.38
 891.80  1.38
 892.50  1.38
 893.20  1.38
 893.90  1.38
 894.60  1.38
 895.30  1.38
 896.00  1.38
 896.70  1.38
 897.40  1.38
 898.10  1.38
 898.80  1.38
 899.50  1.38
 900.20  1.38
 900.90  1.38
 901.60  1.38
 902.30  1.38
 903.00  1.38
 903.70  1.38
 904.40  1.38
 905.10  1.38
 905.80  1.38
 906.50  1.38
 907.20  1.38
 907.90  1.38
 908.60  1.38
 909.30  1.38
 910.00  1.38
 910.70  1.38
 911.40  1.38
 912.10  1.38
 912.80  1.38
 913.50  1.38
 914.20  1.38
 914.90  1.38
 915.60  1.38
 916.30  1.38
 917.00  1.38
 917.70  1.38
 918.40  1.38
 919.10  1.39
 919.80  1.39
 920.50  1.39
 921.20  1.39
 921.90  1.39
 922.60  1.39
 923.30  1.39
 924.00  1.39
 924.70  1.39
 925.40  1.39
 926.10  1.39
 926.80  1.39
 927.50  1.39
 928.20  1.39
 928.90  1.39
 929.60  1.39
 930.30  1.39
 931.00  1.39
 931.70  1.39
 932.40  1.39
 933.10  1.39
 933.80  1.39
 934.50  1.39
 935.20  1.39
 935.90  1.39
 936.60  1.39
 937.30  1.39
 938.00  1.40
 938.70  1.40
 939.40  1.40
 940.10  1.40
 940.80  1.40
 941.50  1.40
 942.20  1.40
 942.90  1.40
 943.60  1.40
 944.30  1.40
 945.00  1.40
 945.70  1.40
 946.40  1.40
 947.10  1.40
 947.80  1.40
 948.50  1.40
 949.20  1.40
 949.90  1.40
 950.60  1.40
 951.30  1.40
 952.00  1.40
 952.70  1.41
 953.40  1.41
 954.10  1.41
 954.80  1.41
 955.50  1.41
 956.20  1.41
 956.90  1.41
 957.60  1.41
 958.30  1.41
 959.00  1.41
 959.70  1.41
 960.40  1.41
 961.10  1.41
 961.80  1.41
 962.50  1.41
 963.20  1.41
 963.90  1.41
 964.60  1.41
 965.30  1.42
 966.00  1.42
 966.70  1.42
 967.40  1.42
 968.10  1.42
 968.80  1.42
 969.50  1.42
 970.20  1.42
 970.90  1.42
 971.60  1.42
 972.30  1.42
 973.00  1.42
 973.70  1.42
 974.40  1.42
 975.10  1.42
 975.80  1.42
 976.50  1.43
 977.20  1.43
 977.90  1.43
 978.60  1.43
 979.30  1.43
 980.00  1.43
 980.70  1.43
 981.40  1.43
 982.10  1.43
 982.80  1.43
 983.50  1.43
 984.20  1.43
 984.90  1.43
 985.60  1.43
 986.30  1.43
 987.00  1.44
 987.70  1.44
 988.40  1.44
 989.10  1.44
 989.80  1.44
 990.50  1.44
 991.20  1.44
 991.90  1.44
 992.60  1.44
 993.30  1.44
 994.00  1.44
 994.70  1.44
 995.40  1.44
 996.10  1.45
 996.80  1.45
 997.50  1.45
 998.20  1.45
 998.90  1.45
 999.60  1.45
 1000.30  1.45
 1001.00  1.45
 1001.70  1.45
 1002.40  1.45
 1003.10  1.45
 1003.80  1.45
 1004.50  1.45
 1005.20  1.46
 1005.90  1.46
 1006.60  1.46
 1007.30  1.46
 1008.00  1.46
 1008.70  1.46
 1009.40  1.46
 1010.10  1.46
 1010.80  1.46
 1011.50  1.46
 1012.20  1.46
 1012.90  1.46
 1013.60  1.46
 1014.30  1.47
 1015.00  1.47
 1015.70  1.47
 1016.40  1.47
 1017.10  1.47
 1017.80  1.47
 1018.50  1.47
 1019.20  1.47
 1019.90  1.47
 1020.60  1.47
 1021.30  1.47
 1022.00  1.47
 1022.70  1.48
 1023.40  1.48
 1024.10  1.48
 1024.80  1.48
 1025.50  1.48
 1026.20  1.48
 1026.90  1.48
 1027.60  1.48
 1028.30  1.48
 1029.00  1.48
 1029.70  1.48
 1030.40  1.49
 1031.10  1.49
 1031.80  1.49
 1032.50  1.49
 1033.20  1.49
 1033.90  1.49
 1034.60  1.49
 1035.30  1.49
 1036.00  1.49
 1036.70  1.49
 1037.40  1.49
 1038.10  1.50
 1038.80  1.50
 1039.50  1.50
 1040.20  1.50
 1040.90  1.50
 1041.60  1.50
 1042.30  1.50
 1043.00  1.50
 1043.70  1.50
 1044.40  1.50
 1045.10  1.50
 1045.80  1.51
 1046.50  1.51
 1047.20  1.51
 1047.90  1.51
 1048.60  1.51
 1049.30  1.51
 1050.00  1.51
 1050.70  1.51
 1051.40  1.51
 1052.10  1.51
 1052.80  1.52
 1053.50  1.52
 1054.20  1.52
 1054.90  1.52
 1055.60  1.52
 1056.30  1.52
 1057.00  1.52
 1057.70  1.52
 1058.40  1.52
 1059.10  1.52
 1059.80  1.52
 1060.50  1.53
 1061.20  1.53
 1061.90  1.53
 1062.60  1.53
 1063.30  1.53
 1064.00  1.53
 1064.70  1.53
 1065.40  1.53
 1066.10  1.53
 1066.80  1.53
 1067.50  1.54
 1068.20  1.54
 1068.90  1.54
 1069.60  1.54
 1070.30  1.54
 1071.00  1.54
 1071.70  1.54
 1072.40  1.54
 1073.10  1.54
 1073.80  1.54
 1074.50  1.55
 1075.20  1.55
 1075.90  1.55
 1076.60  1.55
 1077.30  1.55
 1078.00  1.55
 1078.70  1.55
 1079.40  1.55
 1080.10  1.55
 1080.80  1.55
 1081.50  1.56
 1082.20  1.56
 1082.90  1.56
 1083.60  1.56
 1084.30  1.56
 1085.00  1.56
 1085.70  1.56
 1086.40  1.56
 1087.10  1.56
 1087.80  1.57
 1088.50  1.57
 1089.20  1.57
 1089.90  1.57
 1090.60  1.57
 1091.30  1.57
 1092.00  1.57
 1092.70  1.57
 1093.40  1.57
 1094.10  1.57
 1094.80  1.58
 1095.50  1.58
 1096.20  1.58
 1096.90  1.58
 1097.60  1.58
 1098.30  1.58
 1099.00  1.58
 1099.70  1.58
 1100.40  1.58
 1101.10  1.59
 1101.80  1.59
 1102.50  1.59
 1103.20  1.59
 1103.90  1.59
 1104.60  1.59
 1105.30  1.59
 1106.00  1.59
 1106.70  1.59
 1107.40  1.59
 1108.10  1.59
 1108.80  1.59
 1109.50  1.60
 1110.20  1.60
 1110.90  1.60
 1111.60  1.60
 1112.30  1.60
 1113.00  1.60
 1113.70  1.60
 1114.40  1.60
 1115.10  1.60
 1115.80  1.60
 1116.50  1.60
 1117.20  1.60
 1117.90  1.60
 1118.60  1.60
 1119.30  1.60
 1120.00  1.60
 1120.70  1.61
 1121.40  1.61
 1122.10  1.61
 1122.80  1.61
 1123.50  1.61
 1124.20  1.61
 1124.90  1.61
 1125.60  1.61
 1126.30  1.61
 1127.00  1.61
 1127.70  1.61
 1128.40  1.61
 1129.10  1.61
 1129.80  1.61
 1130.50  1.61
 1131.20  1.61
 1131.90  1.61
 1132.60  1.61
 1133.30  1.61
 1134.00  1.61
 1134.70  1.61
 1135.40  1.61
 1136.10  1.61
 1136.80  1.61
 1137.50  1.61
 1138.20  1.61
 1138.90  1.61
 1139.60  1.61
 1140.30  1.61
 1141.00  1.61
 1141.70  1.61
 1142.40  1.61
 1143.10  1.61
 1143.80  1.61
 1144.50  1.61
 1145.20  1.61
 1145.90  1.61
 1146.60  1.61
 1147.30  1.61
 1148.00  1.61
 1148.70  1.61
 1149.40  1.61
 1150.10  1.61
 1150.80  1.61
 1151.50  1.61
 1152.20  1.61
 1152.90  1.61
 1153.60  1.61
 1154.30  1.61
 1155.00  1.61
 1155.70  1.61
 1156.40  1.61
 1157.10  1.61
 1157.80  1.61
 1158.50  1.61
 1159.20  1.61
 1159.90  1.61
 1160.60  1.61
 1161.30  1.61
 1162.00  1.61
 1162.70  1.61
 1163.40  1.61
 1164.10  1.61
 1164.80  1.61
 1165.50  1.61
 1166.20  1.61
 1166.90  1.61
 1167.60  1.61
 1168.30  1.61
 1169.00  1.61
 1169.70  1.61
 1170.40  1.61
 1171.10  1.61
 1171.80  1.61
 1172.50  1.61
 1173.20  1.61
 1173.90  1.61
 1174.60  1.61
 1175.30  1.61
 1176.00  1.61
 1176.70  1.61
 1177.40  1.61
 1178.10  1.61
 1178.80  1.61
 1179.50  1.61
 1180.20  1.61
 1180.90  1.61
 1181.60  1.60
 1182.30  1.60
 1183.00  1.60
 1183.70  1.60
 1184.40  1.60
 1185.10  1.60
 1185.80  1.60
 1186.50  1.60
 1187.20  1.60
 1187.90  1.60
 1188.60  1.60
 1189.30  1.60
 1190.00  1.60
 1190.70  1.60
 1191.40  1.60
 1192.10  1.60
 1192.80  1.60
 1193.50  1.60
 1194.20  1.60
 1194.90  1.60
 1195.60  1.60
 1196.30  1.60
 1197.00  1.60
 1197.70  1.60
 1198.40  1.60
 1199.10  1.60
 1199.80  1.60
 1200.50  1.59
 1201.20  1.59
 1201.90  1.59
 1202.60  1.59
 1203.30  1.59
 1204.00  1.59
 1204.70  1.59
 1205.40  1.59
 1206.10  1.59
 1206.80  1.59
 1207.50  1.59
 1208.20  1.59
 1208.90  1.59
 1209.60  1.59
 1210.30  1.59
 1211.00  1.59
 1211.70  1.59
 1212.40  1.59
 1213.10  1.59
 1213.80  1.59
 1214.50  1.59
 1215.20  1.59
 1215.90  1.59
 1216.60  1.58
 1217.30  1.58
 1218.00  1.58
 1218.70  1.58
 1219.40  1.58
 1220.10  1.58
 1220.80  1.58
 1221.50  1.58
 1222.20  1.58
 1222.90  1.58
 1223.60  1.58
 1224.30  1.58
 1225.00  1.58
 1225.70  1.58
 1226.40  1.58
 1227.10  1.58
 1227.80  1.58
 1228.50  1.58
 1229.20  1.58
 1229.90  1.58
 1230.60  1.58
 1231.30  1.57
 1232.00  1.57
 1232.70  1.57
 1233.40  1.57
 1234.10  1.57
 1234.80  1.57
 1235.50  1.57
 1236.20  1.57
 1236.90  1.57
 1237.60  1.57
 1238.30  1.57
 1239.00  1.57
 1239.70  1.57
 1240.40  1.57
 1241.10  1.57
 1241.80  1.57
 1242.50  1.57
 1243.20  1.57
 1243.90  1.57
 1244.60  1.57
 1245.30  1.57
 1246.00  1.56
 1246.70  1.56
 1247.40  1.56
 1248.10  1.56
 1248.80  1.56
 1249.50  1.56
 1250.20  1.56
 1250.90  1.56
 1251.60  1.56
 1252.30  1.56
 1253.00  1.56
 1253.70  1.56
 1254.40  1.56
 1255.10  1.56
 1255.80  1.56
 1256.50  1.56
 1257.20  1.56
 1257.90  1.56
 1258.60  1.56
 1259.30  1.56
 1260.00  1.55
 1260.70  1.55
 1261.40  1.55
 1262.10  1.55
 1262.80  1.55
 1263.50  1.55
 1264.20  1.55
 1264.90  1.55
 1265.60  1.55
 1266.30  1.55
 1267.00  1.55
 1267.70  1.55
 1268.40  1.55
 1269.10  1.55
 1269.80  1.55
 1270.50  1.55
 1271.20  1.55
 1271.90  1.55
 1272.60  1.55
 1273.30  1.55
 1274.00  1.54
 1274.70  1.54
 1275.40  1.54
 1276.10  1.54
 1276.80  1.54
 1277.50  1.54
 1278.20  1.54
 1278.90  1.54
 1279.60  1.54
 1280.30  1.54
 1281.00  1.54
 1281.70  1.54
 1282.40  1.54
 1283.10  1.54
 1283.80  1.54
 1284.50  1.54
 1285.20  1.54
 1285.90  1.54
 1286.60  1.54
 1287.30  1.54
 1288.00  1.54
 1288.70  1.54
 1289.40  1.53
 1290.10  1.53
 1290.80  1.53
 1291.50  1.53
 1292.20  1.53
 1292.90  1.53
 1293.60  1.53
 1294.30  1.53
 1295.00  1.53
 1295.70  1.53
 1296.40  1.53
 1297.10  1.53
 1297.80  1.53
 1298.50  1.53
 1299.20  1.53
 1299.90  1.53
 1300.60  1.53
 1301.30  1.53
 1302.00  1.53
 1302.70  1.53
 1303.40  1.53
 1304.10  1.53
 1304.80  1.52
 1305.50  1.52
 1306.20  1.52
 1306.90  1.52
 1307.60  1.52
 1308.30  1.52
 1309.00  1.52
 1309.70  1.52
 1310.40  1.52
 1311.10  1.52
 1311.80  1.52
 1312.50  1.52
 1313.20  1.52
 1313.90  1.52
 1314.60  1.52
 1315.30  1.52
 1316.00  1.52
 1316.70  1.52
 1317.40  1.52
 1318.10  1.52
 1318.80  1.52
 1319.50  1.52
 1320.20  1.52
 1320.90  1.52
 1321.60  1.52
 1322.30  1.52
 1323.00  1.51
 1323.70  1.51
 1324.40  1.51
 1325.10  1.51
 1325.80  1.51
 1326.50  1.51
 1327.20  1.51
 1327.90  1.51
 1328.60  1.51
 1329.30  1.51
 1330.00  1.51
 1330.70  1.51
 1331.40  1.51
 1332.10  1.51
 1332.80  1.51
 1333.50  1.51
 1334.20  1.51
 1334.90  1.51
 1335.60  1.51
 1336.30  1.51
 1337.00  1.51
 1337.70  1.51
 1338.40  1.51
 1339.10  1.51
 1339.80  1.51
 1340.50  1.51
 1341.20  1.51
 1341.90  1.51
 1342.60  1.51
 1343.30  1.51
 1344.00  1.51
 1344.70  1.51
 1345.40  1.50
 1346.10  1.50
 1346.80  1.50
 1347.50  1.50
 1348.20  1.50
 1348.90  1.50
 1349.60  1.50
 1350.30  1.50
 1351.00  1.50
 1351.70  1.50
 1352.40  1.50
 1353.10  1.50
 1353.80  1.50
 1354.50  1.50
 1355.20  1.50
 1355.90  1.50
 1356.60  1.50
 1357.30  1.50
 1358.00  1.50
 1358.70  1.50
 1359.40  1.50
 1360.10  1.50
 1360.80  1.50
 1361.50  1.50
 1362.20  1.50
 1362.90  1.50
 1363.60  1.50
 1364.30  1.50
 1365.00  1.50
 1365.70  1.50
 1366.40  1.50
 1367.10  1.50
 1367.80  1.50
 1368.50  1.50
 1369.20  1.50
 1369.90  1.50
 1370.60  1.50
 1371.30  1.50
 1372.00  1.50
 1372.70  1.50
 1373.40  1.50
 1374.10  1.50
 1374.80  1.50
 1375.50  1.50
 1376.20  1.50
 1376.90  1.50
 1377.60  1.50
 1378.30  1.50
 1379.00  1.50
 1379.70  1.50
 1380.40  1.50
 1381.10  1.50
 1381.80  1.50
 1382.50  1.50
 1383.20  1.50
 1383.90  1.50
 1384.60  1.50
 1385.30  1.50
 1386.00  1.50
 1386.70  1.50
 1387.40  1.50
 1388.10  1.50
 1388.80  1.50
 1389.50  1.50
 1390.20  1.50
 1390.90  1.50
 1391.60  1.50
 1392.30  1.50
 1393.00  1.50
 1393.70  1.50
 1394.40  1.50
 1395.10  1.50
 1395.80  1.50
 1396.50  1.50
 1397.20  1.50
 1397.90  1.50
 1398.60  1.50
 1399.30  1.50
 1400.00  1.50
 1400.70  1.50
 1401.40  1.50
 1402.10  1.50
 1402.80  1.50
 1403.50  1.50
 1404.20  1.50
 1404.90  1.50
 1405.60  1.50
 1406.30  1.50
 1407.00  1.50
 1407.70  1.50
 1408.40  1.50
 1409.10  1.50
 1409.80  1.50
 1410.50  1.50
 1411.20  1.50
 1411.90  1.50
 1412.60  1.50
 1413.30  1.50
 1414.00  1.50
 1414.70  1.50
 1415.40  1.50
 1416.10  1.50
 1416.80  1.50
 1417.50  1.50
 1418.20  1.50
 1418.90  1.50
 1419.60  1.50
 1420.30  1.50
 1421.00  1.50
 1421.70  1.50
 1422.40  1.50
 1423.10  1.50
 1423.80  1.50
 1424.50  1.50
 1425.20  1.50
 1425.90  1.50
 1426.60  1.50
 1427.30  1.50
 1428.00  1.50
 1428.70  1.50
 1429.40  1.50
 1430.10  1.50
 1430.80  1.50
 1431.50  1.51
 1432.20  1.51
 1432.90  1.51
 1433.60  1.51
 1434.30  1.51
 1435.00  1.51
 1435.70  1.51
 1436.40  1.51
 1437.10  1.51
 1437.80  1.51
 1438.50  1.51
 1439.20  1.51
 1439.90  1.51
 1440.60  1.51
 1441.30  1.51
 1442.00  1.51
 1442.70  1.51
 1443.40  1.51
 1444.10  1.51
 1444.80  1.51
 1445.50  1.51
 1446.20  1.51
 1446.90  1.51
 1447.60  1.51
 1448.30  1.51
 1449.00  1.51
 1449.70  1.51
 1450.40  1.51
 1451.10  1.52
 1451.80  1.52
 1452.50  1.52
 1453.20  1.52
 1453.90  1.52
 1454.60  1.52
 1455.30  1.52
 1456.00  1.52
 1456.70  1.52
 1457.40  1.52
 1458.10  1.52
 1458.80  1.52
 1459.50  1.52
 1460.20  1.52
 1460.90  1.52
 1461.60  1.52
 1462.30  1.52
 1463.00  1.52
 1463.70  1.52
 1464.40  1.52
 1465.10  1.52
 1465.80  1.53
 1466.50  1.53
 1467.20  1.53
 1467.90  1.53
 1468.60  1.53
 1469.30  1.53
 1470.00  1.53
 1470.70  1.53
 1471.40  1.53
 1472.10  1.53
 1472.80  1.53
 1473.50  1.53
 1474.20  1.53
 1474.90  1.53
 1475.60  1.53
 1476.30  1.53
 1477.00  1.53
 1477.70  1.53
 1478.40  1.54
 1479.10  1.54
 1479.80  1.54
 1480.50  1.54
 1481.20  1.54
 1481.90  1.54
 1482.60  1.54
 1483.30  1.54
 1484.00  1.54
 1484.70  1.54
 1485.40  1.54
 1486.10  1.54
 1486.80  1.54
 1487.50  1.54
 1488.20  1.54
 1488.90  1.54
 1489.60  1.55
 1490.30  1.55
 1491.00  1.55
 1491.70  1.55
 1492.40  1.55
 1493.10  1.55
 1493.80  1.55
 1494.50  1.55
 1495.20  1.55
 1495.90  1.55
 1496.60  1.55
 1497.30  1.55
 1498.00  1.55
 1498.70  1.55
 1499.40  1.55
 1500.10  1.56
 1500.80  1.56
 1501.50  1.56
 1502.20  1.56
 1502.90  1.56
 1503.60  1.56
 1504.30  1.56
 1505.00  1.56
 1505.70  1.56
 1506.40  1.56
 1507.10  1.56
 1507.80  1.56
 1508.50  1.56
 1509.20  1.57
 1509.90  1.57
 1510.60  1.57
 1511.30  1.57
 1512.00  1.57
 1512.70  1.57
 1513.40  1.57
 1514.10  1.57
 1514.80  1.57
 1515.50  1.57
 1516.20  1.57
 1516.90  1.57
 1517.60  1.57
 1518.30  1.58
 1519.00  1.58
 1519.70  1.58
 1520.40  1.58
 1521.10  1.58
 1521.80  1.58
 1522.50  1.58
 1523.20  1.58
 1523.90  1.58
 1524.60  1.58
 1525.30  1.58
 1526.00  1.58
 1526.70  1.59
 1527.40  1.59
 1528.10  1.59
 1528.80  1.59
 1529.50  1.59
 1530.20  1.59
 1530.90  1.59
 1531.60  1.59
 1532.30  1.59
 1533.00  1.59
 1533.70  1.59
 1534.40  1.59
 1535.10  1.60
 1535.80  1.60
 1536.50  1.60
 1537.20  1.60
 1537.90  1.60
 1538.60  1.60
 1539.30  1.60
 1540.00  1.60
 1540.70  1.60
 1541.40  1.60
 1542.10  1.60
 1542.80  1.61
 1543.50  1.61
 1544.20  1.61
 1544.90  1.61
 1545.60  1.61
 1546.30  1.61
 1547.00  1.61
 1547.70  1.61
 1548.40  1.61
 1549.10  1.61
 1549.80  1.61
 1550.50  1.62
 1551.20  1.62
 1551.90  1.62
 1552.60  1.62
 1553.30  1.62
 1554.00  1.62
 1554.70  1.62
 1555.40  1.62
 1556.10  1.62
 1556.80  1.62
 1557.50  1.62
 1558.20  1.63
 1558.90  1.63
 1559.60  1.63
 1560.30  1.63
 1561.00  1.63
 1561.70  1.63
 1562.40  1.63
 1563.10  1.63
 1563.80  1.63
 1564.50  1.63
 1565.20  1.64
 1565.90  1.64
 1566.60  1.64
 1567.30  1.64
 1568.00  1.64
 1568.70  1.64
 1569.40  1.64
 1570.10  1.64
 1570.80  1.64
 1571.50  1.64
 1572.20  1.65
 1572.90  1.65
 1573.60  1.65
 1574.30  1.65
 1575.00  1.65
 1575.70  1.65
 1576.40  1.65
 1577.10  1.65
 1577.80  1.65
 1578.50  1.65
 1579.20  1.66
 1579.90  1.66
 1580.60  1.66
 1581.30  1.66
 1582.00  1.66
 1582.70  1.66
 1583.40  1.66
 1584.10  1.66
 1584.80  1.66
 1585.50  1.66
 1586.20  1.66
 1586.90  1.67
 1587.60  1.67
 1588.30  1.67
 1589.00  1.67
 1589.70  1.67
 1590.40  1.67
 1591.10  1.67
 1591.80  1.67
 1592.50  1.67
 1593.20  1.67
 1593.90  1.67
 1594.60  1.67
 1595.30  1.67
 1596.00  1.67
 1596.70  1.67
 1597.40  1.67
 1598.10  1.68
 1598.80  1.68
 1599.50  1.68
 1600.20  1.68
 1600.90  1.68
 1601.60  1.68
 1602.30  1.68
 1603.00  1.68
 1603.70  1.68
 1604.40  1.68
 1605.10  1.68
 1605.80  1.68
 1606.50  1.68
 1607.20  1.68
 1607.90  1.68
 1608.60  1.68
 1609.30  1.68
 1610.00  1.68
 1610.70  1.68
 1611.40  1.68
 1612.10  1.68
 1612.80  1.68
 1613.50  1.68
 1614.20  1.68
 1614.90  1.68
 1615.60  1.68
 1616.30  1.68
 1617.00  1.68
 1617.70  1.68
 1618.40  1.68
 1619.10  1.68
 1619.80  1.68
 1620.50  1.68
 1621.20  1.68
 1621.90  1.68
 1622.60  1.68
 1623.30  1.68
 1624.00  1.68
 1624.70  1.68
 1625.40  1.68
 1626.10  1.68
 1626.80  1.68
 1627.50  1.68
 1628.20  1.68
 1628.90  1.68
 1629.60  1.68
 1630.30  1.68
 1631.00  1.68
 1631.70  1.68
 1632.40  1.68
 1633.10  1.68
 1633.80  1.68
 1634.50  1.68
 1635.20  1.68
 1635.90  1.68
 1636.60  1.68
 1637.30  1.68
 1638.00  1.68
 1638.70  1.68
 1639.40  1.68
 1640.10  1.68
 1640.80  1.68
 1641.50  1.68
 1642.20  1.68
 1642.90  1.68
 1643.60  1.68
 1644.30  1.68
 1645.00  1.68
 1645.70  1.68
 1646.40  1.68
 1647.10  1.68
 1647.80  1.68
 1648.50  1.68
 1649.20  1.68
 1649.90  1.68
 1650.60  1.68
 1651.30  1.68
 1652.00  1.68
 1652.70  1.68
 1653.40  1.68
 1654.10  1.68
 1654.80  1.68
 1655.50  1.68
 1656.20  1.68
 1656.90  1.68
 1657.60  1.68
 1658.30  1.68
 1659.00  1.68
 1659.70  1.68
 1660.40  1.67
 1661.10  1.67
 1661.80  1.67
 1662.50  1.67
 1663.20  1.67
 1663.90  1.67
 1664.60  1.67
 1665.30  1.67
 1666.00  1.67
 1666.70  1.67
 1667.40  1.67
 1668.10  1.67
 1668.80  1.67
 1669.50  1.67
 1670.20  1.67
 1670.90  1.67
 1671.60  1.67
 1672.30  1.67
 1673.00  1.67
 1673.70  1.67
 1674.40  1.67
 1675.10  1.67
 1675.80  1.67
 1676.50  1.67
 1677.20  1.67
 1677.90  1.66
 1678.60  1.66
 1679.30  1.66
 1680.00  1.66
 1680.70  1.66
 1681.40  1.66
 1682.10  1.66
 1682.80  1.66
 1683.50  1.66
 1684.20  1.66
 1684.90  1.66
 1685.60  1.66
 1686.30  1.66
 1687.00  1.66
 1687.70  1.66
 1688.40  1.66
 1689.10  1.66
 1689.80  1.66
 1690.50  1.66
 1691.20  1.66
 1691.90  1.66
 1692.60  1.66
 1693.30  1.65
 1694.00  1.65
 1694.70  1.65
 1695.40  1.65
 1696.10  1.65
 1696.80  1.65
 1697.50  1.65
 1698.20  1.65
 1698.90  1.65
 1699.60  1.65
 1700.30  1.65
 1701.00  1.65
 1701.70  1.65
 1702.40  1.65
 1703.10  1.65
 1703.80  1.65
 1704.50  1.65
 1705.20  1.65
 1705.90  1.65
 1706.60  1.64
 1707.30  1.64
 1708.00  1.64
 1708.70  1.64
 1709.40  1.64
 1710.10  1.64
 1710.80  1.64
 1711.50  1.64
 1712.20  1.64
 1712.90  1.64
 1713.60  1.64
 1714.30  1.64
 1715.00  1.64
 1715.70  1.64
 1716.40  1.64
 1717.10  1.64
 1717.80  1.64
 1718.50  1.64
 1719.20  1.64
 1719.90  1.63
 1720.60  1.63
 1721.30  1.63
 1722.00  1.63
 1722.70  1.63
 1723.40  1.63
 1724.10  1.63
 1724.80  1.63
 1725.50  1.63
 1726.20  1.63
 1726.90  1.63
 1727.60  1.63
 1728.30  1.63
 1729.00  1.63
 1729.70  1.63
 1730.40  1.63
 1731.10  1.63
 1731.80  1.63
 1732.50  1.62
 1733.20  1.62
 1733.90  1.62
 1734.60  1.62
 1735.30  1.62
 1736.00  1.62
 1736.70  1.62
 1737.40  1.62
 1738.10  1.62
 1738.80  1.62
 1739.50  1.62
 1740.20  1.62
 1740.90  1.62
 1741.60  1.62
 1742.30  1.62
 1743.00  1.62
 1743.70  1.62
 1744.40  1.62
 1745.10  1.61
 1745.80  1.61
 1746.50  1.61
 1747.20  1.61
 1747.90  1.61
 1748.60  1.61
 1749.30  1.61
 1750.00  1.61
 1750.70  1.61
 1751.40  1.61
 1752.10  1.61
 1752.80  1.61
 1753.50  1.61
 1754.20  1.61
 1754.90  1.61
 1755.60  1.61
 1756.30  1.61
 1757.00  1.61
 1757.70  1.60
 1758.40  1.60
 1759.10  1.60
 1759.80  1.60
 1760.50  1.60
 1761.20  1.60
 1761.90  1.60
 1762.60  1.60
 1763.30  1.60
 1764.00  1.60
 1764.70  1.60
 1765.40  1.60
 1766.10  1.60
 1766.80  1.60
 1767.50  1.60
 1768.20  1.60
 1768.90  1.60
 1769.60  1.60
 1770.30  1.59
 1771.00  1.59
 1771.70  1.59
 1772.40  1.59
 1773.10  1.59
 1773.80  1.59
 1774.50  1.59
 1775.20  1.59
 1775.90  1.59
 1776.60  1.59
 1777.30  1.59
 1778.00  1.59
 1778.70  1.59
 1779.40  1.59
 1780.10  1.59
 1780.80  1.59
 1781.50  1.59
 1782.20  1.59
 1782.90  1.59
 1783.60  1.58
 1784.30  1.58
 1785.00  1.58
 1785.70  1.58
 1786.40  1.58
 1787.10  1.58
 1787.80  1.58
 1788.50  1.58
 1789.20  1.58
 1789.90  1.58
 1790.60  1.58
 1791.30  1.58
 1792.00  1.58
 1792.70  1.58
 1793.40  1.58
 1794.10  1.58
 1794.80  1.58
 1795.50  1.58
 1796.20  1.58
 1796.90  1.57
 1797.60  1.57
 1798.30  1.57
 1799.00  1.57
 1799.70  1.57
 1800.40  1.57
 1801.10  1.57
 1801.80  1.57
 1802.50  1.57
 1803.20  1.57
 1803.90  1.57
 1804.60  1.57
 1805.30  1.57
 1806.00  1.57
 1806.70  1.57
 1807.40  1.57
 1808.10  1.57
 1808.80  1.57
 1809.50  1.57
 1810.20  1.57
 1810.90  1.57
 1811.60  1.56
 1812.30  1.56
 1813.00  1.56
 1813.70  1.56
 1814.40  1.56
 1815.10  1.56
 1815.80  1.56
 1816.50  1.56
 1817.20  1.56
 1817.90  1.56
 1818.60  1.56
 1819.30  1.56
 1820.00  1.56
 1820.70  1.56
 1821.40  1.56
 1822.10  1.56
 1822.80  1.56
 1823.50  1.56
 1824.20  1.56
 1824.90  1.56
 1825.60  1.56
 1826.30  1.56
 1827.00  1.56
 1827.70  1.55
 1828.40  1.55
 1829.10  1.55
 1829.80  1.55
 1830.50  1.55
 1831.20  1.55
 1831.90  1.55
 1832.60  1.55
 1833.30  1.55
 1834.00  1.55
 1834.70  1.55
 1835.40  1.55
 1836.10  1.55
 1836.80  1.55
 1837.50  1.55
 1838.20  1.55
 1838.90  1.55
 1839.60  1.55
 1840.30  1.55
 1841.00  1.55
 1841.70  1.55
 1842.40  1.55
 1843.10  1.55
 1843.80  1.55
 1844.50  1.55
 1845.20  1.55
 1845.90  1.55
 1846.60  1.54
 1847.30  1.54
 1848.00  1.54
 1848.70  1.54
 1849.40  1.54
 1850.10  1.54
 1850.80  1.54
 1851.50  1.54
 1852.20  1.54
 1852.90  1.54
 1853.60  1.54
 1854.30  1.54
 1855.00  1.54
 1855.70  1.54
 1856.40  1.54
 1857.10  1.54
 1857.80  1.54
 1858.50  1.54
 1859.20  1.54
 1859.90  1.54
 1860.60  1.54
 1861.30  1.54
 1862.00  1.54
 1862.70  1.54
 1863.40  1.54
 1864.10  1.54
 1864.80  1.54
 1865.50  1.54
 1866.20  1.54
 1866.90  1.54
 1867.60  1.54
 1868.30  1.54
 1869.00  1.54
 1869.70  1.54
 1870.40  1.54
 1871.10  1.54
 1871.80  1.53
 1872.50  1.53
 1873.20  1.53
 1873.90  1.53
 1874.60  1.53
 1875.30  1.53
 1876.00  1.53
 1876.70  1.53
 1877.40  1.53
 1878.10  1.53
 1878.80  1.53
 1879.50  1.53
 1880.20  1.53
 1880.90  1.53
 1881.60  1.53
 1882.30  1.53
 1883.00  1.53
 1883.70  1.53
 1884.40  1.53
 1885.10  1.53
 1885.80  1.53
 1886.50  1.53
 1887.20  1.53
 1887.90  1.53
 1888.60  1.53
 1889.30  1.53
 1890.00  1.53
 1890.70  1.53
 1891.40  1.53
 1892.10  1.53
 1892.80  1.53
 1893.50  1.53
 1894.20  1.53
 1894.90  1.53
 1895.60  1.53
 1896.30  1.53
 1897.00  1.53
 1897.70  1.53
 1898.40  1.53
 1899.10  1.53
 1899.80  1.53
 1900.50  1.53
 1901.20  1.53
 1901.90  1.53
 1902.60  1.53
 1903.30  1.53
 1904.00  1.53
 1904.70  1.53
 1905.40  1.53
 1906.10  1.53
 1906.80  1.53
 1907.50  1.53
 1908.20  1.53
 1908.90  1.53
 1909.60  1.53
 1910.30  1.53
 1911.00  1.53
 1911.70  1.53
 1912.40  1.53
 1913.10  1.53
 1913.80  1.53
 1914.50  1.53
 1915.20  1.53
 1915.90  1.53
 1916.60  1.53
 1917.30  1.53
 1918.00  1.53
 1918.70  1.53
 1919.40  1.53
 1920.10  1.53
 1920.80  1.53
 1921.50  1.53
 1922.20  1.53
 1922.90  1.53
 1923.60  1.53
 1924.30  1.53
 1925.00  1.53
 1925.70  1.53
 1926.40  1.53
 1927.10  1.53
 1927.80  1.53
 1928.50  1.53
 1929.20  1.53
 1929.90  1.53
 1930.60  1.53
 1931.30  1.53
 1932.00  1.53
 1932.70  1.53
 1933.40  1.53
 1934.10  1.53
 1934.80  1.53
 1935.50  1.53
 1936.20  1.53
 1936.90  1.53
 1937.60  1.53
 1938.30  1.53
 1939.00  1.53
 1939.70  1.53
 1940.40  1.53
 1941.10  1.53
 1941.80  1.53
 1942.50  1.53
 1943.20  1.53
 1943.90  1.53
 1944.60  1.53
 1945.30  1.53
 1946.00  1.53
 1946.70  1.53
 1947.40  1.53
 1948.10  1.53
 1948.80  1.53
 1949.50  1.54
 1950.20  1.54
 1950.90  1.54
 1951.60  1.54
 1952.30  1.54
 1953.00  1.54
 1953.70  1.54
 1954.40  1.54
 1955.10  1.54
 1955.80  1.54
 1956.50  1.54
 1957.20  1.54
 1957.90  1.54
 1958.60  1.54
 1959.30  1.54
 1960.00  1.54
 1960.70  1.54
 1961.40  1.54
 1962.10  1.54
 1962.80  1.54
 1963.50  1.54
 1964.20  1.54
 1964.90  1.54
 1965.60  1.54
 1966.30  1.54
 1967.00  1.54
 1967.70  1.54
 1968.40  1.54
 1969.10  1.54
 1969.80  1.54
 1970.50  1.54
 1971.20  1.54
 1971.90  1.54
 1972.60  1.54
 1973.30  1.55
 1974.00  1.55
 1974.70  1.55
 1975.40  1.55
 1976.10  1.55
 1976.80  1.55
 1977.50  1.55
 1978.20  1.55
 1978.90  1.55
 1979.60  1.55
 1980.30  1.55
 1981.00  1.55
 1981.70  1.55
 1982.40  1.55
 1983.10  1.55
 1983.80  1.55
 1984.50  1.55
 1985.20  1.55
 1985.90  1.55
 1986.60  1.55
 1987.30  1.55
 1988.00  1.55
 1988.70  1.55
 1989.40  1.55
 1990.10  1.55
 1990.80  1.56
 1991.50  1.56
 1992.20  1.56
 1992.90  1.56
 1993.60  1.56
 1994.30  1.56
 1995.00  1.56
 1995.70  1.56
 1996.40  1.56
 1997.10  1.56
 1997.80  1.56
 1998.50  1.56
 1999.20  1.56
 1999.90  1.56
 2000.60  1.56
 2001.30  1.56
 2002.00  1.56
 2002.70  1.56
 2003.40  1.56
 2004.10  1.56
 2004.80  1.57
 2005.50  1.57
 2006.20  1.57
 2006.90  1.57
 2007.60  1.57
 2008.30  1.57
 2009.00  1.57
 2009.70  1.57
 2010.40  1.57
 2011.10  1.57
 2011.80  1.57
 2012.50  1.57
 2013.20  1.57
 2013.90  1.57
 2014.60  1.57
 2015.30  1.57
 2016.00  1.57
 2016.70  1.57
 2017.40  1.57
 2018.10  1.58
 2018.80  1.58
 2019.50  1.58
 2020.20  1.58
 2020.90  1.58
 2021.60  1.58
 2022.30  1.58
 2023.00  1.58
 2023.70  1.58
 2024.40  1.58
 2025.10  1.58
 2025.80  1.58
 2026.50  1.58
 2027.20  1.58
 2027.90  1.58
 2028.60  1.58
 2029.30  1.59
 2030.00  1.59
 2030.70  1.59
 2031.40  1.59
 2032.10  1.59
 2032.80  1.59
 2033.50  1.59
 2034.20  1.59
 2034.90  1.59
 2035.60  1.59
 2036.30  1.59
 2037.00  1.59
 2037.70  1.59
 2038.40  1.59
 2039.10  1.59
 2039.80  1.59
 2040.50  1.60
 2041.20  1.60
 2041.90  1.60
 2042.60  1.60
 2043.30  1.60
 2044.00  1.60
 2044.70  1.60
 2045.40  1.60
 2046.10  1.60
 2046.80  1.60
 2047.50  1.60
 2048.20  1.60
 2048.90  1.60
 2049.60  1.60
 2050.30  1.60
 2051.00  1.61
 2051.70  1.61
 2052.40  1.61
 2053.10  1.61
 2053.80  1.61
 2054.50  1.61
 2055.20  1.61
 2055.90  1.61
 2056.60  1.61
 2057.30  1.61
 2058.00  1.61
 2058.70  1.61
 2059.40  1.61
 2060.10  1.61
 2060.80  1.62
 2061.50  1.62
 2062.20  1.62
 2062.90  1.62
 2063.60  1.62
 2064.30  1.62
 2065.00  1.62
 2065.70  1.62
 2066.40  1.62
 2067.10  1.62
 2067.80  1.62
 2068.50  1.62
 2069.20  1.62
 2069.90  1.63
 2070.60  1.63
 2071.30  1.63
 2072.00  1.63
 2072.70  1.63
 2073.40  1.63
 2074.10  1.63
 2074.80  1.63
 2075.50  1.63
 2076.20  1.63
 2076.90  1.63
 2077.60  1.63
 2078.30  1.63
 2079.00  1.64
 2079.70  1.64
 2080.40  1.64
 2081.10  1.64
 2081.80  1.64
 2082.50  1.64
 2083.20  1.64
 2083.90  1.64
 2084.60  1.64
 2085.30  1.64
 2086.00  1.64
 2086.70  1.64
 2087.40  1.64
 2088.10  1.65
 2088.80  1.65
 2089.50  1.65
 2090.20  1.65
 2090.90  1.65
 2091.60  1.65
 2092.30  1.65
 2093.00  1.65
 2093.70  1.65
 2094.40  1.65
 2095.10  1.65
 2095.80  1.65
 2096.50  1.66
 2097.20  1.66
 2097.90  1.66
 2098.60  1.66
 2099.30  1.66
 2100.00  1.66
 2100.70  1.66
 2101.40  1.66
 2102.10  1.66
 2102.80  1.66
 2103.50  1.66
 2104.20  1.66
 2104.90  1.67
 2105.60  1.67
 2106.30  1.67
 2107.00  1.67
 2107.70  1.67
 2108.40  1.67
 2109.10  1.67
 2109.80  1.67
 2110.50  1.67
 2111.20  1.67
 2111.90  1.67
 2112.60  1.67
 2113.30  1.67
 2114.00  1.68
 2114.70  1.68
 2115.40  1.68
 2116.10  1.68
 2116.80  1.68
 2117.50  1.68
 2118.20  1.68
 2118.90  1.68
 2119.60  1.68
 2120.30  1.68
 2121.00  1.68
 2121.70  1.68
 2122.40  1.68
 2123.10  1.68
 2123.80  1.68
 2124.50  1.68
 2125.20  1.68
 2125.90  1.68
 2126.60  1.69
 2127.30  1.69
 2128.00  1.69
 2128.70  1.69
 2129.40  1.69
 2130.10  1.69
 2130.80  1.69
 2131.50  1.69
 2132.20  1.69
 2132.90  1.69
 2133.60  1.69
 2134.30  1.69
 2135.00  1.69
 2135.70  1.69
 2136.40  1.69
 2137.10  1.69
 2137.80  1.69
 2138.50  1.69
 2139.20  1.69
 2139.90  1.69
 2140.60  1.69
 2141.30  1.69
 2142.00  1.69
 2142.70  1.69
 2143.40  1.69
 2144.10  1.69
 2144.80  1.69
 2145.50  1.69
 2146.20  1.69
 2146.90  1.69
 2147.60  1.69
 2148.30  1.69
 2149.00  1.69
 2149.70  1.69
 2150.40  1.69
 2151.10  1.69
 2151.80  1.69
 2152.50  1.69
 2153.20  1.69
 2153.90  1.69
 2154.60  1.69
 2155.30  1.69
 2156.00  1.69
 2156.70  1.69
 2157.40  1.69
 2158.10  1.69
 2158.80  1.69
 2159.50  1.69
 2160.20  1.69
 2160.90  1.69
 2161.60  1.69
 2162.30  1.69
 2163.00  1.69
 2163.70  1.69
 2164.40  1.69
 2165.10  1.69
 2165.80  1.69
 2166.50  1.69
 2167.20  1.69
 2167.90  1.69
 2168.60  1.69
 2169.30  1.69
 2170.00  1.68
 2170.70  1.68
 2171.40  1.68
 2172.10  1.68
 2172.80  1.68
 2173.50  1.68
 2174.20  1.68
 2174.90  1.68
 2175.60  1.68
 2176.30  1.68
 2177.00  1.68
 2177.70  1.68
 2178.40  1.68
 2179.10  1.68
 2179.80  1.68
 2180.50  1.68
 2181.20  1.68
 2181.90  1.68
 2182.60  1.68
 2183.30  1.68
 2184.00  1.68
 2184.70  1.68
 2185.40  1.68
 2186.10  1.68
 2186.80  1.68
 2187.50  1.68
 2188.20  1.68
 2188.90  1.68
 2189.60  1.67
 2190.30  1.67
 2191.00  1.67
 2191.70  1.67
 2192.40  1.67
 2193.10  1.67
 2193.80  1.67
 2194.50  1.67
 2195.20  1.67
 2195.90  1.67
 2196.60  1.67
 2197.30  1.67
 2198.00  1.67
 2198.70  1.67
 2199.40  1.67
 2200.10  1.67
 2200.80  1.67
 2201.50  1.67
 2202.20  1.67
 2202.90  1.67
 2203.60  1.67
 2204.30  1.66
 2205.00  1.66
 2205.70  1.66
 2206.40  1.66
 2207.10  1.66
 2207.80  1.66
 2208.50  1.66
 2209.20  1.66
 2209.90  1.66
 2210.60  1.66
 2211.30  1.66
 2212.00  1.66
 2212.70  1.66
 2213.40  1.66
 2214.10  1.66
 2214.80  1.66
 2215.50  1.66
 2216.20  1.66
 2216.90  1.66
 2217.60  1.65
 2218.30  1.65
 2219.00  1.65
 2219.70  1.65
 2220.40  1.65
 2221.10  1.65
 2221.80  1.65
 2222.50  1.65
 2223.20  1.65
 2223.90  1.65
 2224.60  1.65
 2225.30  1.65
 2226.00  1.65
 2226.70  1.65
 2227.40  1.65
 2228.10  1.65
 2228.80  1.65
 2229.50  1.64
 2230.20  1.64
 2230.90  1.64
 2231.60  1.64
 2232.30  1.64
 2233.00  1.64
 2233.70  1.64
 2234.40  1.64
 2235.10  1.64
 2235.80  1.64
 2236.50  1.64
 2237.20  1.64
 2237.90  1.64
 2238.60  1.64
 2239.30  1.64
 2240.00  1.64
 2240.70  1.64
 2241.40  1.64
 2242.10  1.63
 2242.80  1.63
 2243.50  1.63
 2244.20  1.63
 2244.90  1.63
 2245.60  1.63
 2246.30  1.63
 2247.00  1.63
 2247.70  1.63
 2248.40  1.63
 2249.10  1.63
 2249.80  1.63
 2250.50  1.63
 2251.20  1.63
 2251.90  1.63
 2252.60  1.63
 2253.30  1.63
 2254.00  1.62
 2254.70  1.62
 2255.40  1.62
 2256.10  1.62
 2256.80  1.62
 2257.50  1.62
 2258.20  1.62
 2258.90  1.62
 2259.60  1.62
 2260.30  1.62
 2261.00  1.62
 2261.70  1.62
 2262.40  1.62
 2263.10  1.62
 2263.80  1.62
 2264.50  1.62
 2265.20  1.62
 2265.90  1.61
 2266.60  1.61
 2267.30  1.61
 2268.00  1.61
 2268.70  1.61
 2269.40  1.61
 2270.10  1.61
 2270.80  1.61
 2271.50  1.61
 2272.20  1.61
 2272.90  1.61
 2273.60  1.61
 2274.30  1.61
 2275.00  1.61
 2275.70  1.61
 2276.40  1.61
 2277.10  1.61
 2277.80  1.60
 2278.50  1.60
 2279.20  1.60
 2279.90  1.60
 2280.60  1.60
 2281.30  1.60
 2282.00  1.60
 2282.70  1.60
 2283.40  1.60
 2284.10  1.60
 2284.80  1.60
 2285.50  1.60
 2286.20  1.60
 2286.90  1.60
 2287.60  1.60
 2288.30  1.60
 2289.00  1.60
 2289.70  1.60
 2290.40  1.59
 2291.10  1.59
 2291.80  1.59
 2292.50  1.59
 2293.20  1.59
 2293.90  1.59
 2294.60  1.59
 2295.30  1.59
 2296.00  1.59
 2296.70  1.59
 2297.40  1.59
 2298.10  1.59
 2298.80  1.59
 2299.50  1.59
 2300.20  1.59
 2300.90  1.59
 2301.60  1.59
 2302.30  1.59
 2303.00  1.59
 2303.70  1.58
 2304.40  1.58
 2305.10  1.58
 2305.80  1.58
 2306.50  1.58
 2307.20  1.58
 2307.90  1.58
 2308.60  1.58
 2309.30  1.58
 2310.00  1.58
 2310.70  1.58
 2311.40  1.58
 2312.10  1.58
 2312.80  1.58
 2313.50  1.58
 2314.20  1.58
 2314.90  1.58
 2315.60  1.58
 2316.30  1.58
 2317.00  1.58
 2317.70  1.58
 2318.40  1.57
 2319.10  1.57
 2319.80  1.57
 2320.50  1.57
 2321.20  1.57
 2321.90  1.57
 2322.60  1.57
 2323.30  1.57
 2324.00  1.57
 2324.70  1.57
 2325.40  1.57
 2326.10  1.57
 2326.80  1.57
 2327.50  1.57
 2328.20  1.57
 2328.90  1.57
 2329.60  1.57
 2330.30  1.57
 2331.00  1.57
 2331.70  1.57
 2332.40  1.57
 2333.10  1.57
 2333.80  1.57
 2334.50  1.56
 2335.20  1.56
 2335.90  1.56
 2336.60  1.56
 2337.30  1.56
 2338.00  1.56
 2338.70  1.56
 2339.40  1.56
 2340.10  1.56
 2340.80  1.56
 2341.50  1.56
 2342.20  1.56
 2342.90  1.56
 2343.60  1.56
 2344.30  1.56
 2345.00  1.56
 2345.70  1.56
 2346.40  1.56
 2347.10  1.56
 2347.80  1.56
 2348.50  1.56
 2349.20  1.56
 2349.90  1.56
 2350.60  1.56
 2351.30  1.56
 2352.00  1.56
 2352.70  1.56
 2353.40  1.56
 2354.10  1.56
 2354.80  1.55
 2355.50  1.55
 2356.20  1.55
 2356.90  1.55
 2357.60  1.55
 2358.30  1.55
 2359.00  1.55
 2359.70  1.55
 2360.40  1.55
 2361.10  1.55
 2361.80  1.55
 2362.50  1.55
 2363.20  1.55
 2363.90  1.55
 2364.60  1.55
 2365.30  1.55
 2366.00  1.55
 2366.70  1.55
 2367.40  1.55
 2368.10  1.55
 2368.80  1.55
 2369.50  1.55
 2370.20  1.55
 2370.90  1.55
 2371.60  1.55
 2372.30  1.55
 2373.00  1.55
 2373.70  1.55
 2374.40  1.55
 2375.10  1.55
 2375.80  1.55
 2376.50  1.55
 2377.20  1.55
 2377.90  1.55
 2378.60  1.55
 2379.30  1.55
 2380.00  1.55
 2380.70  1.55
 2381.40  1.55
 2382.10  1.55
 2382.80  1.55
 2383.50  1.55
 2384.20  1.55
 2384.90  1.55
 2385.60  1.55
 2386.30  1.55
 2387.00  1.55
 2387.70  1.55
 2388.40  1.55
 2389.10  1.55
 2389.80  1.55
 2390.50  1.55
 2391.20  1.55
 2391.90  1.55
 2392.60  1.55
 2393.30  1.55
 2394.00  1.55
 2394.70  1.55
 2395.40  1.55
 2396.10  1.54
 2396.80  1.54
 2397.50  1.54
 2398.20  1.54
 2398.90  1.54
 2399.60  1.54
 2400.30  1.54
 2401.00  1.54
 2401.70  1.54
 2402.40  1.54
 2403.10  1.54
 2403.80  1.54
 2404.50  1.54
 2405.20  1.54
 2405.90  1.54
 2406.60  1.54
 2407.30  1.55
 2408.00  1.55
 2408.70  1.55
 2409.40  1.55
 2410.10  1.55
 2410.80  1.55
 2411.50  1.55
 2412.20  1.55
 2412.90  1.55
 2413.60  1.55
 2414.30  1.55
 2415.00  1.55
 2415.70  1.55
 2416.40  1.55
 2417.10  1.55
 2417.80  1.55
 2418.50  1.55
 2419.20  1.55
 2419.90  1.55
 2420.60  1.55
 2421.30  1.55
 2422.00  1.55
 2422.70  1.55
 2423.40  1.55
 2424.10  1.55
 2424.80  1.55
 2425.50  1.55
 2426.20  1.55
 2426.90  1.55
 2427.60  1.55
 2428.30  1.55
 2429.00  1.55
 2429.70  1.55
 2430.40  1.55
 2431.10  1.55
 2431.80  1.55
 2432.50  1.55
 2433.20  1.55
 2433.90  1.55
 2434.60  1.55
 2435.30  1.55
 2436.00  1.55
 2436.70  1.55
 2437.40  1.55
 2438.10  1.55
 2438.80  1.55
 2439.50  1.55
 2440.20  1.55
 2440.90  1.55
 2441.60  1.55
 2442.30  1.55
 2443.00  1.55
 2443.70  1.55
 2444.40  1.55
 2445.10  1.55
 2445.80  1.55
 2446.50  1.55
 2447.20  1.56
 2447.90  1.56
 2448.60  1.56
 2449.30  1.56
 2450.00  1.56
 2450.70  1.56
 2451.40  1.56
 2452.10  1.56
 2452.80  1.56
 2453.50  1.56
 2454.20  1.56
 2454.90  1.56
 2455.60  1.56
 2456.30  1.56
 2457.00  1.56
 2457.70  1.56
 2458.40  1.56
 2459.10  1.56
 2459.80  1.56
 2460.50  1.56
 2461.20  1.56
 2461.90  1.56
 2462.60  1.56
 2463.30  1.56
 2464.00  1.56
 2464.70  1.56
 2465.40  1.56
 2466.10  1.57
 2466.80  1.57
 2467.50  1.57
 2468.20  1.57
 2468.90  1.57
 2469.60  1.57
 2470.30  1.57
 2471.00  1.57
 2471.70  1.57
 2472.40  1.57
 2473.10  1.57
 2473.80  1.57
 2474.50  1.57
 2475.20  1.57
 2475.90  1.57
 2476.60  1.57
 2477.30  1.57
 2478.00  1.57
 2478.70  1.57
 2479.40  1.57
 2480.10  1.57
 2480.80  1.58
 2481.50  1.58
 2482.20  1.58
 2482.90  1.58
 2483.60  1.58
 2484.30  1.58
 2485.00  1.58
 2485.70  1.58
 2486.40  1.58
 2487.10  1.58
 2487.80  1.58
 2488.50  1.58
 2489.20  1.58
 2489.90  1.58
 2490.60  1.58
 2491.30  1.58
 2492.00  1.58
 2492.70  1.59
 2493.40  1.59
 2494.10  1.59
 2494.80  1.59
 2495.50  1.59
 2496.20  1.59
 2496.90  1.59
 2497.60  1.59
 2498.30  1.59
 2499.00  1.59
 2499.70  1.59
 2500.40  1.59
 2501.10  1.59
 2501.80  1.59
 2502.50  1.59
 2503.20  1.59
 2503.90  1.60
 2504.60  1.60
 2505.30  1.60
 2506.00  1.60
 2506.70  1.60
 2507.40  1.60
 2508.10  1.60
 2508.80  1.60
 2509.50  1.60
 2510.20  1.60
 2510.90  1.60
 2511.60  1.60
 2512.30  1.60
 2513.00  1.60
 2513.70  1.60
 2514.40  1.61
 2515.10  1.61
 2515.80  1.61
 2516.50  1.61
 2517.20  1.61
 2517.90  1.61
 2518.60  1.61
 2519.30  1.61
 2520.00  1.61
 2520.70  1.61
 2521.40  1.61
 2522.10  1.61
 2522.80  1.61
 2523.50  1.61
 2524.20  1.62
 2524.90  1.62
 2525.60  1.62
 2526.30  1.62
 2527.00  1.62
 2527.70  1.62
 2528.40  1.62
 2529.10  1.62
 2529.80  1.62
 2530.50  1.62
 2531.20  1.62
 2531.90  1.62
 2532.60  1.62
 2533.30  1.63
 2534.00  1.63
 2534.70  1.63
 2535.40  1.63
 2536.10  1.63
 2536.80  1.63
 2537.50  1.63
 2538.20  1.63
 2538.90  1.63
 2539.60  1.63
 2540.30  1.63
 2541.00  1.63
 2541.70  1.64
 2542.40  1.64
 2543.10  1.64
 2543.80  1.64
 2544.50  1.64
 2545.20  1.64
 2545.90  1.64
 2546.60  1.64
 2547.30  1.64
 2548.00  1.64
 2548.70  1.64
 2549.40  1.64
 2550.10  1.65
 2550.80  1.65
 2551.50  1.65
 2552.20  1.65
 2552.90  1.65
 2553.60  1.65
 2554.30  1.65
 2555.00  1.65
 2555.70  1.65
 2556.40  1.65
 2557.10  1.65
 2557.80  1.65
 2558.50  1.66
 2559.20  1.66
 2559.90  1.66
 2560.60  1.66
 2561.30  1.66
 2562.00  1.66
 2562.70  1.66
 2563.40  1.66
 2564.10  1.66
 2564.80  1.66
 2565.50  1.66
 2566.20  1.67
 2566.90  1.67
 2567.60  1.67
 2568.30  1.67
 2569.00  1.67
 2569.70  1.67
 2570.40  1.67
 2571.10  1.67
 2571.80  1.67
 2572.50  1.67
 2573.20  1.67
 2573.90  1.68
 2574.60  1.68
 2575.30  1.68
 2576.00  1.68
 2576.70  1.68
 2577.40  1.68
 2578.10  1.68
 2578.80  1.68
 2579.50  1.68
 2580.20  1.68
 2580.90  1.68
 2581.60  1.69
 2582.30  1.69
 2583.00  1.69
 2583.70  1.69
 2584.40  1.69
 2585.10  1.69
 2585.80  1.69
 2586.50  1.69
 2587.20  1.69
 2587.90  1.69
 2588.60  1.69
 2589.30  1.69
 2590.00  1.70
 2590.70  1.70
 2591.40  1.70
 2592.10  1.70
 2592.80  1.70
 2593.50  1.70
 2594.20  1.70
 2594.90  1.70
 2595.60  1.70
 2596.30  1.70
 2597.00  1.70
 2597.70  1.70
 2598.40  1.70
 2599.10  1.70
 2599.80  1.70
 2600.50  1.70
 2601.20  1.70
 2601.90  1.70
 2602.60  1.70
 2603.30  1.71
 2604.00  1.71
 2604.70  1.71
 2605.40  1.71
 2606.10  1.71
 2606.80  1.71
 2607.50  1.71
 2608.20  1.71
 2608.90  1.71
 2609.60  1.71
 2610.30  1.71
 2611.00  1.71
 2611.70  1.71
 2612.40  1.71
 2613.10  1.71
 2613.80  1.71
 2614.50  1.71
 2615.20  1.71
 2615.90  1.71
 2616.60  1.71
 2617.30  1.71
 2618.00  1.71
 2618.70  1.71
 2619.40  1.71
 2620.10  1.71
 2620.80  1.71
 2621.50  1.71
 2622.20  1.71
 2622.90  1.71
 2623.60  1.71
 2624.30  1.71
 2625.00  1.71
 2625.70  1.71
 2626.40  1.71
 2627.10  1.71
 2627.80  1.71
 2628.50  1.71
 2629.20  1.71
 2629.90  1.71
 2630.60  1.71
 2631.30  1.71
 2632.00  1.71
 2632.70  1.71
 2633.40  1.71
 2634.10  1.71
 2634.80  1.71
 2635.50  1.71
 2636.20  1.71
 2636.90  1.71
 2637.60  1.71
 2638.30  1.71
 2639.00  1.71
 2639.70  1.71
 2640.40  1.71
 2641.10  1.71
 2641.80  1.71
 2642.50  1.71
 2643.20  1.71
 2643.90  1.71
 2644.60  1.71
 2645.30  1.71
 2646.00  1.71
 2646.70  1.71
 2647.40  1.70
 2648.10  1.70
 2648.80  1.70
 2649.50  1.70
 2650.20  1.70
 2650.90  1.70
 2651.60  1.70
 2652.30  1.70
 2653.00  1.70
 2653.70  1.70
 2654.40  1.70
 2655.10  1.70
 2655.80  1.70
 2656.50  1.70
 2657.20  1.70
 2657.90  1.70
 2658.60  1.70
 2659.30  1.70
 2660.00  1.70
 2660.70  1.70
 2661.40  1.70
 2662.10  1.70
 2662.80  1.70
 2663.50  1.70
 2664.20  1.70
 2664.90  1.70
 2665.60  1.70
 2666.30  1.70
 2667.00  1.70
 2667.70  1.69
 2668.40  1.69
 2669.10  1.69
 2669.80  1.69
 2670.50  1.69
 2671.20  1.69
 2671.90  1.69
 2672.60  1.69
 2673.30  1.69
 2674.00  1.69
 2674.70  1.69
 2675.40  1.69
 2676.10  1.69
 2676.80  1.69
 2677.50  1.69
 2678.20  1.69
 2678.90  1.69
 2679.60  1.69
 2680.30  1.69
 2681.00  1.69
 2681.70  1.69
 2682.40  1.68
 2683.10  1.68
 2683.80  1.68
 2684.50  1.68
 2685.20  1.68
 2685.90  1.68
 2686.60  1.68
 2687.30  1.68
 2688.00  1.68
 2688.70  1.68
 2689.40  1.68
 2690.10  1.68
 2690.80  1.68
 2691.50  1.68
 2692.20  1.68
 2692.90  1.68
 2693.60  1.68
 2694.30  1.68
 2695.00  1.68
 2695.70  1.68
 2696.40  1.67
 2697.10  1.67
 2697.80  1.67
 2698.50  1.67
 2699.20  1.67
 2699.90  1.67
 2700.60  1.67
 2701.30  1.67
 2702.00  1.67
 2702.70  1.67
 2703.40  1.67
 2704.10  1.67
 2704.80  1.67
 2705.50  1.67
 2706.20  1.67
 2706.90  1.67
 2707.60  1.67
 2708.30  1.67
 2709.00  1.66
 2709.70  1.66
 2710.40  1.66
 2711.10  1.66
 2711.80  1.66
 2712.50  1.66
 2713.20  1.66
 2713.90  1.66
 2714.60  1.66
 2715.30  1.66
 2716.00  1.66
 2716.70  1.66
 2717.40  1.66
 2718.10  1.66
 2718.80  1.66
 2719.50  1.66
 2720.20  1.66
 2720.90  1.65
 2721.60  1.65
 2722.30  1.65
 2723.00  1.65
 2723.70  1.65
 2724.40  1.65
 2725.10  1.65
 2725.80  1.65
 2726.50  1.65
 2727.20  1.65
 2727.90  1.65
 2728.60  1.65
 2729.30  1.65
 2730.00  1.65
 2730.70  1.65
 2731.40  1.65
 2732.10  1.65
 2732.80  1.64
 2733.50  1.64
 2734.20  1.64
 2734.90  1.64
 2735.60  1.64
 2736.30  1.64
 2737.00  1.64
 2737.70  1.64
 2738.40  1.64
 2739.10  1.64
 2739.80  1.64
 2740.50  1.64
 2741.20  1.64
 2741.90  1.64
 2742.60  1.64
 2743.30  1.64
 2744.00  1.64
 2744.70  1.63
 2745.40  1.63
 2746.10  1.63
 2746.80  1.63
 2747.50  1.63
 2748.20  1.63
 2748.90  1.63
 2749.60  1.63
 2750.30  1.63
 2751.00  1.63
 2751.70  1.63
 2752.40  1.63
 2753.10  1.63
 2753.80  1.63
 2754.50  1.63
 2755.20  1.63
 2755.90  1.63
 2756.60  1.62
 2757.30  1.62
 2758.00  1.62
 2758.70  1.62
 2759.40  1.62
 2760.10  1.62
 2760.80  1.62
 2761.50  1.62
 2762.20  1.62
 2762.90  1.62
 2763.60  1.62
 2764.30  1.62
 2765.00  1.62
 2765.70  1.62
 2766.40  1.62
 2767.10  1.62
 2767.80  1.62
 2768.50  1.62
 2769.20  1.61
 2769.90  1.61
 2770.60  1.61
 2771.30  1.61
 2772.00  1.61
 2772.70  1.61
 2773.40  1.61
 2774.10  1.61
 2774.80  1.61
 2775.50  1.61
 2776.20  1.61
 2776.90  1.61
 2777.60  1.61
 2778.30  1.61
 2779.00  1.61
 2779.70  1.61
 2780.40  1.61
 2781.10  1.60
 2781.80  1.60
 2782.50  1.60
 2783.20  1.60
 2783.90  1.60
 2784.60  1.60
 2785.30  1.60
 2786.00  1.60
 2786.70  1.60
 2787.40  1.60
 2788.10  1.60
 2788.80  1.60
 2789.50  1.60
 2790.20  1.60
 2790.90  1.60
 2791.60  1.60
 2792.30  1.60
 2793.00  1.60
 2793.70  1.60
 2794.40  1.59
 2795.10  1.59
 2795.80  1.59
 2796.50  1.59
 2797.20  1.59
 2797.90  1.59
 2798.60  1.59
 2799.30  1.59
 2800.00  1.59
 2800.70  1.59
 2801.40  1.59
 2802.10  1.59
 2802.80  1.59
 2803.50  1.59
 2804.20  1.59
 2804.90  1.59
 2805.60  1.59
 2806.30  1.59
 2807.00  1.59
 2807.70  1.59
 2808.40  1.58
 2809.10  1.58
 2809.80  1.58
 2810.50  1.58
 2811.20  1.58
 2811.90  1.58
 2812.60  1.58
 2813.30  1.58
 2814.00  1.58
 2814.70  1.58
 2815.40  1.58
 2816.10  1.58
 2816.80  1.58
 2817.50  1.58
 2818.20  1.58
 2818.90  1.58
 2819.60  1.58
 2820.30  1.58
 2821.00  1.58
 2821.70  1.58
 2822.40  1.58
 2823.10  1.57
 2823.80  1.57
 2824.50  1.57
 2825.20  1.57
 2825.90  1.57
 2826.60  1.57
 2827.30  1.57
 2828.00  1.57
 2828.70  1.57
 2829.40  1.57
 2830.10  1.57
 2830.80  1.57
 2831.50  1.57
 2832.20  1.57
 2832.90  1.57
 2833.60  1.57
 2834.30  1.57
 2835.00  1.57
 2835.70  1.57
 2836.40  1.57
 2837.10  1.57
 2837.80  1.57
 2838.50  1.57
 2839.20  1.57
 2839.90  1.56
 2840.60  1.56
 2841.30  1.56
 2842.00  1.56
 2842.70  1.56
 2843.40  1.56
 2844.10  1.56
 2844.80  1.56
 2845.50  1.56
 2846.20  1.56
 2846.90  1.56
 2847.60  1.56
 2848.30  1.56
 2849.00  1.56
 2849.70  1.56
 2850.40  1.56
 2851.10  1.56
 2851.80  1.56
 2852.50  1.56
 2853.20  1.56
 2853.90  1.56
 2854.60  1.56
 2855.30  1.56
 2856.00  1.56
 2856.70  1.56
 2857.40  1.56
 2858.10  1.56
 2858.80  1.56
 2859.50  1.56
 2860.20  1.56
 2860.90  1.55
 2861.60  1.55
 2862.30  1.55
 2863.00  1.55
 2863.70  1.55
 2864.40  1.55
 2865.10  1.55
 2865.80  1.55
 2866.50  1.55
 2867.20  1.55
 2867.90  1.55
 2868.60  1.55
 2869.30  1.55
 2870.00  1.55
 2870.70  1.55
 2871.40  1.55
 2872.10  1.55
 2872.80  1.55
 2873.50  1.55
 2874.20  1.55
 2874.90  1.55
 2875.60  1.55
 2876.30  1.55
 2877.00  1.55
 2877.70  1.55
 2878.40  1.55
 2879.10  1.55
 2879.80  1.55
 2880.50  1.55
 2881.20  1.55
 2881.90  1.55
 2882.60  1.55
 2883.30  1.55
 2884.00  1.55
 2884.70  1.55
 2885.40  1.55
 2886.10  1.55
 2886.80  1.55
 2887.50  1.55
 2888.20  1.55
 2888.90  1.55
 2889.60  1.55
 2890.30  1.55
 2891.00  1.55
 2891.70  1.55
 2892.40  1.55
 2893.10  1.55
 2893.80  1.55
 2894.50  1.55
 2895.20  1.55
 2895.90  1.54
 2896.60  1.54
 2897.30  1.54
 2898.00  1.54
 2898.70  1.54
 2899.40  1.54
 2900.10  1.54
 2900.80  1.54
 2901.50  1.54
 2902.20  1.54
 2902.90  1.54
 2903.60  1.54
 2904.30  1.54
 2905.00  1.54
 2905.70  1.54
 2906.40  1.54
 2907.10  1.54
 2907.80  1.54
 2908.50  1.54
 2909.20  1.54
 2909.90  1.54
 2910.60  1.54
 2911.30  1.54
 2912.00  1.54
 2912.70  1.54
 2913.40  1.54
 2914.10  1.54
 2914.80  1.54
 2915.50  1.54
 2916.20  1.54
 2916.90  1.54
 2917.60  1.54
 2918.30  1.54
 2919.00  1.54
 2919.70  1.54
 2920.40  1.54
 2921.10  1.54
 2921.80  1.54
 2922.50  1.54
 2923.20  1.54
 2923.90  1.54
 2924.60  1.54
 2925.30  1.54
 2926.00  1.54
 2926.70  1.54
 2927.40  1.54
 2928.10  1.54
 2928.80  1.54
 2929.50  1.54
 2930.20  1.54
 2930.90  1.54
 2931.60  1.55
 2932.30  1.55
 2933.00  1.55
 2933.70  1.55
 2934.40  1.55
 2935.10  1.55
 2935.80  1.55
 2936.50  1.55
 2937.20  1.55
 2937.90  1.55
 2938.60  1.55
 2939.30  1.55
 2940.00  1.55
 2940.70  1.55
 2941.40  1.55
 2942.10  1.55
 2942.80  1.55
 2943.50  1.55
 2944.20  1.55
 2944.90  1.55
 2945.60  1.55
 2946.30  1.55
 2947.00  1.55
 2947.70  1.55
 2948.40  1.55
 2949.10  1.55
 2949.80  1.55
 2950.50  1.55
 2951.20  1.55
 2951.90  1.55
 2952.60  1.55
 2953.30  1.55
 2954.00  1.55
 2954.70  1.55
 2955.40  1.55
 2956.10  1.55
 2956.80  1.55
 2957.50  1.55
 2958.20  1.55
 2958.90  1.55
 2959.60  1.55
 2960.30  1.55
 2961.00  1.55
 2961.70  1.55
 2962.40  1.55
 2963.10  1.55
 2963.80  1.55
 2964.50  1.55
 2965.20  1.55
 2965.90  1.56
 2966.60  1.56
 2967.30  1.56
 2968.00  1.56
 2968.70  1.56
 2969.40  1.56
 2970.10  1.56
 2970.80  1.56
 2971.50  1.56
 2972.20  1.56
 2972.90  1.56
 2973.60  1.56
 2974.30  1.56
 2975.00  1.56
 2975.70  1.56
 2976.40  1.56
 2977.10  1.56
 2977.80  1.56
 2978.50  1.56
 2979.20  1.56
 2979.90  1.56
 2980.60  1.56
 2981.30  1.56
 2982.00  1.56
 2982.70  1.56
 2983.40  1.56
 2984.10  1.56
 2984.80  1.56
 2985.50  1.57
 2986.20  1.57
 2986.90  1.57
 2987.60  1.57
 2988.30  1.57
 2989.00  1.57
 2989.70  1.57
 2990.40  1.57
 2991.10  1.57
 2991.80  1.57
 2992.50  1.57
 2993.20  1.57
 2993.90  1.57
 2994.60  1.57
 2995.30  1.57
 2996.00  1.57
 2996.70  1.57
 2997.40  1.57
 2998.10  1.57
 2998.80  1.57
 2999.50  1.57
