#Navio B MarAd
#Manobra de Curva Giro
#
#Eta 
#
#temp      rot 
 0.00  1.00
 0.70  1.00
 1.40  1.00
 2.10  1.00
 2.80  1.00
 3.50  1.00
 4.20  1.00
 4.90  1.00
 5.60  1.00
 6.30  1.00
 7.00  1.00
 7.70  1.00
 8.40  1.00
 9.10  1.00
 9.80  1.01
 10.50  1.01
 11.20  1.01
 11.90  1.01
 12.60  1.01
 13.30  1.01
 14.00  1.01
 14.70  1.01
 15.40  1.01
 16.10  1.01
 16.80  1.01
 17.50  1.01
 18.20  1.01
 18.90  1.01
 19.60  1.01
 20.30  1.01
 21.00  1.01
 21.70  1.01
 22.40  1.01
 23.10  1.01
 23.80  1.01
 24.50  1.02
 25.20  1.02
 25.90  1.02
 26.60  1.02
 27.30  1.02
 28.00  1.02
 28.70  1.02
 29.40  1.02
 30.10  1.02
 30.80  1.02
 31.50  1.02
 32.20  1.02
 32.90  1.02
 33.60  1.02
 34.30  1.02
 35.00  1.02
 35.70  1.02
 36.40  1.02
 37.10  1.03
 37.80  1.03
 38.50  1.03
 39.20  1.03
 39.90  1.03
 40.60  1.03
 41.30  1.03
 42.00  1.03
 42.70  1.03
 43.40  1.03
 44.10  1.03
 44.80  1.03
 45.50  1.03
 46.20  1.03
 46.90  1.03
 47.60  1.03
 48.30  1.04
 49.00  1.04
 49.70  1.04
 50.40  1.04
 51.10  1.04
 51.80  1.04
 52.50  1.04
 53.20  1.04
 53.90  1.04
 54.60  1.04
 55.30  1.04
 56.00  1.04
 56.70  1.04
 57.40  1.04
 58.10  1.05
 58.80  1.05
 59.50  1.05
 60.20  1.05
 60.90  1.05
 61.60  1.05
 62.30  1.05
 63.00  1.05
 63.70  1.05
 64.40  1.05
 65.10  1.05
 65.80  1.06
 66.50  1.06
 67.20  1.06
 67.90  1.06
 68.60  1.06
 69.30  1.06
 70.00  1.06
 70.70  1.06
 71.40  1.06
 72.10  1.06
 72.80  1.06
 73.50  1.07
 74.20  1.07
 74.90  1.07
 75.60  1.07
 76.30  1.07
 77.00  1.07
 77.70  1.07
 78.40  1.07
 79.10  1.07
 79.80  1.08
 80.50  1.08
 81.20  1.08
 81.90  1.08
 82.60  1.08
 83.30  1.08
 84.00  1.08
 84.70  1.08
 85.40  1.08
 86.10  1.09
 86.80  1.09
 87.50  1.09
 88.20  1.09
 88.90  1.09
 89.60  1.09
 90.30  1.09
 91.00  1.09
 91.70  1.10
 92.40  1.10
 93.10  1.10
 93.80  1.10
 94.50  1.10
 95.20  1.10
 95.90  1.10
 96.60  1.11
 97.30  1.11
 98.00  1.11
 98.70  1.11
 99.40  1.11
 100.10  1.11
 100.80  1.11
 101.50  1.12
 102.20  1.12
 102.90  1.12
 103.60  1.12
 104.30  1.12
 105.00  1.12
 105.70  1.12
 106.40  1.13
 107.10  1.13
 107.80  1.13
 108.50  1.13
 109.20  1.13
 109.90  1.13
 110.60  1.14
 111.30  1.14
 112.00  1.14
 112.70  1.14
 113.40  1.14
 114.10  1.14
 114.80  1.15
 115.50  1.15
 116.20  1.15
 116.90  1.15
 117.60  1.15
 118.30  1.15
 119.00  1.16
 119.70  1.16
 120.40  1.16
 121.10  1.16
 121.80  1.16
 122.50  1.17
 123.20  1.17
 123.90  1.17
 124.60  1.17
 125.30  1.17
 126.00  1.17
 126.70  1.18
 127.40  1.18
 128.10  1.18
 128.80  1.18
 129.50  1.18
 130.20  1.19
 130.90  1.19
 131.60  1.19
 132.30  1.19
 133.00  1.19
 133.70  1.20
 134.40  1.20
 135.10  1.20
 135.80  1.20
 136.50  1.20
 137.20  1.21
 137.90  1.21
 138.60  1.21
 139.30  1.21
 140.00  1.21
 140.70  1.22
 141.40  1.22
 142.10  1.22
 142.80  1.22
 143.50  1.22
 144.20  1.23
 144.90  1.23
 145.60  1.23
 146.30  1.23
 147.00  1.24
 147.70  1.24
 148.40  1.24
 149.10  1.24
 149.80  1.24
 150.50  1.25
 151.20  1.25
 151.90  1.25
 152.60  1.25
 153.30  1.26
 154.00  1.26
 154.70  1.26
 155.40  1.26
 156.10  1.26
 156.80  1.27
 157.50  1.27
 158.20  1.27
 158.90  1.27
 159.60  1.28
 160.30  1.28
 161.00  1.28
 161.70  1.28
 162.40  1.29
 163.10  1.29
 163.80  1.29
 164.50  1.29
 165.20  1.30
 165.90  1.30
 166.60  1.30
 167.30  1.30
 168.00  1.31
 168.70  1.31
 169.40  1.31
 170.10  1.31
 170.80  1.32
 171.50  1.32
 172.20  1.32
 172.90  1.32
 173.60  1.33
 174.30  1.33
 175.00  1.33
 175.70  1.33
 176.40  1.34
 177.10  1.34
 177.80  1.34
 178.50  1.34
 179.20  1.35
 179.90  1.35
 180.60  1.35
 181.30  1.35
 182.00  1.36
 182.70  1.36
 183.40  1.36
 184.10  1.36
 184.80  1.37
 185.50  1.37
 186.20  1.37
 186.90  1.37
 187.60  1.38
 188.30  1.38
 189.00  1.38
 189.70  1.39
 190.40  1.39
 191.10  1.39
 191.80  1.39
 192.50  1.40
 193.20  1.40
 193.90  1.40
 194.60  1.40
 195.30  1.41
 196.00  1.41
 196.70  1.41
 197.40  1.42
 198.10  1.42
 198.80  1.42
 199.50  1.42
 200.20  1.43
 200.90  1.43
 201.60  1.43
 202.30  1.44
 203.00  1.44
 203.70  1.44
 204.40  1.44
 205.10  1.45
 205.80  1.45
 206.50  1.45
 207.20  1.45
 207.90  1.46
 208.60  1.46
 209.30  1.46
 210.00  1.47
 210.70  1.47
 211.40  1.47
 212.10  1.47
 212.80  1.48
 213.50  1.48
 214.20  1.48
 214.90  1.49
 215.60  1.49
 216.30  1.49
 217.00  1.49
 217.70  1.50
 218.40  1.50
 219.10  1.50
 219.80  1.51
 220.50  1.51
 221.20  1.51
 221.90  1.52
 222.60  1.52
 223.30  1.52
 224.00  1.52
 224.70  1.53
 225.40  1.53
 226.10  1.53
 226.80  1.54
 227.50  1.54
 228.20  1.54
 228.90  1.54
 229.60  1.55
 230.30  1.55
 231.00  1.55
 231.70  1.56
 232.40  1.56
 233.10  1.56
 233.80  1.57
 234.50  1.57
 235.20  1.57
 235.90  1.57
 236.60  1.58
 237.30  1.58
 238.00  1.58
 238.70  1.59
 239.40  1.59
 240.10  1.59
 240.80  1.60
 241.50  1.60
 242.20  1.60
 242.90  1.60
 243.60  1.61
 244.30  1.61
 245.00  1.61
 245.70  1.62
 246.40  1.62
 247.10  1.62
 247.80  1.63
 248.50  1.63
 249.20  1.63
 249.90  1.63
 250.60  1.64
 251.30  1.64
 252.00  1.64
 252.70  1.65
 253.40  1.65
 254.10  1.65
 254.80  1.66
 255.50  1.66
 256.20  1.66
 256.90  1.67
 257.60  1.67
 258.30  1.67
 259.00  1.67
 259.70  1.68
 260.40  1.68
 261.10  1.68
 261.80  1.69
 262.50  1.69
 263.20  1.69
 263.90  1.70
 264.60  1.70
 265.30  1.70
 266.00  1.70
 266.70  1.71
 267.40  1.71
 268.10  1.71
 268.80  1.72
 269.50  1.72
 270.20  1.72
 270.90  1.73
 271.60  1.73
 272.30  1.73
 273.00  1.74
 273.70  1.74
 274.40  1.74
 275.10  1.74
 275.80  1.75
 276.50  1.75
 277.20  1.75
 277.90  1.76
 278.60  1.76
 279.30  1.76
 280.00  1.77
 280.70  1.77
 281.40  1.77
 282.10  1.78
 282.80  1.78
 283.50  1.78
 284.20  1.78
 284.90  1.79
 285.60  1.79
 286.30  1.79
 287.00  1.80
 287.70  1.80
 288.40  1.80
 289.10  1.81
 289.80  1.81
 290.50  1.81
 291.20  1.82
 291.90  1.82
 292.60  1.82
 293.30  1.82
 294.00  1.83
 294.70  1.83
 295.40  1.83
 296.10  1.84
 296.80  1.84
 297.50  1.84
 298.20  1.85
 298.90  1.85
 299.60  1.85
 300.30  1.86
 301.00  1.86
 301.70  1.86
 302.40  1.86
 303.10  1.87
 303.80  1.87
 304.50  1.87
 305.20  1.88
 305.90  1.88
 306.60  1.88
 307.30  1.89
 308.00  1.89
 308.70  1.89
 309.40  1.90
 310.10  1.90
 310.80  1.90
 311.50  1.90
 312.20  1.91
 312.90  1.91
 313.60  1.91
 314.30  1.92
 315.00  1.92
 315.70  1.92
 316.40  1.93
 317.10  1.93
 317.80  1.93
 318.50  1.93
 319.20  1.94
 319.90  1.94
 320.60  1.94
 321.30  1.95
 322.00  1.95
 322.70  1.95
 323.40  1.96
 324.10  1.96
 324.80  1.96
 325.50  1.96
 326.20  1.97
 326.90  1.97
 327.60  1.97
 328.30  1.98
 329.00  1.98
 329.70  1.98
 330.40  1.99
 331.10  1.99
 331.80  1.99
 332.50  1.99
 333.20  2.00
 333.90  2.00
 334.60  2.00
 335.30  2.01
 336.00  2.01
 336.70  2.01
 337.40  2.02
 338.10  2.02
 338.80  2.02
 339.50  2.02
 340.20  2.03
 340.90  2.03
 341.60  2.03
 342.30  2.04
 343.00  2.04
 343.70  2.04
 344.40  2.05
 345.10  2.05
 345.80  2.05
 346.50  2.05
 347.20  2.06
 347.90  2.06
 348.60  2.06
 349.30  2.07
 350.00  2.07
 350.70  2.07
 351.40  2.08
 352.10  2.08
 352.80  2.08
 353.50  2.08
 354.20  2.09
 354.90  2.09
 355.60  2.09
 356.30  2.10
 357.00  2.10
 357.70  2.10
 358.40  2.11
 359.10  2.11
 359.80  2.11
 360.50  2.11
 361.20  2.12
 361.90  2.12
 362.60  2.12
 363.30  2.13
 364.00  2.13
 364.70  2.13
 365.40  2.13
 366.10  2.14
 366.80  2.14
 367.50  2.14
 368.20  2.15
 368.90  2.15
 369.60  2.15
 370.30  2.15
 371.00  2.16
 371.70  2.16
 372.40  2.16
 373.10  2.17
 373.80  2.17
 374.50  2.17
 375.20  2.17
 375.90  2.18
 376.60  2.18
 377.30  2.18
 378.00  2.19
 378.70  2.19
 379.40  2.19
 380.10  2.19
 380.80  2.20
 381.50  2.20
 382.20  2.20
 382.90  2.21
 383.60  2.21
 384.30  2.21
 385.00  2.21
 385.70  2.22
 386.40  2.22
 387.10  2.22
 387.80  2.23
 388.50  2.23
 389.20  2.23
 389.90  2.23
 390.60  2.24
 391.30  2.24
 392.00  2.24
 392.70  2.24
 393.40  2.25
 394.10  2.25
 394.80  2.25
 395.50  2.26
 396.20  2.26
 396.90  2.26
 397.60  2.26
 398.30  2.27
 399.00  2.27
 399.70  2.27
 400.40  2.27
 401.10  2.28
 401.80  2.28
 402.50  2.28
 403.20  2.29
 403.90  2.29
 404.60  2.29
 405.30  2.29
 406.00  2.30
 406.70  2.30
 407.40  2.30
 408.10  2.30
 408.80  2.31
 409.50  2.31
 410.20  2.31
 410.90  2.31
 411.60  2.32
 412.30  2.32
 413.00  2.32
 413.70  2.33
 414.40  2.33
 415.10  2.33
 415.80  2.33
 416.50  2.34
 417.20  2.34
 417.90  2.34
 418.60  2.34
 419.30  2.35
 420.00  2.35
 420.70  2.35
 421.40  2.35
 422.10  2.36
 422.80  2.36
 423.50  2.36
 424.20  2.36
 424.90  2.37
 425.60  2.37
 426.30  2.37
 427.00  2.37
 427.70  2.38
 428.40  2.38
 429.10  2.38
 429.80  2.39
 430.50  2.39
 431.20  2.39
 431.90  2.39
 432.60  2.40
 433.30  2.40
 434.00  2.40
 434.70  2.40
 435.40  2.41
 436.10  2.41
 436.80  2.41
 437.50  2.41
 438.20  2.42
 438.90  2.42
 439.60  2.42
 440.30  2.42
 441.00  2.43
 441.70  2.43
 442.40  2.43
 443.10  2.43
 443.80  2.44
 444.50  2.44
 445.20  2.44
 445.90  2.44
 446.60  2.44
 447.30  2.45
 448.00  2.45
 448.70  2.45
 449.40  2.45
 450.10  2.46
 450.80  2.46
 451.50  2.46
 452.20  2.46
 452.90  2.47
 453.60  2.47
 454.30  2.47
 455.00  2.47
 455.70  2.48
 456.40  2.48
 457.10  2.48
 457.80  2.48
 458.50  2.49
 459.20  2.49
 459.90  2.49
 460.60  2.49
 461.30  2.50
 462.00  2.50
 462.70  2.50
 463.40  2.50
 464.10  2.50
 464.80  2.51
 465.50  2.51
 466.20  2.51
 466.90  2.51
 467.60  2.52
 468.30  2.52
 469.00  2.52
 469.70  2.52
 470.40  2.53
 471.10  2.53
 471.80  2.53
 472.50  2.53
 473.20  2.53
 473.90  2.54
 474.60  2.54
 475.30  2.54
 476.00  2.54
 476.70  2.55
 477.40  2.55
 478.10  2.55
 478.80  2.55
 479.50  2.55
 480.20  2.56
 480.90  2.56
 481.60  2.56
 482.30  2.56
 483.00  2.57
 483.70  2.57
 484.40  2.57
 485.10  2.57
 485.80  2.57
 486.50  2.58
 487.20  2.58
 487.90  2.58
 488.60  2.58
 489.30  2.59
 490.00  2.59
 490.70  2.59
 491.40  2.59
 492.10  2.59
 492.80  2.60
 493.50  2.60
 494.20  2.60
 494.90  2.60
 495.60  2.61
 496.30  2.61
 497.00  2.61
 497.70  2.61
 498.40  2.61
 499.10  2.62
 499.80  2.62
 500.50  2.62
 501.20  2.62
 501.90  2.62
 502.60  2.63
 503.30  2.63
 504.00  2.63
 504.70  2.63
 505.40  2.63
 506.10  2.64
 506.80  2.64
 507.50  2.64
 508.20  2.64
 508.90  2.65
 509.60  2.65
 510.30  2.65
 511.00  2.65
 511.70  2.65
 512.40  2.66
 513.10  2.66
 513.80  2.66
 514.50  2.66
 515.20  2.66
 515.90  2.67
 516.60  2.67
 517.30  2.67
 518.00  2.67
 518.70  2.67
 519.40  2.68
 520.10  2.68
 520.80  2.68
 521.50  2.68
 522.20  2.68
 522.90  2.69
 523.60  2.69
 524.30  2.69
 525.00  2.69
 525.70  2.69
 526.40  2.70
 527.10  2.70
 527.80  2.70
 528.50  2.70
 529.20  2.70
 529.90  2.70
 530.60  2.71
 531.30  2.71
 532.00  2.71
 532.70  2.71
 533.40  2.71
 534.10  2.72
 534.80  2.72
 535.50  2.72
 536.20  2.72
 536.90  2.72
 537.60  2.73
 538.30  2.73
 539.00  2.73
 539.70  2.73
 540.40  2.73
 541.10  2.74
 541.80  2.74
 542.50  2.74
 543.20  2.74
 543.90  2.74
 544.60  2.74
 545.30  2.75
 546.00  2.75
 546.70  2.75
 547.40  2.75
 548.10  2.75
 548.80  2.76
 549.50  2.76
 550.20  2.76
 550.90  2.76
 551.60  2.76
 552.30  2.76
 553.00  2.77
 553.70  2.77
 554.40  2.77
 555.10  2.77
 555.80  2.77
 556.50  2.78
 557.20  2.78
 557.90  2.78
 558.60  2.78
 559.30  2.78
 560.00  2.78
 560.70  2.79
 561.40  2.79
 562.10  2.79
 562.80  2.79
 563.50  2.79
 564.20  2.79
 564.90  2.80
 565.60  2.80
 566.30  2.80
 567.00  2.80
 567.70  2.80
 568.40  2.80
 569.10  2.81
 569.80  2.81
 570.50  2.81
 571.20  2.81
 571.90  2.81
 572.60  2.81
 573.30  2.82
 574.00  2.82
 574.70  2.82
 575.40  2.82
 576.10  2.82
 576.80  2.82
 577.50  2.83
 578.20  2.83
 578.90  2.83
 579.60  2.83
 580.30  2.83
 581.00  2.83
 581.70  2.84
 582.40  2.84
 583.10  2.84
 583.80  2.84
 584.50  2.84
 585.20  2.84
 585.90  2.85
 586.60  2.85
 587.30  2.85
 588.00  2.85
 588.70  2.85
 589.40  2.85
 590.10  2.86
 590.80  2.86
 591.50  2.86
 592.20  2.86
 592.90  2.86
 593.60  2.86
 594.30  2.86
 595.00  2.87
 595.70  2.87
 596.40  2.87
 597.10  2.87
 597.80  2.87
 598.50  2.87
 599.20  2.88
 599.90  2.88
 600.60  2.88
 601.30  2.88
 602.00  2.88
 602.70  2.88
 603.40  2.88
 604.10  2.89
 604.80  2.89
 605.50  2.89
 606.20  2.89
 606.90  2.89
 607.60  2.89
 608.30  2.90
 609.00  2.90
 609.70  2.90
 610.40  2.90
 611.10  2.90
 611.80  2.90
 612.50  2.90
 613.20  2.91
 613.90  2.91
 614.60  2.91
 615.30  2.91
 616.00  2.91
 616.70  2.91
 617.40  2.91
 618.10  2.92
 618.80  2.92
 619.50  2.92
 620.20  2.92
 620.90  2.92
 621.60  2.92
 622.30  2.92
 623.00  2.93
 623.70  2.93
 624.40  2.93
 625.10  2.93
 625.80  2.93
 626.50  2.93
 627.20  2.93
 627.90  2.94
 628.60  2.94
 629.30  2.94
 630.00  2.94
 630.70  2.94
 631.40  2.94
 632.10  2.94
 632.80  2.95
 633.50  2.95
 634.20  2.95
 634.90  2.95
 635.60  2.95
 636.30  2.95
 637.00  2.95
 637.70  2.95
 638.40  2.96
 639.10  2.96
 639.80  2.96
 640.50  2.96
 641.20  2.96
 641.90  2.96
 642.60  2.96
 643.30  2.97
 644.00  2.97
 644.70  2.97
 645.40  2.97
 646.10  2.97
 646.80  2.97
 647.50  2.97
 648.20  2.97
 648.90  2.98
 649.60  2.98
 650.30  2.98
 651.00  2.98
 651.70  2.98
 652.40  2.98
 653.10  2.98
 653.80  2.98
 654.50  2.99
 655.20  2.99
 655.90  2.99
 656.60  2.99
 657.30  2.99
 658.00  2.99
 658.70  2.99
 659.40  2.99
 660.10  3.00
 660.80  3.00
 661.50  3.00
 662.20  3.00
 662.90  3.00
 663.60  3.00
 664.30  3.00
 665.00  3.00
 665.70  3.01
 666.40  3.01
 667.10  3.01
 667.80  3.01
 668.50  3.01
 669.20  3.01
 669.90  3.01
 670.60  3.01
 671.30  3.01
 672.00  3.02
 672.70  3.02
 673.40  3.02
 674.10  3.02
 674.80  3.02
 675.50  3.02
 676.20  3.02
 676.90  3.02
 677.60  3.03
 678.30  3.03
 679.00  3.03
 679.70  3.03
 680.40  3.03
 681.10  3.03
 681.80  3.03
 682.50  3.03
 683.20  3.03
 683.90  3.04
 684.60  3.04
 685.30  3.04
 686.00  3.04
 686.70  3.04
 687.40  3.04
 688.10  3.04
 688.80  3.04
 689.50  3.04
 690.20  3.05
 690.90  3.05
 691.60  3.05
 692.30  3.05
 693.00  3.05
 693.70  3.05
 694.40  3.05
 695.10  3.05
 695.80  3.05
 696.50  3.06
 697.20  3.06
 697.90  3.06
 698.60  3.06
 699.30  3.06
 700.00  3.06
 700.70  3.06
 701.40  3.06
 702.10  3.06
 702.80  3.07
 703.50  3.07
 704.20  3.07
 704.90  3.07
 705.60  3.07
 706.30  3.07
 707.00  3.07
 707.70  3.07
 708.40  3.07
 709.10  3.07
 709.80  3.08
 710.50  3.08
 711.20  3.08
 711.90  3.08
 712.60  3.08
 713.30  3.08
 714.00  3.08
 714.70  3.08
 715.40  3.08
 716.10  3.08
 716.80  3.09
 717.50  3.09
 718.20  3.09
 718.90  3.09
 719.60  3.09
 720.30  3.09
 721.00  3.09
 721.70  3.09
 722.40  3.09
 723.10  3.09
 723.80  3.10
 724.50  3.10
 725.20  3.10
 725.90  3.10
 726.60  3.10
 727.30  3.10
 728.00  3.10
 728.70  3.10
 729.40  3.10
 730.10  3.10
 730.80  3.10
 731.50  3.11
 732.20  3.11
 732.90  3.11
 733.60  3.11
 734.30  3.11
 735.00  3.11
 735.70  3.11
 736.40  3.11
 737.10  3.11
 737.80  3.11
 738.50  3.12
 739.20  3.12
 739.90  3.12
 740.60  3.12
 741.30  3.12
 742.00  3.12
 742.70  3.12
 743.40  3.12
 744.10  3.12
 744.80  3.12
 745.50  3.12
 746.20  3.12
 746.90  3.13
 747.60  3.13
 748.30  3.13
 749.00  3.13
 749.70  3.13
 750.40  3.13
 751.10  3.13
 751.80  3.13
 752.50  3.13
 753.20  3.13
 753.90  3.13
 754.60  3.14
 755.30  3.14
 756.00  3.14
 756.70  3.14
 757.40  3.14
 758.10  3.14
 758.80  3.14
 759.50  3.14
 760.20  3.14
 760.90  3.14
 761.60  3.14
 762.30  3.14
 763.00  3.15
 763.70  3.15
 764.40  3.15
 765.10  3.15
 765.80  3.15
 766.50  3.15
 767.20  3.15
 767.90  3.15
 768.60  3.15
 769.30  3.15
 770.00  3.15
 770.70  3.15
 771.40  3.16
 772.10  3.16
 772.80  3.16
 773.50  3.16
 774.20  3.16
 774.90  3.16
 775.60  3.16
 776.30  3.16
 777.00  3.16
 777.70  3.16
 778.40  3.16
 779.10  3.16
 779.80  3.16
 780.50  3.17
 781.20  3.17
 781.90  3.17
 782.60  3.17
 783.30  3.17
 784.00  3.17
 784.70  3.17
 785.40  3.17
 786.10  3.17
 786.80  3.17
 787.50  3.17
 788.20  3.17
 788.90  3.17
 789.60  3.18
 790.30  3.18
 791.00  3.18
 791.70  3.18
 792.40  3.18
 793.10  3.18
 793.80  3.18
 794.50  3.18
 795.20  3.18
 795.90  3.18
 796.60  3.18
 797.30  3.18
 798.00  3.18
 798.70  3.18
 799.40  3.19
 800.10  3.19
 800.80  3.19
 801.50  3.19
 802.20  3.19
 802.90  3.19
 803.60  3.19
 804.30  3.19
 805.00  3.19
 805.70  3.19
 806.40  3.19
 807.10  3.19
 807.80  3.19
 808.50  3.19
 809.20  3.20
 809.90  3.20
 810.60  3.20
 811.30  3.20
 812.00  3.20
 812.70  3.20
 813.40  3.20
 814.10  3.20
 814.80  3.20
 815.50  3.20
 816.20  3.20
 816.90  3.20
 817.60  3.20
 818.30  3.20
 819.00  3.20
 819.70  3.21
 820.40  3.21
 821.10  3.21
 821.80  3.21
 822.50  3.21
 823.20  3.21
 823.90  3.21
 824.60  3.21
 825.30  3.21
 826.00  3.21
 826.70  3.21
 827.40  3.21
 828.10  3.21
 828.80  3.21
 829.50  3.21
 830.20  3.22
 830.90  3.22
 831.60  3.22
 832.30  3.22
 833.00  3.22
 833.70  3.22
 834.40  3.22
 835.10  3.22
 835.80  3.22
 836.50  3.22
 837.20  3.22
 837.90  3.22
 838.60  3.22
 839.30  3.22
 840.00  3.22
 840.70  3.22
 841.40  3.23
 842.10  3.23
 842.80  3.23
 843.50  3.23
 844.20  3.23
 844.90  3.23
 845.60  3.23
 846.30  3.23
 847.00  3.23
 847.70  3.23
 848.40  3.23
 849.10  3.23
 849.80  3.23
 850.50  3.23
 851.20  3.23
 851.90  3.23
 852.60  3.23
 853.30  3.24
 854.00  3.24
 854.70  3.24
 855.40  3.24
 856.10  3.24
 856.80  3.24
 857.50  3.24
 858.20  3.24
 858.90  3.24
 859.60  3.24
 860.30  3.24
 861.00  3.24
 861.70  3.24
 862.40  3.24
 863.10  3.24
 863.80  3.24
 864.50  3.24
 865.20  3.24
 865.90  3.25
 866.60  3.25
 867.30  3.25
 868.00  3.25
 868.70  3.25
 869.40  3.25
 870.10  3.25
 870.80  3.25
 871.50  3.25
 872.20  3.25
 872.90  3.25
 873.60  3.25
 874.30  3.25
 875.00  3.25
 875.70  3.25
 876.40  3.25
 877.10  3.25
 877.80  3.25
 878.50  3.25
 879.20  3.26
 879.90  3.26
 880.60  3.26
 881.30  3.26
 882.00  3.26
 882.70  3.26
 883.40  3.26
 884.10  3.26
 884.80  3.26
 885.50  3.26
 886.20  3.26
 886.90  3.26
 887.60  3.26
 888.30  3.26
 889.00  3.26
 889.70  3.26
 890.40  3.26
 891.10  3.26
 891.80  3.26
 892.50  3.26
 893.20  3.27
 893.90  3.27
 894.60  3.27
 895.30  3.27
 896.00  3.27
 896.70  3.27
 897.40  3.27
 898.10  3.27
 898.80  3.27
 899.50  3.27
 900.20  3.27
 900.90  3.27
 901.60  3.27
 902.30  3.27
 903.00  3.27
 903.70  3.27
 904.40  3.27
 905.10  3.27
 905.80  3.27
 906.50  3.27
 907.20  3.27
 907.90  3.27
 908.60  3.28
 909.30  3.28
 910.00  3.28
 910.70  3.28
 911.40  3.28
 912.10  3.28
 912.80  3.28
 913.50  3.28
 914.20  3.28
 914.90  3.28
 915.60  3.28
 916.30  3.28
 917.00  3.28
 917.70  3.28
 918.40  3.28
 919.10  3.28
 919.80  3.28
 920.50  3.28
 921.20  3.28
 921.90  3.28
 922.60  3.28
 923.30  3.28
 924.00  3.29
 924.70  3.29
 925.40  3.29
 926.10  3.29
 926.80  3.29
 927.50  3.29
 928.20  3.29
 928.90  3.29
 929.60  3.29
 930.30  3.29
 931.00  3.29
 931.70  3.29
 932.40  3.29
 933.10  3.29
 933.80  3.29
 934.50  3.29
 935.20  3.29
 935.90  3.29
 936.60  3.29
 937.30  3.29
 938.00  3.29
 938.70  3.29
 939.40  3.29
 940.10  3.29
 940.80  3.29
 941.50  3.30
 942.20  3.30
 942.90  3.30
 943.60  3.30
 944.30  3.30
 945.00  3.30
 945.70  3.30
 946.40  3.30
 947.10  3.30
 947.80  3.30
 948.50  3.30
 949.20  3.30
 949.90  3.30
 950.60  3.30
 951.30  3.30
 952.00  3.30
 952.70  3.30
 953.40  3.30
 954.10  3.30
 954.80  3.30
 955.50  3.30
 956.20  3.30
 956.90  3.30
 957.60  3.30
 958.30  3.30
 959.00  3.30
 959.70  3.31
 960.40  3.31
 961.10  3.31
 961.80  3.31
 962.50  3.31
 963.20  3.31
 963.90  3.31
 964.60  3.31
 965.30  3.31
 966.00  3.31
 966.70  3.31
 967.40  3.31
 968.10  3.31
 968.80  3.31
 969.50  3.31
 970.20  3.31
 970.90  3.31
 971.60  3.31
 972.30  3.31
 973.00  3.31
 973.70  3.31
 974.40  3.31
 975.10  3.31
 975.80  3.31
 976.50  3.31
 977.20  3.31
 977.90  3.31
 978.60  3.31
 979.30  3.31
 980.00  3.32
 980.70  3.32
 981.40  3.32
 982.10  3.32
 982.80  3.32
 983.50  3.32
 984.20  3.32
 984.90  3.32
 985.60  3.32
 986.30  3.32
 987.00  3.32
 987.70  3.32
 988.40  3.32
 989.10  3.32
 989.80  3.32
 990.50  3.32
 991.20  3.32
 991.90  3.32
 992.60  3.32
 993.30  3.32
 994.00  3.32
 994.70  3.32
 995.40  3.32
 996.10  3.32
 996.80  3.32
 997.50  3.32
 998.20  3.32
 998.90  3.32
 999.60  3.32
 1000.30  3.32
 1001.00  3.32
 1001.70  3.33
 1002.40  3.33
 1003.10  3.33
 1003.80  3.33
 1004.50  3.33
 1005.20  3.33
 1005.90  3.33
 1006.60  3.33
 1007.30  3.33
 1008.00  3.33
 1008.70  3.33
 1009.40  3.33
 1010.10  3.33
 1010.80  3.33
 1011.50  3.33
 1012.20  3.33
 1012.90  3.33
 1013.60  3.33
 1014.30  3.33
 1015.00  3.33
 1015.70  3.33
 1016.40  3.33
 1017.10  3.33
 1017.80  3.33
 1018.50  3.33
 1019.20  3.33
 1019.90  3.33
 1020.60  3.33
 1021.30  3.33
 1022.00  3.33
 1022.70  3.33
 1023.40  3.33
 1024.10  3.33
 1024.80  3.33
 1025.50  3.33
 1026.20  3.34
 1026.90  3.34
 1027.60  3.34
 1028.30  3.34
 1029.00  3.34
 1029.70  3.34
 1030.40  3.34
 1031.10  3.34
 1031.80  3.34
 1032.50  3.34
 1033.20  3.34
 1033.90  3.34
 1034.60  3.34
 1035.30  3.34
 1036.00  3.34
 1036.70  3.34
 1037.40  3.34
 1038.10  3.34
 1038.80  3.34
 1039.50  3.34
 1040.20  3.34
 1040.90  3.34
 1041.60  3.34
 1042.30  3.34
 1043.00  3.34
 1043.70  3.34
 1044.40  3.34
 1045.10  3.34
 1045.80  3.34
 1046.50  3.34
 1047.20  3.34
 1047.90  3.34
 1048.60  3.34
 1049.30  3.34
 1050.00  3.34
 1050.70  3.34
 1051.40  3.34
 1052.10  3.34
 1052.80  3.35
 1053.50  3.35
 1054.20  3.35
 1054.90  3.35
 1055.60  3.35
 1056.30  3.35
 1057.00  3.35
 1057.70  3.35
 1058.40  3.35
 1059.10  3.35
 1059.80  3.35
 1060.50  3.35
 1061.20  3.35
 1061.90  3.35
 1062.60  3.35
 1063.30  3.35
 1064.00  3.35
 1064.70  3.35
 1065.40  3.35
 1066.10  3.35
 1066.80  3.35
 1067.50  3.35
 1068.20  3.35
 1068.90  3.35
 1069.60  3.35
 1070.30  3.35
 1071.00  3.35
 1071.70  3.35
 1072.40  3.35
 1073.10  3.35
 1073.80  3.35
 1074.50  3.35
 1075.20  3.35
 1075.90  3.35
 1076.60  3.35
 1077.30  3.35
 1078.00  3.35
 1078.70  3.35
 1079.40  3.35
 1080.10  3.35
 1080.80  3.35
 1081.50  3.35
 1082.20  3.35
 1082.90  3.35
 1083.60  3.35
 1084.30  3.36
 1085.00  3.36
 1085.70  3.36
 1086.40  3.36
 1087.10  3.36
 1087.80  3.36
 1088.50  3.36
 1089.20  3.36
 1089.90  3.36
 1090.60  3.36
 1091.30  3.36
 1092.00  3.36
 1092.70  3.36
 1093.40  3.36
 1094.10  3.36
 1094.80  3.36
 1095.50  3.36
 1096.20  3.36
 1096.90  3.36
 1097.60  3.36
 1098.30  3.36
 1099.00  3.36
 1099.70  3.36
 1100.40  3.36
 1101.10  3.36
 1101.80  3.36
 1102.50  3.36
 1103.20  3.36
 1103.90  3.36
 1104.60  3.36
 1105.30  3.36
 1106.00  3.36
 1106.70  3.36
 1107.40  3.36
 1108.10  3.36
 1108.80  3.36
 1109.50  3.36
 1110.20  3.36
 1110.90  3.36
 1111.60  3.36
 1112.30  3.36
 1113.00  3.36
 1113.70  3.36
 1114.40  3.36
 1115.10  3.36
 1115.80  3.36
 1116.50  3.36
 1117.20  3.36
 1117.90  3.36
 1118.60  3.36
 1119.30  3.36
 1120.00  3.37
 1120.70  3.37
 1121.40  3.37
 1122.10  3.37
 1122.80  3.37
 1123.50  3.37
 1124.20  3.37
 1124.90  3.37
 1125.60  3.37
 1126.30  3.37
 1127.00  3.37
 1127.70  3.37
 1128.40  3.37
 1129.10  3.37
 1129.80  3.37
 1130.50  3.37
 1131.20  3.37
 1131.90  3.37
 1132.60  3.37
 1133.30  3.37
 1134.00  3.37
 1134.70  3.37
 1135.40  3.37
 1136.10  3.37
 1136.80  3.37
 1137.50  3.37
 1138.20  3.37
 1138.90  3.37
 1139.60  3.37
 1140.30  3.37
 1141.00  3.37
 1141.70  3.37
 1142.40  3.37
 1143.10  3.37
 1143.80  3.37
 1144.50  3.37
 1145.20  3.37
 1145.90  3.37
 1146.60  3.37
 1147.30  3.37
 1148.00  3.37
 1148.70  3.37
 1149.40  3.37
 1150.10  3.37
 1150.80  3.37
 1151.50  3.37
 1152.20  3.37
 1152.90  3.37
 1153.60  3.37
 1154.30  3.37
 1155.00  3.37
 1155.70  3.37
 1156.40  3.37
 1157.10  3.37
 1157.80  3.37
 1158.50  3.37
 1159.20  3.37
 1159.90  3.37
 1160.60  3.37
 1161.30  3.37
 1162.00  3.37
 1162.70  3.38
 1163.40  3.38
 1164.10  3.38
 1164.80  3.38
 1165.50  3.38
 1166.20  3.38
 1166.90  3.38
 1167.60  3.38
 1168.30  3.38
 1169.00  3.38
 1169.70  3.38
 1170.40  3.38
 1171.10  3.38
 1171.80  3.38
 1172.50  3.38
 1173.20  3.38
 1173.90  3.38
 1174.60  3.38
 1175.30  3.38
 1176.00  3.38
 1176.70  3.38
 1177.40  3.38
 1178.10  3.38
 1178.80  3.38
 1179.50  3.38
 1180.20  3.38
 1180.90  3.38
 1181.60  3.38
 1182.30  3.38
 1183.00  3.38
 1183.70  3.38
 1184.40  3.38
 1185.10  3.38
 1185.80  3.38
 1186.50  3.38
 1187.20  3.38
 1187.90  3.38
 1188.60  3.38
 1189.30  3.38
 1190.00  3.38
 1190.70  3.38
 1191.40  3.38
 1192.10  3.38
 1192.80  3.38
 1193.50  3.38
 1194.20  3.38
 1194.90  3.38
 1195.60  3.38
 1196.30  3.38
 1197.00  3.38
 1197.70  3.38
 1198.40  3.38
 1199.10  3.38
 1199.80  3.38
 1200.50  3.38
 1201.20  3.38
 1201.90  3.38
 1202.60  3.38
 1203.30  3.38
 1204.00  3.38
 1204.70  3.38
 1205.40  3.38
 1206.10  3.38
 1206.80  3.38
 1207.50  3.38
 1208.20  3.38
 1208.90  3.38
 1209.60  3.38
 1210.30  3.38
 1211.00  3.38
 1211.70  3.38
 1212.40  3.38
 1213.10  3.38
 1213.80  3.38
 1214.50  3.38
 1215.20  3.38
 1215.90  3.39
 1216.60  3.39
 1217.30  3.39
 1218.00  3.39
 1218.70  3.39
 1219.40  3.39
 1220.10  3.39
 1220.80  3.39
 1221.50  3.39
 1222.20  3.39
 1222.90  3.39
 1223.60  3.39
 1224.30  3.39
 1225.00  3.39
 1225.70  3.39
 1226.40  3.39
 1227.10  3.39
 1227.80  3.39
 1228.50  3.39
 1229.20  3.39
 1229.90  3.39
 1230.60  3.39
 1231.30  3.39
 1232.00  3.39
 1232.70  3.39
 1233.40  3.39
 1234.10  3.39
 1234.80  3.39
 1235.50  3.39
 1236.20  3.39
 1236.90  3.39
 1237.60  3.39
 1238.30  3.39
 1239.00  3.39
 1239.70  3.39
 1240.40  3.39
 1241.10  3.39
 1241.80  3.39
 1242.50  3.39
 1243.20  3.39
 1243.90  3.39
 1244.60  3.39
 1245.30  3.39
 1246.00  3.39
 1246.70  3.39
 1247.40  3.39
 1248.10  3.39
 1248.80  3.39
 1249.50  3.39
 1250.20  3.39
 1250.90  3.39
 1251.60  3.39
 1252.30  3.39
 1253.00  3.39
 1253.70  3.39
 1254.40  3.39
 1255.10  3.39
 1255.80  3.39
 1256.50  3.39
 1257.20  3.39
 1257.90  3.39
 1258.60  3.39
 1259.30  3.39
 1260.00  3.39
 1260.70  3.39
 1261.40  3.39
 1262.10  3.39
 1262.80  3.39
 1263.50  3.39
 1264.20  3.39
 1264.90  3.39
 1265.60  3.39
 1266.30  3.39
 1267.00  3.39
 1267.70  3.39
 1268.40  3.39
 1269.10  3.39
 1269.80  3.39
 1270.50  3.39
 1271.20  3.39
 1271.90  3.39
 1272.60  3.39
 1273.30  3.39
 1274.00  3.39
 1274.70  3.39
 1275.40  3.39
 1276.10  3.39
 1276.80  3.39
 1277.50  3.39
 1278.20  3.39
 1278.90  3.39
 1279.60  3.39
 1280.30  3.39
 1281.00  3.39
 1281.70  3.39
 1282.40  3.39
 1283.10  3.39
 1283.80  3.39
 1284.50  3.39
 1285.20  3.39
 1285.90  3.40
 1286.60  3.40
 1287.30  3.40
 1288.00  3.40
 1288.70  3.40
 1289.40  3.40
 1290.10  3.40
 1290.80  3.40
 1291.50  3.40
 1292.20  3.40
 1292.90  3.40
 1293.60  3.40
 1294.30  3.40
 1295.00  3.40
 1295.70  3.40
 1296.40  3.40
 1297.10  3.40
 1297.80  3.40
 1298.50  3.40
 1299.20  3.40
 1299.90  3.40
 1300.60  3.40
 1301.30  3.40
 1302.00  3.40
 1302.70  3.40
 1303.40  3.40
 1304.10  3.40
 1304.80  3.40
 1305.50  3.40
 1306.20  3.40
 1306.90  3.40
 1307.60  3.40
 1308.30  3.40
 1309.00  3.40
 1309.70  3.40
 1310.40  3.40
 1311.10  3.40
 1311.80  3.40
 1312.50  3.40
 1313.20  3.40
 1313.90  3.40
 1314.60  3.40
 1315.30  3.40
 1316.00  3.40
 1316.70  3.40
 1317.40  3.40
 1318.10  3.40
 1318.80  3.40
 1319.50  3.40
 1320.20  3.40
 1320.90  3.40
 1321.60  3.40
 1322.30  3.40
 1323.00  3.40
 1323.70  3.40
 1324.40  3.40
 1325.10  3.40
 1325.80  3.40
 1326.50  3.40
 1327.20  3.40
 1327.90  3.40
 1328.60  3.40
 1329.30  3.40
 1330.00  3.40
 1330.70  3.40
 1331.40  3.40
 1332.10  3.40
 1332.80  3.40
 1333.50  3.40
 1334.20  3.40
 1334.90  3.40
 1335.60  3.40
 1336.30  3.40
 1337.00  3.40
 1337.70  3.40
 1338.40  3.40
 1339.10  3.40
 1339.80  3.40
 1340.50  3.40
 1341.20  3.40
 1341.90  3.40
 1342.60  3.40
 1343.30  3.40
 1344.00  3.40
 1344.70  3.40
 1345.40  3.40
 1346.10  3.40
 1346.80  3.40
 1347.50  3.40
 1348.20  3.40
 1348.90  3.40
 1349.60  3.40
 1350.30  3.40
 1351.00  3.40
 1351.70  3.40
 1352.40  3.40
 1353.10  3.40
 1353.80  3.40
 1354.50  3.40
 1355.20  3.40
 1355.90  3.40
 1356.60  3.40
 1357.30  3.40
 1358.00  3.40
 1358.70  3.40
 1359.40  3.40
 1360.10  3.40
 1360.80  3.40
 1361.50  3.40
 1362.20  3.40
 1362.90  3.40
 1363.60  3.40
 1364.30  3.40
 1365.00  3.40
 1365.70  3.40
 1366.40  3.40
 1367.10  3.40
 1367.80  3.40
 1368.50  3.40
 1369.20  3.40
 1369.90  3.40
 1370.60  3.40
 1371.30  3.40
 1372.00  3.40
 1372.70  3.40
 1373.40  3.40
 1374.10  3.40
 1374.80  3.40
 1375.50  3.40
 1376.20  3.40
 1376.90  3.40
 1377.60  3.40
 1378.30  3.40
 1379.00  3.40
 1379.70  3.40
 1380.40  3.40
 1381.10  3.40
 1381.80  3.40
 1382.50  3.40
 1383.20  3.40
 1383.90  3.40
 1384.60  3.40
 1385.30  3.40
 1386.00  3.40
 1386.70  3.40
 1387.40  3.40
 1388.10  3.40
 1388.80  3.40
 1389.50  3.40
 1390.20  3.40
 1390.90  3.41
 1391.60  3.41
 1392.30  3.41
 1393.00  3.41
 1393.70  3.41
 1394.40  3.41
 1395.10  3.41
 1395.80  3.41
 1396.50  3.41
 1397.20  3.41
 1397.90  3.41
 1398.60  3.41
 1399.30  3.41
 1400.00  3.41
 1400.70  3.41
 1401.40  3.41
 1402.10  3.41
 1402.80  3.41
 1403.50  3.41
 1404.20  3.41
 1404.90  3.41
 1405.60  3.41
 1406.30  3.41
 1407.00  3.41
 1407.70  3.41
 1408.40  3.41
 1409.10  3.41
 1409.80  3.41
 1410.50  3.41
 1411.20  3.41
 1411.90  3.41
 1412.60  3.41
 1413.30  3.41
 1414.00  3.41
 1414.70  3.41
 1415.40  3.41
 1416.10  3.41
 1416.80  3.41
 1417.50  3.41
 1418.20  3.41
 1418.90  3.41
 1419.60  3.41
 1420.30  3.41
 1421.00  3.41
 1421.70  3.41
 1422.40  3.41
 1423.10  3.41
 1423.80  3.41
 1424.50  3.41
 1425.20  3.41
 1425.90  3.41
 1426.60  3.41
 1427.30  3.41
 1428.00  3.41
 1428.70  3.41
 1429.40  3.41
 1430.10  3.41
 1430.80  3.41
 1431.50  3.41
 1432.20  3.41
 1432.90  3.41
 1433.60  3.41
 1434.30  3.41
 1435.00  3.41
 1435.70  3.41
 1436.40  3.41
 1437.10  3.41
 1437.80  3.41
 1438.50  3.41
 1439.20  3.41
 1439.90  3.41
 1440.60  3.41
 1441.30  3.41
 1442.00  3.41
 1442.70  3.41
 1443.40  3.41
 1444.10  3.41
 1444.80  3.41
 1445.50  3.41
 1446.20  3.41
 1446.90  3.41
 1447.60  3.41
 1448.30  3.41
 1449.00  3.41
 1449.70  3.41
 1450.40  3.41
 1451.10  3.41
 1451.80  3.41
 1452.50  3.41
 1453.20  3.41
 1453.90  3.41
 1454.60  3.41
 1455.30  3.41
 1456.00  3.41
 1456.70  3.41
 1457.40  3.41
 1458.10  3.41
 1458.80  3.41
 1459.50  3.41
 1460.20  3.41
 1460.90  3.41
 1461.60  3.41
 1462.30  3.41
 1463.00  3.41
 1463.70  3.41
 1464.40  3.41
 1465.10  3.41
 1465.80  3.41
 1466.50  3.41
 1467.20  3.41
 1467.90  3.41
 1468.60  3.41
 1469.30  3.41
 1470.00  3.41
 1470.70  3.41
 1471.40  3.41
 1472.10  3.41
 1472.80  3.41
 1473.50  3.41
 1474.20  3.41
 1474.90  3.41
 1475.60  3.41
 1476.30  3.41
 1477.00  3.41
 1477.70  3.41
 1478.40  3.41
 1479.10  3.41
 1479.80  3.41
 1480.50  3.41
 1481.20  3.41
 1481.90  3.41
 1482.60  3.41
 1483.30  3.41
 1484.00  3.41
 1484.70  3.41
 1485.40  3.41
 1486.10  3.41
 1486.80  3.41
 1487.50  3.41
 1488.20  3.41
 1488.90  3.41
 1489.60  3.41
 1490.30  3.41
 1491.00  3.41
 1491.70  3.41
 1492.40  3.41
 1493.10  3.41
 1493.80  3.41
 1494.50  3.41
 1495.20  3.41
 1495.90  3.41
 1496.60  3.41
 1497.30  3.41
 1498.00  3.41
 1498.70  3.41
 1499.40  3.41
 1500.10  3.41
 1500.80  3.41
 1501.50  3.41
 1502.20  3.41
 1502.90  3.41
 1503.60  3.41
 1504.30  3.41
 1505.00  3.41
 1505.70  3.41
 1506.40  3.41
 1507.10  3.41
 1507.80  3.41
 1508.50  3.41
 1509.20  3.41
 1509.90  3.41
 1510.60  3.41
 1511.30  3.41
 1512.00  3.41
 1512.70  3.41
 1513.40  3.41
 1514.10  3.41
 1514.80  3.41
 1515.50  3.41
 1516.20  3.41
 1516.90  3.41
 1517.60  3.41
 1518.30  3.41
 1519.00  3.41
 1519.70  3.41
 1520.40  3.41
 1521.10  3.41
 1521.80  3.41
 1522.50  3.41
 1523.20  3.41
 1523.90  3.41
 1524.60  3.41
 1525.30  3.41
 1526.00  3.41
 1526.70  3.41
 1527.40  3.41
 1528.10  3.41
 1528.80  3.41
 1529.50  3.41
 1530.20  3.41
 1530.90  3.41
 1531.60  3.41
 1532.30  3.41
 1533.00  3.41
 1533.70  3.41
 1534.40  3.41
 1535.10  3.41
 1535.80  3.41
 1536.50  3.41
 1537.20  3.41
 1537.90  3.41
 1538.60  3.41
 1539.30  3.41
 1540.00  3.41
 1540.70  3.41
 1541.40  3.41
 1542.10  3.41
 1542.80  3.41
 1543.50  3.41
 1544.20  3.41
 1544.90  3.41
 1545.60  3.41
 1546.30  3.41
 1547.00  3.41
 1547.70  3.41
 1548.40  3.41
 1549.10  3.41
 1549.80  3.41
 1550.50  3.41
 1551.20  3.41
 1551.90  3.41
 1552.60  3.41
 1553.30  3.41
 1554.00  3.41
 1554.70  3.41
 1555.40  3.41
 1556.10  3.41
 1556.80  3.41
 1557.50  3.41
 1558.20  3.41
 1558.90  3.41
 1559.60  3.41
 1560.30  3.41
 1561.00  3.41
 1561.70  3.41
 1562.40  3.41
 1563.10  3.41
 1563.80  3.41
 1564.50  3.41
 1565.20  3.41
 1565.90  3.41
 1566.60  3.41
 1567.30  3.41
 1568.00  3.41
 1568.70  3.41
 1569.40  3.41
 1570.10  3.41
 1570.80  3.41
 1571.50  3.41
 1572.20  3.41
 1572.90  3.41
 1573.60  3.41
 1574.30  3.41
 1575.00  3.41
 1575.70  3.41
 1576.40  3.41
 1577.10  3.41
 1577.80  3.41
 1578.50  3.41
 1579.20  3.41
 1579.90  3.41
 1580.60  3.41
 1581.30  3.41
 1582.00  3.41
 1582.70  3.41
 1583.40  3.41
 1584.10  3.41
 1584.80  3.41
 1585.50  3.41
 1586.20  3.41
 1586.90  3.41
 1587.60  3.41
 1588.30  3.41
 1589.00  3.41
 1589.70  3.41
 1590.40  3.41
 1591.10  3.41
 1591.80  3.41
 1592.50  3.41
 1593.20  3.41
 1593.90  3.41
 1594.60  3.41
 1595.30  3.41
 1596.00  3.41
 1596.70  3.41
 1597.40  3.41
 1598.10  3.41
 1598.80  3.41
 1599.50  3.41
 1600.20  3.41
 1600.90  3.41
 1601.60  3.41
 1602.30  3.41
 1603.00  3.41
 1603.70  3.41
 1604.40  3.41
 1605.10  3.41
 1605.80  3.41
 1606.50  3.41
 1607.20  3.42
 1607.90  3.42
 1608.60  3.42
 1609.30  3.42
 1610.00  3.42
 1610.70  3.42
 1611.40  3.42
 1612.10  3.42
 1612.80  3.42
 1613.50  3.42
 1614.20  3.42
 1614.90  3.42
 1615.60  3.42
 1616.30  3.42
 1617.00  3.42
 1617.70  3.42
 1618.40  3.42
 1619.10  3.42
 1619.80  3.42
 1620.50  3.42
 1621.20  3.42
 1621.90  3.42
 1622.60  3.42
 1623.30  3.42
 1624.00  3.42
 1624.70  3.42
 1625.40  3.42
 1626.10  3.42
 1626.80  3.42
 1627.50  3.42
 1628.20  3.42
 1628.90  3.42
 1629.60  3.42
 1630.30  3.42
 1631.00  3.42
 1631.70  3.42
 1632.40  3.42
 1633.10  3.42
 1633.80  3.42
 1634.50  3.42
 1635.20  3.42
 1635.90  3.42
 1636.60  3.42
 1637.30  3.42
 1638.00  3.42
 1638.70  3.42
 1639.40  3.42
 1640.10  3.42
 1640.80  3.42
 1641.50  3.42
 1642.20  3.42
 1642.90  3.42
 1643.60  3.42
 1644.30  3.42
 1645.00  3.42
 1645.70  3.42
 1646.40  3.42
 1647.10  3.42
 1647.80  3.42
 1648.50  3.42
 1649.20  3.42
 1649.90  3.42
 1650.60  3.42
 1651.30  3.42
 1652.00  3.42
 1652.70  3.42
 1653.40  3.42
 1654.10  3.42
 1654.80  3.42
 1655.50  3.42
 1656.20  3.42
 1656.90  3.42
 1657.60  3.42
 1658.30  3.42
 1659.00  3.42
 1659.70  3.42
 1660.40  3.42
 1661.10  3.42
 1661.80  3.42
 1662.50  3.42
 1663.20  3.42
 1663.90  3.42
 1664.60  3.42
 1665.30  3.42
 1666.00  3.42
 1666.70  3.42
 1667.40  3.42
 1668.10  3.42
 1668.80  3.42
 1669.50  3.42
 1670.20  3.42
 1670.90  3.42
 1671.60  3.42
 1672.30  3.42
 1673.00  3.42
 1673.70  3.42
 1674.40  3.42
 1675.10  3.42
 1675.80  3.42
 1676.50  3.42
 1677.20  3.42
 1677.90  3.42
 1678.60  3.42
 1679.30  3.42
 1680.00  3.42
 1680.70  3.42
 1681.40  3.42
 1682.10  3.42
 1682.80  3.42
 1683.50  3.42
 1684.20  3.42
 1684.90  3.42
 1685.60  3.42
 1686.30  3.42
 1687.00  3.42
 1687.70  3.42
 1688.40  3.42
 1689.10  3.42
 1689.80  3.42
 1690.50  3.42
 1691.20  3.42
 1691.90  3.42
 1692.60  3.42
 1693.30  3.42
 1694.00  3.42
 1694.70  3.42
 1695.40  3.42
 1696.10  3.42
 1696.80  3.42
 1697.50  3.42
 1698.20  3.42
 1698.90  3.42
 1699.60  3.42
 1700.30  3.42
 1701.00  3.42
 1701.70  3.42
 1702.40  3.42
 1703.10  3.42
 1703.80  3.42
 1704.50  3.42
 1705.20  3.42
 1705.90  3.42
 1706.60  3.42
 1707.30  3.42
 1708.00  3.42
 1708.70  3.42
 1709.40  3.42
 1710.10  3.42
 1710.80  3.42
 1711.50  3.42
 1712.20  3.42
 1712.90  3.42
 1713.60  3.42
 1714.30  3.42
 1715.00  3.42
 1715.70  3.42
 1716.40  3.42
 1717.10  3.42
 1717.80  3.42
 1718.50  3.42
 1719.20  3.42
 1719.90  3.42
 1720.60  3.42
 1721.30  3.42
 1722.00  3.42
 1722.70  3.42
 1723.40  3.42
 1724.10  3.42
 1724.80  3.42
 1725.50  3.42
 1726.20  3.42
 1726.90  3.42
 1727.60  3.42
 1728.30  3.42
 1729.00  3.42
 1729.70  3.42
 1730.40  3.42
 1731.10  3.42
 1731.80  3.42
 1732.50  3.42
 1733.20  3.42
 1733.90  3.42
 1734.60  3.42
 1735.30  3.42
 1736.00  3.42
 1736.70  3.42
 1737.40  3.42
 1738.10  3.42
 1738.80  3.42
 1739.50  3.42
 1740.20  3.42
 1740.90  3.42
 1741.60  3.42
 1742.30  3.42
 1743.00  3.42
 1743.70  3.42
 1744.40  3.42
 1745.10  3.42
 1745.80  3.42
 1746.50  3.42
 1747.20  3.42
 1747.90  3.42
 1748.60  3.42
 1749.30  3.42
 1750.00  3.42
 1750.70  3.42
 1751.40  3.42
 1752.10  3.42
 1752.80  3.42
 1753.50  3.42
 1754.20  3.42
 1754.90  3.42
 1755.60  3.42
 1756.30  3.42
 1757.00  3.42
 1757.70  3.42
 1758.40  3.42
 1759.10  3.42
 1759.80  3.42
 1760.50  3.42
 1761.20  3.42
 1761.90  3.42
 1762.60  3.42
 1763.30  3.42
 1764.00  3.42
 1764.70  3.42
 1765.40  3.42
 1766.10  3.42
 1766.80  3.42
 1767.50  3.42
 1768.20  3.42
 1768.90  3.42
 1769.60  3.42
 1770.30  3.42
 1771.00  3.42
 1771.70  3.42
 1772.40  3.42
 1773.10  3.42
 1773.80  3.42
 1774.50  3.42
 1775.20  3.42
 1775.90  3.42
 1776.60  3.42
 1777.30  3.42
 1778.00  3.42
 1778.70  3.42
 1779.40  3.42
 1780.10  3.42
 1780.80  3.42
 1781.50  3.42
 1782.20  3.42
 1782.90  3.42
 1783.60  3.42
 1784.30  3.42
 1785.00  3.42
 1785.70  3.42
 1786.40  3.42
 1787.10  3.42
 1787.80  3.42
 1788.50  3.42
 1789.20  3.42
 1789.90  3.42
 1790.60  3.42
 1791.30  3.42
 1792.00  3.42
 1792.70  3.42
 1793.40  3.42
 1794.10  3.42
 1794.80  3.42
 1795.50  3.42
 1796.20  3.42
 1796.90  3.42
 1797.60  3.42
 1798.30  3.42
 1799.00  3.42
 1799.70  3.42
 1800.40  3.42
 1801.10  3.42
 1801.80  3.42
 1802.50  3.42
 1803.20  3.42
 1803.90  3.42
 1804.60  3.42
 1805.30  3.42
 1806.00  3.42
 1806.70  3.42
 1807.40  3.42
 1808.10  3.42
 1808.80  3.42
 1809.50  3.42
 1810.20  3.42
 1810.90  3.42
 1811.60  3.42
 1812.30  3.42
 1813.00  3.42
 1813.70  3.42
 1814.40  3.42
 1815.10  3.42
 1815.80  3.42
 1816.50  3.42
 1817.20  3.42
 1817.90  3.42
 1818.60  3.42
 1819.30  3.42
 1820.00  3.42
 1820.70  3.42
 1821.40  3.42
 1822.10  3.42
 1822.80  3.42
 1823.50  3.42
 1824.20  3.42
 1824.90  3.42
 1825.60  3.42
 1826.30  3.42
 1827.00  3.42
 1827.70  3.42
 1828.40  3.42
 1829.10  3.42
 1829.80  3.42
 1830.50  3.42
 1831.20  3.42
 1831.90  3.42
 1832.60  3.42
 1833.30  3.42
 1834.00  3.42
 1834.70  3.42
 1835.40  3.42
 1836.10  3.42
 1836.80  3.42
 1837.50  3.42
 1838.20  3.42
 1838.90  3.42
 1839.60  3.42
 1840.30  3.42
 1841.00  3.42
 1841.70  3.42
 1842.40  3.42
 1843.10  3.42
 1843.80  3.42
 1844.50  3.42
 1845.20  3.42
 1845.90  3.42
 1846.60  3.42
 1847.30  3.42
 1848.00  3.42
 1848.70  3.42
 1849.40  3.42
 1850.10  3.42
 1850.80  3.42
 1851.50  3.42
 1852.20  3.42
 1852.90  3.42
 1853.60  3.42
 1854.30  3.42
 1855.00  3.42
 1855.70  3.42
 1856.40  3.42
 1857.10  3.42
 1857.80  3.42
 1858.50  3.42
 1859.20  3.42
 1859.90  3.42
 1860.60  3.42
 1861.30  3.42
 1862.00  3.42
 1862.70  3.42
 1863.40  3.42
 1864.10  3.42
 1864.80  3.42
 1865.50  3.42
 1866.20  3.42
 1866.90  3.42
 1867.60  3.42
 1868.30  3.42
 1869.00  3.42
 1869.70  3.42
 1870.40  3.42
 1871.10  3.42
 1871.80  3.42
 1872.50  3.42
 1873.20  3.42
 1873.90  3.42
 1874.60  3.42
 1875.30  3.42
 1876.00  3.42
 1876.70  3.42
 1877.40  3.42
 1878.10  3.42
 1878.80  3.42
 1879.50  3.42
 1880.20  3.42
 1880.90  3.42
 1881.60  3.42
 1882.30  3.42
 1883.00  3.42
 1883.70  3.42
 1884.40  3.42
 1885.10  3.42
 1885.80  3.42
 1886.50  3.42
 1887.20  3.42
 1887.90  3.42
 1888.60  3.42
 1889.30  3.42
 1890.00  3.42
 1890.70  3.42
 1891.40  3.42
 1892.10  3.42
 1892.80  3.42
 1893.50  3.42
 1894.20  3.42
 1894.90  3.42
 1895.60  3.42
 1896.30  3.42
 1897.00  3.42
 1897.70  3.42
 1898.40  3.42
 1899.10  3.42
 1899.80  3.42
 1900.50  3.42
 1901.20  3.42
 1901.90  3.42
 1902.60  3.42
 1903.30  3.42
 1904.00  3.42
 1904.70  3.42
 1905.40  3.42
 1906.10  3.42
 1906.80  3.42
 1907.50  3.42
 1908.20  3.42
 1908.90  3.42
 1909.60  3.42
 1910.30  3.42
 1911.00  3.42
 1911.70  3.42
 1912.40  3.42
 1913.10  3.42
 1913.80  3.42
 1914.50  3.42
 1915.20  3.42
 1915.90  3.42
 1916.60  3.42
 1917.30  3.42
 1918.00  3.42
 1918.70  3.42
 1919.40  3.42
 1920.10  3.42
 1920.80  3.42
 1921.50  3.42
 1922.20  3.42
 1922.90  3.42
 1923.60  3.42
 1924.30  3.42
 1925.00  3.42
 1925.70  3.42
 1926.40  3.42
 1927.10  3.42
 1927.80  3.42
 1928.50  3.42
 1929.20  3.42
 1929.90  3.42
 1930.60  3.42
 1931.30  3.42
 1932.00  3.42
 1932.70  3.42
 1933.40  3.42
 1934.10  3.42
 1934.80  3.42
 1935.50  3.42
 1936.20  3.42
 1936.90  3.42
 1937.60  3.42
 1938.30  3.42
 1939.00  3.42
 1939.70  3.42
 1940.40  3.42
 1941.10  3.42
 1941.80  3.42
 1942.50  3.42
 1943.20  3.42
 1943.90  3.42
 1944.60  3.42
 1945.30  3.42
 1946.00  3.42
 1946.70  3.42
 1947.40  3.42
 1948.10  3.42
 1948.80  3.42
 1949.50  3.42
 1950.20  3.42
 1950.90  3.42
 1951.60  3.42
 1952.30  3.42
 1953.00  3.42
 1953.70  3.42
 1954.40  3.42
 1955.10  3.42
 1955.80  3.42
 1956.50  3.42
 1957.20  3.42
 1957.90  3.42
 1958.60  3.42
 1959.30  3.42
 1960.00  3.42
 1960.70  3.42
 1961.40  3.42
 1962.10  3.42
 1962.80  3.42
 1963.50  3.42
 1964.20  3.42
 1964.90  3.42
 1965.60  3.42
 1966.30  3.42
 1967.00  3.42
 1967.70  3.42
 1968.40  3.42
 1969.10  3.42
 1969.80  3.42
 1970.50  3.42
 1971.20  3.42
 1971.90  3.42
 1972.60  3.42
 1973.30  3.42
 1974.00  3.42
 1974.70  3.42
 1975.40  3.42
 1976.10  3.42
 1976.80  3.42
 1977.50  3.42
 1978.20  3.42
 1978.90  3.42
 1979.60  3.42
 1980.30  3.42
 1981.00  3.42
 1981.70  3.42
 1982.40  3.42
 1983.10  3.42
 1983.80  3.42
 1984.50  3.42
 1985.20  3.42
 1985.90  3.42
 1986.60  3.42
 1987.30  3.42
 1988.00  3.42
 1988.70  3.42
 1989.40  3.42
 1990.10  3.42
 1990.80  3.42
 1991.50  3.42
 1992.20  3.42
 1992.90  3.42
 1993.60  3.42
 1994.30  3.42
 1995.00  3.42
 1995.70  3.42
 1996.40  3.42
 1997.10  3.42
 1997.80  3.42
 1998.50  3.42
 1999.20  3.42
 1999.90  3.42
 2000.60  3.42
 2001.30  3.42
 2002.00  3.42
 2002.70  3.42
 2003.40  3.42
 2004.10  3.42
 2004.80  3.42
 2005.50  3.42
 2006.20  3.42
 2006.90  3.42
 2007.60  3.42
 2008.30  3.42
 2009.00  3.42
 2009.70  3.42
 2010.40  3.42
 2011.10  3.42
 2011.80  3.42
 2012.50  3.42
 2013.20  3.42
 2013.90  3.42
 2014.60  3.42
 2015.30  3.42
 2016.00  3.42
 2016.70  3.42
 2017.40  3.42
 2018.10  3.42
 2018.80  3.42
 2019.50  3.42
 2020.20  3.42
 2020.90  3.42
 2021.60  3.42
 2022.30  3.42
 2023.00  3.42
 2023.70  3.42
 2024.40  3.42
 2025.10  3.42
 2025.80  3.42
 2026.50  3.42
 2027.20  3.42
 2027.90  3.42
 2028.60  3.42
 2029.30  3.42
 2030.00  3.42
 2030.70  3.42
 2031.40  3.42
 2032.10  3.42
 2032.80  3.42
 2033.50  3.42
 2034.20  3.42
 2034.90  3.42
 2035.60  3.42
 2036.30  3.42
 2037.00  3.42
 2037.70  3.42
 2038.40  3.42
 2039.10  3.42
 2039.80  3.42
 2040.50  3.42
 2041.20  3.42
 2041.90  3.42
 2042.60  3.42
 2043.30  3.42
 2044.00  3.42
 2044.70  3.42
 2045.40  3.42
 2046.10  3.42
 2046.80  3.42
 2047.50  3.42
 2048.20  3.42
 2048.90  3.42
 2049.60  3.42
 2050.30  3.42
 2051.00  3.42
 2051.70  3.42
 2052.40  3.42
 2053.10  3.42
 2053.80  3.42
 2054.50  3.42
 2055.20  3.42
 2055.90  3.42
 2056.60  3.42
 2057.30  3.42
 2058.00  3.42
 2058.70  3.42
 2059.40  3.42
 2060.10  3.42
 2060.80  3.42
 2061.50  3.42
 2062.20  3.42
 2062.90  3.42
 2063.60  3.42
 2064.30  3.42
 2065.00  3.42
 2065.70  3.42
 2066.40  3.42
 2067.10  3.42
 2067.80  3.42
 2068.50  3.42
 2069.20  3.42
 2069.90  3.42
 2070.60  3.42
 2071.30  3.42
 2072.00  3.42
 2072.70  3.42
 2073.40  3.42
 2074.10  3.42
 2074.80  3.42
 2075.50  3.42
 2076.20  3.42
 2076.90  3.42
 2077.60  3.42
 2078.30  3.42
 2079.00  3.42
 2079.70  3.42
 2080.40  3.42
 2081.10  3.42
 2081.80  3.42
 2082.50  3.42
 2083.20  3.42
 2083.90  3.42
 2084.60  3.42
 2085.30  3.42
 2086.00  3.42
 2086.70  3.42
 2087.40  3.42
 2088.10  3.42
 2088.80  3.42
 2089.50  3.42
 2090.20  3.42
 2090.90  3.42
 2091.60  3.42
 2092.30  3.42
 2093.00  3.42
 2093.70  3.42
 2094.40  3.42
 2095.10  3.42
 2095.80  3.42
 2096.50  3.42
 2097.20  3.42
 2097.90  3.42
 2098.60  3.42
 2099.30  3.42
 2100.00  3.42
 2100.70  3.42
 2101.40  3.42
 2102.10  3.42
 2102.80  3.42
 2103.50  3.42
 2104.20  3.42
 2104.90  3.42
 2105.60  3.42
 2106.30  3.42
 2107.00  3.42
 2107.70  3.42
 2108.40  3.42
 2109.10  3.42
 2109.80  3.42
 2110.50  3.42
 2111.20  3.42
 2111.90  3.42
 2112.60  3.42
 2113.30  3.42
 2114.00  3.42
 2114.70  3.42
 2115.40  3.42
 2116.10  3.42
 2116.80  3.42
 2117.50  3.42
 2118.20  3.42
 2118.90  3.42
 2119.60  3.42
 2120.30  3.42
 2121.00  3.42
 2121.70  3.42
 2122.40  3.42
 2123.10  3.42
 2123.80  3.42
 2124.50  3.42
 2125.20  3.42
 2125.90  3.42
 2126.60  3.42
 2127.30  3.42
 2128.00  3.42
 2128.70  3.42
 2129.40  3.42
 2130.10  3.42
 2130.80  3.42
 2131.50  3.42
 2132.20  3.42
 2132.90  3.42
 2133.60  3.42
 2134.30  3.42
 2135.00  3.42
 2135.70  3.42
 2136.40  3.42
 2137.10  3.42
 2137.80  3.42
 2138.50  3.42
 2139.20  3.42
 2139.90  3.42
 2140.60  3.42
 2141.30  3.42
 2142.00  3.42
 2142.70  3.42
 2143.40  3.42
 2144.10  3.42
 2144.80  3.42
 2145.50  3.42
 2146.20  3.42
 2146.90  3.42
 2147.60  3.42
 2148.30  3.42
 2149.00  3.42
 2149.70  3.42
 2150.40  3.42
 2151.10  3.42
 2151.80  3.42
 2152.50  3.42
 2153.20  3.42
 2153.90  3.42
 2154.60  3.42
 2155.30  3.42
 2156.00  3.42
 2156.70  3.42
 2157.40  3.42
 2158.10  3.42
 2158.80  3.42
 2159.50  3.42
 2160.20  3.42
 2160.90  3.42
 2161.60  3.42
 2162.30  3.42
 2163.00  3.42
 2163.70  3.42
 2164.40  3.42
 2165.10  3.42
 2165.80  3.42
 2166.50  3.42
 2167.20  3.42
 2167.90  3.42
 2168.60  3.42
 2169.30  3.42
 2170.00  3.42
 2170.70  3.42
 2171.40  3.42
 2172.10  3.42
 2172.80  3.42
 2173.50  3.42
 2174.20  3.42
 2174.90  3.42
 2175.60  3.42
 2176.30  3.42
 2177.00  3.42
 2177.70  3.42
 2178.40  3.42
 2179.10  3.42
 2179.80  3.42
 2180.50  3.42
 2181.20  3.42
 2181.90  3.42
 2182.60  3.42
 2183.30  3.42
 2184.00  3.42
 2184.70  3.42
 2185.40  3.42
 2186.10  3.42
 2186.80  3.42
 2187.50  3.42
 2188.20  3.42
 2188.90  3.42
 2189.60  3.42
 2190.30  3.42
 2191.00  3.42
 2191.70  3.42
 2192.40  3.42
 2193.10  3.42
 2193.80  3.42
 2194.50  3.42
 2195.20  3.42
 2195.90  3.42
 2196.60  3.42
 2197.30  3.42
 2198.00  3.42
 2198.70  3.42
 2199.40  3.42
 2200.10  3.42
 2200.80  3.42
 2201.50  3.42
 2202.20  3.42
 2202.90  3.42
 2203.60  3.42
 2204.30  3.42
 2205.00  3.42
 2205.70  3.42
 2206.40  3.42
 2207.10  3.42
 2207.80  3.42
 2208.50  3.42
 2209.20  3.42
 2209.90  3.42
 2210.60  3.42
 2211.30  3.42
 2212.00  3.42
 2212.70  3.42
 2213.40  3.42
 2214.10  3.42
 2214.80  3.42
 2215.50  3.42
 2216.20  3.42
 2216.90  3.42
 2217.60  3.42
 2218.30  3.42
 2219.00  3.42
 2219.70  3.42
 2220.40  3.42
 2221.10  3.42
 2221.80  3.42
 2222.50  3.42
 2223.20  3.42
 2223.90  3.42
 2224.60  3.42
 2225.30  3.42
 2226.00  3.42
 2226.70  3.42
 2227.40  3.42
 2228.10  3.42
 2228.80  3.42
 2229.50  3.42
 2230.20  3.42
 2230.90  3.42
 2231.60  3.42
 2232.30  3.42
 2233.00  3.42
 2233.70  3.42
 2234.40  3.42
 2235.10  3.42
 2235.80  3.42
 2236.50  3.42
 2237.20  3.42
 2237.90  3.42
 2238.60  3.42
 2239.30  3.42
 2240.00  3.42
 2240.70  3.42
 2241.40  3.42
 2242.10  3.42
 2242.80  3.42
 2243.50  3.42
 2244.20  3.42
 2244.90  3.42
 2245.60  3.42
 2246.30  3.42
 2247.00  3.42
 2247.70  3.42
 2248.40  3.42
 2249.10  3.42
 2249.80  3.42
 2250.50  3.42
 2251.20  3.42
 2251.90  3.42
 2252.60  3.42
 2253.30  3.42
 2254.00  3.42
 2254.70  3.42
 2255.40  3.42
 2256.10  3.42
 2256.80  3.42
 2257.50  3.42
 2258.20  3.42
 2258.90  3.42
 2259.60  3.42
 2260.30  3.42
 2261.00  3.42
 2261.70  3.42
 2262.40  3.42
 2263.10  3.42
 2263.80  3.42
 2264.50  3.42
 2265.20  3.42
 2265.90  3.42
 2266.60  3.42
 2267.30  3.42
 2268.00  3.42
 2268.70  3.42
 2269.40  3.42
 2270.10  3.42
 2270.80  3.42
 2271.50  3.42
 2272.20  3.42
 2272.90  3.42
 2273.60  3.42
 2274.30  3.42
 2275.00  3.42
 2275.70  3.42
 2276.40  3.42
 2277.10  3.42
 2277.80  3.42
 2278.50  3.42
 2279.20  3.42
 2279.90  3.42
 2280.60  3.42
 2281.30  3.42
 2282.00  3.42
 2282.70  3.42
 2283.40  3.42
 2284.10  3.42
 2284.80  3.42
 2285.50  3.42
 2286.20  3.42
 2286.90  3.42
 2287.60  3.42
 2288.30  3.42
 2289.00  3.42
 2289.70  3.42
 2290.40  3.42
 2291.10  3.42
 2291.80  3.42
 2292.50  3.42
 2293.20  3.42
 2293.90  3.42
 2294.60  3.42
 2295.30  3.42
 2296.00  3.42
 2296.70  3.42
 2297.40  3.42
 2298.10  3.42
 2298.80  3.42
 2299.50  3.42
 2300.20  3.42
 2300.90  3.42
 2301.60  3.42
 2302.30  3.42
 2303.00  3.42
 2303.70  3.42
 2304.40  3.42
 2305.10  3.42
 2305.80  3.42
 2306.50  3.42
 2307.20  3.42
 2307.90  3.42
 2308.60  3.42
 2309.30  3.42
 2310.00  3.42
 2310.70  3.42
 2311.40  3.42
 2312.10  3.42
 2312.80  3.42
 2313.50  3.42
 2314.20  3.42
 2314.90  3.42
 2315.60  3.42
 2316.30  3.42
 2317.00  3.42
 2317.70  3.42
 2318.40  3.42
 2319.10  3.42
 2319.80  3.42
 2320.50  3.42
 2321.20  3.42
 2321.90  3.42
 2322.60  3.42
 2323.30  3.42
 2324.00  3.42
 2324.70  3.42
 2325.40  3.42
 2326.10  3.42
 2326.80  3.42
 2327.50  3.42
 2328.20  3.42
 2328.90  3.42
 2329.60  3.42
 2330.30  3.42
 2331.00  3.42
 2331.70  3.42
 2332.40  3.42
 2333.10  3.42
 2333.80  3.42
 2334.50  3.42
 2335.20  3.42
 2335.90  3.42
 2336.60  3.42
 2337.30  3.42
 2338.00  3.42
 2338.70  3.42
 2339.40  3.42
 2340.10  3.42
 2340.80  3.42
 2341.50  3.42
 2342.20  3.42
 2342.90  3.42
 2343.60  3.42
 2344.30  3.42
 2345.00  3.42
 2345.70  3.42
 2346.40  3.42
 2347.10  3.42
 2347.80  3.42
 2348.50  3.42
 2349.20  3.42
 2349.90  3.42
 2350.60  3.42
 2351.30  3.42
 2352.00  3.42
 2352.70  3.42
 2353.40  3.42
 2354.10  3.42
 2354.80  3.42
 2355.50  3.42
 2356.20  3.42
 2356.90  3.42
 2357.60  3.42
 2358.30  3.42
 2359.00  3.42
 2359.70  3.42
 2360.40  3.42
 2361.10  3.42
 2361.80  3.42
 2362.50  3.42
 2363.20  3.42
 2363.90  3.42
 2364.60  3.42
 2365.30  3.42
 2366.00  3.42
 2366.70  3.42
 2367.40  3.42
 2368.10  3.42
 2368.80  3.42
 2369.50  3.42
 2370.20  3.42
 2370.90  3.42
 2371.60  3.42
 2372.30  3.42
 2373.00  3.42
 2373.70  3.42
 2374.40  3.42
 2375.10  3.42
 2375.80  3.42
 2376.50  3.42
 2377.20  3.42
 2377.90  3.42
 2378.60  3.42
 2379.30  3.42
 2380.00  3.42
 2380.70  3.42
 2381.40  3.42
 2382.10  3.42
 2382.80  3.42
 2383.50  3.42
 2384.20  3.42
 2384.90  3.42
 2385.60  3.42
 2386.30  3.42
 2387.00  3.42
 2387.70  3.42
 2388.40  3.42
 2389.10  3.42
 2389.80  3.42
 2390.50  3.42
 2391.20  3.42
 2391.90  3.42
 2392.60  3.42
 2393.30  3.42
 2394.00  3.42
 2394.70  3.42
 2395.40  3.42
 2396.10  3.42
 2396.80  3.42
 2397.50  3.42
 2398.20  3.42
 2398.90  3.42
 2399.60  3.42
 2400.30  3.42
 2401.00  3.42
 2401.70  3.42
 2402.40  3.42
 2403.10  3.42
 2403.80  3.42
 2404.50  3.42
 2405.20  3.42
 2405.90  3.42
 2406.60  3.42
 2407.30  3.42
 2408.00  3.42
 2408.70  3.42
 2409.40  3.42
 2410.10  3.42
 2410.80  3.42
 2411.50  3.42
 2412.20  3.42
 2412.90  3.42
 2413.60  3.42
 2414.30  3.42
 2415.00  3.42
 2415.70  3.42
 2416.40  3.42
 2417.10  3.42
 2417.80  3.42
 2418.50  3.42
 2419.20  3.42
 2419.90  3.42
 2420.60  3.42
 2421.30  3.42
 2422.00  3.42
 2422.70  3.42
 2423.40  3.42
 2424.10  3.42
 2424.80  3.42
 2425.50  3.42
 2426.20  3.42
 2426.90  3.42
 2427.60  3.42
 2428.30  3.42
 2429.00  3.42
 2429.70  3.42
 2430.40  3.42
 2431.10  3.42
 2431.80  3.42
 2432.50  3.42
 2433.20  3.42
 2433.90  3.42
 2434.60  3.42
 2435.30  3.42
 2436.00  3.42
 2436.70  3.42
 2437.40  3.42
 2438.10  3.42
 2438.80  3.42
 2439.50  3.42
 2440.20  3.42
 2440.90  3.42
 2441.60  3.42
 2442.30  3.42
 2443.00  3.42
 2443.70  3.42
 2444.40  3.42
 2445.10  3.42
 2445.80  3.42
 2446.50  3.42
 2447.20  3.42
 2447.90  3.42
 2448.60  3.42
 2449.30  3.42
 2450.00  3.42
 2450.70  3.42
 2451.40  3.42
 2452.10  3.42
 2452.80  3.42
 2453.50  3.42
 2454.20  3.42
 2454.90  3.42
 2455.60  3.42
 2456.30  3.42
 2457.00  3.42
 2457.70  3.42
 2458.40  3.42
 2459.10  3.42
 2459.80  3.42
 2460.50  3.42
 2461.20  3.42
 2461.90  3.42
 2462.60  3.42
 2463.30  3.42
 2464.00  3.42
 2464.70  3.42
 2465.40  3.42
 2466.10  3.42
 2466.80  3.42
 2467.50  3.42
 2468.20  3.42
 2468.90  3.42
 2469.60  3.42
 2470.30  3.42
 2471.00  3.42
 2471.70  3.42
 2472.40  3.42
 2473.10  3.42
 2473.80  3.42
 2474.50  3.42
 2475.20  3.42
 2475.90  3.42
 2476.60  3.42
 2477.30  3.42
 2478.00  3.42
 2478.70  3.42
 2479.40  3.42
 2480.10  3.42
 2480.80  3.42
 2481.50  3.42
 2482.20  3.42
 2482.90  3.42
 2483.60  3.42
 2484.30  3.42
 2485.00  3.42
 2485.70  3.42
 2486.40  3.42
 2487.10  3.42
 2487.80  3.42
 2488.50  3.42
 2489.20  3.42
 2489.90  3.42
 2490.60  3.42
 2491.30  3.42
 2492.00  3.42
 2492.70  3.42
 2493.40  3.42
 2494.10  3.42
 2494.80  3.42
 2495.50  3.42
 2496.20  3.42
 2496.90  3.42
 2497.60  3.42
 2498.30  3.42
 2499.00  3.42
 2499.70  3.42
 2500.40  3.42
 2501.10  3.42
 2501.80  3.42
 2502.50  3.42
 2503.20  3.42
 2503.90  3.42
 2504.60  3.42
 2505.30  3.42
 2506.00  3.42
 2506.70  3.42
 2507.40  3.42
 2508.10  3.42
 2508.80  3.42
 2509.50  3.42
 2510.20  3.42
 2510.90  3.42
 2511.60  3.42
 2512.30  3.42
 2513.00  3.42
 2513.70  3.42
 2514.40  3.42
 2515.10  3.42
 2515.80  3.42
 2516.50  3.42
 2517.20  3.42
 2517.90  3.42
 2518.60  3.42
 2519.30  3.42
 2520.00  3.42
 2520.70  3.42
 2521.40  3.42
 2522.10  3.42
 2522.80  3.42
 2523.50  3.42
 2524.20  3.42
 2524.90  3.42
 2525.60  3.42
 2526.30  3.42
 2527.00  3.42
 2527.70  3.42
 2528.40  3.42
 2529.10  3.42
 2529.80  3.42
 2530.50  3.42
 2531.20  3.42
 2531.90  3.42
 2532.60  3.42
 2533.30  3.42
 2534.00  3.42
 2534.70  3.42
 2535.40  3.42
 2536.10  3.42
 2536.80  3.42
 2537.50  3.42
 2538.20  3.42
 2538.90  3.42
 2539.60  3.42
 2540.30  3.42
 2541.00  3.42
 2541.70  3.42
 2542.40  3.42
 2543.10  3.42
 2543.80  3.42
 2544.50  3.42
 2545.20  3.42
 2545.90  3.42
 2546.60  3.42
 2547.30  3.42
 2548.00  3.42
 2548.70  3.42
 2549.40  3.42
 2550.10  3.42
 2550.80  3.42
 2551.50  3.42
 2552.20  3.42
 2552.90  3.42
 2553.60  3.42
 2554.30  3.42
 2555.00  3.42
 2555.70  3.42
 2556.40  3.42
 2557.10  3.42
 2557.80  3.42
 2558.50  3.42
 2559.20  3.42
 2559.90  3.42
 2560.60  3.42
 2561.30  3.42
 2562.00  3.42
 2562.70  3.42
 2563.40  3.42
 2564.10  3.42
 2564.80  3.42
 2565.50  3.42
 2566.20  3.42
 2566.90  3.42
 2567.60  3.42
 2568.30  3.42
 2569.00  3.42
 2569.70  3.42
 2570.40  3.42
 2571.10  3.42
 2571.80  3.42
 2572.50  3.42
 2573.20  3.42
 2573.90  3.42
 2574.60  3.42
 2575.30  3.42
 2576.00  3.42
 2576.70  3.42
 2577.40  3.42
 2578.10  3.42
 2578.80  3.42
 2579.50  3.42
 2580.20  3.42
 2580.90  3.42
 2581.60  3.42
 2582.30  3.42
 2583.00  3.42
 2583.70  3.42
 2584.40  3.42
 2585.10  3.42
 2585.80  3.42
 2586.50  3.42
 2587.20  3.42
 2587.90  3.42
 2588.60  3.42
 2589.30  3.42
 2590.00  3.42
 2590.70  3.42
 2591.40  3.42
 2592.10  3.42
 2592.80  3.42
 2593.50  3.42
 2594.20  3.42
 2594.90  3.42
 2595.60  3.42
 2596.30  3.42
 2597.00  3.42
 2597.70  3.42
 2598.40  3.42
 2599.10  3.42
 2599.80  3.42
 2600.50  3.42
 2601.20  3.42
 2601.90  3.42
 2602.60  3.42
 2603.30  3.42
 2604.00  3.42
 2604.70  3.42
 2605.40  3.42
 2606.10  3.42
 2606.80  3.42
 2607.50  3.42
 2608.20  3.42
 2608.90  3.42
 2609.60  3.42
 2610.30  3.42
 2611.00  3.42
 2611.70  3.42
 2612.40  3.42
 2613.10  3.42
 2613.80  3.42
 2614.50  3.42
 2615.20  3.42
 2615.90  3.42
 2616.60  3.42
 2617.30  3.42
 2618.00  3.42
 2618.70  3.42
 2619.40  3.42
 2620.10  3.42
 2620.80  3.42
 2621.50  3.42
 2622.20  3.42
 2622.90  3.42
 2623.60  3.42
 2624.30  3.42
 2625.00  3.42
 2625.70  3.42
 2626.40  3.42
 2627.10  3.42
 2627.80  3.42
 2628.50  3.42
 2629.20  3.42
 2629.90  3.42
 2630.60  3.42
 2631.30  3.42
 2632.00  3.42
 2632.70  3.42
 2633.40  3.42
 2634.10  3.42
 2634.80  3.42
 2635.50  3.42
 2636.20  3.42
 2636.90  3.42
 2637.60  3.42
 2638.30  3.42
 2639.00  3.42
 2639.70  3.42
 2640.40  3.42
 2641.10  3.42
 2641.80  3.42
 2642.50  3.42
 2643.20  3.42
 2643.90  3.42
 2644.60  3.42
 2645.30  3.42
 2646.00  3.42
 2646.70  3.42
 2647.40  3.42
 2648.10  3.42
 2648.80  3.42
 2649.50  3.42
 2650.20  3.42
 2650.90  3.42
 2651.60  3.42
 2652.30  3.42
 2653.00  3.42
 2653.70  3.42
 2654.40  3.42
 2655.10  3.42
 2655.80  3.42
 2656.50  3.42
 2657.20  3.42
 2657.90  3.42
 2658.60  3.42
 2659.30  3.42
 2660.00  3.42
 2660.70  3.42
 2661.40  3.42
 2662.10  3.42
 2662.80  3.42
 2663.50  3.42
 2664.20  3.42
 2664.90  3.42
 2665.60  3.42
 2666.30  3.42
 2667.00  3.42
 2667.70  3.42
 2668.40  3.42
 2669.10  3.42
 2669.80  3.42
 2670.50  3.42
 2671.20  3.42
 2671.90  3.42
 2672.60  3.42
 2673.30  3.42
 2674.00  3.42
 2674.70  3.42
 2675.40  3.42
 2676.10  3.42
 2676.80  3.42
 2677.50  3.42
 2678.20  3.42
 2678.90  3.42
 2679.60  3.42
 2680.30  3.42
 2681.00  3.42
 2681.70  3.42
 2682.40  3.42
 2683.10  3.42
 2683.80  3.42
 2684.50  3.42
 2685.20  3.42
 2685.90  3.42
 2686.60  3.42
 2687.30  3.42
 2688.00  3.42
 2688.70  3.42
 2689.40  3.42
 2690.10  3.42
 2690.80  3.42
 2691.50  3.42
 2692.20  3.42
 2692.90  3.42
 2693.60  3.42
 2694.30  3.42
 2695.00  3.42
 2695.70  3.42
 2696.40  3.42
 2697.10  3.42
 2697.80  3.42
 2698.50  3.42
 2699.20  3.42
 2699.90  3.42
 2700.60  3.42
 2701.30  3.42
 2702.00  3.42
 2702.70  3.42
 2703.40  3.42
 2704.10  3.42
 2704.80  3.42
 2705.50  3.42
 2706.20  3.42
 2706.90  3.42
 2707.60  3.42
 2708.30  3.42
 2709.00  3.42
 2709.70  3.42
 2710.40  3.42
 2711.10  3.42
 2711.80  3.42
 2712.50  3.42
 2713.20  3.42
 2713.90  3.42
 2714.60  3.42
 2715.30  3.42
 2716.00  3.42
 2716.70  3.42
 2717.40  3.42
 2718.10  3.42
 2718.80  3.42
 2719.50  3.42
 2720.20  3.42
 2720.90  3.42
 2721.60  3.42
 2722.30  3.42
 2723.00  3.42
 2723.70  3.42
 2724.40  3.42
 2725.10  3.42
 2725.80  3.42
 2726.50  3.42
 2727.20  3.42
 2727.90  3.42
 2728.60  3.42
 2729.30  3.42
 2730.00  3.42
 2730.70  3.42
 2731.40  3.42
 2732.10  3.42
 2732.80  3.42
 2733.50  3.42
 2734.20  3.42
 2734.90  3.42
 2735.60  3.42
 2736.30  3.42
 2737.00  3.42
 2737.70  3.42
 2738.40  3.42
 2739.10  3.42
 2739.80  3.42
 2740.50  3.42
 2741.20  3.42
 2741.90  3.42
 2742.60  3.42
 2743.30  3.42
 2744.00  3.42
 2744.70  3.42
 2745.40  3.42
 2746.10  3.42
 2746.80  3.42
 2747.50  3.42
 2748.20  3.42
 2748.90  3.42
 2749.60  3.42
 2750.30  3.42
 2751.00  3.42
 2751.70  3.42
 2752.40  3.42
 2753.10  3.42
 2753.80  3.42
 2754.50  3.42
 2755.20  3.42
 2755.90  3.42
 2756.60  3.42
 2757.30  3.42
 2758.00  3.42
 2758.70  3.42
 2759.40  3.42
 2760.10  3.42
 2760.80  3.42
 2761.50  3.42
 2762.20  3.42
 2762.90  3.42
 2763.60  3.42
 2764.30  3.42
 2765.00  3.42
 2765.70  3.42
 2766.40  3.42
 2767.10  3.42
 2767.80  3.42
 2768.50  3.42
 2769.20  3.42
 2769.90  3.42
 2770.60  3.42
 2771.30  3.42
 2772.00  3.42
 2772.70  3.42
 2773.40  3.42
 2774.10  3.42
 2774.80  3.42
 2775.50  3.42
 2776.20  3.42
 2776.90  3.42
 2777.60  3.42
 2778.30  3.42
 2779.00  3.42
 2779.70  3.42
 2780.40  3.42
 2781.10  3.42
 2781.80  3.42
 2782.50  3.42
 2783.20  3.42
 2783.90  3.42
 2784.60  3.42
 2785.30  3.42
 2786.00  3.42
 2786.70  3.42
 2787.40  3.42
 2788.10  3.42
 2788.80  3.42
 2789.50  3.42
 2790.20  3.42
 2790.90  3.42
 2791.60  3.42
 2792.30  3.42
 2793.00  3.42
 2793.70  3.42
 2794.40  3.42
 2795.10  3.42
 2795.80  3.42
 2796.50  3.42
 2797.20  3.42
 2797.90  3.42
 2798.60  3.42
 2799.30  3.42
 2800.00  3.42
 2800.70  3.42
 2801.40  3.42
 2802.10  3.42
 2802.80  3.42
 2803.50  3.42
 2804.20  3.42
 2804.90  3.42
 2805.60  3.42
 2806.30  3.42
 2807.00  3.42
 2807.70  3.42
 2808.40  3.42
 2809.10  3.42
 2809.80  3.42
 2810.50  3.42
 2811.20  3.42
 2811.90  3.42
 2812.60  3.42
 2813.30  3.42
 2814.00  3.42
 2814.70  3.42
 2815.40  3.42
 2816.10  3.42
 2816.80  3.42
 2817.50  3.42
 2818.20  3.42
 2818.90  3.42
 2819.60  3.42
 2820.30  3.42
 2821.00  3.42
 2821.70  3.42
 2822.40  3.42
 2823.10  3.42
 2823.80  3.42
 2824.50  3.42
 2825.20  3.42
 2825.90  3.42
 2826.60  3.42
 2827.30  3.42
 2828.00  3.42
 2828.70  3.42
 2829.40  3.42
 2830.10  3.42
 2830.80  3.42
 2831.50  3.42
 2832.20  3.42
 2832.90  3.42
 2833.60  3.42
 2834.30  3.42
 2835.00  3.42
 2835.70  3.42
 2836.40  3.42
 2837.10  3.42
 2837.80  3.42
 2838.50  3.42
 2839.20  3.42
 2839.90  3.42
 2840.60  3.42
 2841.30  3.42
 2842.00  3.42
 2842.70  3.42
 2843.40  3.42
 2844.10  3.42
 2844.80  3.42
 2845.50  3.42
 2846.20  3.42
 2846.90  3.42
 2847.60  3.42
 2848.30  3.42
 2849.00  3.42
 2849.70  3.42
 2850.40  3.42
 2851.10  3.42
 2851.80  3.42
 2852.50  3.42
 2853.20  3.42
 2853.90  3.42
 2854.60  3.42
 2855.30  3.42
 2856.00  3.42
 2856.70  3.42
 2857.40  3.42
 2858.10  3.42
 2858.80  3.42
 2859.50  3.42
 2860.20  3.42
 2860.90  3.42
 2861.60  3.42
 2862.30  3.42
 2863.00  3.42
 2863.70  3.42
 2864.40  3.42
 2865.10  3.42
 2865.80  3.42
 2866.50  3.42
 2867.20  3.42
 2867.90  3.42
 2868.60  3.42
 2869.30  3.42
 2870.00  3.42
 2870.70  3.42
 2871.40  3.42
 2872.10  3.42
 2872.80  3.42
 2873.50  3.42
 2874.20  3.42
 2874.90  3.42
 2875.60  3.42
 2876.30  3.42
 2877.00  3.42
 2877.70  3.42
 2878.40  3.42
 2879.10  3.42
 2879.80  3.42
 2880.50  3.42
 2881.20  3.42
 2881.90  3.42
 2882.60  3.42
 2883.30  3.42
 2884.00  3.42
 2884.70  3.42
 2885.40  3.42
 2886.10  3.42
 2886.80  3.42
 2887.50  3.42
 2888.20  3.42
 2888.90  3.42
 2889.60  3.42
 2890.30  3.42
 2891.00  3.42
 2891.70  3.42
 2892.40  3.42
 2893.10  3.42
 2893.80  3.42
 2894.50  3.42
 2895.20  3.42
 2895.90  3.42
 2896.60  3.42
 2897.30  3.42
 2898.00  3.42
 2898.70  3.42
 2899.40  3.42
 2900.10  3.42
 2900.80  3.42
 2901.50  3.42
 2902.20  3.42
 2902.90  3.42
 2903.60  3.42
 2904.30  3.42
 2905.00  3.42
 2905.70  3.42
 2906.40  3.42
 2907.10  3.42
 2907.80  3.42
 2908.50  3.42
 2909.20  3.42
 2909.90  3.42
 2910.60  3.42
 2911.30  3.42
 2912.00  3.42
 2912.70  3.42
 2913.40  3.42
 2914.10  3.42
 2914.80  3.42
 2915.50  3.42
 2916.20  3.42
 2916.90  3.42
 2917.60  3.42
 2918.30  3.42
 2919.00  3.42
 2919.70  3.42
 2920.40  3.42
 2921.10  3.42
 2921.80  3.42
 2922.50  3.42
 2923.20  3.42
 2923.90  3.42
 2924.60  3.42
 2925.30  3.42
 2926.00  3.42
 2926.70  3.42
 2927.40  3.42
 2928.10  3.42
 2928.80  3.42
 2929.50  3.42
 2930.20  3.42
 2930.90  3.42
 2931.60  3.42
 2932.30  3.42
 2933.00  3.42
 2933.70  3.42
 2934.40  3.42
 2935.10  3.42
 2935.80  3.42
 2936.50  3.42
 2937.20  3.42
 2937.90  3.42
 2938.60  3.42
 2939.30  3.42
 2940.00  3.42
 2940.70  3.42
 2941.40  3.42
 2942.10  3.42
 2942.80  3.42
 2943.50  3.42
 2944.20  3.42
 2944.90  3.42
 2945.60  3.42
 2946.30  3.42
 2947.00  3.42
 2947.70  3.42
 2948.40  3.42
 2949.10  3.42
 2949.80  3.42
 2950.50  3.42
 2951.20  3.42
 2951.90  3.42
 2952.60  3.42
 2953.30  3.42
 2954.00  3.42
 2954.70  3.42
 2955.40  3.42
 2956.10  3.42
 2956.80  3.42
 2957.50  3.42
 2958.20  3.42
 2958.90  3.42
 2959.60  3.42
 2960.30  3.42
 2961.00  3.42
 2961.70  3.42
 2962.40  3.42
 2963.10  3.42
 2963.80  3.42
 2964.50  3.42
 2965.20  3.42
 2965.90  3.42
 2966.60  3.42
 2967.30  3.42
 2968.00  3.42
 2968.70  3.42
 2969.40  3.42
 2970.10  3.42
 2970.80  3.42
 2971.50  3.42
 2972.20  3.42
 2972.90  3.42
 2973.60  3.42
 2974.30  3.42
 2975.00  3.42
 2975.70  3.42
 2976.40  3.42
 2977.10  3.42
 2977.80  3.42
 2978.50  3.42
 2979.20  3.42
 2979.90  3.42
 2980.60  3.42
 2981.30  3.42
 2982.00  3.42
 2982.70  3.42
 2983.40  3.42
 2984.10  3.42
 2984.80  3.42
 2985.50  3.42
 2986.20  3.42
 2986.90  3.42
 2987.60  3.42
 2988.30  3.42
 2989.00  3.42
 2989.70  3.42
 2990.40  3.42
 2991.10  3.42
 2991.80  3.42
 2992.50  3.42
 2993.20  3.42
 2993.90  3.42
 2994.60  3.42
 2995.30  3.42
 2996.00  3.42
 2996.70  3.42
 2997.40  3.42
 2998.10  3.42
 2998.80  3.42
 2999.50  3.42
