#Navio B MarAd
#Manobra de Curva Giro
#
#Eta 
#
#temp      rot 
 0.00  1.00
 0.70  1.00
 1.40  1.00
 2.10  1.00
 2.80  1.00
 3.50  1.00
 4.20  1.00
 4.90  1.00
 5.60  1.00
 6.30  1.00
 7.00  1.00
 7.70  1.00
 8.40  1.00
 9.10  1.00
 9.80  1.01
 10.50  1.01
 11.20  1.01
 11.90  1.01
 12.60  1.01
 13.30  1.01
 14.00  1.01
 14.70  1.01
 15.40  1.01
 16.10  1.01
 16.80  1.01
 17.50  1.01
 18.20  1.01
 18.90  1.01
 19.60  1.01
 20.30  1.01
 21.00  1.01
 21.70  1.01
 22.40  1.01
 23.10  1.01
 23.80  1.01
 24.50  1.02
 25.20  1.02
 25.90  1.02
 26.60  1.02
 27.30  1.02
 28.00  1.02
 28.70  1.02
 29.40  1.02
 30.10  1.02
 30.80  1.02
 31.50  1.02
 32.20  1.02
 32.90  1.02
 33.60  1.02
 34.30  1.02
 35.00  1.02
 35.70  1.02
 36.40  1.02
 37.10  1.03
 37.80  1.03
 38.50  1.03
 39.20  1.03
 39.90  1.03
 40.60  1.03
 41.30  1.03
 42.00  1.03
 42.70  1.03
 43.40  1.03
 44.10  1.03
 44.80  1.03
 45.50  1.03
 46.20  1.03
 46.90  1.03
 47.60  1.03
 48.30  1.04
 49.00  1.04
 49.70  1.04
 50.40  1.04
 51.10  1.04
 51.80  1.04
 52.50  1.04
 53.20  1.04
 53.90  1.04
 54.60  1.04
 55.30  1.04
 56.00  1.04
 56.70  1.04
 57.40  1.05
 58.10  1.05
 58.80  1.05
 59.50  1.05
 60.20  1.05
 60.90  1.05
 61.60  1.05
 62.30  1.05
 63.00  1.05
 63.70  1.05
 64.40  1.05
 65.10  1.06
 65.80  1.06
 66.50  1.06
 67.20  1.06
 67.90  1.06
 68.60  1.06
 69.30  1.06
 70.00  1.06
 70.70  1.06
 71.40  1.06
 72.10  1.06
 72.80  1.07
 73.50  1.07
 74.20  1.07
 74.90  1.07
 75.60  1.07
 76.30  1.07
 77.00  1.07
 77.70  1.07
 78.40  1.07
 79.10  1.08
 79.80  1.08
 80.50  1.08
 81.20  1.08
 81.90  1.08
 82.60  1.08
 83.30  1.08
 84.00  1.08
 84.70  1.09
 85.40  1.09
 86.10  1.09
 86.80  1.09
 87.50  1.09
 88.20  1.09
 88.90  1.09
 89.60  1.09
 90.30  1.10
 91.00  1.10
 91.70  1.10
 92.40  1.10
 93.10  1.10
 93.80  1.10
 94.50  1.10
 95.20  1.11
 95.90  1.11
 96.60  1.11
 97.30  1.11
 98.00  1.11
 98.70  1.11
 99.40  1.11
 100.10  1.12
 100.80  1.12
 101.50  1.12
 102.20  1.12
 102.90  1.12
 103.60  1.12
 104.30  1.13
 105.00  1.13
 105.70  1.13
 106.40  1.13
 107.10  1.13
 107.80  1.13
 108.50  1.14
 109.20  1.14
 109.90  1.14
 110.60  1.14
 111.30  1.14
 112.00  1.14
 112.70  1.15
 113.40  1.15
 114.10  1.15
 114.80  1.15
 115.50  1.15
 116.20  1.15
 116.90  1.16
 117.60  1.16
 118.30  1.16
 119.00  1.16
 119.70  1.16
 120.40  1.17
 121.10  1.17
 121.80  1.17
 122.50  1.17
 123.20  1.17
 123.90  1.18
 124.60  1.18
 125.30  1.18
 126.00  1.18
 126.70  1.18
 127.40  1.19
 128.10  1.19
 128.80  1.19
 129.50  1.19
 130.20  1.19
 130.90  1.20
 131.60  1.20
 132.30  1.20
 133.00  1.20
 133.70  1.20
 134.40  1.21
 135.10  1.21
 135.80  1.21
 136.50  1.21
 137.20  1.21
 137.90  1.22
 138.60  1.22
 139.30  1.22
 140.00  1.22
 140.70  1.23
 141.40  1.23
 142.10  1.23
 142.80  1.23
 143.50  1.23
 144.20  1.24
 144.90  1.24
 145.60  1.24
 146.30  1.24
 147.00  1.25
 147.70  1.25
 148.40  1.25
 149.10  1.25
 149.80  1.26
 150.50  1.26
 151.20  1.26
 151.90  1.26
 152.60  1.27
 153.30  1.27
 154.00  1.27
 154.70  1.27
 155.40  1.28
 156.10  1.28
 156.80  1.28
 157.50  1.28
 158.20  1.28
 158.90  1.29
 159.60  1.29
 160.30  1.29
 161.00  1.30
 161.70  1.30
 162.40  1.30
 163.10  1.30
 163.80  1.31
 164.50  1.31
 165.20  1.31
 165.90  1.31
 166.60  1.32
 167.30  1.32
 168.00  1.32
 168.70  1.32
 169.40  1.33
 170.10  1.33
 170.80  1.33
 171.50  1.33
 172.20  1.34
 172.90  1.34
 173.60  1.34
 174.30  1.34
 175.00  1.35
 175.70  1.35
 176.40  1.35
 177.10  1.36
 177.80  1.36
 178.50  1.36
 179.20  1.36
 179.90  1.37
 180.60  1.37
 181.30  1.37
 182.00  1.38
 182.70  1.38
 183.40  1.38
 184.10  1.38
 184.80  1.39
 185.50  1.39
 186.20  1.39
 186.90  1.39
 187.60  1.40
 188.30  1.40
 189.00  1.40
 189.70  1.41
 190.40  1.41
 191.10  1.41
 191.80  1.41
 192.50  1.42
 193.20  1.42
 193.90  1.42
 194.60  1.43
 195.30  1.43
 196.00  1.43
 196.70  1.44
 197.40  1.44
 198.10  1.44
 198.80  1.44
 199.50  1.45
 200.20  1.45
 200.90  1.45
 201.60  1.46
 202.30  1.46
 203.00  1.46
 203.70  1.46
 204.40  1.47
 205.10  1.47
 205.80  1.47
 206.50  1.48
 207.20  1.48
 207.90  1.48
 208.60  1.49
 209.30  1.49
 210.00  1.49
 210.70  1.50
 211.40  1.50
 212.10  1.50
 212.80  1.50
 213.50  1.51
 214.20  1.51
 214.90  1.51
 215.60  1.52
 216.30  1.52
 217.00  1.52
 217.70  1.53
 218.40  1.53
 219.10  1.53
 219.80  1.53
 220.50  1.54
 221.20  1.54
 221.90  1.54
 222.60  1.55
 223.30  1.55
 224.00  1.55
 224.70  1.56
 225.40  1.56
 226.10  1.56
 226.80  1.57
 227.50  1.57
 228.20  1.57
 228.90  1.58
 229.60  1.58
 230.30  1.58
 231.00  1.59
 231.70  1.59
 232.40  1.59
 233.10  1.59
 233.80  1.60
 234.50  1.60
 235.20  1.60
 235.90  1.61
 236.60  1.61
 237.30  1.61
 238.00  1.62
 238.70  1.62
 239.40  1.62
 240.10  1.63
 240.80  1.63
 241.50  1.63
 242.20  1.64
 242.90  1.64
 243.60  1.64
 244.30  1.65
 245.00  1.65
 245.70  1.65
 246.40  1.66
 247.10  1.66
 247.80  1.66
 248.50  1.66
 249.20  1.67
 249.90  1.67
 250.60  1.67
 251.30  1.68
 252.00  1.68
 252.70  1.68
 253.40  1.69
 254.10  1.69
 254.80  1.69
 255.50  1.70
 256.20  1.70
 256.90  1.70
 257.60  1.71
 258.30  1.71
 259.00  1.71
 259.70  1.72
 260.40  1.72
 261.10  1.72
 261.80  1.73
 262.50  1.73
 263.20  1.73
 263.90  1.74
 264.60  1.74
 265.30  1.74
 266.00  1.75
 266.70  1.75
 267.40  1.75
 268.10  1.76
 268.80  1.76
 269.50  1.76
 270.20  1.76
 270.90  1.77
 271.60  1.77
 272.30  1.77
 273.00  1.78
 273.70  1.78
 274.40  1.78
 275.10  1.79
 275.80  1.79
 276.50  1.79
 277.20  1.80
 277.90  1.80
 278.60  1.80
 279.30  1.81
 280.00  1.81
 280.70  1.81
 281.40  1.82
 282.10  1.82
 282.80  1.82
 283.50  1.83
 284.20  1.83
 284.90  1.83
 285.60  1.84
 286.30  1.84
 287.00  1.84
 287.70  1.85
 288.40  1.85
 289.10  1.85
 289.80  1.86
 290.50  1.86
 291.20  1.86
 291.90  1.87
 292.60  1.87
 293.30  1.87
 294.00  1.88
 294.70  1.88
 295.40  1.88
 296.10  1.88
 296.80  1.89
 297.50  1.89
 298.20  1.89
 298.90  1.90
 299.60  1.90
 300.30  1.90
 301.00  1.91
 301.70  1.91
 302.40  1.91
 303.10  1.92
 303.80  1.92
 304.50  1.92
 305.20  1.93
 305.90  1.93
 306.60  1.93
 307.30  1.94
 308.00  1.94
 308.70  1.94
 309.40  1.95
 310.10  1.95
 310.80  1.95
 311.50  1.96
 312.20  1.96
 312.90  1.96
 313.60  1.97
 314.30  1.97
 315.00  1.97
 315.70  1.97
 316.40  1.98
 317.10  1.98
 317.80  1.98
 318.50  1.99
 319.20  1.99
 319.90  1.99
 320.60  2.00
 321.30  2.00
 322.00  2.00
 322.70  2.01
 323.40  2.01
 324.10  2.01
 324.80  2.02
 325.50  2.02
 326.20  2.02
 326.90  2.03
 327.60  2.03
 328.30  2.03
 329.00  2.04
 329.70  2.04
 330.40  2.04
 331.10  2.04
 331.80  2.05
 332.50  2.05
 333.20  2.05
 333.90  2.06
 334.60  2.06
 335.30  2.06
 336.00  2.07
 336.70  2.07
 337.40  2.07
 338.10  2.08
 338.80  2.08
 339.50  2.08
 340.20  2.09
 340.90  2.09
 341.60  2.09
 342.30  2.09
 343.00  2.10
 343.70  2.10
 344.40  2.10
 345.10  2.11
 345.80  2.11
 346.50  2.11
 347.20  2.12
 347.90  2.12
 348.60  2.12
 349.30  2.13
 350.00  2.13
 350.70  2.13
 351.40  2.13
 352.10  2.14
 352.80  2.14
 353.50  2.14
 354.20  2.15
 354.90  2.15
 355.60  2.15
 356.30  2.16
 357.00  2.16
 357.70  2.16
 358.40  2.17
 359.10  2.17
 359.80  2.17
 360.50  2.17
 361.20  2.18
 361.90  2.18
 362.60  2.18
 363.30  2.19
 364.00  2.19
 364.70  2.19
 365.40  2.20
 366.10  2.20
 366.80  2.20
 367.50  2.20
 368.20  2.21
 368.90  2.21
 369.60  2.21
 370.30  2.22
 371.00  2.22
 371.70  2.22
 372.40  2.23
 373.10  2.23
 373.80  2.23
 374.50  2.23
 375.20  2.24
 375.90  2.24
 376.60  2.24
 377.30  2.25
 378.00  2.25
 378.70  2.25
 379.40  2.25
 380.10  2.26
 380.80  2.26
 381.50  2.26
 382.20  2.27
 382.90  2.27
 383.60  2.27
 384.30  2.28
 385.00  2.28
 385.70  2.28
 386.40  2.28
 387.10  2.29
 387.80  2.29
 388.50  2.29
 389.20  2.30
 389.90  2.30
 390.60  2.30
 391.30  2.30
 392.00  2.31
 392.70  2.31
 393.40  2.31
 394.10  2.32
 394.80  2.32
 395.50  2.32
 396.20  2.32
 396.90  2.33
 397.60  2.33
 398.30  2.33
 399.00  2.33
 399.70  2.34
 400.40  2.34
 401.10  2.34
 401.80  2.35
 402.50  2.35
 403.20  2.35
 403.90  2.35
 404.60  2.36
 405.30  2.36
 406.00  2.36
 406.70  2.37
 407.40  2.37
 408.10  2.37
 408.80  2.37
 409.50  2.38
 410.20  2.38
 410.90  2.38
 411.60  2.38
 412.30  2.39
 413.00  2.39
 413.70  2.39
 414.40  2.40
 415.10  2.40
 415.80  2.40
 416.50  2.40
 417.20  2.41
 417.90  2.41
 418.60  2.41
 419.30  2.41
 420.00  2.42
 420.70  2.42
 421.40  2.42
 422.10  2.42
 422.80  2.43
 423.50  2.43
 424.20  2.43
 424.90  2.44
 425.60  2.44
 426.30  2.44
 427.00  2.44
 427.70  2.45
 428.40  2.45
 429.10  2.45
 429.80  2.45
 430.50  2.46
 431.20  2.46
 431.90  2.46
 432.60  2.46
 433.30  2.47
 434.00  2.47
 434.70  2.47
 435.40  2.47
 436.10  2.48
 436.80  2.48
 437.50  2.48
 438.20  2.48
 438.90  2.49
 439.60  2.49
 440.30  2.49
 441.00  2.49
 441.70  2.50
 442.40  2.50
 443.10  2.50
 443.80  2.50
 444.50  2.51
 445.20  2.51
 445.90  2.51
 446.60  2.51
 447.30  2.52
 448.00  2.52
 448.70  2.52
 449.40  2.52
 450.10  2.53
 450.80  2.53
 451.50  2.53
 452.20  2.53
 452.90  2.54
 453.60  2.54
 454.30  2.54
 455.00  2.54
 455.70  2.55
 456.40  2.55
 457.10  2.55
 457.80  2.55
 458.50  2.56
 459.20  2.56
 459.90  2.56
 460.60  2.56
 461.30  2.57
 462.00  2.57
 462.70  2.57
 463.40  2.57
 464.10  2.57
 464.80  2.58
 465.50  2.58
 466.20  2.58
 466.90  2.58
 467.60  2.59
 468.30  2.59
 469.00  2.59
 469.70  2.59
 470.40  2.60
 471.10  2.60
 471.80  2.60
 472.50  2.60
 473.20  2.61
 473.90  2.61
 474.60  2.61
 475.30  2.61
 476.00  2.61
 476.70  2.62
 477.40  2.62
 478.10  2.62
 478.80  2.62
 479.50  2.63
 480.20  2.63
 480.90  2.63
 481.60  2.63
 482.30  2.63
 483.00  2.64
 483.70  2.64
 484.40  2.64
 485.10  2.64
 485.80  2.65
 486.50  2.65
 487.20  2.65
 487.90  2.65
 488.60  2.65
 489.30  2.66
 490.00  2.66
 490.70  2.66
 491.40  2.66
 492.10  2.67
 492.80  2.67
 493.50  2.67
 494.20  2.67
 494.90  2.67
 495.60  2.68
 496.30  2.68
 497.00  2.68
 497.70  2.68
 498.40  2.68
 499.10  2.69
 499.80  2.69
 500.50  2.69
 501.20  2.69
 501.90  2.70
 502.60  2.70
 503.30  2.70
 504.00  2.70
 504.70  2.70
 505.40  2.71
 506.10  2.71
 506.80  2.71
 507.50  2.71
 508.20  2.71
 508.90  2.72
 509.60  2.72
 510.30  2.72
 511.00  2.72
 511.70  2.72
 512.40  2.73
 513.10  2.73
 513.80  2.73
 514.50  2.73
 515.20  2.73
 515.90  2.74
 516.60  2.74
 517.30  2.74
 518.00  2.74
 518.70  2.74
 519.40  2.75
 520.10  2.75
 520.80  2.75
 521.50  2.75
 522.20  2.75
 522.90  2.76
 523.60  2.76
 524.30  2.76
 525.00  2.76
 525.70  2.76
 526.40  2.77
 527.10  2.77
 527.80  2.77
 528.50  2.77
 529.20  2.77
 529.90  2.78
 530.60  2.78
 531.30  2.78
 532.00  2.78
 532.70  2.78
 533.40  2.79
 534.10  2.79
 534.80  2.79
 535.50  2.79
 536.20  2.79
 536.90  2.79
 537.60  2.80
 538.30  2.80
 539.00  2.80
 539.70  2.80
 540.40  2.80
 541.10  2.81
 541.80  2.81
 542.50  2.81
 543.20  2.81
 543.90  2.81
 544.60  2.82
 545.30  2.82
 546.00  2.82
 546.70  2.82
 547.40  2.82
 548.10  2.82
 548.80  2.83
 549.50  2.83
 550.20  2.83
 550.90  2.83
 551.60  2.83
 552.30  2.84
 553.00  2.84
 553.70  2.84
 554.40  2.84
 555.10  2.84
 555.80  2.84
 556.50  2.85
 557.20  2.85
 557.90  2.85
 558.60  2.85
 559.30  2.85
 560.00  2.85
 560.70  2.86
 561.40  2.86
 562.10  2.86
 562.80  2.86
 563.50  2.86
 564.20  2.86
 564.90  2.87
 565.60  2.87
 566.30  2.87
 567.00  2.87
 567.70  2.87
 568.40  2.88
 569.10  2.88
 569.80  2.88
 570.50  2.88
 571.20  2.88
 571.90  2.88
 572.60  2.89
 573.30  2.89
 574.00  2.89
 574.70  2.89
 575.40  2.89
 576.10  2.89
 576.80  2.90
 577.50  2.90
 578.20  2.90
 578.90  2.90
 579.60  2.90
 580.30  2.90
 581.00  2.90
 581.70  2.91
 582.40  2.91
 583.10  2.91
 583.80  2.91
 584.50  2.91
 585.20  2.91
 585.90  2.92
 586.60  2.92
 587.30  2.92
 588.00  2.92
 588.70  2.92
 589.40  2.92
 590.10  2.93
 590.80  2.93
 591.50  2.93
 592.20  2.93
 592.90  2.93
 593.60  2.93
 594.30  2.93
 595.00  2.94
 595.70  2.94
 596.40  2.94
 597.10  2.94
 597.80  2.94
 598.50  2.94
 599.20  2.95
 599.90  2.95
 600.60  2.95
 601.30  2.95
 602.00  2.95
 602.70  2.95
 603.40  2.95
 604.10  2.96
 604.80  2.96
 605.50  2.96
 606.20  2.96
 606.90  2.96
 607.60  2.96
 608.30  2.96
 609.00  2.97
 609.70  2.97
 610.40  2.97
 611.10  2.97
 611.80  2.97
 612.50  2.97
 613.20  2.97
 613.90  2.98
 614.60  2.98
 615.30  2.98
 616.00  2.98
 616.70  2.98
 617.40  2.98
 618.10  2.98
 618.80  2.99
 619.50  2.99
 620.20  2.99
 620.90  2.99
 621.60  2.99
 622.30  2.99
 623.00  2.99
 623.70  3.00
 624.40  3.00
 625.10  3.00
 625.80  3.00
 626.50  3.00
 627.20  3.00
 627.90  3.00
 628.60  3.01
 629.30  3.01
 630.00  3.01
 630.70  3.01
 631.40  3.01
 632.10  3.01
 632.80  3.01
 633.50  3.01
 634.20  3.02
 634.90  3.02
 635.60  3.02
 636.30  3.02
 637.00  3.02
 637.70  3.02
 638.40  3.02
 639.10  3.03
 639.80  3.03
 640.50  3.03
 641.20  3.03
 641.90  3.03
 642.60  3.03
 643.30  3.03
 644.00  3.03
 644.70  3.04
 645.40  3.04
 646.10  3.04
 646.80  3.04
 647.50  3.04
 648.20  3.04
 648.90  3.04
 649.60  3.04
 650.30  3.05
 651.00  3.05
 651.70  3.05
 652.40  3.05
 653.10  3.05
 653.80  3.05
 654.50  3.05
 655.20  3.05
 655.90  3.06
 656.60  3.06
 657.30  3.06
 658.00  3.06
 658.70  3.06
 659.40  3.06
 660.10  3.06
 660.80  3.06
 661.50  3.07
 662.20  3.07
 662.90  3.07
 663.60  3.07
 664.30  3.07
 665.00  3.07
 665.70  3.07
 666.40  3.07
 667.10  3.07
 667.80  3.08
 668.50  3.08
 669.20  3.08
 669.90  3.08
 670.60  3.08
 671.30  3.08
 672.00  3.08
 672.70  3.08
 673.40  3.09
 674.10  3.09
 674.80  3.09
 675.50  3.09
 676.20  3.09
 676.90  3.09
 677.60  3.09
 678.30  3.09
 679.00  3.09
 679.70  3.10
 680.40  3.10
 681.10  3.10
 681.80  3.10
 682.50  3.10
 683.20  3.10
 683.90  3.10
 684.60  3.10
 685.30  3.10
 686.00  3.11
 686.70  3.11
 687.40  3.11
 688.10  3.11
 688.80  3.11
 689.50  3.11
 690.20  3.11
 690.90  3.11
 691.60  3.11
 692.30  3.12
 693.00  3.12
 693.70  3.12
 694.40  3.12
 695.10  3.12
 695.80  3.12
 696.50  3.12
 697.20  3.12
 697.90  3.12
 698.60  3.12
 699.30  3.13
 700.00  3.13
 700.70  3.13
 701.40  3.13
 702.10  3.13
 702.80  3.13
 703.50  3.13
 704.20  3.13
 704.90  3.13
 705.60  3.13
 706.30  3.14
 707.00  3.14
 707.70  3.14
 708.40  3.14
 709.10  3.14
 709.80  3.14
 710.50  3.14
 711.20  3.14
 711.90  3.14
 712.60  3.14
 713.30  3.15
 714.00  3.15
 714.70  3.15
 715.40  3.15
 716.10  3.15
 716.80  3.15
 717.50  3.15
 718.20  3.15
 718.90  3.15
 719.60  3.15
 720.30  3.16
 721.00  3.16
 721.70  3.16
 722.40  3.16
 723.10  3.16
 723.80  3.16
 724.50  3.16
 725.20  3.16
 725.90  3.16
 726.60  3.16
 727.30  3.16
 728.00  3.17
 728.70  3.17
 729.40  3.17
 730.10  3.17
 730.80  3.17
 731.50  3.17
 732.20  3.17
 732.90  3.17
 733.60  3.17
 734.30  3.17
 735.00  3.17
 735.70  3.18
 736.40  3.18
 737.10  3.18
 737.80  3.18
 738.50  3.18
 739.20  3.18
 739.90  3.18
 740.60  3.18
 741.30  3.18
 742.00  3.18
 742.70  3.18
 743.40  3.19
 744.10  3.19
 744.80  3.19
 745.50  3.19
 746.20  3.19
 746.90  3.19
 747.60  3.19
 748.30  3.19
 749.00  3.19
 749.70  3.19
 750.40  3.19
 751.10  3.19
 751.80  3.20
 752.50  3.20
 753.20  3.20
 753.90  3.20
 754.60  3.20
 755.30  3.20
 756.00  3.20
 756.70  3.20
 757.40  3.20
 758.10  3.20
 758.80  3.20
 759.50  3.20
 760.20  3.21
 760.90  3.21
 761.60  3.21
 762.30  3.21
 763.00  3.21
 763.70  3.21
 764.40  3.21
 765.10  3.21
 765.80  3.21
 766.50  3.21
 767.20  3.21
 767.90  3.21
 768.60  3.21
 769.30  3.22
 770.00  3.22
 770.70  3.22
 771.40  3.22
 772.10  3.22
 772.80  3.22
 773.50  3.22
 774.20  3.22
 774.90  3.22
 775.60  3.22
 776.30  3.22
 777.00  3.22
 777.70  3.22
 778.40  3.23
 779.10  3.23
 779.80  3.23
 780.50  3.23
 781.20  3.23
 781.90  3.23
 782.60  3.23
 783.30  3.23
 784.00  3.23
 784.70  3.23
 785.40  3.23
 786.10  3.23
 786.80  3.23
 787.50  3.23
 788.20  3.24
 788.90  3.24
 789.60  3.24
 790.30  3.24
 791.00  3.24
 791.70  3.24
 792.40  3.24
 793.10  3.24
 793.80  3.24
 794.50  3.24
 795.20  3.24
 795.90  3.24
 796.60  3.24
 797.30  3.24
 798.00  3.25
 798.70  3.25
 799.40  3.25
 800.10  3.25
 800.80  3.25
 801.50  3.25
 802.20  3.25
 802.90  3.25
 803.60  3.25
 804.30  3.25
 805.00  3.25
 805.70  3.25
 806.40  3.25
 807.10  3.25
 807.80  3.25
 808.50  3.26
 809.20  3.26
 809.90  3.26
 810.60  3.26
 811.30  3.26
 812.00  3.26
 812.70  3.26
 813.40  3.26
 814.10  3.26
 814.80  3.26
 815.50  3.26
 816.20  3.26
 816.90  3.26
 817.60  3.26
 818.30  3.26
 819.00  3.27
 819.70  3.27
 820.40  3.27
 821.10  3.27
 821.80  3.27
 822.50  3.27
 823.20  3.27
 823.90  3.27
 824.60  3.27
 825.30  3.27
 826.00  3.27
 826.70  3.27
 827.40  3.27
 828.10  3.27
 828.80  3.27
 829.50  3.27
 830.20  3.27
 830.90  3.28
 831.60  3.28
 832.30  3.28
 833.00  3.28
 833.70  3.28
 834.40  3.28
 835.10  3.28
 835.80  3.28
 836.50  3.28
 837.20  3.28
 837.90  3.28
 838.60  3.28
 839.30  3.28
 840.00  3.28
 840.70  3.28
 841.40  3.28
 842.10  3.28
 842.80  3.29
 843.50  3.29
 844.20  3.29
 844.90  3.29
 845.60  3.29
 846.30  3.29
 847.00  3.29
 847.70  3.29
 848.40  3.29
 849.10  3.29
 849.80  3.29
 850.50  3.29
 851.20  3.29
 851.90  3.29
 852.60  3.29
 853.30  3.29
 854.00  3.29
 854.70  3.29
 855.40  3.30
 856.10  3.30
 856.80  3.30
 857.50  3.30
 858.20  3.30
 858.90  3.30
 859.60  3.30
 860.30  3.30
 861.00  3.30
 861.70  3.30
 862.40  3.30
 863.10  3.30
 863.80  3.30
 864.50  3.30
 865.20  3.30
 865.90  3.30
 866.60  3.30
 867.30  3.30
 868.00  3.30
 868.70  3.31
 869.40  3.31
 870.10  3.31
 870.80  3.31
 871.50  3.31
 872.20  3.31
 872.90  3.31
 873.60  3.31
 874.30  3.31
 875.00  3.31
 875.70  3.31
 876.40  3.31
 877.10  3.31
 877.80  3.31
 878.50  3.31
 879.20  3.31
 879.90  3.31
 880.60  3.31
 881.30  3.31
 882.00  3.31
 882.70  3.32
 883.40  3.32
 884.10  3.32
 884.80  3.32
 885.50  3.32
 886.20  3.32
 886.90  3.32
 887.60  3.32
 888.30  3.32
 889.00  3.32
 889.70  3.32
 890.40  3.32
 891.10  3.32
 891.80  3.32
 892.50  3.32
 893.20  3.32
 893.90  3.32
 894.60  3.32
 895.30  3.32
 896.00  3.32
 896.70  3.32
 897.40  3.33
 898.10  3.33
 898.80  3.33
 899.50  3.33
 900.20  3.33
 900.90  3.33
 901.60  3.33
 902.30  3.33
 903.00  3.33
 903.70  3.33
 904.40  3.33
 905.10  3.33
 905.80  3.33
 906.50  3.33
 907.20  3.33
 907.90  3.33
 908.60  3.33
 909.30  3.33
 910.00  3.33
 910.70  3.33
 911.40  3.33
 912.10  3.33
 912.80  3.33
 913.50  3.34
 914.20  3.34
 914.90  3.34
 915.60  3.34
 916.30  3.34
 917.00  3.34
 917.70  3.34
 918.40  3.34
 919.10  3.34
 919.80  3.34
 920.50  3.34
 921.20  3.34
 921.90  3.34
 922.60  3.34
 923.30  3.34
 924.00  3.34
 924.70  3.34
 925.40  3.34
 926.10  3.34
 926.80  3.34
 927.50  3.34
 928.20  3.34
 928.90  3.34
 929.60  3.34
 930.30  3.34
 931.00  3.35
 931.70  3.35
 932.40  3.35
 933.10  3.35
 933.80  3.35
 934.50  3.35
 935.20  3.35
 935.90  3.35
 936.60  3.35
 937.30  3.35
 938.00  3.35
 938.70  3.35
 939.40  3.35
 940.10  3.35
 940.80  3.35
 941.50  3.35
 942.20  3.35
 942.90  3.35
 943.60  3.35
 944.30  3.35
 945.00  3.35
 945.70  3.35
 946.40  3.35
 947.10  3.35
 947.80  3.35
 948.50  3.35
 949.20  3.36
 949.90  3.36
 950.60  3.36
 951.30  3.36
 952.00  3.36
 952.70  3.36
 953.40  3.36
 954.10  3.36
 954.80  3.36
 955.50  3.36
 956.20  3.36
 956.90  3.36
 957.60  3.36
 958.30  3.36
 959.00  3.36
 959.70  3.36
 960.40  3.36
 961.10  3.36
 961.80  3.36
 962.50  3.36
 963.20  3.36
 963.90  3.36
 964.60  3.36
 965.30  3.36
 966.00  3.36
 966.70  3.36
 967.40  3.36
 968.10  3.36
 968.80  3.36
 969.50  3.36
 970.20  3.37
 970.90  3.37
 971.60  3.37
 972.30  3.37
 973.00  3.37
 973.70  3.37
 974.40  3.37
 975.10  3.37
 975.80  3.37
 976.50  3.37
 977.20  3.37
 977.90  3.37
 978.60  3.37
 979.30  3.37
 980.00  3.37
 980.70  3.37
 981.40  3.37
 982.10  3.37
 982.80  3.37
 983.50  3.37
 984.20  3.37
 984.90  3.37
 985.60  3.37
 986.30  3.37
 987.00  3.37
 987.70  3.37
 988.40  3.37
 989.10  3.37
 989.80  3.37
 990.50  3.37
 991.20  3.37
 991.90  3.37
 992.60  3.38
 993.30  3.38
 994.00  3.38
 994.70  3.38
 995.40  3.38
 996.10  3.38
 996.80  3.38
 997.50  3.38
 998.20  3.38
 998.90  3.38
 999.60  3.38
 1000.30  3.38
 1001.00  3.38
 1001.70  3.38
 1002.40  3.38
 1003.10  3.38
 1003.80  3.38
 1004.50  3.38
 1005.20  3.38
 1005.90  3.38
 1006.60  3.38
 1007.30  3.38
 1008.00  3.38
 1008.70  3.38
 1009.40  3.38
 1010.10  3.38
 1010.80  3.38
 1011.50  3.38
 1012.20  3.38
 1012.90  3.38
 1013.60  3.38
 1014.30  3.38
 1015.00  3.38
 1015.70  3.38
 1016.40  3.38
 1017.10  3.39
 1017.80  3.39
 1018.50  3.39
 1019.20  3.39
 1019.90  3.39
 1020.60  3.39
 1021.30  3.39
 1022.00  3.39
 1022.70  3.39
 1023.40  3.39
 1024.10  3.39
 1024.80  3.39
 1025.50  3.39
 1026.20  3.39
 1026.90  3.39
 1027.60  3.39
 1028.30  3.39
 1029.00  3.39
 1029.70  3.39
 1030.40  3.39
 1031.10  3.39
 1031.80  3.39
 1032.50  3.39
 1033.20  3.39
 1033.90  3.39
 1034.60  3.39
 1035.30  3.39
 1036.00  3.39
 1036.70  3.39
 1037.40  3.39
 1038.10  3.39
 1038.80  3.39
 1039.50  3.39
 1040.20  3.39
 1040.90  3.39
 1041.60  3.39
 1042.30  3.39
 1043.00  3.39
 1043.70  3.39
 1044.40  3.39
 1045.10  3.40
 1045.80  3.40
 1046.50  3.40
 1047.20  3.40
 1047.90  3.40
 1048.60  3.40
 1049.30  3.40
 1050.00  3.40
 1050.70  3.40
 1051.40  3.40
 1052.10  3.40
 1052.80  3.40
 1053.50  3.40
 1054.20  3.40
 1054.90  3.40
 1055.60  3.40
 1056.30  3.40
 1057.00  3.40
 1057.70  3.40
 1058.40  3.40
 1059.10  3.40
 1059.80  3.40
 1060.50  3.40
 1061.20  3.40
 1061.90  3.40
 1062.60  3.40
 1063.30  3.40
 1064.00  3.40
 1064.70  3.40
 1065.40  3.40
 1066.10  3.40
 1066.80  3.40
 1067.50  3.40
 1068.20  3.40
 1068.90  3.40
 1069.60  3.40
 1070.30  3.40
 1071.00  3.40
 1071.70  3.40
 1072.40  3.40
 1073.10  3.40
 1073.80  3.40
 1074.50  3.40
 1075.20  3.40
 1075.90  3.40
 1076.60  3.40
 1077.30  3.41
 1078.00  3.41
 1078.70  3.41
 1079.40  3.41
 1080.10  3.41
 1080.80  3.41
 1081.50  3.41
 1082.20  3.41
 1082.90  3.41
 1083.60  3.41
 1084.30  3.41
 1085.00  3.41
 1085.70  3.41
 1086.40  3.41
 1087.10  3.41
 1087.80  3.41
 1088.50  3.41
 1089.20  3.41
 1089.90  3.41
 1090.60  3.41
 1091.30  3.41
 1092.00  3.41
 1092.70  3.41
 1093.40  3.41
 1094.10  3.41
 1094.80  3.41
 1095.50  3.41
 1096.20  3.41
 1096.90  3.41
 1097.60  3.41
 1098.30  3.41
 1099.00  3.41
 1099.70  3.41
 1100.40  3.41
 1101.10  3.41
 1101.80  3.41
 1102.50  3.41
 1103.20  3.41
 1103.90  3.41
 1104.60  3.41
 1105.30  3.41
 1106.00  3.41
 1106.70  3.41
 1107.40  3.41
 1108.10  3.41
 1108.80  3.41
 1109.50  3.41
 1110.20  3.41
 1110.90  3.41
 1111.60  3.41
 1112.30  3.41
 1113.00  3.41
 1113.70  3.41
 1114.40  3.42
 1115.10  3.42
 1115.80  3.42
 1116.50  3.42
 1117.20  3.42
 1117.90  3.42
 1118.60  3.42
 1119.30  3.42
 1120.00  3.42
 1120.70  3.42
 1121.40  3.42
 1122.10  3.42
 1122.80  3.42
 1123.50  3.42
 1124.20  3.42
 1124.90  3.42
 1125.60  3.42
 1126.30  3.42
 1127.00  3.42
 1127.70  3.42
 1128.40  3.42
 1129.10  3.42
 1129.80  3.42
 1130.50  3.42
 1131.20  3.42
 1131.90  3.42
 1132.60  3.42
 1133.30  3.42
 1134.00  3.42
 1134.70  3.42
 1135.40  3.42
 1136.10  3.42
 1136.80  3.42
 1137.50  3.42
 1138.20  3.42
 1138.90  3.42
 1139.60  3.42
 1140.30  3.42
 1141.00  3.42
 1141.70  3.42
 1142.40  3.42
 1143.10  3.42
 1143.80  3.42
 1144.50  3.42
 1145.20  3.42
 1145.90  3.42
 1146.60  3.42
 1147.30  3.42
 1148.00  3.42
 1148.70  3.42
 1149.40  3.42
 1150.10  3.42
 1150.80  3.42
 1151.50  3.42
 1152.20  3.42
 1152.90  3.42
 1153.60  3.42
 1154.30  3.42
 1155.00  3.42
 1155.70  3.42
 1156.40  3.42
 1157.10  3.42
 1157.80  3.42
 1158.50  3.42
 1159.20  3.42
 1159.90  3.43
 1160.60  3.43
 1161.30  3.43
 1162.00  3.43
 1162.70  3.43
 1163.40  3.43
 1164.10  3.43
 1164.80  3.43
 1165.50  3.43
 1166.20  3.43
 1166.90  3.43
 1167.60  3.43
 1168.30  3.43
 1169.00  3.43
 1169.70  3.43
 1170.40  3.43
 1171.10  3.43
 1171.80  3.43
 1172.50  3.43
 1173.20  3.43
 1173.90  3.43
 1174.60  3.43
 1175.30  3.43
 1176.00  3.43
 1176.70  3.43
 1177.40  3.43
 1178.10  3.43
 1178.80  3.43
 1179.50  3.43
 1180.20  3.43
 1180.90  3.43
 1181.60  3.43
 1182.30  3.43
 1183.00  3.43
 1183.70  3.43
 1184.40  3.43
 1185.10  3.43
 1185.80  3.43
 1186.50  3.43
 1187.20  3.43
 1187.90  3.43
 1188.60  3.43
 1189.30  3.43
 1190.00  3.43
 1190.70  3.43
 1191.40  3.43
 1192.10  3.43
 1192.80  3.43
 1193.50  3.43
 1194.20  3.43
 1194.90  3.43
 1195.60  3.43
 1196.30  3.43
 1197.00  3.43
 1197.70  3.43
 1198.40  3.43
 1199.10  3.43
 1199.80  3.43
 1200.50  3.43
 1201.20  3.43
 1201.90  3.43
 1202.60  3.43
 1203.30  3.43
 1204.00  3.43
 1204.70  3.43
 1205.40  3.43
 1206.10  3.43
 1206.80  3.43
 1207.50  3.43
 1208.20  3.43
 1208.90  3.43
 1209.60  3.43
 1210.30  3.43
 1211.00  3.43
 1211.70  3.43
 1212.40  3.43
 1213.10  3.43
 1213.80  3.43
 1214.50  3.43
 1215.20  3.43
 1215.90  3.43
 1216.60  3.44
 1217.30  3.44
 1218.00  3.44
 1218.70  3.44
 1219.40  3.44
 1220.10  3.44
 1220.80  3.44
 1221.50  3.44
 1222.20  3.44
 1222.90  3.44
 1223.60  3.44
 1224.30  3.44
 1225.00  3.44
 1225.70  3.44
 1226.40  3.44
 1227.10  3.44
 1227.80  3.44
 1228.50  3.44
 1229.20  3.44
 1229.90  3.44
 1230.60  3.44
 1231.30  3.44
 1232.00  3.44
 1232.70  3.44
 1233.40  3.44
 1234.10  3.44
 1234.80  3.44
 1235.50  3.44
 1236.20  3.44
 1236.90  3.44
 1237.60  3.44
 1238.30  3.44
 1239.00  3.44
 1239.70  3.44
 1240.40  3.44
 1241.10  3.44
 1241.80  3.44
 1242.50  3.44
 1243.20  3.44
 1243.90  3.44
 1244.60  3.44
 1245.30  3.44
 1246.00  3.44
 1246.70  3.44
 1247.40  3.44
 1248.10  3.44
 1248.80  3.44
 1249.50  3.44
 1250.20  3.44
 1250.90  3.44
 1251.60  3.44
 1252.30  3.44
 1253.00  3.44
 1253.70  3.44
 1254.40  3.44
 1255.10  3.44
 1255.80  3.44
 1256.50  3.44
 1257.20  3.44
 1257.90  3.44
 1258.60  3.44
 1259.30  3.44
 1260.00  3.44
 1260.70  3.44
 1261.40  3.44
 1262.10  3.44
 1262.80  3.44
 1263.50  3.44
 1264.20  3.44
 1264.90  3.44
 1265.60  3.44
 1266.30  3.44
 1267.00  3.44
 1267.70  3.44
 1268.40  3.44
 1269.10  3.44
 1269.80  3.44
 1270.50  3.44
 1271.20  3.44
 1271.90  3.44
 1272.60  3.44
 1273.30  3.44
 1274.00  3.44
 1274.70  3.44
 1275.40  3.44
 1276.10  3.44
 1276.80  3.44
 1277.50  3.44
 1278.20  3.44
 1278.90  3.44
 1279.60  3.44
 1280.30  3.44
 1281.00  3.44
 1281.70  3.44
 1282.40  3.44
 1283.10  3.44
 1283.80  3.44
 1284.50  3.44
 1285.20  3.44
 1285.90  3.44
 1286.60  3.44
 1287.30  3.44
 1288.00  3.44
 1288.70  3.44
 1289.40  3.44
 1290.10  3.44
 1290.80  3.44
 1291.50  3.44
 1292.20  3.44
 1292.90  3.44
 1293.60  3.44
 1294.30  3.44
 1295.00  3.45
 1295.70  3.45
 1296.40  3.45
 1297.10  3.45
 1297.80  3.45
 1298.50  3.45
 1299.20  3.45
 1299.90  3.45
 1300.60  3.45
 1301.30  3.45
 1302.00  3.45
 1302.70  3.45
 1303.40  3.45
 1304.10  3.45
 1304.80  3.45
 1305.50  3.45
 1306.20  3.45
 1306.90  3.45
 1307.60  3.45
 1308.30  3.45
 1309.00  3.45
 1309.70  3.45
 1310.40  3.45
 1311.10  3.45
 1311.80  3.45
 1312.50  3.45
 1313.20  3.45
 1313.90  3.45
 1314.60  3.45
 1315.30  3.45
 1316.00  3.45
 1316.70  3.45
 1317.40  3.45
 1318.10  3.45
 1318.80  3.45
 1319.50  3.45
 1320.20  3.45
 1320.90  3.45
 1321.60  3.45
 1322.30  3.45
 1323.00  3.45
 1323.70  3.45
 1324.40  3.45
 1325.10  3.45
 1325.80  3.45
 1326.50  3.45
 1327.20  3.45
 1327.90  3.45
 1328.60  3.45
 1329.30  3.45
 1330.00  3.45
 1330.70  3.45
 1331.40  3.45
 1332.10  3.45
 1332.80  3.45
 1333.50  3.45
 1334.20  3.45
 1334.90  3.45
 1335.60  3.45
 1336.30  3.45
 1337.00  3.45
 1337.70  3.45
 1338.40  3.45
 1339.10  3.45
 1339.80  3.45
 1340.50  3.45
 1341.20  3.45
 1341.90  3.45
 1342.60  3.45
 1343.30  3.45
 1344.00  3.45
 1344.70  3.45
 1345.40  3.45
 1346.10  3.45
 1346.80  3.45
 1347.50  3.45
 1348.20  3.45
 1348.90  3.45
 1349.60  3.45
 1350.30  3.45
 1351.00  3.45
 1351.70  3.45
 1352.40  3.45
 1353.10  3.45
 1353.80  3.45
 1354.50  3.45
 1355.20  3.45
 1355.90  3.45
 1356.60  3.45
 1357.30  3.45
 1358.00  3.45
 1358.70  3.45
 1359.40  3.45
 1360.10  3.45
 1360.80  3.45
 1361.50  3.45
 1362.20  3.45
 1362.90  3.45
 1363.60  3.45
 1364.30  3.45
 1365.00  3.45
 1365.70  3.45
 1366.40  3.45
 1367.10  3.45
 1367.80  3.45
 1368.50  3.45
 1369.20  3.45
 1369.90  3.45
 1370.60  3.45
 1371.30  3.45
 1372.00  3.45
 1372.70  3.45
 1373.40  3.45
 1374.10  3.45
 1374.80  3.45
 1375.50  3.45
 1376.20  3.45
 1376.90  3.45
 1377.60  3.45
 1378.30  3.45
 1379.00  3.45
 1379.70  3.45
 1380.40  3.45
 1381.10  3.45
 1381.80  3.45
 1382.50  3.45
 1383.20  3.45
 1383.90  3.45
 1384.60  3.45
 1385.30  3.45
 1386.00  3.45
 1386.70  3.45
 1387.40  3.45
 1388.10  3.45
 1388.80  3.45
 1389.50  3.45
 1390.20  3.45
 1390.90  3.45
 1391.60  3.45
 1392.30  3.45
 1393.00  3.45
 1393.70  3.45
 1394.40  3.45
 1395.10  3.45
 1395.80  3.45
 1396.50  3.45
 1397.20  3.45
 1397.90  3.45
 1398.60  3.45
 1399.30  3.45
 1400.00  3.45
 1400.70  3.45
 1401.40  3.45
 1402.10  3.45
 1402.80  3.45
 1403.50  3.45
 1404.20  3.45
 1404.90  3.45
 1405.60  3.45
 1406.30  3.45
 1407.00  3.45
 1407.70  3.45
 1408.40  3.45
 1409.10  3.45
 1409.80  3.45
 1410.50  3.45
 1411.20  3.45
 1411.90  3.45
 1412.60  3.45
 1413.30  3.45
 1414.00  3.45
 1414.70  3.45
 1415.40  3.45
 1416.10  3.45
 1416.80  3.45
 1417.50  3.45
 1418.20  3.46
 1418.90  3.46
 1419.60  3.46
 1420.30  3.46
 1421.00  3.46
 1421.70  3.46
 1422.40  3.46
 1423.10  3.46
 1423.80  3.46
 1424.50  3.46
 1425.20  3.46
 1425.90  3.46
 1426.60  3.46
 1427.30  3.46
 1428.00  3.46
 1428.70  3.46
 1429.40  3.46
 1430.10  3.46
 1430.80  3.46
 1431.50  3.46
 1432.20  3.46
 1432.90  3.46
 1433.60  3.46
 1434.30  3.46
 1435.00  3.46
 1435.70  3.46
 1436.40  3.46
 1437.10  3.46
 1437.80  3.46
 1438.50  3.46
 1439.20  3.46
 1439.90  3.46
 1440.60  3.46
 1441.30  3.46
 1442.00  3.46
 1442.70  3.46
 1443.40  3.46
 1444.10  3.46
 1444.80  3.46
 1445.50  3.46
 1446.20  3.46
 1446.90  3.46
 1447.60  3.46
 1448.30  3.46
 1449.00  3.46
 1449.70  3.46
 1450.40  3.46
 1451.10  3.46
 1451.80  3.46
 1452.50  3.46
 1453.20  3.46
 1453.90  3.46
 1454.60  3.46
 1455.30  3.46
 1456.00  3.46
 1456.70  3.46
 1457.40  3.46
 1458.10  3.46
 1458.80  3.46
 1459.50  3.46
 1460.20  3.46
 1460.90  3.46
 1461.60  3.46
 1462.30  3.46
 1463.00  3.46
 1463.70  3.46
 1464.40  3.46
 1465.10  3.46
 1465.80  3.46
 1466.50  3.46
 1467.20  3.46
 1467.90  3.46
 1468.60  3.46
 1469.30  3.46
 1470.00  3.46
 1470.70  3.46
 1471.40  3.46
 1472.10  3.46
 1472.80  3.46
 1473.50  3.46
 1474.20  3.46
 1474.90  3.46
 1475.60  3.46
 1476.30  3.46
 1477.00  3.46
 1477.70  3.46
 1478.40  3.46
 1479.10  3.46
 1479.80  3.46
 1480.50  3.46
 1481.20  3.46
 1481.90  3.46
 1482.60  3.46
 1483.30  3.46
 1484.00  3.46
 1484.70  3.46
 1485.40  3.46
 1486.10  3.46
 1486.80  3.46
 1487.50  3.46
 1488.20  3.46
 1488.90  3.46
 1489.60  3.46
 1490.30  3.46
 1491.00  3.46
 1491.70  3.46
 1492.40  3.46
 1493.10  3.46
 1493.80  3.46
 1494.50  3.46
 1495.20  3.46
 1495.90  3.46
 1496.60  3.46
 1497.30  3.46
 1498.00  3.46
 1498.70  3.46
 1499.40  3.46
 1500.10  3.46
 1500.80  3.46
 1501.50  3.46
 1502.20  3.46
 1502.90  3.46
 1503.60  3.46
 1504.30  3.46
 1505.00  3.46
 1505.70  3.46
 1506.40  3.46
 1507.10  3.46
 1507.80  3.46
 1508.50  3.46
 1509.20  3.46
 1509.90  3.46
 1510.60  3.46
 1511.30  3.46
 1512.00  3.46
 1512.70  3.46
 1513.40  3.46
 1514.10  3.46
 1514.80  3.46
 1515.50  3.46
 1516.20  3.46
 1516.90  3.46
 1517.60  3.46
 1518.30  3.46
 1519.00  3.46
 1519.70  3.46
 1520.40  3.46
 1521.10  3.46
 1521.80  3.46
 1522.50  3.46
 1523.20  3.46
 1523.90  3.46
 1524.60  3.46
 1525.30  3.46
 1526.00  3.46
 1526.70  3.46
 1527.40  3.46
 1528.10  3.46
 1528.80  3.46
 1529.50  3.46
 1530.20  3.46
 1530.90  3.46
 1531.60  3.46
 1532.30  3.46
 1533.00  3.46
 1533.70  3.46
 1534.40  3.46
 1535.10  3.46
 1535.80  3.46
 1536.50  3.46
 1537.20  3.46
 1537.90  3.46
 1538.60  3.46
 1539.30  3.46
 1540.00  3.46
 1540.70  3.46
 1541.40  3.46
 1542.10  3.46
 1542.80  3.46
 1543.50  3.46
 1544.20  3.46
 1544.90  3.46
 1545.60  3.46
 1546.30  3.46
 1547.00  3.46
 1547.70  3.46
 1548.40  3.46
 1549.10  3.46
 1549.80  3.46
 1550.50  3.46
 1551.20  3.46
 1551.90  3.46
 1552.60  3.46
 1553.30  3.46
 1554.00  3.46
 1554.70  3.46
 1555.40  3.46
 1556.10  3.46
 1556.80  3.46
 1557.50  3.46
 1558.20  3.46
 1558.90  3.46
 1559.60  3.46
 1560.30  3.46
 1561.00  3.46
 1561.70  3.46
 1562.40  3.46
 1563.10  3.46
 1563.80  3.46
 1564.50  3.46
 1565.20  3.46
 1565.90  3.46
 1566.60  3.46
 1567.30  3.46
 1568.00  3.46
 1568.70  3.46
 1569.40  3.46
 1570.10  3.46
 1570.80  3.46
 1571.50  3.46
 1572.20  3.46
 1572.90  3.46
 1573.60  3.46
 1574.30  3.46
 1575.00  3.46
 1575.70  3.46
 1576.40  3.46
 1577.10  3.46
 1577.80  3.46
 1578.50  3.46
 1579.20  3.46
 1579.90  3.46
 1580.60  3.46
 1581.30  3.46
 1582.00  3.46
 1582.70  3.46
 1583.40  3.46
 1584.10  3.46
 1584.80  3.46
 1585.50  3.46
 1586.20  3.46
 1586.90  3.46
 1587.60  3.46
 1588.30  3.46
 1589.00  3.46
 1589.70  3.46
 1590.40  3.46
 1591.10  3.46
 1591.80  3.46
 1592.50  3.46
 1593.20  3.46
 1593.90  3.46
 1594.60  3.46
 1595.30  3.46
 1596.00  3.46
 1596.70  3.46
 1597.40  3.46
 1598.10  3.46
 1598.80  3.46
 1599.50  3.46
 1600.20  3.46
 1600.90  3.46
 1601.60  3.46
 1602.30  3.46
 1603.00  3.46
 1603.70  3.46
 1604.40  3.46
 1605.10  3.46
 1605.80  3.46
 1606.50  3.46
 1607.20  3.46
 1607.90  3.46
 1608.60  3.46
 1609.30  3.46
 1610.00  3.46
 1610.70  3.46
 1611.40  3.46
 1612.10  3.46
 1612.80  3.46
 1613.50  3.46
 1614.20  3.46
 1614.90  3.46
 1615.60  3.46
 1616.30  3.46
 1617.00  3.46
 1617.70  3.46
 1618.40  3.46
 1619.10  3.46
 1619.80  3.46
 1620.50  3.46
 1621.20  3.46
 1621.90  3.46
 1622.60  3.46
 1623.30  3.46
 1624.00  3.46
 1624.70  3.46
 1625.40  3.46
 1626.10  3.46
 1626.80  3.46
 1627.50  3.46
 1628.20  3.46
 1628.90  3.46
 1629.60  3.46
 1630.30  3.46
 1631.00  3.46
 1631.70  3.46
 1632.40  3.46
 1633.10  3.46
 1633.80  3.46
 1634.50  3.46
 1635.20  3.46
 1635.90  3.46
 1636.60  3.46
 1637.30  3.46
 1638.00  3.46
 1638.70  3.46
 1639.40  3.46
 1640.10  3.46
 1640.80  3.46
 1641.50  3.46
 1642.20  3.46
 1642.90  3.46
 1643.60  3.46
 1644.30  3.46
 1645.00  3.46
 1645.70  3.46
 1646.40  3.46
 1647.10  3.46
 1647.80  3.46
 1648.50  3.46
 1649.20  3.46
 1649.90  3.46
 1650.60  3.46
 1651.30  3.46
 1652.00  3.46
 1652.70  3.46
 1653.40  3.46
 1654.10  3.46
 1654.80  3.46
 1655.50  3.46
 1656.20  3.46
 1656.90  3.46
 1657.60  3.46
 1658.30  3.46
 1659.00  3.46
 1659.70  3.46
 1660.40  3.46
 1661.10  3.46
 1661.80  3.46
 1662.50  3.46
 1663.20  3.46
 1663.90  3.46
 1664.60  3.46
 1665.30  3.46
 1666.00  3.46
 1666.70  3.46
 1667.40  3.46
 1668.10  3.46
 1668.80  3.46
 1669.50  3.46
 1670.20  3.46
 1670.90  3.46
 1671.60  3.46
 1672.30  3.46
 1673.00  3.46
 1673.70  3.46
 1674.40  3.46
 1675.10  3.46
 1675.80  3.46
 1676.50  3.46
 1677.20  3.46
 1677.90  3.46
 1678.60  3.46
 1679.30  3.46
 1680.00  3.46
 1680.70  3.46
 1681.40  3.46
 1682.10  3.46
 1682.80  3.46
 1683.50  3.46
 1684.20  3.46
 1684.90  3.46
 1685.60  3.46
 1686.30  3.46
 1687.00  3.46
 1687.70  3.46
 1688.40  3.46
 1689.10  3.46
 1689.80  3.46
 1690.50  3.46
 1691.20  3.46
 1691.90  3.46
 1692.60  3.46
 1693.30  3.46
 1694.00  3.46
 1694.70  3.46
 1695.40  3.46
 1696.10  3.46
 1696.80  3.46
 1697.50  3.46
 1698.20  3.46
 1698.90  3.46
 1699.60  3.46
 1700.30  3.46
 1701.00  3.46
 1701.70  3.46
 1702.40  3.46
 1703.10  3.46
 1703.80  3.46
 1704.50  3.46
 1705.20  3.46
 1705.90  3.46
 1706.60  3.46
 1707.30  3.46
 1708.00  3.46
 1708.70  3.46
 1709.40  3.46
 1710.10  3.46
 1710.80  3.46
 1711.50  3.46
 1712.20  3.46
 1712.90  3.46
 1713.60  3.46
 1714.30  3.46
 1715.00  3.46
 1715.70  3.46
 1716.40  3.46
 1717.10  3.46
 1717.80  3.46
 1718.50  3.46
 1719.20  3.46
 1719.90  3.46
 1720.60  3.46
 1721.30  3.46
 1722.00  3.46
 1722.70  3.46
 1723.40  3.46
 1724.10  3.46
 1724.80  3.46
 1725.50  3.46
 1726.20  3.46
 1726.90  3.46
 1727.60  3.46
 1728.30  3.46
 1729.00  3.46
 1729.70  3.46
 1730.40  3.46
 1731.10  3.46
 1731.80  3.46
 1732.50  3.46
 1733.20  3.46
 1733.90  3.46
 1734.60  3.46
 1735.30  3.46
 1736.00  3.46
 1736.70  3.46
 1737.40  3.46
 1738.10  3.46
 1738.80  3.46
 1739.50  3.46
 1740.20  3.46
 1740.90  3.46
 1741.60  3.46
 1742.30  3.46
 1743.00  3.46
 1743.70  3.46
 1744.40  3.46
 1745.10  3.46
 1745.80  3.46
 1746.50  3.46
 1747.20  3.46
 1747.90  3.46
 1748.60  3.46
 1749.30  3.46
 1750.00  3.46
 1750.70  3.46
 1751.40  3.46
 1752.10  3.46
 1752.80  3.47
 1753.50  3.47
 1754.20  3.47
 1754.90  3.47
 1755.60  3.47
 1756.30  3.47
 1757.00  3.47
 1757.70  3.47
 1758.40  3.47
 1759.10  3.47
 1759.80  3.47
 1760.50  3.47
 1761.20  3.47
 1761.90  3.47
 1762.60  3.47
 1763.30  3.47
 1764.00  3.47
 1764.70  3.47
 1765.40  3.47
 1766.10  3.47
 1766.80  3.47
 1767.50  3.47
 1768.20  3.47
 1768.90  3.47
 1769.60  3.47
 1770.30  3.47
 1771.00  3.47
 1771.70  3.47
 1772.40  3.47
 1773.10  3.47
 1773.80  3.47
 1774.50  3.47
 1775.20  3.47
 1775.90  3.47
 1776.60  3.47
 1777.30  3.47
 1778.00  3.47
 1778.70  3.47
 1779.40  3.47
 1780.10  3.47
 1780.80  3.47
 1781.50  3.47
 1782.20  3.47
 1782.90  3.47
 1783.60  3.47
 1784.30  3.47
 1785.00  3.47
 1785.70  3.47
 1786.40  3.47
 1787.10  3.47
 1787.80  3.47
 1788.50  3.47
 1789.20  3.47
 1789.90  3.47
 1790.60  3.47
 1791.30  3.47
 1792.00  3.47
 1792.70  3.47
 1793.40  3.47
 1794.10  3.47
 1794.80  3.47
 1795.50  3.47
 1796.20  3.47
 1796.90  3.47
 1797.60  3.47
 1798.30  3.47
 1799.00  3.47
 1799.70  3.47
 1800.40  3.47
 1801.10  3.47
 1801.80  3.47
 1802.50  3.47
 1803.20  3.47
 1803.90  3.47
 1804.60  3.47
 1805.30  3.47
 1806.00  3.47
 1806.70  3.47
 1807.40  3.47
 1808.10  3.47
 1808.80  3.47
 1809.50  3.47
 1810.20  3.47
 1810.90  3.47
 1811.60  3.47
 1812.30  3.47
 1813.00  3.47
 1813.70  3.47
 1814.40  3.47
 1815.10  3.47
 1815.80  3.47
 1816.50  3.47
 1817.20  3.47
 1817.90  3.47
 1818.60  3.47
 1819.30  3.47
 1820.00  3.47
 1820.70  3.47
 1821.40  3.47
 1822.10  3.47
 1822.80  3.47
 1823.50  3.47
 1824.20  3.47
 1824.90  3.47
 1825.60  3.47
 1826.30  3.47
 1827.00  3.47
 1827.70  3.47
 1828.40  3.47
 1829.10  3.47
 1829.80  3.47
 1830.50  3.47
 1831.20  3.47
 1831.90  3.47
 1832.60  3.47
 1833.30  3.47
 1834.00  3.47
 1834.70  3.47
 1835.40  3.47
 1836.10  3.47
 1836.80  3.47
 1837.50  3.47
 1838.20  3.47
 1838.90  3.47
 1839.60  3.47
 1840.30  3.47
 1841.00  3.47
 1841.70  3.47
 1842.40  3.47
 1843.10  3.47
 1843.80  3.47
 1844.50  3.47
 1845.20  3.47
 1845.90  3.47
 1846.60  3.47
 1847.30  3.47
 1848.00  3.47
 1848.70  3.47
 1849.40  3.47
 1850.10  3.47
 1850.80  3.47
 1851.50  3.47
 1852.20  3.47
 1852.90  3.47
 1853.60  3.47
 1854.30  3.47
 1855.00  3.47
 1855.70  3.47
 1856.40  3.47
 1857.10  3.47
 1857.80  3.47
 1858.50  3.47
 1859.20  3.47
 1859.90  3.47
 1860.60  3.47
 1861.30  3.47
 1862.00  3.47
 1862.70  3.47
 1863.40  3.47
 1864.10  3.47
 1864.80  3.47
 1865.50  3.47
 1866.20  3.47
 1866.90  3.47
 1867.60  3.47
 1868.30  3.47
 1869.00  3.47
 1869.70  3.47
 1870.40  3.47
 1871.10  3.47
 1871.80  3.47
 1872.50  3.47
 1873.20  3.47
 1873.90  3.47
 1874.60  3.47
 1875.30  3.47
 1876.00  3.47
 1876.70  3.47
 1877.40  3.47
 1878.10  3.47
 1878.80  3.47
 1879.50  3.47
 1880.20  3.47
 1880.90  3.47
 1881.60  3.47
 1882.30  3.47
 1883.00  3.47
 1883.70  3.47
 1884.40  3.47
 1885.10  3.47
 1885.80  3.47
 1886.50  3.47
 1887.20  3.47
 1887.90  3.47
 1888.60  3.47
 1889.30  3.47
 1890.00  3.47
 1890.70  3.47
 1891.40  3.47
 1892.10  3.47
 1892.80  3.47
 1893.50  3.47
 1894.20  3.47
 1894.90  3.47
 1895.60  3.47
 1896.30  3.47
 1897.00  3.47
 1897.70  3.47
 1898.40  3.47
 1899.10  3.47
 1899.80  3.47
 1900.50  3.47
 1901.20  3.47
 1901.90  3.47
 1902.60  3.47
 1903.30  3.47
 1904.00  3.47
 1904.70  3.47
 1905.40  3.47
 1906.10  3.47
 1906.80  3.47
 1907.50  3.47
 1908.20  3.47
 1908.90  3.47
 1909.60  3.47
 1910.30  3.47
 1911.00  3.47
 1911.70  3.47
 1912.40  3.47
 1913.10  3.47
 1913.80  3.47
 1914.50  3.47
 1915.20  3.47
 1915.90  3.47
 1916.60  3.47
 1917.30  3.47
 1918.00  3.47
 1918.70  3.47
 1919.40  3.47
 1920.10  3.47
 1920.80  3.47
 1921.50  3.47
 1922.20  3.47
 1922.90  3.47
 1923.60  3.47
 1924.30  3.47
 1925.00  3.47
 1925.70  3.47
 1926.40  3.47
 1927.10  3.47
 1927.80  3.47
 1928.50  3.47
 1929.20  3.47
 1929.90  3.47
 1930.60  3.47
 1931.30  3.47
 1932.00  3.47
 1932.70  3.47
 1933.40  3.47
 1934.10  3.47
 1934.80  3.47
 1935.50  3.47
 1936.20  3.47
 1936.90  3.47
 1937.60  3.47
 1938.30  3.47
 1939.00  3.47
 1939.70  3.47
 1940.40  3.47
 1941.10  3.47
 1941.80  3.47
 1942.50  3.47
 1943.20  3.47
 1943.90  3.47
 1944.60  3.47
 1945.30  3.47
 1946.00  3.47
 1946.70  3.47
 1947.40  3.47
 1948.10  3.47
 1948.80  3.47
 1949.50  3.47
 1950.20  3.47
 1950.90  3.47
 1951.60  3.47
 1952.30  3.47
 1953.00  3.47
 1953.70  3.47
 1954.40  3.47
 1955.10  3.47
 1955.80  3.47
 1956.50  3.47
 1957.20  3.47
 1957.90  3.47
 1958.60  3.47
 1959.30  3.47
 1960.00  3.47
 1960.70  3.47
 1961.40  3.47
 1962.10  3.47
 1962.80  3.47
 1963.50  3.47
 1964.20  3.47
 1964.90  3.47
 1965.60  3.47
 1966.30  3.47
 1967.00  3.47
 1967.70  3.47
 1968.40  3.47
 1969.10  3.47
 1969.80  3.47
 1970.50  3.47
 1971.20  3.47
 1971.90  3.47
 1972.60  3.47
 1973.30  3.47
 1974.00  3.47
 1974.70  3.47
 1975.40  3.47
 1976.10  3.47
 1976.80  3.47
 1977.50  3.47
 1978.20  3.47
 1978.90  3.47
 1979.60  3.47
 1980.30  3.47
 1981.00  3.47
 1981.70  3.47
 1982.40  3.47
 1983.10  3.47
 1983.80  3.47
 1984.50  3.47
 1985.20  3.47
 1985.90  3.47
 1986.60  3.47
 1987.30  3.47
 1988.00  3.47
 1988.70  3.47
 1989.40  3.47
 1990.10  3.47
 1990.80  3.47
 1991.50  3.47
 1992.20  3.47
 1992.90  3.47
 1993.60  3.47
 1994.30  3.47
 1995.00  3.47
 1995.70  3.47
 1996.40  3.47
 1997.10  3.47
 1997.80  3.47
 1998.50  3.47
 1999.20  3.47
 1999.90  3.47
 2000.60  3.47
 2001.30  3.47
 2002.00  3.47
 2002.70  3.47
 2003.40  3.47
 2004.10  3.47
 2004.80  3.47
 2005.50  3.47
 2006.20  3.47
 2006.90  3.47
 2007.60  3.47
 2008.30  3.47
 2009.00  3.47
 2009.70  3.47
 2010.40  3.47
 2011.10  3.47
 2011.80  3.47
 2012.50  3.47
 2013.20  3.47
 2013.90  3.47
 2014.60  3.47
 2015.30  3.47
 2016.00  3.47
 2016.70  3.47
 2017.40  3.47
 2018.10  3.47
 2018.80  3.47
 2019.50  3.47
 2020.20  3.47
 2020.90  3.47
 2021.60  3.47
 2022.30  3.47
 2023.00  3.47
 2023.70  3.47
 2024.40  3.47
 2025.10  3.47
 2025.80  3.47
 2026.50  3.47
 2027.20  3.47
 2027.90  3.47
 2028.60  3.47
 2029.30  3.47
 2030.00  3.47
 2030.70  3.47
 2031.40  3.47
 2032.10  3.47
 2032.80  3.47
 2033.50  3.47
 2034.20  3.47
 2034.90  3.47
 2035.60  3.47
 2036.30  3.47
 2037.00  3.47
 2037.70  3.47
 2038.40  3.47
 2039.10  3.47
 2039.80  3.47
 2040.50  3.47
 2041.20  3.47
 2041.90  3.47
 2042.60  3.47
 2043.30  3.47
 2044.00  3.47
 2044.70  3.47
 2045.40  3.47
 2046.10  3.47
 2046.80  3.47
 2047.50  3.47
 2048.20  3.47
 2048.90  3.47
 2049.60  3.47
 2050.30  3.47
 2051.00  3.47
 2051.70  3.47
 2052.40  3.47
 2053.10  3.47
 2053.80  3.47
 2054.50  3.47
 2055.20  3.47
 2055.90  3.47
 2056.60  3.47
 2057.30  3.47
 2058.00  3.47
 2058.70  3.47
 2059.40  3.47
 2060.10  3.47
 2060.80  3.47
 2061.50  3.47
 2062.20  3.47
 2062.90  3.47
 2063.60  3.47
 2064.30  3.47
 2065.00  3.47
 2065.70  3.47
 2066.40  3.47
 2067.10  3.47
 2067.80  3.47
 2068.50  3.47
 2069.20  3.47
 2069.90  3.47
 2070.60  3.47
 2071.30  3.47
 2072.00  3.47
 2072.70  3.47
 2073.40  3.47
 2074.10  3.47
 2074.80  3.47
 2075.50  3.47
 2076.20  3.47
 2076.90  3.47
 2077.60  3.47
 2078.30  3.47
 2079.00  3.47
 2079.70  3.47
 2080.40  3.47
 2081.10  3.47
 2081.80  3.47
 2082.50  3.47
 2083.20  3.47
 2083.90  3.47
 2084.60  3.47
 2085.30  3.47
 2086.00  3.47
 2086.70  3.47
 2087.40  3.47
 2088.10  3.47
 2088.80  3.47
 2089.50  3.47
 2090.20  3.47
 2090.90  3.47
 2091.60  3.47
 2092.30  3.47
 2093.00  3.47
 2093.70  3.47
 2094.40  3.47
 2095.10  3.47
 2095.80  3.47
 2096.50  3.47
 2097.20  3.47
 2097.90  3.47
 2098.60  3.47
 2099.30  3.47
 2100.00  3.47
 2100.70  3.47
 2101.40  3.47
 2102.10  3.47
 2102.80  3.47
 2103.50  3.47
 2104.20  3.47
 2104.90  3.47
 2105.60  3.47
 2106.30  3.47
 2107.00  3.47
 2107.70  3.47
 2108.40  3.47
 2109.10  3.47
 2109.80  3.47
 2110.50  3.47
 2111.20  3.47
 2111.90  3.47
 2112.60  3.47
 2113.30  3.47
 2114.00  3.47
 2114.70  3.47
 2115.40  3.47
 2116.10  3.47
 2116.80  3.47
 2117.50  3.47
 2118.20  3.47
 2118.90  3.47
 2119.60  3.47
 2120.30  3.47
 2121.00  3.47
 2121.70  3.47
 2122.40  3.47
 2123.10  3.47
 2123.80  3.47
 2124.50  3.47
 2125.20  3.47
 2125.90  3.47
 2126.60  3.47
 2127.30  3.47
 2128.00  3.47
 2128.70  3.47
 2129.40  3.47
 2130.10  3.47
 2130.80  3.47
 2131.50  3.47
 2132.20  3.47
 2132.90  3.47
 2133.60  3.47
 2134.30  3.47
 2135.00  3.47
 2135.70  3.47
 2136.40  3.47
 2137.10  3.47
 2137.80  3.47
 2138.50  3.47
 2139.20  3.47
 2139.90  3.47
 2140.60  3.47
 2141.30  3.47
 2142.00  3.47
 2142.70  3.47
 2143.40  3.47
 2144.10  3.47
 2144.80  3.47
 2145.50  3.47
 2146.20  3.47
 2146.90  3.47
 2147.60  3.47
 2148.30  3.47
 2149.00  3.47
 2149.70  3.47
 2150.40  3.47
 2151.10  3.47
 2151.80  3.47
 2152.50  3.47
 2153.20  3.47
 2153.90  3.47
 2154.60  3.47
 2155.30  3.47
 2156.00  3.47
 2156.70  3.47
 2157.40  3.47
 2158.10  3.47
 2158.80  3.47
 2159.50  3.47
 2160.20  3.47
 2160.90  3.47
 2161.60  3.47
 2162.30  3.47
 2163.00  3.47
 2163.70  3.47
 2164.40  3.47
 2165.10  3.47
 2165.80  3.47
 2166.50  3.47
 2167.20  3.47
 2167.90  3.47
 2168.60  3.47
 2169.30  3.47
 2170.00  3.47
 2170.70  3.47
 2171.40  3.47
 2172.10  3.47
 2172.80  3.47
 2173.50  3.47
 2174.20  3.47
 2174.90  3.47
 2175.60  3.47
 2176.30  3.47
 2177.00  3.47
 2177.70  3.47
 2178.40  3.47
 2179.10  3.47
 2179.80  3.47
 2180.50  3.47
 2181.20  3.47
 2181.90  3.47
 2182.60  3.47
 2183.30  3.47
 2184.00  3.47
 2184.70  3.47
 2185.40  3.47
 2186.10  3.47
 2186.80  3.47
 2187.50  3.47
 2188.20  3.47
 2188.90  3.47
 2189.60  3.47
 2190.30  3.47
 2191.00  3.47
 2191.70  3.47
 2192.40  3.47
 2193.10  3.47
 2193.80  3.47
 2194.50  3.47
 2195.20  3.47
 2195.90  3.47
 2196.60  3.47
 2197.30  3.47
 2198.00  3.47
 2198.70  3.47
 2199.40  3.47
 2200.10  3.47
 2200.80  3.47
 2201.50  3.47
 2202.20  3.47
 2202.90  3.47
 2203.60  3.47
 2204.30  3.47
 2205.00  3.47
 2205.70  3.47
 2206.40  3.47
 2207.10  3.47
 2207.80  3.47
 2208.50  3.47
 2209.20  3.47
 2209.90  3.47
 2210.60  3.47
 2211.30  3.47
 2212.00  3.47
 2212.70  3.47
 2213.40  3.47
 2214.10  3.47
 2214.80  3.47
 2215.50  3.47
 2216.20  3.47
 2216.90  3.47
 2217.60  3.47
 2218.30  3.47
 2219.00  3.47
 2219.70  3.47
 2220.40  3.47
 2221.10  3.47
 2221.80  3.47
 2222.50  3.47
 2223.20  3.47
 2223.90  3.47
 2224.60  3.47
 2225.30  3.47
 2226.00  3.47
 2226.70  3.47
 2227.40  3.47
 2228.10  3.47
 2228.80  3.47
 2229.50  3.47
 2230.20  3.47
 2230.90  3.47
 2231.60  3.47
 2232.30  3.47
 2233.00  3.47
 2233.70  3.47
 2234.40  3.47
 2235.10  3.47
 2235.80  3.47
 2236.50  3.47
 2237.20  3.47
 2237.90  3.47
 2238.60  3.47
 2239.30  3.47
 2240.00  3.47
 2240.70  3.47
 2241.40  3.47
 2242.10  3.47
 2242.80  3.47
 2243.50  3.47
 2244.20  3.47
 2244.90  3.47
 2245.60  3.47
 2246.30  3.47
 2247.00  3.47
 2247.70  3.47
 2248.40  3.47
 2249.10  3.47
 2249.80  3.47
 2250.50  3.47
 2251.20  3.47
 2251.90  3.47
 2252.60  3.47
 2253.30  3.47
 2254.00  3.47
 2254.70  3.47
 2255.40  3.47
 2256.10  3.47
 2256.80  3.47
 2257.50  3.47
 2258.20  3.47
 2258.90  3.47
 2259.60  3.47
 2260.30  3.47
 2261.00  3.47
 2261.70  3.47
 2262.40  3.47
 2263.10  3.47
 2263.80  3.47
 2264.50  3.47
 2265.20  3.47
 2265.90  3.47
 2266.60  3.47
 2267.30  3.47
 2268.00  3.47
 2268.70  3.47
 2269.40  3.47
 2270.10  3.47
 2270.80  3.47
 2271.50  3.47
 2272.20  3.47
 2272.90  3.47
 2273.60  3.47
 2274.30  3.47
 2275.00  3.47
 2275.70  3.47
 2276.40  3.47
 2277.10  3.47
 2277.80  3.47
 2278.50  3.47
 2279.20  3.47
 2279.90  3.47
 2280.60  3.47
 2281.30  3.47
 2282.00  3.47
 2282.70  3.47
 2283.40  3.47
 2284.10  3.47
 2284.80  3.47
 2285.50  3.47
 2286.20  3.47
 2286.90  3.47
 2287.60  3.47
 2288.30  3.47
 2289.00  3.47
 2289.70  3.47
 2290.40  3.47
 2291.10  3.47
 2291.80  3.47
 2292.50  3.47
 2293.20  3.47
 2293.90  3.47
 2294.60  3.47
 2295.30  3.47
 2296.00  3.47
 2296.70  3.47
 2297.40  3.47
 2298.10  3.47
 2298.80  3.47
 2299.50  3.47
 2300.20  3.47
 2300.90  3.47
 2301.60  3.47
 2302.30  3.47
 2303.00  3.47
 2303.70  3.47
 2304.40  3.47
 2305.10  3.47
 2305.80  3.47
 2306.50  3.47
 2307.20  3.47
 2307.90  3.47
 2308.60  3.47
 2309.30  3.47
 2310.00  3.47
 2310.70  3.47
 2311.40  3.47
 2312.10  3.47
 2312.80  3.47
 2313.50  3.47
 2314.20  3.47
 2314.90  3.47
 2315.60  3.47
 2316.30  3.47
 2317.00  3.47
 2317.70  3.47
 2318.40  3.47
 2319.10  3.47
 2319.80  3.47
 2320.50  3.47
 2321.20  3.47
 2321.90  3.47
 2322.60  3.47
 2323.30  3.47
 2324.00  3.47
 2324.70  3.47
 2325.40  3.47
 2326.10  3.47
 2326.80  3.47
 2327.50  3.47
 2328.20  3.47
 2328.90  3.47
 2329.60  3.47
 2330.30  3.47
 2331.00  3.47
 2331.70  3.47
 2332.40  3.47
 2333.10  3.47
 2333.80  3.47
 2334.50  3.47
 2335.20  3.47
 2335.90  3.47
 2336.60  3.47
 2337.30  3.47
 2338.00  3.47
 2338.70  3.47
 2339.40  3.47
 2340.10  3.47
 2340.80  3.47
 2341.50  3.47
 2342.20  3.47
 2342.90  3.47
 2343.60  3.47
 2344.30  3.47
 2345.00  3.47
 2345.70  3.47
 2346.40  3.47
 2347.10  3.47
 2347.80  3.47
 2348.50  3.47
 2349.20  3.47
 2349.90  3.47
 2350.60  3.47
 2351.30  3.47
 2352.00  3.47
 2352.70  3.47
 2353.40  3.47
 2354.10  3.47
 2354.80  3.47
 2355.50  3.47
 2356.20  3.47
 2356.90  3.47
 2357.60  3.47
 2358.30  3.47
 2359.00  3.47
 2359.70  3.47
 2360.40  3.47
 2361.10  3.47
 2361.80  3.47
 2362.50  3.47
 2363.20  3.47
 2363.90  3.47
 2364.60  3.47
 2365.30  3.47
 2366.00  3.47
 2366.70  3.47
 2367.40  3.47
 2368.10  3.47
 2368.80  3.47
 2369.50  3.47
 2370.20  3.47
 2370.90  3.47
 2371.60  3.47
 2372.30  3.47
 2373.00  3.47
 2373.70  3.47
 2374.40  3.47
 2375.10  3.47
 2375.80  3.47
 2376.50  3.47
 2377.20  3.47
 2377.90  3.47
 2378.60  3.47
 2379.30  3.47
 2380.00  3.47
 2380.70  3.47
 2381.40  3.47
 2382.10  3.47
 2382.80  3.47
 2383.50  3.47
 2384.20  3.47
 2384.90  3.47
 2385.60  3.47
 2386.30  3.47
 2387.00  3.47
 2387.70  3.47
 2388.40  3.47
 2389.10  3.47
 2389.80  3.47
 2390.50  3.47
 2391.20  3.47
 2391.90  3.47
 2392.60  3.47
 2393.30  3.47
 2394.00  3.47
 2394.70  3.47
 2395.40  3.47
 2396.10  3.47
 2396.80  3.47
 2397.50  3.47
 2398.20  3.47
 2398.90  3.47
 2399.60  3.47
 2400.30  3.47
 2401.00  3.47
 2401.70  3.47
 2402.40  3.47
 2403.10  3.47
 2403.80  3.47
 2404.50  3.47
 2405.20  3.47
 2405.90  3.47
 2406.60  3.47
 2407.30  3.47
 2408.00  3.47
 2408.70  3.47
 2409.40  3.47
 2410.10  3.47
 2410.80  3.47
 2411.50  3.47
 2412.20  3.47
 2412.90  3.47
 2413.60  3.47
 2414.30  3.47
 2415.00  3.47
 2415.70  3.47
 2416.40  3.47
 2417.10  3.47
 2417.80  3.47
 2418.50  3.47
 2419.20  3.47
 2419.90  3.47
 2420.60  3.47
 2421.30  3.47
 2422.00  3.47
 2422.70  3.47
 2423.40  3.47
 2424.10  3.47
 2424.80  3.47
 2425.50  3.47
 2426.20  3.47
 2426.90  3.47
 2427.60  3.47
 2428.30  3.47
 2429.00  3.47
 2429.70  3.47
 2430.40  3.47
 2431.10  3.47
 2431.80  3.47
 2432.50  3.47
 2433.20  3.47
 2433.90  3.47
 2434.60  3.47
 2435.30  3.47
 2436.00  3.47
 2436.70  3.47
 2437.40  3.47
 2438.10  3.47
 2438.80  3.47
 2439.50  3.47
 2440.20  3.47
 2440.90  3.47
 2441.60  3.47
 2442.30  3.47
 2443.00  3.47
 2443.70  3.47
 2444.40  3.47
 2445.10  3.47
 2445.80  3.47
 2446.50  3.47
 2447.20  3.47
 2447.90  3.47
 2448.60  3.47
 2449.30  3.47
 2450.00  3.47
 2450.70  3.47
 2451.40  3.47
 2452.10  3.47
 2452.80  3.47
 2453.50  3.47
 2454.20  3.47
 2454.90  3.47
 2455.60  3.47
 2456.30  3.47
 2457.00  3.47
 2457.70  3.47
 2458.40  3.47
 2459.10  3.47
 2459.80  3.47
 2460.50  3.47
 2461.20  3.47
 2461.90  3.47
 2462.60  3.47
 2463.30  3.47
 2464.00  3.47
 2464.70  3.47
 2465.40  3.47
 2466.10  3.47
 2466.80  3.47
 2467.50  3.47
 2468.20  3.47
 2468.90  3.47
 2469.60  3.47
 2470.30  3.47
 2471.00  3.47
 2471.70  3.47
 2472.40  3.47
 2473.10  3.47
 2473.80  3.47
 2474.50  3.47
 2475.20  3.47
 2475.90  3.47
 2476.60  3.47
 2477.30  3.47
 2478.00  3.47
 2478.70  3.47
 2479.40  3.47
 2480.10  3.47
 2480.80  3.47
 2481.50  3.47
 2482.20  3.47
 2482.90  3.47
 2483.60  3.47
 2484.30  3.47
 2485.00  3.47
 2485.70  3.47
 2486.40  3.47
 2487.10  3.47
 2487.80  3.47
 2488.50  3.47
 2489.20  3.47
 2489.90  3.47
 2490.60  3.47
 2491.30  3.47
 2492.00  3.47
 2492.70  3.47
 2493.40  3.47
 2494.10  3.47
 2494.80  3.47
 2495.50  3.47
 2496.20  3.47
 2496.90  3.47
 2497.60  3.47
 2498.30  3.47
 2499.00  3.47
 2499.70  3.47
 2500.40  3.47
 2501.10  3.47
 2501.80  3.47
 2502.50  3.47
 2503.20  3.47
 2503.90  3.47
 2504.60  3.47
 2505.30  3.47
 2506.00  3.47
 2506.70  3.47
 2507.40  3.47
 2508.10  3.47
 2508.80  3.47
 2509.50  3.47
 2510.20  3.47
 2510.90  3.47
 2511.60  3.47
 2512.30  3.47
 2513.00  3.47
 2513.70  3.47
 2514.40  3.47
 2515.10  3.47
 2515.80  3.47
 2516.50  3.47
 2517.20  3.47
 2517.90  3.47
 2518.60  3.47
 2519.30  3.47
 2520.00  3.47
 2520.70  3.47
 2521.40  3.47
 2522.10  3.47
 2522.80  3.47
 2523.50  3.47
 2524.20  3.47
 2524.90  3.47
 2525.60  3.47
 2526.30  3.47
 2527.00  3.47
 2527.70  3.47
 2528.40  3.47
 2529.10  3.47
 2529.80  3.47
 2530.50  3.47
 2531.20  3.47
 2531.90  3.47
 2532.60  3.47
 2533.30  3.47
 2534.00  3.47
 2534.70  3.47
 2535.40  3.47
 2536.10  3.47
 2536.80  3.47
 2537.50  3.47
 2538.20  3.47
 2538.90  3.47
 2539.60  3.47
 2540.30  3.47
 2541.00  3.47
 2541.70  3.47
 2542.40  3.47
 2543.10  3.47
 2543.80  3.47
 2544.50  3.47
 2545.20  3.47
 2545.90  3.47
 2546.60  3.47
 2547.30  3.47
 2548.00  3.47
 2548.70  3.47
 2549.40  3.47
 2550.10  3.47
 2550.80  3.47
 2551.50  3.47
 2552.20  3.47
 2552.90  3.47
 2553.60  3.47
 2554.30  3.47
 2555.00  3.47
 2555.70  3.47
 2556.40  3.47
 2557.10  3.47
 2557.80  3.47
 2558.50  3.47
 2559.20  3.47
 2559.90  3.47
 2560.60  3.47
 2561.30  3.47
 2562.00  3.47
 2562.70  3.47
 2563.40  3.47
 2564.10  3.47
 2564.80  3.47
 2565.50  3.47
 2566.20  3.47
 2566.90  3.47
 2567.60  3.47
 2568.30  3.47
 2569.00  3.47
 2569.70  3.47
 2570.40  3.47
 2571.10  3.47
 2571.80  3.47
 2572.50  3.47
 2573.20  3.47
 2573.90  3.47
 2574.60  3.47
 2575.30  3.47
 2576.00  3.47
 2576.70  3.47
 2577.40  3.47
 2578.10  3.47
 2578.80  3.47
 2579.50  3.47
 2580.20  3.47
 2580.90  3.47
 2581.60  3.47
 2582.30  3.47
 2583.00  3.47
 2583.70  3.47
 2584.40  3.47
 2585.10  3.47
 2585.80  3.47
 2586.50  3.47
 2587.20  3.47
 2587.90  3.47
 2588.60  3.47
 2589.30  3.47
 2590.00  3.47
 2590.70  3.47
 2591.40  3.47
 2592.10  3.47
 2592.80  3.47
 2593.50  3.47
 2594.20  3.47
 2594.90  3.47
 2595.60  3.47
 2596.30  3.47
 2597.00  3.47
 2597.70  3.47
 2598.40  3.47
 2599.10  3.47
 2599.80  3.47
 2600.50  3.47
 2601.20  3.47
 2601.90  3.47
 2602.60  3.47
 2603.30  3.47
 2604.00  3.47
 2604.70  3.47
 2605.40  3.47
 2606.10  3.47
 2606.80  3.47
 2607.50  3.47
 2608.20  3.47
 2608.90  3.47
 2609.60  3.47
 2610.30  3.47
 2611.00  3.47
 2611.70  3.47
 2612.40  3.47
 2613.10  3.47
 2613.80  3.47
 2614.50  3.47
 2615.20  3.47
 2615.90  3.47
 2616.60  3.47
 2617.30  3.47
 2618.00  3.47
 2618.70  3.47
 2619.40  3.47
 2620.10  3.47
 2620.80  3.47
 2621.50  3.47
 2622.20  3.47
 2622.90  3.47
 2623.60  3.47
 2624.30  3.47
 2625.00  3.47
 2625.70  3.47
 2626.40  3.47
 2627.10  3.47
 2627.80  3.47
 2628.50  3.47
 2629.20  3.47
 2629.90  3.47
 2630.60  3.47
 2631.30  3.47
 2632.00  3.47
 2632.70  3.47
 2633.40  3.47
 2634.10  3.47
 2634.80  3.47
 2635.50  3.47
 2636.20  3.47
 2636.90  3.47
 2637.60  3.47
 2638.30  3.47
 2639.00  3.47
 2639.70  3.47
 2640.40  3.47
 2641.10  3.47
 2641.80  3.47
 2642.50  3.47
 2643.20  3.47
 2643.90  3.47
 2644.60  3.47
 2645.30  3.47
 2646.00  3.47
 2646.70  3.47
 2647.40  3.47
 2648.10  3.47
 2648.80  3.47
 2649.50  3.47
 2650.20  3.47
 2650.90  3.47
 2651.60  3.47
 2652.30  3.47
 2653.00  3.47
 2653.70  3.47
 2654.40  3.47
 2655.10  3.47
 2655.80  3.47
 2656.50  3.47
 2657.20  3.47
 2657.90  3.47
 2658.60  3.47
 2659.30  3.47
 2660.00  3.47
 2660.70  3.47
 2661.40  3.47
 2662.10  3.47
 2662.80  3.47
 2663.50  3.47
 2664.20  3.47
 2664.90  3.47
 2665.60  3.47
 2666.30  3.47
 2667.00  3.47
 2667.70  3.47
 2668.40  3.47
 2669.10  3.47
 2669.80  3.47
 2670.50  3.47
 2671.20  3.47
 2671.90  3.47
 2672.60  3.47
 2673.30  3.47
 2674.00  3.47
 2674.70  3.47
 2675.40  3.47
 2676.10  3.47
 2676.80  3.47
 2677.50  3.47
 2678.20  3.47
 2678.90  3.47
 2679.60  3.47
 2680.30  3.47
 2681.00  3.47
 2681.70  3.47
 2682.40  3.47
 2683.10  3.47
 2683.80  3.47
 2684.50  3.47
 2685.20  3.47
 2685.90  3.47
 2686.60  3.47
 2687.30  3.47
 2688.00  3.47
 2688.70  3.47
 2689.40  3.47
 2690.10  3.47
 2690.80  3.47
 2691.50  3.47
 2692.20  3.47
 2692.90  3.47
 2693.60  3.47
 2694.30  3.47
 2695.00  3.47
 2695.70  3.47
 2696.40  3.47
 2697.10  3.47
 2697.80  3.47
 2698.50  3.47
 2699.20  3.47
 2699.90  3.47
 2700.60  3.47
 2701.30  3.47
 2702.00  3.47
 2702.70  3.47
 2703.40  3.47
 2704.10  3.47
 2704.80  3.47
 2705.50  3.47
 2706.20  3.47
 2706.90  3.47
 2707.60  3.47
 2708.30  3.47
 2709.00  3.47
 2709.70  3.47
 2710.40  3.47
 2711.10  3.47
 2711.80  3.47
 2712.50  3.47
 2713.20  3.47
 2713.90  3.47
 2714.60  3.47
 2715.30  3.47
 2716.00  3.47
 2716.70  3.47
 2717.40  3.47
 2718.10  3.47
 2718.80  3.47
 2719.50  3.47
 2720.20  3.47
 2720.90  3.47
 2721.60  3.47
 2722.30  3.47
 2723.00  3.47
 2723.70  3.47
 2724.40  3.47
 2725.10  3.47
 2725.80  3.47
 2726.50  3.47
 2727.20  3.47
 2727.90  3.47
 2728.60  3.47
 2729.30  3.47
 2730.00  3.47
 2730.70  3.47
 2731.40  3.47
 2732.10  3.47
 2732.80  3.47
 2733.50  3.47
 2734.20  3.47
 2734.90  3.47
 2735.60  3.47
 2736.30  3.47
 2737.00  3.47
 2737.70  3.47
 2738.40  3.47
 2739.10  3.47
 2739.80  3.47
 2740.50  3.47
 2741.20  3.47
 2741.90  3.47
 2742.60  3.47
 2743.30  3.47
 2744.00  3.47
 2744.70  3.47
 2745.40  3.47
 2746.10  3.47
 2746.80  3.47
 2747.50  3.47
 2748.20  3.47
 2748.90  3.47
 2749.60  3.47
 2750.30  3.47
 2751.00  3.47
 2751.70  3.47
 2752.40  3.47
 2753.10  3.47
 2753.80  3.47
 2754.50  3.47
 2755.20  3.47
 2755.90  3.47
 2756.60  3.47
 2757.30  3.47
 2758.00  3.47
 2758.70  3.47
 2759.40  3.47
 2760.10  3.47
 2760.80  3.47
 2761.50  3.47
 2762.20  3.47
 2762.90  3.47
 2763.60  3.47
 2764.30  3.47
 2765.00  3.47
 2765.70  3.47
 2766.40  3.47
 2767.10  3.47
 2767.80  3.47
 2768.50  3.47
 2769.20  3.47
 2769.90  3.47
 2770.60  3.47
 2771.30  3.47
 2772.00  3.47
 2772.70  3.47
 2773.40  3.47
 2774.10  3.47
 2774.80  3.47
 2775.50  3.47
 2776.20  3.47
 2776.90  3.47
 2777.60  3.47
 2778.30  3.47
 2779.00  3.47
 2779.70  3.47
 2780.40  3.47
 2781.10  3.47
 2781.80  3.47
 2782.50  3.47
 2783.20  3.47
 2783.90  3.47
 2784.60  3.47
 2785.30  3.47
 2786.00  3.47
 2786.70  3.47
 2787.40  3.47
 2788.10  3.47
 2788.80  3.47
 2789.50  3.47
 2790.20  3.47
 2790.90  3.47
 2791.60  3.47
 2792.30  3.47
 2793.00  3.47
 2793.70  3.47
 2794.40  3.47
 2795.10  3.47
 2795.80  3.47
 2796.50  3.47
 2797.20  3.47
 2797.90  3.47
 2798.60  3.47
 2799.30  3.47
 2800.00  3.47
 2800.70  3.47
 2801.40  3.47
 2802.10  3.47
 2802.80  3.47
 2803.50  3.47
 2804.20  3.47
 2804.90  3.47
 2805.60  3.47
 2806.30  3.47
 2807.00  3.47
 2807.70  3.47
 2808.40  3.47
 2809.10  3.47
 2809.80  3.47
 2810.50  3.47
 2811.20  3.47
 2811.90  3.47
 2812.60  3.47
 2813.30  3.47
 2814.00  3.47
 2814.70  3.47
 2815.40  3.47
 2816.10  3.47
 2816.80  3.47
 2817.50  3.47
 2818.20  3.47
 2818.90  3.47
 2819.60  3.47
 2820.30  3.47
 2821.00  3.47
 2821.70  3.47
 2822.40  3.47
 2823.10  3.47
 2823.80  3.47
 2824.50  3.47
 2825.20  3.47
 2825.90  3.47
 2826.60  3.47
 2827.30  3.47
 2828.00  3.47
 2828.70  3.47
 2829.40  3.47
 2830.10  3.47
 2830.80  3.47
 2831.50  3.47
 2832.20  3.47
 2832.90  3.47
 2833.60  3.47
 2834.30  3.47
 2835.00  3.47
 2835.70  3.47
 2836.40  3.47
 2837.10  3.47
 2837.80  3.47
 2838.50  3.47
 2839.20  3.47
 2839.90  3.47
 2840.60  3.47
 2841.30  3.47
 2842.00  3.47
 2842.70  3.47
 2843.40  3.47
 2844.10  3.47
 2844.80  3.47
 2845.50  3.47
 2846.20  3.47
 2846.90  3.47
 2847.60  3.47
 2848.30  3.47
 2849.00  3.47
 2849.70  3.47
 2850.40  3.47
 2851.10  3.47
 2851.80  3.47
 2852.50  3.47
 2853.20  3.47
 2853.90  3.47
 2854.60  3.47
 2855.30  3.47
 2856.00  3.47
 2856.70  3.47
 2857.40  3.47
 2858.10  3.47
 2858.80  3.47
 2859.50  3.47
 2860.20  3.47
 2860.90  3.47
 2861.60  3.47
 2862.30  3.47
 2863.00  3.47
 2863.70  3.47
 2864.40  3.47
 2865.10  3.47
 2865.80  3.47
 2866.50  3.47
 2867.20  3.47
 2867.90  3.47
 2868.60  3.47
 2869.30  3.47
 2870.00  3.47
 2870.70  3.47
 2871.40  3.47
 2872.10  3.47
 2872.80  3.47
 2873.50  3.47
 2874.20  3.47
 2874.90  3.47
 2875.60  3.47
 2876.30  3.47
 2877.00  3.47
 2877.70  3.47
 2878.40  3.47
 2879.10  3.47
 2879.80  3.47
 2880.50  3.47
 2881.20  3.47
 2881.90  3.47
 2882.60  3.47
 2883.30  3.47
 2884.00  3.47
 2884.70  3.47
 2885.40  3.47
 2886.10  3.47
 2886.80  3.47
 2887.50  3.47
 2888.20  3.47
 2888.90  3.47
 2889.60  3.47
 2890.30  3.47
 2891.00  3.47
 2891.70  3.47
 2892.40  3.47
 2893.10  3.47
 2893.80  3.47
 2894.50  3.47
 2895.20  3.47
 2895.90  3.47
 2896.60  3.47
 2897.30  3.47
 2898.00  3.47
 2898.70  3.47
 2899.40  3.47
 2900.10  3.47
 2900.80  3.47
 2901.50  3.47
 2902.20  3.47
 2902.90  3.47
 2903.60  3.47
 2904.30  3.47
 2905.00  3.47
 2905.70  3.47
 2906.40  3.47
 2907.10  3.47
 2907.80  3.47
 2908.50  3.47
 2909.20  3.47
 2909.90  3.47
 2910.60  3.47
 2911.30  3.47
 2912.00  3.47
 2912.70  3.47
 2913.40  3.47
 2914.10  3.47
 2914.80  3.47
 2915.50  3.47
 2916.20  3.47
 2916.90  3.47
 2917.60  3.47
 2918.30  3.47
 2919.00  3.47
 2919.70  3.47
 2920.40  3.47
 2921.10  3.47
 2921.80  3.47
 2922.50  3.47
 2923.20  3.47
 2923.90  3.47
 2924.60  3.47
 2925.30  3.47
 2926.00  3.47
 2926.70  3.47
 2927.40  3.47
 2928.10  3.47
 2928.80  3.47
 2929.50  3.47
 2930.20  3.47
 2930.90  3.47
 2931.60  3.47
 2932.30  3.47
 2933.00  3.47
 2933.70  3.47
 2934.40  3.47
 2935.10  3.47
 2935.80  3.47
 2936.50  3.47
 2937.20  3.47
 2937.90  3.47
 2938.60  3.47
 2939.30  3.47
 2940.00  3.47
 2940.70  3.47
 2941.40  3.47
 2942.10  3.47
 2942.80  3.47
 2943.50  3.47
 2944.20  3.47
 2944.90  3.47
 2945.60  3.47
 2946.30  3.47
 2947.00  3.47
 2947.70  3.47
 2948.40  3.47
 2949.10  3.47
 2949.80  3.47
 2950.50  3.47
 2951.20  3.47
 2951.90  3.47
 2952.60  3.47
 2953.30  3.47
 2954.00  3.47
 2954.70  3.47
 2955.40  3.47
 2956.10  3.47
 2956.80  3.47
 2957.50  3.47
 2958.20  3.47
 2958.90  3.47
 2959.60  3.47
 2960.30  3.47
 2961.00  3.47
 2961.70  3.47
 2962.40  3.47
 2963.10  3.47
 2963.80  3.47
 2964.50  3.47
 2965.20  3.47
 2965.90  3.47
 2966.60  3.47
 2967.30  3.47
 2968.00  3.47
 2968.70  3.47
 2969.40  3.47
 2970.10  3.47
 2970.80  3.47
 2971.50  3.47
 2972.20  3.47
 2972.90  3.47
 2973.60  3.47
 2974.30  3.47
 2975.00  3.47
 2975.70  3.47
 2976.40  3.47
 2977.10  3.47
 2977.80  3.47
 2978.50  3.47
 2979.20  3.47
 2979.90  3.47
 2980.60  3.47
 2981.30  3.47
 2982.00  3.47
 2982.70  3.47
 2983.40  3.47
 2984.10  3.47
 2984.80  3.47
 2985.50  3.47
 2986.20  3.47
 2986.90  3.47
 2987.60  3.47
 2988.30  3.47
 2989.00  3.47
 2989.70  3.47
 2990.40  3.47
 2991.10  3.47
 2991.80  3.47
 2992.50  3.47
 2993.20  3.47
 2993.90  3.47
 2994.60  3.47
 2995.30  3.47
 2996.00  3.47
 2996.70  3.47
 2997.40  3.47
 2998.10  3.47
 2998.80  3.47
 2999.50  3.47
