#Navio B MarAd
#Manobra de Curva Giro
#
#Eta 
#
#temp      rot 
 0.00  1.00
 0.70  1.00
 1.40  1.00
 2.10  1.00
 2.80  1.00
 3.50  1.00
 4.20  1.00
 4.90  1.00
 5.60  1.00
 6.30  1.00
 7.00  1.00
 7.70  1.00
 8.40  1.00
 9.10  1.00
 9.80  1.01
 10.50  1.01
 11.20  1.01
 11.90  1.01
 12.60  1.01
 13.30  1.01
 14.00  1.01
 14.70  1.01
 15.40  1.01
 16.10  1.01
 16.80  1.01
 17.50  1.01
 18.20  1.01
 18.90  1.01
 19.60  1.01
 20.30  1.01
 21.00  1.01
 21.70  1.01
 22.40  1.01
 23.10  1.01
 23.80  1.01
 24.50  1.02
 25.20  1.02
 25.90  1.02
 26.60  1.02
 27.30  1.02
 28.00  1.02
 28.70  1.02
 29.40  1.02
 30.10  1.02
 30.80  1.02
 31.50  1.02
 32.20  1.02
 32.90  1.02
 33.60  1.02
 34.30  1.02
 35.00  1.02
 35.70  1.02
 36.40  1.02
 37.10  1.03
 37.80  1.03
 38.50  1.03
 39.20  1.03
 39.90  1.03
 40.60  1.03
 41.30  1.03
 42.00  1.03
 42.70  1.03
 43.40  1.03
 44.10  1.03
 44.80  1.03
 45.50  1.03
 46.20  1.03
 46.90  1.04
 47.60  1.04
 48.30  1.04
 49.00  1.04
 49.70  1.04
 50.40  1.04
 51.10  1.04
 51.80  1.04
 52.50  1.04
 53.20  1.04
 53.90  1.04
 54.60  1.04
 55.30  1.04
 56.00  1.05
 56.70  1.05
 57.40  1.05
 58.10  1.05
 58.80  1.05
 59.50  1.05
 60.20  1.05
 60.90  1.05
 61.60  1.05
 62.30  1.05
 63.00  1.05
 63.70  1.06
 64.40  1.06
 65.10  1.06
 65.80  1.06
 66.50  1.06
 67.20  1.06
 67.90  1.06
 68.60  1.06
 69.30  1.06
 70.00  1.06
 70.70  1.07
 71.40  1.07
 72.10  1.07
 72.80  1.07
 73.50  1.07
 74.20  1.07
 74.90  1.07
 75.60  1.07
 76.30  1.08
 77.00  1.08
 77.70  1.08
 78.40  1.08
 79.10  1.08
 79.80  1.08
 80.50  1.08
 81.20  1.08
 81.90  1.09
 82.60  1.09
 83.30  1.09
 84.00  1.09
 84.70  1.09
 85.40  1.09
 86.10  1.09
 86.80  1.09
 87.50  1.10
 88.20  1.10
 88.90  1.10
 89.60  1.10
 90.30  1.10
 91.00  1.10
 91.70  1.10
 92.40  1.11
 93.10  1.11
 93.80  1.11
 94.50  1.11
 95.20  1.11
 95.90  1.11
 96.60  1.12
 97.30  1.12
 98.00  1.12
 98.70  1.12
 99.40  1.12
 100.10  1.12
 100.80  1.13
 101.50  1.13
 102.20  1.13
 102.90  1.13
 103.60  1.13
 104.30  1.13
 105.00  1.14
 105.70  1.14
 106.40  1.14
 107.10  1.14
 107.80  1.14
 108.50  1.14
 109.20  1.15
 109.90  1.15
 110.60  1.15
 111.30  1.15
 112.00  1.15
 112.70  1.16
 113.40  1.16
 114.10  1.16
 114.80  1.16
 115.50  1.16
 116.20  1.16
 116.90  1.17
 117.60  1.17
 118.30  1.17
 119.00  1.17
 119.70  1.17
 120.40  1.18
 121.10  1.18
 121.80  1.18
 122.50  1.18
 123.20  1.18
 123.90  1.19
 124.60  1.19
 125.30  1.19
 126.00  1.19
 126.70  1.20
 127.40  1.20
 128.10  1.20
 128.80  1.20
 129.50  1.20
 130.20  1.21
 130.90  1.21
 131.60  1.21
 132.30  1.21
 133.00  1.21
 133.70  1.22
 134.40  1.22
 135.10  1.22
 135.80  1.22
 136.50  1.23
 137.20  1.23
 137.90  1.23
 138.60  1.23
 139.30  1.24
 140.00  1.24
 140.70  1.24
 141.40  1.24
 142.10  1.24
 142.80  1.25
 143.50  1.25
 144.20  1.25
 144.90  1.25
 145.60  1.26
 146.30  1.26
 147.00  1.26
 147.70  1.26
 148.40  1.27
 149.10  1.27
 149.80  1.27
 150.50  1.27
 151.20  1.28
 151.90  1.28
 152.60  1.28
 153.30  1.28
 154.00  1.29
 154.70  1.29
 155.40  1.29
 156.10  1.29
 156.80  1.30
 157.50  1.30
 158.20  1.30
 158.90  1.30
 159.60  1.31
 160.30  1.31
 161.00  1.31
 161.70  1.31
 162.40  1.32
 163.10  1.32
 163.80  1.32
 164.50  1.32
 165.20  1.33
 165.90  1.33
 166.60  1.33
 167.30  1.34
 168.00  1.34
 168.70  1.34
 169.40  1.34
 170.10  1.35
 170.80  1.35
 171.50  1.35
 172.20  1.35
 172.90  1.36
 173.60  1.36
 174.30  1.36
 175.00  1.36
 175.70  1.37
 176.40  1.37
 177.10  1.37
 177.80  1.38
 178.50  1.38
 179.20  1.38
 179.90  1.38
 180.60  1.39
 181.30  1.39
 182.00  1.39
 182.70  1.40
 183.40  1.40
 184.10  1.40
 184.80  1.40
 185.50  1.41
 186.20  1.41
 186.90  1.41
 187.60  1.42
 188.30  1.42
 189.00  1.42
 189.70  1.42
 190.40  1.43
 191.10  1.43
 191.80  1.43
 192.50  1.44
 193.20  1.44
 193.90  1.44
 194.60  1.44
 195.30  1.45
 196.00  1.45
 196.70  1.45
 197.40  1.46
 198.10  1.46
 198.80  1.46
 199.50  1.46
 200.20  1.47
 200.90  1.47
 201.60  1.47
 202.30  1.48
 203.00  1.48
 203.70  1.48
 204.40  1.48
 205.10  1.49
 205.80  1.49
 206.50  1.49
 207.20  1.50
 207.90  1.50
 208.60  1.50
 209.30  1.51
 210.00  1.51
 210.70  1.51
 211.40  1.51
 212.10  1.52
 212.80  1.52
 213.50  1.52
 214.20  1.53
 214.90  1.53
 215.60  1.53
 216.30  1.53
 217.00  1.54
 217.70  1.54
 218.40  1.54
 219.10  1.55
 219.80  1.55
 220.50  1.55
 221.20  1.56
 221.90  1.56
 222.60  1.56
 223.30  1.56
 224.00  1.57
 224.70  1.57
 225.40  1.57
 226.10  1.58
 226.80  1.58
 227.50  1.58
 228.20  1.59
 228.90  1.59
 229.60  1.59
 230.30  1.59
 231.00  1.60
 231.70  1.60
 232.40  1.60
 233.10  1.61
 233.80  1.61
 234.50  1.61
 235.20  1.62
 235.90  1.62
 236.60  1.62
 237.30  1.62
 238.00  1.63
 238.70  1.63
 239.40  1.63
 240.10  1.64
 240.80  1.64
 241.50  1.64
 242.20  1.65
 242.90  1.65
 243.60  1.65
 244.30  1.65
 245.00  1.66
 245.70  1.66
 246.40  1.66
 247.10  1.67
 247.80  1.67
 248.50  1.67
 249.20  1.68
 249.90  1.68
 250.60  1.68
 251.30  1.68
 252.00  1.69
 252.70  1.69
 253.40  1.69
 254.10  1.70
 254.80  1.70
 255.50  1.70
 256.20  1.71
 256.90  1.71
 257.60  1.71
 258.30  1.71
 259.00  1.72
 259.70  1.72
 260.40  1.72
 261.10  1.73
 261.80  1.73
 262.50  1.73
 263.20  1.74
 263.90  1.74
 264.60  1.74
 265.30  1.74
 266.00  1.75
 266.70  1.75
 267.40  1.75
 268.10  1.76
 268.80  1.76
 269.50  1.76
 270.20  1.76
 270.90  1.77
 271.60  1.77
 272.30  1.77
 273.00  1.78
 273.70  1.78
 274.40  1.78
 275.10  1.79
 275.80  1.79
 276.50  1.79
 277.20  1.79
 277.90  1.80
 278.60  1.80
 279.30  1.80
 280.00  1.81
 280.70  1.81
 281.40  1.81
 282.10  1.81
 282.80  1.82
 283.50  1.82
 284.20  1.82
 284.90  1.83
 285.60  1.83
 286.30  1.83
 287.00  1.83
 287.70  1.84
 288.40  1.84
 289.10  1.84
 289.80  1.85
 290.50  1.85
 291.20  1.85
 291.90  1.85
 292.60  1.86
 293.30  1.86
 294.00  1.86
 294.70  1.87
 295.40  1.87
 296.10  1.87
 296.80  1.87
 297.50  1.88
 298.20  1.88
 298.90  1.88
 299.60  1.89
 300.30  1.89
 301.00  1.89
 301.70  1.89
 302.40  1.90
 303.10  1.90
 303.80  1.90
 304.50  1.91
 305.20  1.91
 305.90  1.91
 306.60  1.91
 307.30  1.92
 308.00  1.92
 308.70  1.92
 309.40  1.93
 310.10  1.93
 310.80  1.93
 311.50  1.93
 312.20  1.94
 312.90  1.94
 313.60  1.94
 314.30  1.94
 315.00  1.95
 315.70  1.95
 316.40  1.95
 317.10  1.96
 317.80  1.96
 318.50  1.96
 319.20  1.96
 319.90  1.97
 320.60  1.97
 321.30  1.97
 322.00  1.97
 322.70  1.98
 323.40  1.98
 324.10  1.98
 324.80  1.99
 325.50  1.99
 326.20  1.99
 326.90  1.99
 327.60  2.00
 328.30  2.00
 329.00  2.00
 329.70  2.00
 330.40  2.01
 331.10  2.01
 331.80  2.01
 332.50  2.01
 333.20  2.02
 333.90  2.02
 334.60  2.02
 335.30  2.03
 336.00  2.03
 336.70  2.03
 337.40  2.03
 338.10  2.04
 338.80  2.04
 339.50  2.04
 340.20  2.04
 340.90  2.05
 341.60  2.05
 342.30  2.05
 343.00  2.05
 343.70  2.06
 344.40  2.06
 345.10  2.06
 345.80  2.06
 346.50  2.07
 347.20  2.07
 347.90  2.07
 348.60  2.07
 349.30  2.08
 350.00  2.08
 350.70  2.08
 351.40  2.08
 352.10  2.09
 352.80  2.09
 353.50  2.09
 354.20  2.09
 354.90  2.10
 355.60  2.10
 356.30  2.10
 357.00  2.10
 357.70  2.11
 358.40  2.11
 359.10  2.11
 359.80  2.11
 360.50  2.12
 361.20  2.12
 361.90  2.12
 362.60  2.12
 363.30  2.13
 364.00  2.13
 364.70  2.13
 365.40  2.13
 366.10  2.14
 366.80  2.14
 367.50  2.14
 368.20  2.14
 368.90  2.15
 369.60  2.15
 370.30  2.15
 371.00  2.15
 371.70  2.16
 372.40  2.16
 373.10  2.16
 373.80  2.16
 374.50  2.17
 375.20  2.17
 375.90  2.17
 376.60  2.17
 377.30  2.17
 378.00  2.18
 378.70  2.18
 379.40  2.18
 380.10  2.18
 380.80  2.19
 381.50  2.19
 382.20  2.19
 382.90  2.19
 383.60  2.20
 384.30  2.20
 385.00  2.20
 385.70  2.20
 386.40  2.20
 387.10  2.21
 387.80  2.21
 388.50  2.21
 389.20  2.21
 389.90  2.22
 390.60  2.22
 391.30  2.22
 392.00  2.22
 392.70  2.22
 393.40  2.23
 394.10  2.23
 394.80  2.23
 395.50  2.23
 396.20  2.24
 396.90  2.24
 397.60  2.24
 398.30  2.24
 399.00  2.24
 399.70  2.25
 400.40  2.25
 401.10  2.25
 401.80  2.25
 402.50  2.25
 403.20  2.26
 403.90  2.26
 404.60  2.26
 405.30  2.26
 406.00  2.27
 406.70  2.27
 407.40  2.27
 408.10  2.27
 408.80  2.27
 409.50  2.28
 410.20  2.28
 410.90  2.28
 411.60  2.28
 412.30  2.28
 413.00  2.29
 413.70  2.29
 414.40  2.29
 415.10  2.29
 415.80  2.29
 416.50  2.30
 417.20  2.30
 417.90  2.30
 418.60  2.30
 419.30  2.30
 420.00  2.31
 420.70  2.31
 421.40  2.31
 422.10  2.31
 422.80  2.31
 423.50  2.32
 424.20  2.32
 424.90  2.32
 425.60  2.32
 426.30  2.32
 427.00  2.33
 427.70  2.33
 428.40  2.33
 429.10  2.33
 429.80  2.33
 430.50  2.34
 431.20  2.34
 431.90  2.34
 432.60  2.34
 433.30  2.34
 434.00  2.35
 434.70  2.35
 435.40  2.35
 436.10  2.35
 436.80  2.35
 437.50  2.35
 438.20  2.36
 438.90  2.36
 439.60  2.36
 440.30  2.36
 441.00  2.36
 441.70  2.37
 442.40  2.37
 443.10  2.37
 443.80  2.37
 444.50  2.37
 445.20  2.37
 445.90  2.38
 446.60  2.38
 447.30  2.38
 448.00  2.38
 448.70  2.38
 449.40  2.39
 450.10  2.39
 450.80  2.39
 451.50  2.39
 452.20  2.39
 452.90  2.39
 453.60  2.40
 454.30  2.40
 455.00  2.40
 455.70  2.40
 456.40  2.40
 457.10  2.40
 457.80  2.41
 458.50  2.41
 459.20  2.41
 459.90  2.41
 460.60  2.41
 461.30  2.41
 462.00  2.42
 462.70  2.42
 463.40  2.42
 464.10  2.42
 464.80  2.42
 465.50  2.42
 466.20  2.43
 466.90  2.43
 467.60  2.43
 468.30  2.43
 469.00  2.43
 469.70  2.43
 470.40  2.44
 471.10  2.44
 471.80  2.44
 472.50  2.44
 473.20  2.44
 473.90  2.44
 474.60  2.45
 475.30  2.45
 476.00  2.45
 476.70  2.45
 477.40  2.45
 478.10  2.45
 478.80  2.45
 479.50  2.46
 480.20  2.46
 480.90  2.46
 481.60  2.46
 482.30  2.46
 483.00  2.46
 483.70  2.47
 484.40  2.47
 485.10  2.47
 485.80  2.47
 486.50  2.47
 487.20  2.47
 487.90  2.47
 488.60  2.48
 489.30  2.48
 490.00  2.48
 490.70  2.48
 491.40  2.48
 492.10  2.48
 492.80  2.48
 493.50  2.49
 494.20  2.49
 494.90  2.49
 495.60  2.49
 496.30  2.49
 497.00  2.49
 497.70  2.49
 498.40  2.50
 499.10  2.50
 499.80  2.50
 500.50  2.50
 501.20  2.50
 501.90  2.50
 502.60  2.50
 503.30  2.51
 504.00  2.51
 504.70  2.51
 505.40  2.51
 506.10  2.51
 506.80  2.51
 507.50  2.51
 508.20  2.52
 508.90  2.52
 509.60  2.52
 510.30  2.52
 511.00  2.52
 511.70  2.52
 512.40  2.52
 513.10  2.53
 513.80  2.53
 514.50  2.53
 515.20  2.53
 515.90  2.53
 516.60  2.53
 517.30  2.53
 518.00  2.53
 518.70  2.54
 519.40  2.54
 520.10  2.54
 520.80  2.54
 521.50  2.54
 522.20  2.54
 522.90  2.54
 523.60  2.54
 524.30  2.55
 525.00  2.55
 525.70  2.55
 526.40  2.55
 527.10  2.55
 527.80  2.55
 528.50  2.55
 529.20  2.55
 529.90  2.56
 530.60  2.56
 531.30  2.56
 532.00  2.56
 532.70  2.56
 533.40  2.56
 534.10  2.56
 534.80  2.56
 535.50  2.57
 536.20  2.57
 536.90  2.57
 537.60  2.57
 538.30  2.57
 539.00  2.57
 539.70  2.57
 540.40  2.57
 541.10  2.57
 541.80  2.58
 542.50  2.58
 543.20  2.58
 543.90  2.58
 544.60  2.58
 545.30  2.58
 546.00  2.58
 546.70  2.58
 547.40  2.58
 548.10  2.59
 548.80  2.59
 549.50  2.59
 550.20  2.59
 550.90  2.59
 551.60  2.59
 552.30  2.59
 553.00  2.59
 553.70  2.59
 554.40  2.60
 555.10  2.60
 555.80  2.60
 556.50  2.60
 557.20  2.60
 557.90  2.60
 558.60  2.60
 559.30  2.60
 560.00  2.60
 560.70  2.61
 561.40  2.61
 562.10  2.61
 562.80  2.61
 563.50  2.61
 564.20  2.61
 564.90  2.61
 565.60  2.61
 566.30  2.61
 567.00  2.61
 567.70  2.62
 568.40  2.62
 569.10  2.62
 569.80  2.62
 570.50  2.62
 571.20  2.62
 571.90  2.62
 572.60  2.62
 573.30  2.62
 574.00  2.62
 574.70  2.63
 575.40  2.63
 576.10  2.63
 576.80  2.63
 577.50  2.63
 578.20  2.63
 578.90  2.63
 579.60  2.63
 580.30  2.63
 581.00  2.63
 581.70  2.64
 582.40  2.64
 583.10  2.64
 583.80  2.64
 584.50  2.64
 585.20  2.64
 585.90  2.64
 586.60  2.64
 587.30  2.64
 588.00  2.64
 588.70  2.64
 589.40  2.65
 590.10  2.65
 590.80  2.65
 591.50  2.65
 592.20  2.65
 592.90  2.65
 593.60  2.65
 594.30  2.65
 595.00  2.65
 595.70  2.65
 596.40  2.65
 597.10  2.66
 597.80  2.66
 598.50  2.66
 599.20  2.66
 599.90  2.66
 600.60  2.66
 601.30  2.66
 602.00  2.66
 602.70  2.66
 603.40  2.66
 604.10  2.66
 604.80  2.66
 605.50  2.67
 606.20  2.67
 606.90  2.67
 607.60  2.67
 608.30  2.67
 609.00  2.67
 609.70  2.67
 610.40  2.67
 611.10  2.67
 611.80  2.67
 612.50  2.67
 613.20  2.67
 613.90  2.68
 614.60  2.68
 615.30  2.68
 616.00  2.68
 616.70  2.68
 617.40  2.68
 618.10  2.68
 618.80  2.68
 619.50  2.68
 620.20  2.68
 620.90  2.68
 621.60  2.68
 622.30  2.68
 623.00  2.69
 623.70  2.69
 624.40  2.69
 625.10  2.69
 625.80  2.69
 626.50  2.69
 627.20  2.69
 627.90  2.69
 628.60  2.69
 629.30  2.69
 630.00  2.69
 630.70  2.69
 631.40  2.69
 632.10  2.69
 632.80  2.70
 633.50  2.70
 634.20  2.70
 634.90  2.70
 635.60  2.70
 636.30  2.70
 637.00  2.70
 637.70  2.70
 638.40  2.70
 639.10  2.70
 639.80  2.70
 640.50  2.70
 641.20  2.70
 641.90  2.70
 642.60  2.71
 643.30  2.71
 644.00  2.71
 644.70  2.71
 645.40  2.71
 646.10  2.71
 646.80  2.71
 647.50  2.71
 648.20  2.71
 648.90  2.71
 649.60  2.71
 650.30  2.71
 651.00  2.71
 651.70  2.71
 652.40  2.71
 653.10  2.72
 653.80  2.72
 654.50  2.72
 655.20  2.72
 655.90  2.72
 656.60  2.72
 657.30  2.72
 658.00  2.72
 658.70  2.72
 659.40  2.72
 660.10  2.72
 660.80  2.72
 661.50  2.72
 662.20  2.72
 662.90  2.72
 663.60  2.72
 664.30  2.73
 665.00  2.73
 665.70  2.73
 666.40  2.73
 667.10  2.73
 667.80  2.73
 668.50  2.73
 669.20  2.73
 669.90  2.73
 670.60  2.73
 671.30  2.73
 672.00  2.73
 672.70  2.73
 673.40  2.73
 674.10  2.73
 674.80  2.73
 675.50  2.73
 676.20  2.74
 676.90  2.74
 677.60  2.74
 678.30  2.74
 679.00  2.74
 679.70  2.74
 680.40  2.74
 681.10  2.74
 681.80  2.74
 682.50  2.74
 683.20  2.74
 683.90  2.74
 684.60  2.74
 685.30  2.74
 686.00  2.74
 686.70  2.74
 687.40  2.74
 688.10  2.74
 688.80  2.75
 689.50  2.75
 690.20  2.75
 690.90  2.75
 691.60  2.75
 692.30  2.75
 693.00  2.75
 693.70  2.75
 694.40  2.75
 695.10  2.75
 695.80  2.75
 696.50  2.75
 697.20  2.75
 697.90  2.75
 698.60  2.75
 699.30  2.75
 700.00  2.75
 700.70  2.75
 701.40  2.75
 702.10  2.75
 702.80  2.76
 703.50  2.76
 704.20  2.76
 704.90  2.76
 705.60  2.76
 706.30  2.76
 707.00  2.76
 707.70  2.76
 708.40  2.76
 709.10  2.76
 709.80  2.76
 710.50  2.76
 711.20  2.76
 711.90  2.76
 712.60  2.76
 713.30  2.76
 714.00  2.76
 714.70  2.76
 715.40  2.76
 716.10  2.76
 716.80  2.76
 717.50  2.77
 718.20  2.77
 718.90  2.77
 719.60  2.77
 720.30  2.77
 721.00  2.77
 721.70  2.77
 722.40  2.77
 723.10  2.77
 723.80  2.77
 724.50  2.77
 725.20  2.77
 725.90  2.77
 726.60  2.77
 727.30  2.77
 728.00  2.77
 728.70  2.77
 729.40  2.77
 730.10  2.77
 730.80  2.77
 731.50  2.77
 732.20  2.77
 732.90  2.77
 733.60  2.78
 734.30  2.78
 735.00  2.78
 735.70  2.78
 736.40  2.78
 737.10  2.78
 737.80  2.78
 738.50  2.78
 739.20  2.78
 739.90  2.78
 740.60  2.78
 741.30  2.78
 742.00  2.78
 742.70  2.78
 743.40  2.78
 744.10  2.78
 744.80  2.78
 745.50  2.78
 746.20  2.78
 746.90  2.78
 747.60  2.78
 748.30  2.78
 749.00  2.78
 749.70  2.78
 750.40  2.78
 751.10  2.78
 751.80  2.79
 752.50  2.79
 753.20  2.79
 753.90  2.79
 754.60  2.79
 755.30  2.79
 756.00  2.79
 756.70  2.79
 757.40  2.79
 758.10  2.79
 758.80  2.79
 759.50  2.79
 760.20  2.79
 760.90  2.79
 761.60  2.79
 762.30  2.79
 763.00  2.79
 763.70  2.79
 764.40  2.79
 765.10  2.79
 765.80  2.79
 766.50  2.79
 767.20  2.79
 767.90  2.79
 768.60  2.79
 769.30  2.79
 770.00  2.79
 770.70  2.79
 771.40  2.79
 772.10  2.80
 772.80  2.80
 773.50  2.80
 774.20  2.80
 774.90  2.80
 775.60  2.80
 776.30  2.80
 777.00  2.80
 777.70  2.80
 778.40  2.80
 779.10  2.80
 779.80  2.80
 780.50  2.80
 781.20  2.80
 781.90  2.80
 782.60  2.80
 783.30  2.80
 784.00  2.80
 784.70  2.80
 785.40  2.80
 786.10  2.80
 786.80  2.80
 787.50  2.80
 788.20  2.80
 788.90  2.80
 789.60  2.80
 790.30  2.80
 791.00  2.80
 791.70  2.80
 792.40  2.80
 793.10  2.80
 793.80  2.80
 794.50  2.81
 795.20  2.81
 795.90  2.81
 796.60  2.81
 797.30  2.81
 798.00  2.81
 798.70  2.81
 799.40  2.81
 800.10  2.81
 800.80  2.81
 801.50  2.81
 802.20  2.81
 802.90  2.81
 803.60  2.81
 804.30  2.81
 805.00  2.81
 805.70  2.81
 806.40  2.81
 807.10  2.81
 807.80  2.81
 808.50  2.81
 809.20  2.81
 809.90  2.81
 810.60  2.81
 811.30  2.81
 812.00  2.81
 812.70  2.81
 813.40  2.81
 814.10  2.81
 814.80  2.81
 815.50  2.81
 816.20  2.81
 816.90  2.81
 817.60  2.81
 818.30  2.81
 819.00  2.81
 819.70  2.81
 820.40  2.81
 821.10  2.82
 821.80  2.82
 822.50  2.82
 823.20  2.82
 823.90  2.82
 824.60  2.82
 825.30  2.82
 826.00  2.82
 826.70  2.82
 827.40  2.82
 828.10  2.82
 828.80  2.82
 829.50  2.82
 830.20  2.82
 830.90  2.82
 831.60  2.82
 832.30  2.82
 833.00  2.82
 833.70  2.82
 834.40  2.82
 835.10  2.82
 835.80  2.82
 836.50  2.82
 837.20  2.82
 837.90  2.82
 838.60  2.82
 839.30  2.82
 840.00  2.82
 840.70  2.82
 841.40  2.82
 842.10  2.82
 842.80  2.82
 843.50  2.82
 844.20  2.82
 844.90  2.82
 845.60  2.82
 846.30  2.82
 847.00  2.82
 847.70  2.82
 848.40  2.82
 849.10  2.82
 849.80  2.82
 850.50  2.82
 851.20  2.82
 851.90  2.82
 852.60  2.83
 853.30  2.83
 854.00  2.83
 854.70  2.83
 855.40  2.83
 856.10  2.83
 856.80  2.83
 857.50  2.83
 858.20  2.83
 858.90  2.83
 859.60  2.83
 860.30  2.83
 861.00  2.83
 861.70  2.83
 862.40  2.83
 863.10  2.83
 863.80  2.83
 864.50  2.83
 865.20  2.83
 865.90  2.83
 866.60  2.83
 867.30  2.83
 868.00  2.83
 868.70  2.83
 869.40  2.83
 870.10  2.83
 870.80  2.83
 871.50  2.83
 872.20  2.83
 872.90  2.83
 873.60  2.83
 874.30  2.83
 875.00  2.83
 875.70  2.83
 876.40  2.83
 877.10  2.83
 877.80  2.83
 878.50  2.83
 879.20  2.83
 879.90  2.83
 880.60  2.83
 881.30  2.83
 882.00  2.83
 882.70  2.83
 883.40  2.83
 884.10  2.83
 884.80  2.83
 885.50  2.83
 886.20  2.83
 886.90  2.83
 887.60  2.83
 888.30  2.83
 889.00  2.83
 889.70  2.83
 890.40  2.83
 891.10  2.83
 891.80  2.84
 892.50  2.84
 893.20  2.84
 893.90  2.84
 894.60  2.84
 895.30  2.84
 896.00  2.84
 896.70  2.84
 897.40  2.84
 898.10  2.84
 898.80  2.84
 899.50  2.84
 900.20  2.84
 900.90  2.84
 901.60  2.84
 902.30  2.84
 903.00  2.84
 903.70  2.84
 904.40  2.84
 905.10  2.84
 905.80  2.84
 906.50  2.84
 907.20  2.84
 907.90  2.84
 908.60  2.84
 909.30  2.84
 910.00  2.84
 910.70  2.84
 911.40  2.84
 912.10  2.84
 912.80  2.84
 913.50  2.84
 914.20  2.84
 914.90  2.84
 915.60  2.84
 916.30  2.84
 917.00  2.84
 917.70  2.84
 918.40  2.84
 919.10  2.84
 919.80  2.84
 920.50  2.84
 921.20  2.84
 921.90  2.84
 922.60  2.84
 923.30  2.84
 924.00  2.84
 924.70  2.84
 925.40  2.84
 926.10  2.84
 926.80  2.84
 927.50  2.84
 928.20  2.84
 928.90  2.84
 929.60  2.84
 930.30  2.84
 931.00  2.84
 931.70  2.84
 932.40  2.84
 933.10  2.84
 933.80  2.84
 934.50  2.84
 935.20  2.84
 935.90  2.84
 936.60  2.84
 937.30  2.84
 938.00  2.84
 938.70  2.84
 939.40  2.84
 940.10  2.84
 940.80  2.84
 941.50  2.84
 942.20  2.84
 942.90  2.85
 943.60  2.85
 944.30  2.85
 945.00  2.85
 945.70  2.85
 946.40  2.85
 947.10  2.85
 947.80  2.85
 948.50  2.85
 949.20  2.85
 949.90  2.85
 950.60  2.85
 951.30  2.85
 952.00  2.85
 952.70  2.85
 953.40  2.85
 954.10  2.85
 954.80  2.85
 955.50  2.85
 956.20  2.85
 956.90  2.85
 957.60  2.85
 958.30  2.85
 959.00  2.85
 959.70  2.85
 960.40  2.85
 961.10  2.85
 961.80  2.85
 962.50  2.85
 963.20  2.85
 963.90  2.85
 964.60  2.85
 965.30  2.85
 966.00  2.85
 966.70  2.85
 967.40  2.85
 968.10  2.85
 968.80  2.85
 969.50  2.85
 970.20  2.85
 970.90  2.85
 971.60  2.85
 972.30  2.85
 973.00  2.85
 973.70  2.85
 974.40  2.85
 975.10  2.85
 975.80  2.85
 976.50  2.85
 977.20  2.85
 977.90  2.85
 978.60  2.85
 979.30  2.85
 980.00  2.85
 980.70  2.85
 981.40  2.85
 982.10  2.85
 982.80  2.85
 983.50  2.85
 984.20  2.85
 984.90  2.85
 985.60  2.85
 986.30  2.85
 987.00  2.85
 987.70  2.85
 988.40  2.85
 989.10  2.85
 989.80  2.85
 990.50  2.85
 991.20  2.85
 991.90  2.85
 992.60  2.85
 993.30  2.85
 994.00  2.85
 994.70  2.85
 995.40  2.85
 996.10  2.85
 996.80  2.85
 997.50  2.85
 998.20  2.85
 998.90  2.85
 999.60  2.85
 1000.30  2.85
 1001.00  2.85
 1001.70  2.85
 1002.40  2.85
 1003.10  2.85
 1003.80  2.85
 1004.50  2.85
 1005.20  2.85
 1005.90  2.85
 1006.60  2.85
 1007.30  2.85
 1008.00  2.85
 1008.70  2.85
 1009.40  2.85
 1010.10  2.85
 1010.80  2.85
 1011.50  2.85
 1012.20  2.85
 1012.90  2.85
 1013.60  2.85
 1014.30  2.85
 1015.00  2.85
 1015.70  2.85
 1016.40  2.85
 1017.10  2.85
 1017.80  2.85
 1018.50  2.85
 1019.20  2.85
 1019.90  2.85
 1020.60  2.85
 1021.30  2.86
 1022.00  2.86
 1022.70  2.86
 1023.40  2.86
 1024.10  2.86
 1024.80  2.86
 1025.50  2.86
 1026.20  2.86
 1026.90  2.86
 1027.60  2.86
 1028.30  2.86
 1029.00  2.86
 1029.70  2.86
 1030.40  2.86
 1031.10  2.86
 1031.80  2.86
 1032.50  2.86
 1033.20  2.86
 1033.90  2.86
 1034.60  2.86
 1035.30  2.86
 1036.00  2.86
 1036.70  2.86
 1037.40  2.86
 1038.10  2.86
 1038.80  2.86
 1039.50  2.86
 1040.20  2.86
 1040.90  2.86
 1041.60  2.86
 1042.30  2.86
 1043.00  2.86
 1043.70  2.86
 1044.40  2.86
 1045.10  2.86
 1045.80  2.86
 1046.50  2.86
 1047.20  2.86
 1047.90  2.86
 1048.60  2.86
 1049.30  2.86
 1050.00  2.86
 1050.70  2.86
 1051.40  2.86
 1052.10  2.86
 1052.80  2.86
 1053.50  2.86
 1054.20  2.86
 1054.90  2.86
 1055.60  2.86
 1056.30  2.86
 1057.00  2.86
 1057.70  2.86
 1058.40  2.86
 1059.10  2.86
 1059.80  2.86
 1060.50  2.86
 1061.20  2.86
 1061.90  2.86
 1062.60  2.86
 1063.30  2.86
 1064.00  2.86
 1064.70  2.86
 1065.40  2.86
 1066.10  2.86
 1066.80  2.86
 1067.50  2.86
 1068.20  2.86
 1068.90  2.86
 1069.60  2.86
 1070.30  2.86
 1071.00  2.86
 1071.70  2.86
 1072.40  2.86
 1073.10  2.86
 1073.80  2.86
 1074.50  2.86
 1075.20  2.86
 1075.90  2.86
 1076.60  2.86
 1077.30  2.86
 1078.00  2.86
 1078.70  2.86
 1079.40  2.86
 1080.10  2.86
 1080.80  2.86
 1081.50  2.86
 1082.20  2.86
 1082.90  2.86
 1083.60  2.86
 1084.30  2.86
 1085.00  2.86
 1085.70  2.86
 1086.40  2.86
 1087.10  2.86
 1087.80  2.86
 1088.50  2.86
 1089.20  2.86
 1089.90  2.86
 1090.60  2.86
 1091.30  2.86
 1092.00  2.86
 1092.70  2.86
 1093.40  2.86
 1094.10  2.86
 1094.80  2.86
 1095.50  2.86
 1096.20  2.86
 1096.90  2.86
 1097.60  2.86
 1098.30  2.86
 1099.00  2.86
 1099.70  2.86
 1100.40  2.86
 1101.10  2.86
 1101.80  2.86
 1102.50  2.86
 1103.20  2.86
 1103.90  2.86
 1104.60  2.86
 1105.30  2.86
 1106.00  2.86
 1106.70  2.86
 1107.40  2.86
 1108.10  2.86
 1108.80  2.86
 1109.50  2.86
 1110.20  2.86
 1110.90  2.86
 1111.60  2.86
 1112.30  2.86
 1113.00  2.86
 1113.70  2.86
 1114.40  2.86
 1115.10  2.86
 1115.80  2.86
 1116.50  2.86
 1117.20  2.86
 1117.90  2.86
 1118.60  2.86
 1119.30  2.86
 1120.00  2.86
 1120.70  2.86
 1121.40  2.86
 1122.10  2.86
 1122.80  2.86
 1123.50  2.86
 1124.20  2.86
 1124.90  2.86
 1125.60  2.86
 1126.30  2.86
 1127.00  2.86
 1127.70  2.86
 1128.40  2.86
 1129.10  2.86
 1129.80  2.86
 1130.50  2.86
 1131.20  2.86
 1131.90  2.86
 1132.60  2.86
 1133.30  2.86
 1134.00  2.86
 1134.70  2.86
 1135.40  2.86
 1136.10  2.86
 1136.80  2.86
 1137.50  2.86
 1138.20  2.86
 1138.90  2.86
 1139.60  2.86
 1140.30  2.86
 1141.00  2.86
 1141.70  2.86
 1142.40  2.86
 1143.10  2.86
 1143.80  2.86
 1144.50  2.86
 1145.20  2.86
 1145.90  2.86
 1146.60  2.86
 1147.30  2.86
 1148.00  2.86
 1148.70  2.86
 1149.40  2.86
 1150.10  2.86
 1150.80  2.86
 1151.50  2.86
 1152.20  2.86
 1152.90  2.86
 1153.60  2.86
 1154.30  2.86
 1155.00  2.86
 1155.70  2.86
 1156.40  2.86
 1157.10  2.86
 1157.80  2.86
 1158.50  2.86
 1159.20  2.86
 1159.90  2.86
 1160.60  2.86
 1161.30  2.86
 1162.00  2.86
 1162.70  2.86
 1163.40  2.86
 1164.10  2.86
 1164.80  2.86
 1165.50  2.86
 1166.20  2.86
 1166.90  2.86
 1167.60  2.86
 1168.30  2.86
 1169.00  2.86
 1169.70  2.86
 1170.40  2.86
 1171.10  2.86
 1171.80  2.86
 1172.50  2.86
 1173.20  2.86
 1173.90  2.86
 1174.60  2.86
 1175.30  2.86
 1176.00  2.86
 1176.70  2.86
 1177.40  2.86
 1178.10  2.86
 1178.80  2.86
 1179.50  2.86
 1180.20  2.86
 1180.90  2.86
 1181.60  2.86
 1182.30  2.86
 1183.00  2.86
 1183.70  2.86
 1184.40  2.86
 1185.10  2.86
 1185.80  2.86
 1186.50  2.86
 1187.20  2.86
 1187.90  2.86
 1188.60  2.86
 1189.30  2.86
 1190.00  2.86
 1190.70  2.86
 1191.40  2.86
 1192.10  2.86
 1192.80  2.86
 1193.50  2.86
 1194.20  2.86
 1194.90  2.86
 1195.60  2.86
 1196.30  2.86
 1197.00  2.86
 1197.70  2.86
 1198.40  2.86
 1199.10  2.86
 1199.80  2.86
 1200.50  2.87
 1201.20  2.87
 1201.90  2.87
 1202.60  2.87
 1203.30  2.87
 1204.00  2.87
 1204.70  2.87
 1205.40  2.87
 1206.10  2.87
 1206.80  2.87
 1207.50  2.87
 1208.20  2.87
 1208.90  2.87
 1209.60  2.87
 1210.30  2.87
 1211.00  2.87
 1211.70  2.87
 1212.40  2.87
 1213.10  2.87
 1213.80  2.87
 1214.50  2.87
 1215.20  2.87
 1215.90  2.87
 1216.60  2.87
 1217.30  2.87
 1218.00  2.87
 1218.70  2.87
 1219.40  2.87
 1220.10  2.87
 1220.80  2.87
 1221.50  2.87
 1222.20  2.87
 1222.90  2.87
 1223.60  2.87
 1224.30  2.87
 1225.00  2.87
 1225.70  2.87
 1226.40  2.87
 1227.10  2.87
 1227.80  2.87
 1228.50  2.87
 1229.20  2.87
 1229.90  2.87
 1230.60  2.87
 1231.30  2.87
 1232.00  2.87
 1232.70  2.87
 1233.40  2.87
 1234.10  2.87
 1234.80  2.87
 1235.50  2.87
 1236.20  2.87
 1236.90  2.87
 1237.60  2.87
 1238.30  2.87
 1239.00  2.87
 1239.70  2.87
 1240.40  2.87
 1241.10  2.87
 1241.80  2.87
 1242.50  2.87
 1243.20  2.87
 1243.90  2.87
 1244.60  2.87
 1245.30  2.87
 1246.00  2.87
 1246.70  2.87
 1247.40  2.87
 1248.10  2.87
 1248.80  2.87
 1249.50  2.87
 1250.20  2.87
 1250.90  2.87
 1251.60  2.87
 1252.30  2.87
 1253.00  2.87
 1253.70  2.87
 1254.40  2.87
 1255.10  2.87
 1255.80  2.87
 1256.50  2.87
 1257.20  2.87
 1257.90  2.87
 1258.60  2.87
 1259.30  2.87
 1260.00  2.87
 1260.70  2.87
 1261.40  2.87
 1262.10  2.87
 1262.80  2.87
 1263.50  2.87
 1264.20  2.87
 1264.90  2.87
 1265.60  2.87
 1266.30  2.87
 1267.00  2.87
 1267.70  2.87
 1268.40  2.87
 1269.10  2.87
 1269.80  2.87
 1270.50  2.87
 1271.20  2.87
 1271.90  2.87
 1272.60  2.87
 1273.30  2.87
 1274.00  2.87
 1274.70  2.87
 1275.40  2.87
 1276.10  2.87
 1276.80  2.87
 1277.50  2.87
 1278.20  2.87
 1278.90  2.87
 1279.60  2.87
 1280.30  2.87
 1281.00  2.87
 1281.70  2.87
 1282.40  2.87
 1283.10  2.87
 1283.80  2.87
 1284.50  2.87
 1285.20  2.87
 1285.90  2.87
 1286.60  2.87
 1287.30  2.87
 1288.00  2.87
 1288.70  2.87
 1289.40  2.87
 1290.10  2.87
 1290.80  2.87
 1291.50  2.87
 1292.20  2.87
 1292.90  2.87
 1293.60  2.87
 1294.30  2.87
 1295.00  2.87
 1295.70  2.87
 1296.40  2.87
 1297.10  2.87
 1297.80  2.87
 1298.50  2.87
 1299.20  2.87
 1299.90  2.87
 1300.60  2.87
 1301.30  2.87
 1302.00  2.87
 1302.70  2.87
 1303.40  2.87
 1304.10  2.87
 1304.80  2.87
 1305.50  2.87
 1306.20  2.87
 1306.90  2.87
 1307.60  2.87
 1308.30  2.87
 1309.00  2.87
 1309.70  2.87
 1310.40  2.87
 1311.10  2.87
 1311.80  2.87
 1312.50  2.87
 1313.20  2.87
 1313.90  2.87
 1314.60  2.87
 1315.30  2.87
 1316.00  2.87
 1316.70  2.87
 1317.40  2.87
 1318.10  2.87
 1318.80  2.87
 1319.50  2.87
 1320.20  2.87
 1320.90  2.87
 1321.60  2.87
 1322.30  2.87
 1323.00  2.87
 1323.70  2.87
 1324.40  2.87
 1325.10  2.87
 1325.80  2.87
 1326.50  2.87
 1327.20  2.87
 1327.90  2.87
 1328.60  2.87
 1329.30  2.87
 1330.00  2.87
 1330.70  2.87
 1331.40  2.87
 1332.10  2.87
 1332.80  2.87
 1333.50  2.87
 1334.20  2.87
 1334.90  2.87
 1335.60  2.87
 1336.30  2.87
 1337.00  2.87
 1337.70  2.87
 1338.40  2.87
 1339.10  2.87
 1339.80  2.87
 1340.50  2.87
 1341.20  2.87
 1341.90  2.87
 1342.60  2.87
 1343.30  2.87
 1344.00  2.87
 1344.70  2.87
 1345.40  2.87
 1346.10  2.87
 1346.80  2.87
 1347.50  2.87
 1348.20  2.87
 1348.90  2.87
 1349.60  2.87
 1350.30  2.87
 1351.00  2.87
 1351.70  2.87
 1352.40  2.87
 1353.10  2.87
 1353.80  2.87
 1354.50  2.87
 1355.20  2.87
 1355.90  2.87
 1356.60  2.87
 1357.30  2.87
 1358.00  2.87
 1358.70  2.87
 1359.40  2.87
 1360.10  2.87
 1360.80  2.87
 1361.50  2.87
 1362.20  2.87
 1362.90  2.87
 1363.60  2.87
 1364.30  2.87
 1365.00  2.87
 1365.70  2.87
 1366.40  2.87
 1367.10  2.87
 1367.80  2.87
 1368.50  2.87
 1369.20  2.87
 1369.90  2.87
 1370.60  2.87
 1371.30  2.87
 1372.00  2.87
 1372.70  2.87
 1373.40  2.87
 1374.10  2.87
 1374.80  2.87
 1375.50  2.87
 1376.20  2.87
 1376.90  2.87
 1377.60  2.87
 1378.30  2.87
 1379.00  2.87
 1379.70  2.87
 1380.40  2.87
 1381.10  2.87
 1381.80  2.87
 1382.50  2.87
 1383.20  2.87
 1383.90  2.87
 1384.60  2.87
 1385.30  2.87
 1386.00  2.87
 1386.70  2.87
 1387.40  2.87
 1388.10  2.87
 1388.80  2.87
 1389.50  2.87
 1390.20  2.87
 1390.90  2.87
 1391.60  2.87
 1392.30  2.87
 1393.00  2.87
 1393.70  2.87
 1394.40  2.87
 1395.10  2.87
 1395.80  2.87
 1396.50  2.87
 1397.20  2.87
 1397.90  2.87
 1398.60  2.87
 1399.30  2.87
 1400.00  2.87
 1400.70  2.87
 1401.40  2.87
 1402.10  2.87
 1402.80  2.87
 1403.50  2.87
 1404.20  2.87
 1404.90  2.87
 1405.60  2.87
 1406.30  2.87
 1407.00  2.87
 1407.70  2.87
 1408.40  2.87
 1409.10  2.87
 1409.80  2.87
 1410.50  2.87
 1411.20  2.87
 1411.90  2.87
 1412.60  2.87
 1413.30  2.87
 1414.00  2.87
 1414.70  2.87
 1415.40  2.87
 1416.10  2.87
 1416.80  2.87
 1417.50  2.87
 1418.20  2.87
 1418.90  2.87
 1419.60  2.87
 1420.30  2.87
 1421.00  2.87
 1421.70  2.87
 1422.40  2.87
 1423.10  2.87
 1423.80  2.87
 1424.50  2.87
 1425.20  2.87
 1425.90  2.87
 1426.60  2.87
 1427.30  2.87
 1428.00  2.87
 1428.70  2.87
 1429.40  2.87
 1430.10  2.87
 1430.80  2.87
 1431.50  2.87
 1432.20  2.87
 1432.90  2.87
 1433.60  2.87
 1434.30  2.87
 1435.00  2.87
 1435.70  2.87
 1436.40  2.87
 1437.10  2.87
 1437.80  2.87
 1438.50  2.87
 1439.20  2.87
 1439.90  2.87
 1440.60  2.87
 1441.30  2.87
 1442.00  2.87
 1442.70  2.87
 1443.40  2.87
 1444.10  2.87
 1444.80  2.87
 1445.50  2.87
 1446.20  2.87
 1446.90  2.87
 1447.60  2.87
 1448.30  2.87
 1449.00  2.87
 1449.70  2.87
 1450.40  2.87
 1451.10  2.87
 1451.80  2.87
 1452.50  2.87
 1453.20  2.87
 1453.90  2.87
 1454.60  2.87
 1455.30  2.87
 1456.00  2.87
 1456.70  2.87
 1457.40  2.87
 1458.10  2.87
 1458.80  2.87
 1459.50  2.87
 1460.20  2.87
 1460.90  2.87
 1461.60  2.87
 1462.30  2.87
 1463.00  2.87
 1463.70  2.87
 1464.40  2.87
 1465.10  2.87
 1465.80  2.87
 1466.50  2.87
 1467.20  2.87
 1467.90  2.87
 1468.60  2.87
 1469.30  2.87
 1470.00  2.87
 1470.70  2.87
 1471.40  2.87
 1472.10  2.87
 1472.80  2.87
 1473.50  2.87
 1474.20  2.87
 1474.90  2.87
 1475.60  2.87
 1476.30  2.87
 1477.00  2.87
 1477.70  2.87
 1478.40  2.87
 1479.10  2.87
 1479.80  2.87
 1480.50  2.87
 1481.20  2.87
 1481.90  2.87
 1482.60  2.87
 1483.30  2.87
 1484.00  2.87
 1484.70  2.87
 1485.40  2.87
 1486.10  2.87
 1486.80  2.87
 1487.50  2.87
 1488.20  2.87
 1488.90  2.87
 1489.60  2.87
 1490.30  2.87
 1491.00  2.87
 1491.70  2.87
 1492.40  2.87
 1493.10  2.87
 1493.80  2.87
 1494.50  2.87
 1495.20  2.87
 1495.90  2.87
 1496.60  2.87
 1497.30  2.87
 1498.00  2.87
 1498.70  2.87
 1499.40  2.87
 1500.10  2.87
 1500.80  2.87
 1501.50  2.87
 1502.20  2.87
 1502.90  2.87
 1503.60  2.87
 1504.30  2.87
 1505.00  2.87
 1505.70  2.87
 1506.40  2.87
 1507.10  2.87
 1507.80  2.87
 1508.50  2.87
 1509.20  2.87
 1509.90  2.87
 1510.60  2.87
 1511.30  2.87
 1512.00  2.87
 1512.70  2.87
 1513.40  2.87
 1514.10  2.87
 1514.80  2.87
 1515.50  2.87
 1516.20  2.87
 1516.90  2.87
 1517.60  2.87
 1518.30  2.87
 1519.00  2.87
 1519.70  2.87
 1520.40  2.87
 1521.10  2.87
 1521.80  2.87
 1522.50  2.87
 1523.20  2.87
 1523.90  2.87
 1524.60  2.87
 1525.30  2.87
 1526.00  2.87
 1526.70  2.87
 1527.40  2.87
 1528.10  2.87
 1528.80  2.87
 1529.50  2.87
 1530.20  2.87
 1530.90  2.87
 1531.60  2.87
 1532.30  2.87
 1533.00  2.87
 1533.70  2.87
 1534.40  2.87
 1535.10  2.87
 1535.80  2.87
 1536.50  2.87
 1537.20  2.87
 1537.90  2.87
 1538.60  2.87
 1539.30  2.87
 1540.00  2.87
 1540.70  2.87
 1541.40  2.87
 1542.10  2.87
 1542.80  2.87
 1543.50  2.87
 1544.20  2.87
 1544.90  2.87
 1545.60  2.87
 1546.30  2.87
 1547.00  2.87
 1547.70  2.87
 1548.40  2.87
 1549.10  2.87
 1549.80  2.87
 1550.50  2.87
 1551.20  2.87
 1551.90  2.87
 1552.60  2.87
 1553.30  2.87
 1554.00  2.87
 1554.70  2.87
 1555.40  2.87
 1556.10  2.87
 1556.80  2.87
 1557.50  2.87
 1558.20  2.87
 1558.90  2.87
 1559.60  2.87
 1560.30  2.87
 1561.00  2.87
 1561.70  2.87
 1562.40  2.87
 1563.10  2.87
 1563.80  2.87
 1564.50  2.87
 1565.20  2.87
 1565.90  2.87
 1566.60  2.87
 1567.30  2.87
 1568.00  2.87
 1568.70  2.87
 1569.40  2.87
 1570.10  2.87
 1570.80  2.87
 1571.50  2.87
 1572.20  2.87
 1572.90  2.87
 1573.60  2.87
 1574.30  2.87
 1575.00  2.87
 1575.70  2.87
 1576.40  2.87
 1577.10  2.87
 1577.80  2.87
 1578.50  2.87
 1579.20  2.87
 1579.90  2.87
 1580.60  2.87
 1581.30  2.87
 1582.00  2.87
 1582.70  2.87
 1583.40  2.87
 1584.10  2.87
 1584.80  2.87
 1585.50  2.87
 1586.20  2.87
 1586.90  2.87
 1587.60  2.87
 1588.30  2.87
 1589.00  2.87
 1589.70  2.87
 1590.40  2.87
 1591.10  2.87
 1591.80  2.87
 1592.50  2.87
 1593.20  2.87
 1593.90  2.87
 1594.60  2.87
 1595.30  2.87
 1596.00  2.87
 1596.70  2.87
 1597.40  2.87
 1598.10  2.87
 1598.80  2.87
 1599.50  2.87
 1600.20  2.87
 1600.90  2.87
 1601.60  2.87
 1602.30  2.87
 1603.00  2.87
 1603.70  2.87
 1604.40  2.87
 1605.10  2.87
 1605.80  2.87
 1606.50  2.87
 1607.20  2.87
 1607.90  2.87
 1608.60  2.87
 1609.30  2.87
 1610.00  2.87
 1610.70  2.87
 1611.40  2.87
 1612.10  2.87
 1612.80  2.87
 1613.50  2.87
 1614.20  2.87
 1614.90  2.87
 1615.60  2.87
 1616.30  2.87
 1617.00  2.87
 1617.70  2.87
 1618.40  2.87
 1619.10  2.87
 1619.80  2.87
 1620.50  2.87
 1621.20  2.87
 1621.90  2.87
 1622.60  2.87
 1623.30  2.87
 1624.00  2.87
 1624.70  2.87
 1625.40  2.87
 1626.10  2.87
 1626.80  2.87
 1627.50  2.87
 1628.20  2.87
 1628.90  2.87
 1629.60  2.87
 1630.30  2.87
 1631.00  2.87
 1631.70  2.87
 1632.40  2.87
 1633.10  2.87
 1633.80  2.87
 1634.50  2.87
 1635.20  2.87
 1635.90  2.87
 1636.60  2.87
 1637.30  2.87
 1638.00  2.87
 1638.70  2.87
 1639.40  2.87
 1640.10  2.87
 1640.80  2.87
 1641.50  2.87
 1642.20  2.87
 1642.90  2.87
 1643.60  2.87
 1644.30  2.87
 1645.00  2.87
 1645.70  2.87
 1646.40  2.87
 1647.10  2.87
 1647.80  2.87
 1648.50  2.87
 1649.20  2.87
 1649.90  2.87
 1650.60  2.87
 1651.30  2.87
 1652.00  2.87
 1652.70  2.87
 1653.40  2.87
 1654.10  2.87
 1654.80  2.87
 1655.50  2.87
 1656.20  2.87
 1656.90  2.87
 1657.60  2.87
 1658.30  2.87
 1659.00  2.87
 1659.70  2.87
 1660.40  2.87
 1661.10  2.87
 1661.80  2.87
 1662.50  2.87
 1663.20  2.87
 1663.90  2.87
 1664.60  2.87
 1665.30  2.87
 1666.00  2.87
 1666.70  2.87
 1667.40  2.87
 1668.10  2.87
 1668.80  2.87
 1669.50  2.87
 1670.20  2.87
 1670.90  2.87
 1671.60  2.87
 1672.30  2.87
 1673.00  2.87
 1673.70  2.87
 1674.40  2.87
 1675.10  2.87
 1675.80  2.87
 1676.50  2.87
 1677.20  2.87
 1677.90  2.87
 1678.60  2.87
 1679.30  2.87
 1680.00  2.87
 1680.70  2.87
 1681.40  2.87
 1682.10  2.87
 1682.80  2.87
 1683.50  2.87
 1684.20  2.87
 1684.90  2.87
 1685.60  2.87
 1686.30  2.87
 1687.00  2.87
 1687.70  2.87
 1688.40  2.87
 1689.10  2.87
 1689.80  2.87
 1690.50  2.87
 1691.20  2.87
 1691.90  2.87
 1692.60  2.87
 1693.30  2.87
 1694.00  2.87
 1694.70  2.87
 1695.40  2.87
 1696.10  2.87
 1696.80  2.87
 1697.50  2.87
 1698.20  2.87
 1698.90  2.87
 1699.60  2.87
 1700.30  2.87
 1701.00  2.87
 1701.70  2.87
 1702.40  2.87
 1703.10  2.87
 1703.80  2.87
 1704.50  2.87
 1705.20  2.87
 1705.90  2.87
 1706.60  2.87
 1707.30  2.87
 1708.00  2.87
 1708.70  2.87
 1709.40  2.87
 1710.10  2.87
 1710.80  2.87
 1711.50  2.87
 1712.20  2.87
 1712.90  2.87
 1713.60  2.87
 1714.30  2.87
 1715.00  2.87
 1715.70  2.87
 1716.40  2.87
 1717.10  2.87
 1717.80  2.87
 1718.50  2.87
 1719.20  2.87
 1719.90  2.87
 1720.60  2.87
 1721.30  2.87
 1722.00  2.87
 1722.70  2.87
 1723.40  2.87
 1724.10  2.87
 1724.80  2.87
 1725.50  2.87
 1726.20  2.87
 1726.90  2.87
 1727.60  2.87
 1728.30  2.87
 1729.00  2.87
 1729.70  2.87
 1730.40  2.87
 1731.10  2.87
 1731.80  2.87
 1732.50  2.87
 1733.20  2.87
 1733.90  2.87
 1734.60  2.87
 1735.30  2.87
 1736.00  2.87
 1736.70  2.87
 1737.40  2.87
 1738.10  2.87
 1738.80  2.87
 1739.50  2.87
 1740.20  2.87
 1740.90  2.87
 1741.60  2.87
 1742.30  2.87
 1743.00  2.87
 1743.70  2.87
 1744.40  2.87
 1745.10  2.87
 1745.80  2.87
 1746.50  2.87
 1747.20  2.87
 1747.90  2.87
 1748.60  2.87
 1749.30  2.87
 1750.00  2.87
 1750.70  2.87
 1751.40  2.87
 1752.10  2.87
 1752.80  2.87
 1753.50  2.87
 1754.20  2.87
 1754.90  2.87
 1755.60  2.87
 1756.30  2.87
 1757.00  2.87
 1757.70  2.87
 1758.40  2.87
 1759.10  2.87
 1759.80  2.87
 1760.50  2.87
 1761.20  2.87
 1761.90  2.87
 1762.60  2.87
 1763.30  2.87
 1764.00  2.87
 1764.70  2.87
 1765.40  2.87
 1766.10  2.87
 1766.80  2.87
 1767.50  2.87
 1768.20  2.87
 1768.90  2.87
 1769.60  2.87
 1770.30  2.87
 1771.00  2.87
 1771.70  2.87
 1772.40  2.87
 1773.10  2.87
 1773.80  2.87
 1774.50  2.87
 1775.20  2.87
 1775.90  2.87
 1776.60  2.87
 1777.30  2.87
 1778.00  2.87
 1778.70  2.87
 1779.40  2.87
 1780.10  2.87
 1780.80  2.87
 1781.50  2.87
 1782.20  2.87
 1782.90  2.87
 1783.60  2.87
 1784.30  2.87
 1785.00  2.87
 1785.70  2.87
 1786.40  2.87
 1787.10  2.87
 1787.80  2.87
 1788.50  2.87
 1789.20  2.87
 1789.90  2.87
 1790.60  2.87
 1791.30  2.87
 1792.00  2.87
 1792.70  2.87
 1793.40  2.87
 1794.10  2.87
 1794.80  2.87
 1795.50  2.87
 1796.20  2.87
 1796.90  2.87
 1797.60  2.87
 1798.30  2.87
 1799.00  2.87
 1799.70  2.87
 1800.40  2.87
 1801.10  2.87
 1801.80  2.87
 1802.50  2.87
 1803.20  2.87
 1803.90  2.87
 1804.60  2.87
 1805.30  2.87
 1806.00  2.87
 1806.70  2.87
 1807.40  2.87
 1808.10  2.87
 1808.80  2.87
 1809.50  2.87
 1810.20  2.87
 1810.90  2.87
 1811.60  2.87
 1812.30  2.87
 1813.00  2.87
 1813.70  2.87
 1814.40  2.87
 1815.10  2.87
 1815.80  2.87
 1816.50  2.87
 1817.20  2.87
 1817.90  2.87
 1818.60  2.87
 1819.30  2.87
 1820.00  2.87
 1820.70  2.87
 1821.40  2.87
 1822.10  2.87
 1822.80  2.87
 1823.50  2.87
 1824.20  2.87
 1824.90  2.87
 1825.60  2.87
 1826.30  2.87
 1827.00  2.87
 1827.70  2.87
 1828.40  2.87
 1829.10  2.87
 1829.80  2.87
 1830.50  2.87
 1831.20  2.87
 1831.90  2.87
 1832.60  2.87
 1833.30  2.87
 1834.00  2.87
 1834.70  2.87
 1835.40  2.87
 1836.10  2.87
 1836.80  2.87
 1837.50  2.87
 1838.20  2.87
 1838.90  2.87
 1839.60  2.87
 1840.30  2.87
 1841.00  2.87
 1841.70  2.87
 1842.40  2.87
 1843.10  2.87
 1843.80  2.87
 1844.50  2.87
 1845.20  2.87
 1845.90  2.87
 1846.60  2.87
 1847.30  2.87
 1848.00  2.87
 1848.70  2.87
 1849.40  2.87
 1850.10  2.87
 1850.80  2.87
 1851.50  2.87
 1852.20  2.87
 1852.90  2.87
 1853.60  2.87
 1854.30  2.87
 1855.00  2.87
 1855.70  2.87
 1856.40  2.87
 1857.10  2.87
 1857.80  2.87
 1858.50  2.87
 1859.20  2.87
 1859.90  2.87
 1860.60  2.87
 1861.30  2.87
 1862.00  2.87
 1862.70  2.87
 1863.40  2.87
 1864.10  2.87
 1864.80  2.87
 1865.50  2.87
 1866.20  2.87
 1866.90  2.87
 1867.60  2.87
 1868.30  2.87
 1869.00  2.87
 1869.70  2.87
 1870.40  2.87
 1871.10  2.87
 1871.80  2.87
 1872.50  2.87
 1873.20  2.87
 1873.90  2.87
 1874.60  2.87
 1875.30  2.87
 1876.00  2.87
 1876.70  2.87
 1877.40  2.87
 1878.10  2.87
 1878.80  2.87
 1879.50  2.87
 1880.20  2.87
 1880.90  2.87
 1881.60  2.87
 1882.30  2.87
 1883.00  2.87
 1883.70  2.87
 1884.40  2.87
 1885.10  2.87
 1885.80  2.87
 1886.50  2.87
 1887.20  2.87
 1887.90  2.87
 1888.60  2.87
 1889.30  2.87
 1890.00  2.87
 1890.70  2.87
 1891.40  2.87
 1892.10  2.87
 1892.80  2.87
 1893.50  2.87
 1894.20  2.87
 1894.90  2.87
 1895.60  2.87
 1896.30  2.87
 1897.00  2.87
 1897.70  2.87
 1898.40  2.87
 1899.10  2.87
 1899.80  2.87
 1900.50  2.87
 1901.20  2.87
 1901.90  2.87
 1902.60  2.87
 1903.30  2.87
 1904.00  2.87
 1904.70  2.87
 1905.40  2.87
 1906.10  2.87
 1906.80  2.87
 1907.50  2.87
 1908.20  2.87
 1908.90  2.87
 1909.60  2.87
 1910.30  2.87
 1911.00  2.87
 1911.70  2.87
 1912.40  2.87
 1913.10  2.87
 1913.80  2.87
 1914.50  2.87
 1915.20  2.87
 1915.90  2.87
 1916.60  2.87
 1917.30  2.87
 1918.00  2.87
 1918.70  2.87
 1919.40  2.87
 1920.10  2.87
 1920.80  2.87
 1921.50  2.87
 1922.20  2.87
 1922.90  2.87
 1923.60  2.87
 1924.30  2.87
 1925.00  2.87
 1925.70  2.87
 1926.40  2.87
 1927.10  2.87
 1927.80  2.87
 1928.50  2.87
 1929.20  2.87
 1929.90  2.87
 1930.60  2.87
 1931.30  2.87
 1932.00  2.87
 1932.70  2.87
 1933.40  2.87
 1934.10  2.87
 1934.80  2.87
 1935.50  2.87
 1936.20  2.87
 1936.90  2.87
 1937.60  2.87
 1938.30  2.87
 1939.00  2.87
 1939.70  2.87
 1940.40  2.87
 1941.10  2.87
 1941.80  2.87
 1942.50  2.87
 1943.20  2.87
 1943.90  2.87
 1944.60  2.87
 1945.30  2.87
 1946.00  2.87
 1946.70  2.87
 1947.40  2.87
 1948.10  2.87
 1948.80  2.87
 1949.50  2.87
 1950.20  2.87
 1950.90  2.87
 1951.60  2.87
 1952.30  2.87
 1953.00  2.87
 1953.70  2.87
 1954.40  2.87
 1955.10  2.87
 1955.80  2.87
 1956.50  2.87
 1957.20  2.87
 1957.90  2.87
 1958.60  2.87
 1959.30  2.87
 1960.00  2.87
 1960.70  2.87
 1961.40  2.87
 1962.10  2.87
 1962.80  2.87
 1963.50  2.87
 1964.20  2.87
 1964.90  2.87
 1965.60  2.87
 1966.30  2.87
 1967.00  2.87
 1967.70  2.87
 1968.40  2.87
 1969.10  2.87
 1969.80  2.87
 1970.50  2.87
 1971.20  2.87
 1971.90  2.87
 1972.60  2.87
 1973.30  2.87
 1974.00  2.87
 1974.70  2.87
 1975.40  2.87
 1976.10  2.87
 1976.80  2.87
 1977.50  2.87
 1978.20  2.87
 1978.90  2.87
 1979.60  2.87
 1980.30  2.87
 1981.00  2.87
 1981.70  2.87
 1982.40  2.87
 1983.10  2.87
 1983.80  2.87
 1984.50  2.87
 1985.20  2.87
 1985.90  2.87
 1986.60  2.87
 1987.30  2.87
 1988.00  2.87
 1988.70  2.87
 1989.40  2.87
 1990.10  2.87
 1990.80  2.87
 1991.50  2.87
 1992.20  2.87
 1992.90  2.87
 1993.60  2.87
 1994.30  2.87
 1995.00  2.87
 1995.70  2.87
 1996.40  2.87
 1997.10  2.87
 1997.80  2.87
 1998.50  2.87
 1999.20  2.87
 1999.90  2.87
 2000.60  2.87
 2001.30  2.87
 2002.00  2.87
 2002.70  2.87
 2003.40  2.87
 2004.10  2.87
 2004.80  2.87
 2005.50  2.87
 2006.20  2.87
 2006.90  2.87
 2007.60  2.87
 2008.30  2.87
 2009.00  2.87
 2009.70  2.87
 2010.40  2.87
 2011.10  2.87
 2011.80  2.87
 2012.50  2.87
 2013.20  2.87
 2013.90  2.87
 2014.60  2.87
 2015.30  2.87
 2016.00  2.87
 2016.70  2.87
 2017.40  2.87
 2018.10  2.87
 2018.80  2.87
 2019.50  2.87
 2020.20  2.87
 2020.90  2.87
 2021.60  2.87
 2022.30  2.87
 2023.00  2.87
 2023.70  2.87
 2024.40  2.87
 2025.10  2.87
 2025.80  2.87
 2026.50  2.87
 2027.20  2.87
 2027.90  2.87
 2028.60  2.87
 2029.30  2.87
 2030.00  2.87
 2030.70  2.87
 2031.40  2.87
 2032.10  2.87
 2032.80  2.87
 2033.50  2.87
 2034.20  2.87
 2034.90  2.87
 2035.60  2.87
 2036.30  2.87
 2037.00  2.87
 2037.70  2.87
 2038.40  2.87
 2039.10  2.87
 2039.80  2.87
 2040.50  2.87
 2041.20  2.87
 2041.90  2.87
 2042.60  2.87
 2043.30  2.87
 2044.00  2.87
 2044.70  2.87
 2045.40  2.87
 2046.10  2.87
 2046.80  2.87
 2047.50  2.87
 2048.20  2.87
 2048.90  2.87
 2049.60  2.87
 2050.30  2.87
 2051.00  2.87
 2051.70  2.87
 2052.40  2.87
 2053.10  2.87
 2053.80  2.87
 2054.50  2.87
 2055.20  2.87
 2055.90  2.87
 2056.60  2.87
 2057.30  2.87
 2058.00  2.87
 2058.70  2.87
 2059.40  2.87
 2060.10  2.87
 2060.80  2.87
 2061.50  2.87
 2062.20  2.87
 2062.90  2.87
 2063.60  2.87
 2064.30  2.87
 2065.00  2.87
 2065.70  2.87
 2066.40  2.87
 2067.10  2.87
 2067.80  2.87
 2068.50  2.87
 2069.20  2.87
 2069.90  2.87
 2070.60  2.87
 2071.30  2.87
 2072.00  2.87
 2072.70  2.87
 2073.40  2.87
 2074.10  2.87
 2074.80  2.87
 2075.50  2.87
 2076.20  2.87
 2076.90  2.87
 2077.60  2.87
 2078.30  2.87
 2079.00  2.87
 2079.70  2.87
 2080.40  2.87
 2081.10  2.87
 2081.80  2.87
 2082.50  2.87
 2083.20  2.87
 2083.90  2.87
 2084.60  2.87
 2085.30  2.87
 2086.00  2.87
 2086.70  2.87
 2087.40  2.87
 2088.10  2.87
 2088.80  2.87
 2089.50  2.87
 2090.20  2.87
 2090.90  2.87
 2091.60  2.87
 2092.30  2.87
 2093.00  2.87
 2093.70  2.87
 2094.40  2.87
 2095.10  2.87
 2095.80  2.87
 2096.50  2.87
 2097.20  2.87
 2097.90  2.87
 2098.60  2.87
 2099.30  2.87
 2100.00  2.87
 2100.70  2.87
 2101.40  2.87
 2102.10  2.87
 2102.80  2.87
 2103.50  2.87
 2104.20  2.87
 2104.90  2.87
 2105.60  2.87
 2106.30  2.87
 2107.00  2.87
 2107.70  2.87
 2108.40  2.87
 2109.10  2.87
 2109.80  2.87
 2110.50  2.87
 2111.20  2.87
 2111.90  2.87
 2112.60  2.87
 2113.30  2.87
 2114.00  2.87
 2114.70  2.87
 2115.40  2.87
 2116.10  2.87
 2116.80  2.87
 2117.50  2.87
 2118.20  2.87
 2118.90  2.87
 2119.60  2.87
 2120.30  2.87
 2121.00  2.87
 2121.70  2.87
 2122.40  2.87
 2123.10  2.87
 2123.80  2.87
 2124.50  2.87
 2125.20  2.87
 2125.90  2.87
 2126.60  2.87
 2127.30  2.87
 2128.00  2.87
 2128.70  2.87
 2129.40  2.87
 2130.10  2.87
 2130.80  2.87
 2131.50  2.87
 2132.20  2.87
 2132.90  2.87
 2133.60  2.87
 2134.30  2.87
 2135.00  2.87
 2135.70  2.87
 2136.40  2.87
 2137.10  2.87
 2137.80  2.87
 2138.50  2.87
 2139.20  2.87
 2139.90  2.87
 2140.60  2.87
 2141.30  2.87
 2142.00  2.87
 2142.70  2.87
 2143.40  2.87
 2144.10  2.87
 2144.80  2.87
 2145.50  2.87
 2146.20  2.87
 2146.90  2.87
 2147.60  2.87
 2148.30  2.87
 2149.00  2.87
 2149.70  2.87
 2150.40  2.87
 2151.10  2.87
 2151.80  2.87
 2152.50  2.87
 2153.20  2.87
 2153.90  2.87
 2154.60  2.87
 2155.30  2.87
 2156.00  2.87
 2156.70  2.87
 2157.40  2.87
 2158.10  2.87
 2158.80  2.87
 2159.50  2.87
 2160.20  2.87
 2160.90  2.87
 2161.60  2.87
 2162.30  2.87
 2163.00  2.87
 2163.70  2.87
 2164.40  2.87
 2165.10  2.87
 2165.80  2.87
 2166.50  2.87
 2167.20  2.87
 2167.90  2.87
 2168.60  2.87
 2169.30  2.87
 2170.00  2.87
 2170.70  2.87
 2171.40  2.87
 2172.10  2.87
 2172.80  2.87
 2173.50  2.87
 2174.20  2.87
 2174.90  2.87
 2175.60  2.87
 2176.30  2.87
 2177.00  2.87
 2177.70  2.87
 2178.40  2.87
 2179.10  2.87
 2179.80  2.87
 2180.50  2.87
 2181.20  2.87
 2181.90  2.87
 2182.60  2.87
 2183.30  2.87
 2184.00  2.87
 2184.70  2.87
 2185.40  2.87
 2186.10  2.87
 2186.80  2.87
 2187.50  2.87
 2188.20  2.87
 2188.90  2.87
 2189.60  2.87
 2190.30  2.87
 2191.00  2.87
 2191.70  2.87
 2192.40  2.87
 2193.10  2.87
 2193.80  2.87
 2194.50  2.87
 2195.20  2.87
 2195.90  2.87
 2196.60  2.87
 2197.30  2.87
 2198.00  2.87
 2198.70  2.87
 2199.40  2.87
 2200.10  2.87
 2200.80  2.87
 2201.50  2.87
 2202.20  2.87
 2202.90  2.87
 2203.60  2.87
 2204.30  2.87
 2205.00  2.87
 2205.70  2.87
 2206.40  2.87
 2207.10  2.87
 2207.80  2.87
 2208.50  2.87
 2209.20  2.87
 2209.90  2.87
 2210.60  2.87
 2211.30  2.87
 2212.00  2.87
 2212.70  2.87
 2213.40  2.87
 2214.10  2.87
 2214.80  2.87
 2215.50  2.87
 2216.20  2.87
 2216.90  2.87
 2217.60  2.87
 2218.30  2.87
 2219.00  2.87
 2219.70  2.87
 2220.40  2.87
 2221.10  2.87
 2221.80  2.87
 2222.50  2.87
 2223.20  2.87
 2223.90  2.87
 2224.60  2.87
 2225.30  2.87
 2226.00  2.87
 2226.70  2.87
 2227.40  2.87
 2228.10  2.87
 2228.80  2.87
 2229.50  2.87
 2230.20  2.87
 2230.90  2.87
 2231.60  2.87
 2232.30  2.87
 2233.00  2.87
 2233.70  2.87
 2234.40  2.87
 2235.10  2.87
 2235.80  2.87
 2236.50  2.87
 2237.20  2.87
 2237.90  2.87
 2238.60  2.87
 2239.30  2.87
 2240.00  2.87
 2240.70  2.87
 2241.40  2.87
 2242.10  2.87
 2242.80  2.87
 2243.50  2.87
 2244.20  2.87
 2244.90  2.87
 2245.60  2.87
 2246.30  2.87
 2247.00  2.87
 2247.70  2.87
 2248.40  2.87
 2249.10  2.87
 2249.80  2.87
 2250.50  2.87
 2251.20  2.87
 2251.90  2.87
 2252.60  2.87
 2253.30  2.87
 2254.00  2.87
 2254.70  2.87
 2255.40  2.87
 2256.10  2.87
 2256.80  2.87
 2257.50  2.87
 2258.20  2.87
 2258.90  2.87
 2259.60  2.87
 2260.30  2.87
 2261.00  2.87
 2261.70  2.87
 2262.40  2.87
 2263.10  2.87
 2263.80  2.87
 2264.50  2.87
 2265.20  2.87
 2265.90  2.87
 2266.60  2.87
 2267.30  2.87
 2268.00  2.87
 2268.70  2.87
 2269.40  2.87
 2270.10  2.87
 2270.80  2.87
 2271.50  2.87
 2272.20  2.87
 2272.90  2.87
 2273.60  2.87
 2274.30  2.87
 2275.00  2.87
 2275.70  2.87
 2276.40  2.87
 2277.10  2.87
 2277.80  2.87
 2278.50  2.87
 2279.20  2.87
 2279.90  2.87
 2280.60  2.87
 2281.30  2.87
 2282.00  2.87
 2282.70  2.87
 2283.40  2.87
 2284.10  2.87
 2284.80  2.87
 2285.50  2.87
 2286.20  2.87
 2286.90  2.87
 2287.60  2.87
 2288.30  2.87
 2289.00  2.87
 2289.70  2.87
 2290.40  2.87
 2291.10  2.87
 2291.80  2.87
 2292.50  2.87
 2293.20  2.87
 2293.90  2.87
 2294.60  2.87
 2295.30  2.87
 2296.00  2.87
 2296.70  2.87
 2297.40  2.87
 2298.10  2.87
 2298.80  2.87
 2299.50  2.87
 2300.20  2.87
 2300.90  2.87
 2301.60  2.87
 2302.30  2.87
 2303.00  2.87
 2303.70  2.87
 2304.40  2.87
 2305.10  2.87
 2305.80  2.87
 2306.50  2.87
 2307.20  2.87
 2307.90  2.87
 2308.60  2.87
 2309.30  2.87
 2310.00  2.87
 2310.70  2.87
 2311.40  2.87
 2312.10  2.87
 2312.80  2.87
 2313.50  2.87
 2314.20  2.87
 2314.90  2.87
 2315.60  2.87
 2316.30  2.87
 2317.00  2.87
 2317.70  2.87
 2318.40  2.87
 2319.10  2.87
 2319.80  2.87
 2320.50  2.87
 2321.20  2.87
 2321.90  2.87
 2322.60  2.87
 2323.30  2.87
 2324.00  2.87
 2324.70  2.87
 2325.40  2.87
 2326.10  2.87
 2326.80  2.87
 2327.50  2.87
 2328.20  2.87
 2328.90  2.87
 2329.60  2.87
 2330.30  2.87
 2331.00  2.87
 2331.70  2.87
 2332.40  2.87
 2333.10  2.87
 2333.80  2.87
 2334.50  2.87
 2335.20  2.87
 2335.90  2.87
 2336.60  2.87
 2337.30  2.87
 2338.00  2.87
 2338.70  2.87
 2339.40  2.87
 2340.10  2.87
 2340.80  2.87
 2341.50  2.87
 2342.20  2.87
 2342.90  2.87
 2343.60  2.87
 2344.30  2.87
 2345.00  2.87
 2345.70  2.87
 2346.40  2.87
 2347.10  2.87
 2347.80  2.87
 2348.50  2.87
 2349.20  2.87
 2349.90  2.87
 2350.60  2.87
 2351.30  2.87
 2352.00  2.87
 2352.70  2.87
 2353.40  2.87
 2354.10  2.87
 2354.80  2.87
 2355.50  2.87
 2356.20  2.87
 2356.90  2.87
 2357.60  2.87
 2358.30  2.87
 2359.00  2.87
 2359.70  2.87
 2360.40  2.87
 2361.10  2.87
 2361.80  2.87
 2362.50  2.87
 2363.20  2.87
 2363.90  2.87
 2364.60  2.87
 2365.30  2.87
 2366.00  2.87
 2366.70  2.87
 2367.40  2.87
 2368.10  2.87
 2368.80  2.87
 2369.50  2.87
 2370.20  2.87
 2370.90  2.87
 2371.60  2.87
 2372.30  2.87
 2373.00  2.87
 2373.70  2.87
 2374.40  2.87
 2375.10  2.87
 2375.80  2.87
 2376.50  2.87
 2377.20  2.87
 2377.90  2.87
 2378.60  2.87
 2379.30  2.87
 2380.00  2.87
 2380.70  2.87
 2381.40  2.87
 2382.10  2.87
 2382.80  2.87
 2383.50  2.87
 2384.20  2.87
 2384.90  2.87
 2385.60  2.87
 2386.30  2.87
 2387.00  2.87
 2387.70  2.87
 2388.40  2.87
 2389.10  2.87
 2389.80  2.87
 2390.50  2.87
 2391.20  2.87
 2391.90  2.87
 2392.60  2.87
 2393.30  2.87
 2394.00  2.87
 2394.70  2.87
 2395.40  2.87
 2396.10  2.87
 2396.80  2.87
 2397.50  2.87
 2398.20  2.87
 2398.90  2.87
 2399.60  2.87
 2400.30  2.87
 2401.00  2.87
 2401.70  2.87
 2402.40  2.87
 2403.10  2.87
 2403.80  2.87
 2404.50  2.87
 2405.20  2.87
 2405.90  2.87
 2406.60  2.87
 2407.30  2.87
 2408.00  2.87
 2408.70  2.87
 2409.40  2.87
 2410.10  2.87
 2410.80  2.87
 2411.50  2.87
 2412.20  2.87
 2412.90  2.87
 2413.60  2.87
 2414.30  2.87
 2415.00  2.87
 2415.70  2.87
 2416.40  2.87
 2417.10  2.87
 2417.80  2.87
 2418.50  2.87
 2419.20  2.87
 2419.90  2.87
 2420.60  2.87
 2421.30  2.87
 2422.00  2.87
 2422.70  2.87
 2423.40  2.87
 2424.10  2.87
 2424.80  2.87
 2425.50  2.87
 2426.20  2.87
 2426.90  2.87
 2427.60  2.87
 2428.30  2.87
 2429.00  2.87
 2429.70  2.87
 2430.40  2.87
 2431.10  2.87
 2431.80  2.87
 2432.50  2.87
 2433.20  2.87
 2433.90  2.87
 2434.60  2.87
 2435.30  2.87
 2436.00  2.87
 2436.70  2.87
 2437.40  2.87
 2438.10  2.87
 2438.80  2.87
 2439.50  2.87
 2440.20  2.87
 2440.90  2.87
 2441.60  2.87
 2442.30  2.87
 2443.00  2.87
 2443.70  2.87
 2444.40  2.87
 2445.10  2.87
 2445.80  2.87
 2446.50  2.87
 2447.20  2.87
 2447.90  2.87
 2448.60  2.87
 2449.30  2.87
 2450.00  2.87
 2450.70  2.87
 2451.40  2.87
 2452.10  2.87
 2452.80  2.87
 2453.50  2.87
 2454.20  2.87
 2454.90  2.87
 2455.60  2.87
 2456.30  2.87
 2457.00  2.87
 2457.70  2.87
 2458.40  2.87
 2459.10  2.87
 2459.80  2.87
 2460.50  2.87
 2461.20  2.87
 2461.90  2.87
 2462.60  2.87
 2463.30  2.87
 2464.00  2.87
 2464.70  2.87
 2465.40  2.87
 2466.10  2.87
 2466.80  2.87
 2467.50  2.87
 2468.20  2.87
 2468.90  2.87
 2469.60  2.87
 2470.30  2.87
 2471.00  2.87
 2471.70  2.87
 2472.40  2.87
 2473.10  2.87
 2473.80  2.87
 2474.50  2.87
 2475.20  2.87
 2475.90  2.87
 2476.60  2.87
 2477.30  2.87
 2478.00  2.87
 2478.70  2.87
 2479.40  2.87
 2480.10  2.87
 2480.80  2.87
 2481.50  2.87
 2482.20  2.87
 2482.90  2.87
 2483.60  2.87
 2484.30  2.87
 2485.00  2.87
 2485.70  2.87
 2486.40  2.87
 2487.10  2.87
 2487.80  2.87
 2488.50  2.87
 2489.20  2.87
 2489.90  2.87
 2490.60  2.87
 2491.30  2.87
 2492.00  2.87
 2492.70  2.87
 2493.40  2.87
 2494.10  2.87
 2494.80  2.87
 2495.50  2.87
 2496.20  2.87
 2496.90  2.87
 2497.60  2.87
 2498.30  2.87
 2499.00  2.87
 2499.70  2.87
 2500.40  2.87
 2501.10  2.87
 2501.80  2.87
 2502.50  2.87
 2503.20  2.87
 2503.90  2.87
 2504.60  2.87
 2505.30  2.87
 2506.00  2.87
 2506.70  2.87
 2507.40  2.87
 2508.10  2.87
 2508.80  2.87
 2509.50  2.87
 2510.20  2.87
 2510.90  2.87
 2511.60  2.87
 2512.30  2.87
 2513.00  2.87
 2513.70  2.87
 2514.40  2.87
 2515.10  2.87
 2515.80  2.87
 2516.50  2.87
 2517.20  2.87
 2517.90  2.87
 2518.60  2.87
 2519.30  2.87
 2520.00  2.87
 2520.70  2.87
 2521.40  2.87
 2522.10  2.87
 2522.80  2.87
 2523.50  2.87
 2524.20  2.87
 2524.90  2.87
 2525.60  2.87
 2526.30  2.87
 2527.00  2.87
 2527.70  2.87
 2528.40  2.87
 2529.10  2.87
 2529.80  2.87
 2530.50  2.87
 2531.20  2.87
 2531.90  2.87
 2532.60  2.87
 2533.30  2.87
 2534.00  2.87
 2534.70  2.87
 2535.40  2.87
 2536.10  2.87
 2536.80  2.87
 2537.50  2.87
 2538.20  2.87
 2538.90  2.87
 2539.60  2.87
 2540.30  2.87
 2541.00  2.87
 2541.70  2.87
 2542.40  2.87
 2543.10  2.87
 2543.80  2.87
 2544.50  2.87
 2545.20  2.87
 2545.90  2.87
 2546.60  2.87
 2547.30  2.87
 2548.00  2.87
 2548.70  2.87
 2549.40  2.87
 2550.10  2.87
 2550.80  2.87
 2551.50  2.87
 2552.20  2.87
 2552.90  2.87
 2553.60  2.87
 2554.30  2.87
 2555.00  2.87
 2555.70  2.87
 2556.40  2.87
 2557.10  2.87
 2557.80  2.87
 2558.50  2.87
 2559.20  2.87
 2559.90  2.87
 2560.60  2.87
 2561.30  2.87
 2562.00  2.87
 2562.70  2.87
 2563.40  2.87
 2564.10  2.87
 2564.80  2.87
 2565.50  2.87
 2566.20  2.87
 2566.90  2.87
 2567.60  2.87
 2568.30  2.87
 2569.00  2.87
 2569.70  2.87
 2570.40  2.87
 2571.10  2.87
 2571.80  2.87
 2572.50  2.87
 2573.20  2.87
 2573.90  2.87
 2574.60  2.87
 2575.30  2.87
 2576.00  2.87
 2576.70  2.87
 2577.40  2.87
 2578.10  2.87
 2578.80  2.87
 2579.50  2.87
 2580.20  2.87
 2580.90  2.87
 2581.60  2.87
 2582.30  2.87
 2583.00  2.87
 2583.70  2.87
 2584.40  2.87
 2585.10  2.87
 2585.80  2.87
 2586.50  2.87
 2587.20  2.87
 2587.90  2.87
 2588.60  2.87
 2589.30  2.87
 2590.00  2.87
 2590.70  2.87
 2591.40  2.87
 2592.10  2.87
 2592.80  2.87
 2593.50  2.87
 2594.20  2.87
 2594.90  2.87
 2595.60  2.87
 2596.30  2.87
 2597.00  2.87
 2597.70  2.87
 2598.40  2.87
 2599.10  2.87
 2599.80  2.87
 2600.50  2.87
 2601.20  2.87
 2601.90  2.87
 2602.60  2.87
 2603.30  2.87
 2604.00  2.87
 2604.70  2.87
 2605.40  2.87
 2606.10  2.87
 2606.80  2.87
 2607.50  2.87
 2608.20  2.87
 2608.90  2.87
 2609.60  2.87
 2610.30  2.87
 2611.00  2.87
 2611.70  2.87
 2612.40  2.87
 2613.10  2.87
 2613.80  2.87
 2614.50  2.87
 2615.20  2.87
 2615.90  2.87
 2616.60  2.87
 2617.30  2.87
 2618.00  2.87
 2618.70  2.87
 2619.40  2.87
 2620.10  2.87
 2620.80  2.87
 2621.50  2.87
 2622.20  2.87
 2622.90  2.87
 2623.60  2.87
 2624.30  2.87
 2625.00  2.87
 2625.70  2.87
 2626.40  2.87
 2627.10  2.87
 2627.80  2.87
 2628.50  2.87
 2629.20  2.87
 2629.90  2.87
 2630.60  2.87
 2631.30  2.87
 2632.00  2.87
 2632.70  2.87
 2633.40  2.87
 2634.10  2.87
 2634.80  2.87
 2635.50  2.87
 2636.20  2.87
 2636.90  2.87
 2637.60  2.87
 2638.30  2.87
 2639.00  2.87
 2639.70  2.87
 2640.40  2.87
 2641.10  2.87
 2641.80  2.87
 2642.50  2.87
 2643.20  2.87
 2643.90  2.87
 2644.60  2.87
 2645.30  2.87
 2646.00  2.87
 2646.70  2.87
 2647.40  2.87
 2648.10  2.87
 2648.80  2.87
 2649.50  2.87
 2650.20  2.87
 2650.90  2.87
 2651.60  2.87
 2652.30  2.87
 2653.00  2.87
 2653.70  2.87
 2654.40  2.87
 2655.10  2.87
 2655.80  2.87
 2656.50  2.87
 2657.20  2.87
 2657.90  2.87
 2658.60  2.87
 2659.30  2.87
 2660.00  2.87
 2660.70  2.87
 2661.40  2.87
 2662.10  2.87
 2662.80  2.87
 2663.50  2.87
 2664.20  2.87
 2664.90  2.87
 2665.60  2.87
 2666.30  2.87
 2667.00  2.87
 2667.70  2.87
 2668.40  2.87
 2669.10  2.87
 2669.80  2.87
 2670.50  2.87
 2671.20  2.87
 2671.90  2.87
 2672.60  2.87
 2673.30  2.87
 2674.00  2.87
 2674.70  2.87
 2675.40  2.87
 2676.10  2.87
 2676.80  2.87
 2677.50  2.87
 2678.20  2.87
 2678.90  2.87
 2679.60  2.87
 2680.30  2.87
 2681.00  2.87
 2681.70  2.87
 2682.40  2.87
 2683.10  2.87
 2683.80  2.87
 2684.50  2.87
 2685.20  2.87
 2685.90  2.87
 2686.60  2.87
 2687.30  2.87
 2688.00  2.87
 2688.70  2.87
 2689.40  2.87
 2690.10  2.87
 2690.80  2.87
 2691.50  2.87
 2692.20  2.87
 2692.90  2.87
 2693.60  2.87
 2694.30  2.87
 2695.00  2.87
 2695.70  2.87
 2696.40  2.87
 2697.10  2.87
 2697.80  2.87
 2698.50  2.87
 2699.20  2.87
 2699.90  2.87
 2700.60  2.87
 2701.30  2.87
 2702.00  2.87
 2702.70  2.87
 2703.40  2.87
 2704.10  2.87
 2704.80  2.87
 2705.50  2.87
 2706.20  2.87
 2706.90  2.87
 2707.60  2.87
 2708.30  2.87
 2709.00  2.87
 2709.70  2.87
 2710.40  2.87
 2711.10  2.87
 2711.80  2.87
 2712.50  2.87
 2713.20  2.87
 2713.90  2.87
 2714.60  2.87
 2715.30  2.87
 2716.00  2.87
 2716.70  2.87
 2717.40  2.87
 2718.10  2.87
 2718.80  2.87
 2719.50  2.87
 2720.20  2.87
 2720.90  2.87
 2721.60  2.87
 2722.30  2.87
 2723.00  2.87
 2723.70  2.87
 2724.40  2.87
 2725.10  2.87
 2725.80  2.87
 2726.50  2.87
 2727.20  2.87
 2727.90  2.87
 2728.60  2.87
 2729.30  2.87
 2730.00  2.87
 2730.70  2.87
 2731.40  2.87
 2732.10  2.87
 2732.80  2.87
 2733.50  2.87
 2734.20  2.87
 2734.90  2.87
 2735.60  2.87
 2736.30  2.87
 2737.00  2.87
 2737.70  2.87
 2738.40  2.87
 2739.10  2.87
 2739.80  2.87
 2740.50  2.87
 2741.20  2.87
 2741.90  2.87
 2742.60  2.87
 2743.30  2.87
 2744.00  2.87
 2744.70  2.87
 2745.40  2.87
 2746.10  2.87
 2746.80  2.87
 2747.50  2.87
 2748.20  2.87
 2748.90  2.87
 2749.60  2.87
 2750.30  2.87
 2751.00  2.87
 2751.70  2.87
 2752.40  2.87
 2753.10  2.87
 2753.80  2.87
 2754.50  2.87
 2755.20  2.87
 2755.90  2.87
 2756.60  2.87
 2757.30  2.87
 2758.00  2.87
 2758.70  2.87
 2759.40  2.87
 2760.10  2.87
 2760.80  2.87
 2761.50  2.87
 2762.20  2.87
 2762.90  2.87
 2763.60  2.87
 2764.30  2.87
 2765.00  2.87
 2765.70  2.87
 2766.40  2.87
 2767.10  2.87
 2767.80  2.87
 2768.50  2.87
 2769.20  2.87
 2769.90  2.87
 2770.60  2.87
 2771.30  2.87
 2772.00  2.87
 2772.70  2.87
 2773.40  2.87
 2774.10  2.87
 2774.80  2.87
 2775.50  2.87
 2776.20  2.87
 2776.90  2.87
 2777.60  2.87
 2778.30  2.87
 2779.00  2.87
 2779.70  2.87
 2780.40  2.87
 2781.10  2.87
 2781.80  2.87
 2782.50  2.87
 2783.20  2.87
 2783.90  2.87
 2784.60  2.87
 2785.30  2.87
 2786.00  2.87
 2786.70  2.87
 2787.40  2.87
 2788.10  2.87
 2788.80  2.87
 2789.50  2.87
 2790.20  2.87
 2790.90  2.87
 2791.60  2.87
 2792.30  2.87
 2793.00  2.87
 2793.70  2.87
 2794.40  2.87
 2795.10  2.87
 2795.80  2.87
 2796.50  2.87
 2797.20  2.87
 2797.90  2.87
 2798.60  2.87
 2799.30  2.87
 2800.00  2.87
 2800.70  2.87
 2801.40  2.87
 2802.10  2.87
 2802.80  2.87
 2803.50  2.87
 2804.20  2.87
 2804.90  2.87
 2805.60  2.87
 2806.30  2.87
 2807.00  2.87
 2807.70  2.87
 2808.40  2.87
 2809.10  2.87
 2809.80  2.87
 2810.50  2.87
 2811.20  2.87
 2811.90  2.87
 2812.60  2.87
 2813.30  2.87
 2814.00  2.87
 2814.70  2.87
 2815.40  2.87
 2816.10  2.87
 2816.80  2.87
 2817.50  2.87
 2818.20  2.87
 2818.90  2.87
 2819.60  2.87
 2820.30  2.87
 2821.00  2.87
 2821.70  2.87
 2822.40  2.87
 2823.10  2.87
 2823.80  2.87
 2824.50  2.87
 2825.20  2.87
 2825.90  2.87
 2826.60  2.87
 2827.30  2.87
 2828.00  2.87
 2828.70  2.87
 2829.40  2.87
 2830.10  2.87
 2830.80  2.87
 2831.50  2.87
 2832.20  2.87
 2832.90  2.87
 2833.60  2.87
 2834.30  2.87
 2835.00  2.87
 2835.70  2.87
 2836.40  2.87
 2837.10  2.87
 2837.80  2.87
 2838.50  2.87
 2839.20  2.87
 2839.90  2.87
 2840.60  2.87
 2841.30  2.87
 2842.00  2.87
 2842.70  2.87
 2843.40  2.87
 2844.10  2.87
 2844.80  2.87
 2845.50  2.87
 2846.20  2.87
 2846.90  2.87
 2847.60  2.87
 2848.30  2.87
 2849.00  2.87
 2849.70  2.87
 2850.40  2.87
 2851.10  2.87
 2851.80  2.87
 2852.50  2.87
 2853.20  2.87
 2853.90  2.87
 2854.60  2.87
 2855.30  2.87
 2856.00  2.87
 2856.70  2.87
 2857.40  2.87
 2858.10  2.87
 2858.80  2.87
 2859.50  2.87
 2860.20  2.87
 2860.90  2.87
 2861.60  2.87
 2862.30  2.87
 2863.00  2.87
 2863.70  2.87
 2864.40  2.87
 2865.10  2.87
 2865.80  2.87
 2866.50  2.87
 2867.20  2.87
 2867.90  2.87
 2868.60  2.87
 2869.30  2.87
 2870.00  2.87
 2870.70  2.87
 2871.40  2.87
 2872.10  2.87
 2872.80  2.87
 2873.50  2.87
 2874.20  2.87
 2874.90  2.87
 2875.60  2.87
 2876.30  2.87
 2877.00  2.87
 2877.70  2.87
 2878.40  2.87
 2879.10  2.87
 2879.80  2.87
 2880.50  2.87
 2881.20  2.87
 2881.90  2.87
 2882.60  2.87
 2883.30  2.87
 2884.00  2.87
 2884.70  2.87
 2885.40  2.87
 2886.10  2.87
 2886.80  2.87
 2887.50  2.87
 2888.20  2.87
 2888.90  2.87
 2889.60  2.87
 2890.30  2.87
 2891.00  2.87
 2891.70  2.87
 2892.40  2.87
 2893.10  2.87
 2893.80  2.87
 2894.50  2.87
 2895.20  2.87
 2895.90  2.87
 2896.60  2.87
 2897.30  2.87
 2898.00  2.87
 2898.70  2.87
 2899.40  2.87
 2900.10  2.87
 2900.80  2.87
 2901.50  2.87
 2902.20  2.87
 2902.90  2.87
 2903.60  2.87
 2904.30  2.87
 2905.00  2.87
 2905.70  2.87
 2906.40  2.87
 2907.10  2.87
 2907.80  2.87
 2908.50  2.87
 2909.20  2.87
 2909.90  2.87
 2910.60  2.87
 2911.30  2.87
 2912.00  2.87
 2912.70  2.87
 2913.40  2.87
 2914.10  2.87
 2914.80  2.87
 2915.50  2.87
 2916.20  2.87
 2916.90  2.87
 2917.60  2.87
 2918.30  2.87
 2919.00  2.87
 2919.70  2.87
 2920.40  2.87
 2921.10  2.87
 2921.80  2.87
 2922.50  2.87
 2923.20  2.87
 2923.90  2.87
 2924.60  2.87
 2925.30  2.87
 2926.00  2.87
 2926.70  2.87
 2927.40  2.87
 2928.10  2.87
 2928.80  2.87
 2929.50  2.87
 2930.20  2.87
 2930.90  2.87
 2931.60  2.87
 2932.30  2.87
 2933.00  2.87
 2933.70  2.87
 2934.40  2.87
 2935.10  2.87
 2935.80  2.87
 2936.50  2.87
 2937.20  2.87
 2937.90  2.87
 2938.60  2.87
 2939.30  2.87
 2940.00  2.87
 2940.70  2.87
 2941.40  2.87
 2942.10  2.87
 2942.80  2.87
 2943.50  2.87
 2944.20  2.87
 2944.90  2.87
 2945.60  2.87
 2946.30  2.87
 2947.00  2.87
 2947.70  2.87
 2948.40  2.87
 2949.10  2.87
 2949.80  2.87
 2950.50  2.87
 2951.20  2.87
 2951.90  2.87
 2952.60  2.87
 2953.30  2.87
 2954.00  2.87
 2954.70  2.87
 2955.40  2.87
 2956.10  2.87
 2956.80  2.87
 2957.50  2.87
 2958.20  2.87
 2958.90  2.87
 2959.60  2.87
 2960.30  2.87
 2961.00  2.87
 2961.70  2.87
 2962.40  2.87
 2963.10  2.87
 2963.80  2.87
 2964.50  2.87
 2965.20  2.87
 2965.90  2.87
 2966.60  2.87
 2967.30  2.87
 2968.00  2.87
 2968.70  2.87
 2969.40  2.87
 2970.10  2.87
 2970.80  2.87
 2971.50  2.87
 2972.20  2.87
 2972.90  2.87
 2973.60  2.87
 2974.30  2.87
 2975.00  2.87
 2975.70  2.87
 2976.40  2.87
 2977.10  2.87
 2977.80  2.87
 2978.50  2.87
 2979.20  2.87
 2979.90  2.87
 2980.60  2.87
 2981.30  2.87
 2982.00  2.87
 2982.70  2.87
 2983.40  2.87
 2984.10  2.87
 2984.80  2.87
 2985.50  2.87
 2986.20  2.87
 2986.90  2.87
 2987.60  2.87
 2988.30  2.87
 2989.00  2.87
 2989.70  2.87
 2990.40  2.87
 2991.10  2.87
 2991.80  2.87
 2992.50  2.87
 2993.20  2.87
 2993.90  2.87
 2994.60  2.87
 2995.30  2.87
 2996.00  2.87
 2996.70  2.87
 2997.40  2.87
 2998.10  2.87
 2998.80  2.87
 2999.50  2.87
