#Navio B MarAd
#Manobra de Curva Giro
#
#Eta 
#
#temp      rot 
 0.00  1.00
 0.70  1.00
 1.40  1.00
 2.10  1.00
 2.80  1.00
 3.50  1.00
 4.20  1.00
 4.90  1.00
 5.60  1.00
 6.30  1.00
 7.00  1.00
 7.70  1.00
 8.40  1.00
 9.10  1.00
 9.80  1.01
 10.50  1.01
 11.20  1.01
 11.90  1.01
 12.60  1.01
 13.30  1.01
 14.00  1.01
 14.70  1.01
 15.40  1.01
 16.10  1.01
 16.80  1.01
 17.50  1.01
 18.20  1.01
 18.90  1.01
 19.60  1.01
 20.30  1.01
 21.00  1.01
 21.70  1.01
 22.40  1.01
 23.10  1.01
 23.80  1.01
 24.50  1.02
 25.20  1.02
 25.90  1.02
 26.60  1.02
 27.30  1.02
 28.00  1.02
 28.70  1.02
 29.40  1.02
 30.10  1.02
 30.80  1.02
 31.50  1.02
 32.20  1.02
 32.90  1.02
 33.60  1.02
 34.30  1.02
 35.00  1.02
 35.70  1.02
 36.40  1.02
 37.10  1.03
 37.80  1.03
 38.50  1.03
 39.20  1.03
 39.90  1.03
 40.60  1.03
 41.30  1.03
 42.00  1.03
 42.70  1.03
 43.40  1.03
 44.10  1.03
 44.80  1.03
 45.50  1.03
 46.20  1.03
 46.90  1.03
 47.60  1.03
 48.30  1.04
 49.00  1.04
 49.70  1.04
 50.40  1.04
 51.10  1.04
 51.80  1.04
 52.50  1.04
 53.20  1.04
 53.90  1.04
 54.60  1.04
 55.30  1.04
 56.00  1.04
 56.70  1.04
 57.40  1.04
 58.10  1.05
 58.80  1.05
 59.50  1.05
 60.20  1.05
 60.90  1.05
 61.60  1.05
 62.30  1.05
 63.00  1.05
 63.70  1.05
 64.40  1.05
 65.10  1.05
 65.80  1.06
 66.50  1.06
 67.20  1.06
 67.90  1.06
 68.60  1.06
 69.30  1.06
 70.00  1.06
 70.70  1.06
 71.40  1.06
 72.10  1.06
 72.80  1.06
 73.50  1.07
 74.20  1.07
 74.90  1.07
 75.60  1.07
 76.30  1.07
 77.00  1.07
 77.70  1.07
 78.40  1.07
 79.10  1.07
 79.80  1.08
 80.50  1.08
 81.20  1.08
 81.90  1.08
 82.60  1.08
 83.30  1.08
 84.00  1.08
 84.70  1.08
 85.40  1.08
 86.10  1.09
 86.80  1.09
 87.50  1.09
 88.20  1.09
 88.90  1.09
 89.60  1.09
 90.30  1.09
 91.00  1.09
 91.70  1.10
 92.40  1.10
 93.10  1.10
 93.80  1.10
 94.50  1.10
 95.20  1.10
 95.90  1.10
 96.60  1.11
 97.30  1.11
 98.00  1.11
 98.70  1.11
 99.40  1.11
 100.10  1.11
 100.80  1.11
 101.50  1.12
 102.20  1.12
 102.90  1.12
 103.60  1.12
 104.30  1.12
 105.00  1.12
 105.70  1.12
 106.40  1.13
 107.10  1.13
 107.80  1.13
 108.50  1.13
 109.20  1.13
 109.90  1.13
 110.60  1.14
 111.30  1.14
 112.00  1.14
 112.70  1.14
 113.40  1.14
 114.10  1.14
 114.80  1.15
 115.50  1.15
 116.20  1.15
 116.90  1.15
 117.60  1.15
 118.30  1.15
 119.00  1.16
 119.70  1.16
 120.40  1.16
 121.10  1.16
 121.80  1.16
 122.50  1.16
 123.20  1.17
 123.90  1.17
 124.60  1.17
 125.30  1.17
 126.00  1.17
 126.70  1.18
 127.40  1.18
 128.10  1.18
 128.80  1.18
 129.50  1.18
 130.20  1.19
 130.90  1.19
 131.60  1.19
 132.30  1.19
 133.00  1.19
 133.70  1.19
 134.40  1.20
 135.10  1.20
 135.80  1.20
 136.50  1.20
 137.20  1.20
 137.90  1.21
 138.60  1.21
 139.30  1.21
 140.00  1.21
 140.70  1.22
 141.40  1.22
 142.10  1.22
 142.80  1.22
 143.50  1.22
 144.20  1.23
 144.90  1.23
 145.60  1.23
 146.30  1.23
 147.00  1.23
 147.70  1.24
 148.40  1.24
 149.10  1.24
 149.80  1.24
 150.50  1.25
 151.20  1.25
 151.90  1.25
 152.60  1.25
 153.30  1.25
 154.00  1.26
 154.70  1.26
 155.40  1.26
 156.10  1.26
 156.80  1.27
 157.50  1.27
 158.20  1.27
 158.90  1.27
 159.60  1.28
 160.30  1.28
 161.00  1.28
 161.70  1.28
 162.40  1.28
 163.10  1.29
 163.80  1.29
 164.50  1.29
 165.20  1.29
 165.90  1.30
 166.60  1.30
 167.30  1.30
 168.00  1.30
 168.70  1.31
 169.40  1.31
 170.10  1.31
 170.80  1.31
 171.50  1.32
 172.20  1.32
 172.90  1.32
 173.60  1.32
 174.30  1.33
 175.00  1.33
 175.70  1.33
 176.40  1.33
 177.10  1.34
 177.80  1.34
 178.50  1.34
 179.20  1.34
 179.90  1.35
 180.60  1.35
 181.30  1.35
 182.00  1.35
 182.70  1.36
 183.40  1.36
 184.10  1.36
 184.80  1.36
 185.50  1.37
 186.20  1.37
 186.90  1.37
 187.60  1.38
 188.30  1.38
 189.00  1.38
 189.70  1.38
 190.40  1.39
 191.10  1.39
 191.80  1.39
 192.50  1.39
 193.20  1.40
 193.90  1.40
 194.60  1.40
 195.30  1.40
 196.00  1.41
 196.70  1.41
 197.40  1.41
 198.10  1.42
 198.80  1.42
 199.50  1.42
 200.20  1.42
 200.90  1.43
 201.60  1.43
 202.30  1.43
 203.00  1.43
 203.70  1.44
 204.40  1.44
 205.10  1.44
 205.80  1.45
 206.50  1.45
 207.20  1.45
 207.90  1.45
 208.60  1.46
 209.30  1.46
 210.00  1.46
 210.70  1.47
 211.40  1.47
 212.10  1.47
 212.80  1.47
 213.50  1.48
 214.20  1.48
 214.90  1.48
 215.60  1.49
 216.30  1.49
 217.00  1.49
 217.70  1.49
 218.40  1.50
 219.10  1.50
 219.80  1.50
 220.50  1.51
 221.20  1.51
 221.90  1.51
 222.60  1.51
 223.30  1.52
 224.00  1.52
 224.70  1.52
 225.40  1.53
 226.10  1.53
 226.80  1.53
 227.50  1.53
 228.20  1.54
 228.90  1.54
 229.60  1.54
 230.30  1.55
 231.00  1.55
 231.70  1.55
 232.40  1.56
 233.10  1.56
 233.80  1.56
 234.50  1.56
 235.20  1.57
 235.90  1.57
 236.60  1.57
 237.30  1.58
 238.00  1.58
 238.70  1.58
 239.40  1.58
 240.10  1.59
 240.80  1.59
 241.50  1.59
 242.20  1.60
 242.90  1.60
 243.60  1.60
 244.30  1.61
 245.00  1.61
 245.70  1.61
 246.40  1.61
 247.10  1.62
 247.80  1.62
 248.50  1.62
 249.20  1.63
 249.90  1.63
 250.60  1.63
 251.30  1.64
 252.00  1.64
 252.70  1.64
 253.40  1.64
 254.10  1.65
 254.80  1.65
 255.50  1.65
 256.20  1.66
 256.90  1.66
 257.60  1.66
 258.30  1.67
 259.00  1.67
 259.70  1.67
 260.40  1.67
 261.10  1.68
 261.80  1.68
 262.50  1.68
 263.20  1.69
 263.90  1.69
 264.60  1.69
 265.30  1.70
 266.00  1.70
 266.70  1.70
 267.40  1.70
 268.10  1.71
 268.80  1.71
 269.50  1.71
 270.20  1.72
 270.90  1.72
 271.60  1.72
 272.30  1.73
 273.00  1.73
 273.70  1.73
 274.40  1.74
 275.10  1.74
 275.80  1.74
 276.50  1.74
 277.20  1.75
 277.90  1.75
 278.60  1.75
 279.30  1.76
 280.00  1.76
 280.70  1.76
 281.40  1.77
 282.10  1.77
 282.80  1.77
 283.50  1.77
 284.20  1.78
 284.90  1.78
 285.60  1.78
 286.30  1.79
 287.00  1.79
 287.70  1.79
 288.40  1.80
 289.10  1.80
 289.80  1.80
 290.50  1.81
 291.20  1.81
 291.90  1.81
 292.60  1.81
 293.30  1.82
 294.00  1.82
 294.70  1.82
 295.40  1.83
 296.10  1.83
 296.80  1.83
 297.50  1.84
 298.20  1.84
 298.90  1.84
 299.60  1.84
 300.30  1.85
 301.00  1.85
 301.70  1.85
 302.40  1.86
 303.10  1.86
 303.80  1.86
 304.50  1.87
 305.20  1.87
 305.90  1.87
 306.60  1.87
 307.30  1.88
 308.00  1.88
 308.70  1.88
 309.40  1.89
 310.10  1.89
 310.80  1.89
 311.50  1.90
 312.20  1.90
 312.90  1.90
 313.60  1.90
 314.30  1.91
 315.00  1.91
 315.70  1.91
 316.40  1.92
 317.10  1.92
 317.80  1.92
 318.50  1.93
 319.20  1.93
 319.90  1.93
 320.60  1.93
 321.30  1.94
 322.00  1.94
 322.70  1.94
 323.40  1.95
 324.10  1.95
 324.80  1.95
 325.50  1.96
 326.20  1.96
 326.90  1.96
 327.60  1.96
 328.30  1.97
 329.00  1.97
 329.70  1.97
 330.40  1.98
 331.10  1.98
 331.80  1.98
 332.50  1.99
 333.20  1.99
 333.90  1.99
 334.60  1.99
 335.30  2.00
 336.00  2.00
 336.70  2.00
 337.40  2.01
 338.10  2.01
 338.80  2.01
 339.50  2.01
 340.20  2.02
 340.90  2.02
 341.60  2.02
 342.30  2.03
 343.00  2.03
 343.70  2.03
 344.40  2.04
 345.10  2.04
 345.80  2.04
 346.50  2.04
 347.20  2.05
 347.90  2.05
 348.60  2.05
 349.30  2.06
 350.00  2.06
 350.70  2.06
 351.40  2.07
 352.10  2.07
 352.80  2.07
 353.50  2.07
 354.20  2.08
 354.90  2.08
 355.60  2.08
 356.30  2.09
 357.00  2.09
 357.70  2.09
 358.40  2.09
 359.10  2.10
 359.80  2.10
 360.50  2.10
 361.20  2.11
 361.90  2.11
 362.60  2.11
 363.30  2.11
 364.00  2.12
 364.70  2.12
 365.40  2.12
 366.10  2.13
 366.80  2.13
 367.50  2.13
 368.20  2.13
 368.90  2.14
 369.60  2.14
 370.30  2.14
 371.00  2.15
 371.70  2.15
 372.40  2.15
 373.10  2.15
 373.80  2.16
 374.50  2.16
 375.20  2.16
 375.90  2.17
 376.60  2.17
 377.30  2.17
 378.00  2.17
 378.70  2.18
 379.40  2.18
 380.10  2.18
 380.80  2.18
 381.50  2.19
 382.20  2.19
 382.90  2.19
 383.60  2.20
 384.30  2.20
 385.00  2.20
 385.70  2.20
 386.40  2.21
 387.10  2.21
 387.80  2.21
 388.50  2.22
 389.20  2.22
 389.90  2.22
 390.60  2.22
 391.30  2.23
 392.00  2.23
 392.70  2.23
 393.40  2.23
 394.10  2.24
 394.80  2.24
 395.50  2.24
 396.20  2.25
 396.90  2.25
 397.60  2.25
 398.30  2.25
 399.00  2.26
 399.70  2.26
 400.40  2.26
 401.10  2.26
 401.80  2.27
 402.50  2.27
 403.20  2.27
 403.90  2.27
 404.60  2.28
 405.30  2.28
 406.00  2.28
 406.70  2.29
 407.40  2.29
 408.10  2.29
 408.80  2.29
 409.50  2.30
 410.20  2.30
 410.90  2.30
 411.60  2.30
 412.30  2.31
 413.00  2.31
 413.70  2.31
 414.40  2.31
 415.10  2.32
 415.80  2.32
 416.50  2.32
 417.20  2.32
 417.90  2.33
 418.60  2.33
 419.30  2.33
 420.00  2.34
 420.70  2.34
 421.40  2.34
 422.10  2.34
 422.80  2.35
 423.50  2.35
 424.20  2.35
 424.90  2.35
 425.60  2.36
 426.30  2.36
 427.00  2.36
 427.70  2.36
 428.40  2.37
 429.10  2.37
 429.80  2.37
 430.50  2.37
 431.20  2.38
 431.90  2.38
 432.60  2.38
 433.30  2.38
 434.00  2.39
 434.70  2.39
 435.40  2.39
 436.10  2.39
 436.80  2.40
 437.50  2.40
 438.20  2.40
 438.90  2.40
 439.60  2.41
 440.30  2.41
 441.00  2.41
 441.70  2.41
 442.40  2.42
 443.10  2.42
 443.80  2.42
 444.50  2.42
 445.20  2.43
 445.90  2.43
 446.60  2.43
 447.30  2.43
 448.00  2.43
 448.70  2.44
 449.40  2.44
 450.10  2.44
 450.80  2.44
 451.50  2.45
 452.20  2.45
 452.90  2.45
 453.60  2.45
 454.30  2.46
 455.00  2.46
 455.70  2.46
 456.40  2.46
 457.10  2.47
 457.80  2.47
 458.50  2.47
 459.20  2.47
 459.90  2.47
 460.60  2.48
 461.30  2.48
 462.00  2.48
 462.70  2.48
 463.40  2.49
 464.10  2.49
 464.80  2.49
 465.50  2.49
 466.20  2.50
 466.90  2.50
 467.60  2.50
 468.30  2.50
 469.00  2.50
 469.70  2.51
 470.40  2.51
 471.10  2.51
 471.80  2.51
 472.50  2.52
 473.20  2.52
 473.90  2.52
 474.60  2.52
 475.30  2.53
 476.00  2.53
 476.70  2.53
 477.40  2.53
 478.10  2.53
 478.80  2.54
 479.50  2.54
 480.20  2.54
 480.90  2.54
 481.60  2.55
 482.30  2.55
 483.00  2.55
 483.70  2.55
 484.40  2.55
 485.10  2.56
 485.80  2.56
 486.50  2.56
 487.20  2.56
 487.90  2.56
 488.60  2.57
 489.30  2.57
 490.00  2.57
 490.70  2.57
 491.40  2.58
 492.10  2.58
 492.80  2.58
 493.50  2.58
 494.20  2.58
 494.90  2.59
 495.60  2.59
 496.30  2.59
 497.00  2.59
 497.70  2.59
 498.40  2.60
 499.10  2.60
 499.80  2.60
 500.50  2.60
 501.20  2.61
 501.90  2.61
 502.60  2.61
 503.30  2.61
 504.00  2.61
 504.70  2.62
 505.40  2.62
 506.10  2.62
 506.80  2.62
 507.50  2.62
 508.20  2.63
 508.90  2.63
 509.60  2.63
 510.30  2.63
 511.00  2.63
 511.70  2.64
 512.40  2.64
 513.10  2.64
 513.80  2.64
 514.50  2.64
 515.20  2.65
 515.90  2.65
 516.60  2.65
 517.30  2.65
 518.00  2.65
 518.70  2.66
 519.40  2.66
 520.10  2.66
 520.80  2.66
 521.50  2.66
 522.20  2.67
 522.90  2.67
 523.60  2.67
 524.30  2.67
 525.00  2.67
 525.70  2.68
 526.40  2.68
 527.10  2.68
 527.80  2.68
 528.50  2.68
 529.20  2.69
 529.90  2.69
 530.60  2.69
 531.30  2.69
 532.00  2.69
 532.70  2.69
 533.40  2.70
 534.10  2.70
 534.80  2.70
 535.50  2.70
 536.20  2.70
 536.90  2.71
 537.60  2.71
 538.30  2.71
 539.00  2.71
 539.70  2.71
 540.40  2.72
 541.10  2.72
 541.80  2.72
 542.50  2.72
 543.20  2.72
 543.90  2.72
 544.60  2.73
 545.30  2.73
 546.00  2.73
 546.70  2.73
 547.40  2.73
 548.10  2.74
 548.80  2.74
 549.50  2.74
 550.20  2.74
 550.90  2.74
 551.60  2.74
 552.30  2.75
 553.00  2.75
 553.70  2.75
 554.40  2.75
 555.10  2.75
 555.80  2.75
 556.50  2.76
 557.20  2.76
 557.90  2.76
 558.60  2.76
 559.30  2.76
 560.00  2.77
 560.70  2.77
 561.40  2.77
 562.10  2.77
 562.80  2.77
 563.50  2.77
 564.20  2.78
 564.90  2.78
 565.60  2.78
 566.30  2.78
 567.00  2.78
 567.70  2.78
 568.40  2.79
 569.10  2.79
 569.80  2.79
 570.50  2.79
 571.20  2.79
 571.90  2.79
 572.60  2.80
 573.30  2.80
 574.00  2.80
 574.70  2.80
 575.40  2.80
 576.10  2.80
 576.80  2.81
 577.50  2.81
 578.20  2.81
 578.90  2.81
 579.60  2.81
 580.30  2.81
 581.00  2.82
 581.70  2.82
 582.40  2.82
 583.10  2.82
 583.80  2.82
 584.50  2.82
 585.20  2.83
 585.90  2.83
 586.60  2.83
 587.30  2.83
 588.00  2.83
 588.70  2.83
 589.40  2.83
 590.10  2.84
 590.80  2.84
 591.50  2.84
 592.20  2.84
 592.90  2.84
 593.60  2.84
 594.30  2.85
 595.00  2.85
 595.70  2.85
 596.40  2.85
 597.10  2.85
 597.80  2.85
 598.50  2.85
 599.20  2.86
 599.90  2.86
 600.60  2.86
 601.30  2.86
 602.00  2.86
 602.70  2.86
 603.40  2.87
 604.10  2.87
 604.80  2.87
 605.50  2.87
 606.20  2.87
 606.90  2.87
 607.60  2.87
 608.30  2.88
 609.00  2.88
 609.70  2.88
 610.40  2.88
 611.10  2.88
 611.80  2.88
 612.50  2.88
 613.20  2.89
 613.90  2.89
 614.60  2.89
 615.30  2.89
 616.00  2.89
 616.70  2.89
 617.40  2.89
 618.10  2.90
 618.80  2.90
 619.50  2.90
 620.20  2.90
 620.90  2.90
 621.60  2.90
 622.30  2.90
 623.00  2.91
 623.70  2.91
 624.40  2.91
 625.10  2.91
 625.80  2.91
 626.50  2.91
 627.20  2.91
 627.90  2.92
 628.60  2.92
 629.30  2.92
 630.00  2.92
 630.70  2.92
 631.40  2.92
 632.10  2.92
 632.80  2.93
 633.50  2.93
 634.20  2.93
 634.90  2.93
 635.60  2.93
 636.30  2.93
 637.00  2.93
 637.70  2.93
 638.40  2.94
 639.10  2.94
 639.80  2.94
 640.50  2.94
 641.20  2.94
 641.90  2.94
 642.60  2.94
 643.30  2.95
 644.00  2.95
 644.70  2.95
 645.40  2.95
 646.10  2.95
 646.80  2.95
 647.50  2.95
 648.20  2.95
 648.90  2.96
 649.60  2.96
 650.30  2.96
 651.00  2.96
 651.70  2.96
 652.40  2.96
 653.10  2.96
 653.80  2.96
 654.50  2.97
 655.20  2.97
 655.90  2.97
 656.60  2.97
 657.30  2.97
 658.00  2.97
 658.70  2.97
 659.40  2.97
 660.10  2.98
 660.80  2.98
 661.50  2.98
 662.20  2.98
 662.90  2.98
 663.60  2.98
 664.30  2.98
 665.00  2.98
 665.70  2.99
 666.40  2.99
 667.10  2.99
 667.80  2.99
 668.50  2.99
 669.20  2.99
 669.90  2.99
 670.60  2.99
 671.30  2.99
 672.00  3.00
 672.70  3.00
 673.40  3.00
 674.10  3.00
 674.80  3.00
 675.50  3.00
 676.20  3.00
 676.90  3.00
 677.60  3.01
 678.30  3.01
 679.00  3.01
 679.70  3.01
 680.40  3.01
 681.10  3.01
 681.80  3.01
 682.50  3.01
 683.20  3.01
 683.90  3.02
 684.60  3.02
 685.30  3.02
 686.00  3.02
 686.70  3.02
 687.40  3.02
 688.10  3.02
 688.80  3.02
 689.50  3.02
 690.20  3.03
 690.90  3.03
 691.60  3.03
 692.30  3.03
 693.00  3.03
 693.70  3.03
 694.40  3.03
 695.10  3.03
 695.80  3.03
 696.50  3.04
 697.20  3.04
 697.90  3.04
 698.60  3.04
 699.30  3.04
 700.00  3.04
 700.70  3.04
 701.40  3.04
 702.10  3.04
 702.80  3.04
 703.50  3.05
 704.20  3.05
 704.90  3.05
 705.60  3.05
 706.30  3.05
 707.00  3.05
 707.70  3.05
 708.40  3.05
 709.10  3.05
 709.80  3.06
 710.50  3.06
 711.20  3.06
 711.90  3.06
 712.60  3.06
 713.30  3.06
 714.00  3.06
 714.70  3.06
 715.40  3.06
 716.10  3.06
 716.80  3.07
 717.50  3.07
 718.20  3.07
 718.90  3.07
 719.60  3.07
 720.30  3.07
 721.00  3.07
 721.70  3.07
 722.40  3.07
 723.10  3.07
 723.80  3.08
 724.50  3.08
 725.20  3.08
 725.90  3.08
 726.60  3.08
 727.30  3.08
 728.00  3.08
 728.70  3.08
 729.40  3.08
 730.10  3.08
 730.80  3.08
 731.50  3.09
 732.20  3.09
 732.90  3.09
 733.60  3.09
 734.30  3.09
 735.00  3.09
 735.70  3.09
 736.40  3.09
 737.10  3.09
 737.80  3.09
 738.50  3.09
 739.20  3.10
 739.90  3.10
 740.60  3.10
 741.30  3.10
 742.00  3.10
 742.70  3.10
 743.40  3.10
 744.10  3.10
 744.80  3.10
 745.50  3.10
 746.20  3.10
 746.90  3.11
 747.60  3.11
 748.30  3.11
 749.00  3.11
 749.70  3.11
 750.40  3.11
 751.10  3.11
 751.80  3.11
 752.50  3.11
 753.20  3.11
 753.90  3.11
 754.60  3.12
 755.30  3.12
 756.00  3.12
 756.70  3.12
 757.40  3.12
 758.10  3.12
 758.80  3.12
 759.50  3.12
 760.20  3.12
 760.90  3.12
 761.60  3.12
 762.30  3.12
 763.00  3.13
 763.70  3.13
 764.40  3.13
 765.10  3.13
 765.80  3.13
 766.50  3.13
 767.20  3.13
 767.90  3.13
 768.60  3.13
 769.30  3.13
 770.00  3.13
 770.70  3.13
 771.40  3.14
 772.10  3.14
 772.80  3.14
 773.50  3.14
 774.20  3.14
 774.90  3.14
 775.60  3.14
 776.30  3.14
 777.00  3.14
 777.70  3.14
 778.40  3.14
 779.10  3.14
 779.80  3.14
 780.50  3.15
 781.20  3.15
 781.90  3.15
 782.60  3.15
 783.30  3.15
 784.00  3.15
 784.70  3.15
 785.40  3.15
 786.10  3.15
 786.80  3.15
 787.50  3.15
 788.20  3.15
 788.90  3.15
 789.60  3.16
 790.30  3.16
 791.00  3.16
 791.70  3.16
 792.40  3.16
 793.10  3.16
 793.80  3.16
 794.50  3.16
 795.20  3.16
 795.90  3.16
 796.60  3.16
 797.30  3.16
 798.00  3.16
 798.70  3.16
 799.40  3.17
 800.10  3.17
 800.80  3.17
 801.50  3.17
 802.20  3.17
 802.90  3.17
 803.60  3.17
 804.30  3.17
 805.00  3.17
 805.70  3.17
 806.40  3.17
 807.10  3.17
 807.80  3.17
 808.50  3.17
 809.20  3.18
 809.90  3.18
 810.60  3.18
 811.30  3.18
 812.00  3.18
 812.70  3.18
 813.40  3.18
 814.10  3.18
 814.80  3.18
 815.50  3.18
 816.20  3.18
 816.90  3.18
 817.60  3.18
 818.30  3.18
 819.00  3.18
 819.70  3.19
 820.40  3.19
 821.10  3.19
 821.80  3.19
 822.50  3.19
 823.20  3.19
 823.90  3.19
 824.60  3.19
 825.30  3.19
 826.00  3.19
 826.70  3.19
 827.40  3.19
 828.10  3.19
 828.80  3.19
 829.50  3.19
 830.20  3.20
 830.90  3.20
 831.60  3.20
 832.30  3.20
 833.00  3.20
 833.70  3.20
 834.40  3.20
 835.10  3.20
 835.80  3.20
 836.50  3.20
 837.20  3.20
 837.90  3.20
 838.60  3.20
 839.30  3.20
 840.00  3.20
 840.70  3.20
 841.40  3.21
 842.10  3.21
 842.80  3.21
 843.50  3.21
 844.20  3.21
 844.90  3.21
 845.60  3.21
 846.30  3.21
 847.00  3.21
 847.70  3.21
 848.40  3.21
 849.10  3.21
 849.80  3.21
 850.50  3.21
 851.20  3.21
 851.90  3.21
 852.60  3.21
 853.30  3.22
 854.00  3.22
 854.70  3.22
 855.40  3.22
 856.10  3.22
 856.80  3.22
 857.50  3.22
 858.20  3.22
 858.90  3.22
 859.60  3.22
 860.30  3.22
 861.00  3.22
 861.70  3.22
 862.40  3.22
 863.10  3.22
 863.80  3.22
 864.50  3.22
 865.20  3.22
 865.90  3.23
 866.60  3.23
 867.30  3.23
 868.00  3.23
 868.70  3.23
 869.40  3.23
 870.10  3.23
 870.80  3.23
 871.50  3.23
 872.20  3.23
 872.90  3.23
 873.60  3.23
 874.30  3.23
 875.00  3.23
 875.70  3.23
 876.40  3.23
 877.10  3.23
 877.80  3.23
 878.50  3.23
 879.20  3.24
 879.90  3.24
 880.60  3.24
 881.30  3.24
 882.00  3.24
 882.70  3.24
 883.40  3.24
 884.10  3.24
 884.80  3.24
 885.50  3.24
 886.20  3.24
 886.90  3.24
 887.60  3.24
 888.30  3.24
 889.00  3.24
 889.70  3.24
 890.40  3.24
 891.10  3.24
 891.80  3.24
 892.50  3.24
 893.20  3.25
 893.90  3.25
 894.60  3.25
 895.30  3.25
 896.00  3.25
 896.70  3.25
 897.40  3.25
 898.10  3.25
 898.80  3.25
 899.50  3.25
 900.20  3.25
 900.90  3.25
 901.60  3.25
 902.30  3.25
 903.00  3.25
 903.70  3.25
 904.40  3.25
 905.10  3.25
 905.80  3.25
 906.50  3.25
 907.20  3.25
 907.90  3.26
 908.60  3.26
 909.30  3.26
 910.00  3.26
 910.70  3.26
 911.40  3.26
 912.10  3.26
 912.80  3.26
 913.50  3.26
 914.20  3.26
 914.90  3.26
 915.60  3.26
 916.30  3.26
 917.00  3.26
 917.70  3.26
 918.40  3.26
 919.10  3.26
 919.80  3.26
 920.50  3.26
 921.20  3.26
 921.90  3.26
 922.60  3.26
 923.30  3.27
 924.00  3.27
 924.70  3.27
 925.40  3.27
 926.10  3.27
 926.80  3.27
 927.50  3.27
 928.20  3.27
 928.90  3.27
 929.60  3.27
 930.30  3.27
 931.00  3.27
 931.70  3.27
 932.40  3.27
 933.10  3.27
 933.80  3.27
 934.50  3.27
 935.20  3.27
 935.90  3.27
 936.60  3.27
 937.30  3.27
 938.00  3.27
 938.70  3.27
 939.40  3.27
 940.10  3.28
 940.80  3.28
 941.50  3.28
 942.20  3.28
 942.90  3.28
 943.60  3.28
 944.30  3.28
 945.00  3.28
 945.70  3.28
 946.40  3.28
 947.10  3.28
 947.80  3.28
 948.50  3.28
 949.20  3.28
 949.90  3.28
 950.60  3.28
 951.30  3.28
 952.00  3.28
 952.70  3.28
 953.40  3.28
 954.10  3.28
 954.80  3.28
 955.50  3.28
 956.20  3.28
 956.90  3.28
 957.60  3.28
 958.30  3.29
 959.00  3.29
 959.70  3.29
 960.40  3.29
 961.10  3.29
 961.80  3.29
 962.50  3.29
 963.20  3.29
 963.90  3.29
 964.60  3.29
 965.30  3.29
 966.00  3.29
 966.70  3.29
 967.40  3.29
 968.10  3.29
 968.80  3.29
 969.50  3.29
 970.20  3.29
 970.90  3.29
 971.60  3.29
 972.30  3.29
 973.00  3.29
 973.70  3.29
 974.40  3.29
 975.10  3.29
 975.80  3.29
 976.50  3.29
 977.20  3.29
 977.90  3.30
 978.60  3.30
 979.30  3.30
 980.00  3.30
 980.70  3.30
 981.40  3.30
 982.10  3.30
 982.80  3.30
 983.50  3.30
 984.20  3.30
 984.90  3.30
 985.60  3.30
 986.30  3.30
 987.00  3.30
 987.70  3.30
 988.40  3.30
 989.10  3.30
 989.80  3.30
 990.50  3.30
 991.20  3.30
 991.90  3.30
 992.60  3.30
 993.30  3.30
 994.00  3.30
 994.70  3.30
 995.40  3.30
 996.10  3.30
 996.80  3.30
 997.50  3.30
 998.20  3.30
 998.90  3.30
 999.60  3.31
 1000.30  3.31
 1001.00  3.31
 1001.70  3.31
 1002.40  3.31
 1003.10  3.31
 1003.80  3.31
 1004.50  3.31
 1005.20  3.31
 1005.90  3.31
 1006.60  3.31
 1007.30  3.31
 1008.00  3.31
 1008.70  3.31
 1009.40  3.31
 1010.10  3.31
 1010.80  3.31
 1011.50  3.31
 1012.20  3.31
 1012.90  3.31
 1013.60  3.31
 1014.30  3.31
 1015.00  3.31
 1015.70  3.31
 1016.40  3.31
 1017.10  3.31
 1017.80  3.31
 1018.50  3.31
 1019.20  3.31
 1019.90  3.31
 1020.60  3.31
 1021.30  3.31
 1022.00  3.31
 1022.70  3.32
 1023.40  3.32
 1024.10  3.32
 1024.80  3.32
 1025.50  3.32
 1026.20  3.32
 1026.90  3.32
 1027.60  3.32
 1028.30  3.32
 1029.00  3.32
 1029.70  3.32
 1030.40  3.32
 1031.10  3.32
 1031.80  3.32
 1032.50  3.32
 1033.20  3.32
 1033.90  3.32
 1034.60  3.32
 1035.30  3.32
 1036.00  3.32
 1036.70  3.32
 1037.40  3.32
 1038.10  3.32
 1038.80  3.32
 1039.50  3.32
 1040.20  3.32
 1040.90  3.32
 1041.60  3.32
 1042.30  3.32
 1043.00  3.32
 1043.70  3.32
 1044.40  3.32
 1045.10  3.32
 1045.80  3.32
 1046.50  3.32
 1047.20  3.32
 1047.90  3.32
 1048.60  3.32
 1049.30  3.33
 1050.00  3.33
 1050.70  3.33
 1051.40  3.33
 1052.10  3.33
 1052.80  3.33
 1053.50  3.33
 1054.20  3.33
 1054.90  3.33
 1055.60  3.33
 1056.30  3.33
 1057.00  3.33
 1057.70  3.33
 1058.40  3.33
 1059.10  3.33
 1059.80  3.33
 1060.50  3.33
 1061.20  3.33
 1061.90  3.33
 1062.60  3.33
 1063.30  3.33
 1064.00  3.33
 1064.70  3.33
 1065.40  3.33
 1066.10  3.33
 1066.80  3.33
 1067.50  3.33
 1068.20  3.33
 1068.90  3.33
 1069.60  3.33
 1070.30  3.33
 1071.00  3.33
 1071.70  3.33
 1072.40  3.33
 1073.10  3.33
 1073.80  3.33
 1074.50  3.33
 1075.20  3.33
 1075.90  3.33
 1076.60  3.33
 1077.30  3.33
 1078.00  3.33
 1078.70  3.34
 1079.40  3.34
 1080.10  3.34
 1080.80  3.34
 1081.50  3.34
 1082.20  3.34
 1082.90  3.34
 1083.60  3.34
 1084.30  3.34
 1085.00  3.34
 1085.70  3.34
 1086.40  3.34
 1087.10  3.34
 1087.80  3.34
 1088.50  3.34
 1089.20  3.34
 1089.90  3.34
 1090.60  3.34
 1091.30  3.34
 1092.00  3.34
 1092.70  3.34
 1093.40  3.34
 1094.10  3.34
 1094.80  3.34
 1095.50  3.34
 1096.20  3.34
 1096.90  3.34
 1097.60  3.34
 1098.30  3.34
 1099.00  3.34
 1099.70  3.34
 1100.40  3.34
 1101.10  3.34
 1101.80  3.34
 1102.50  3.34
 1103.20  3.34
 1103.90  3.34
 1104.60  3.34
 1105.30  3.34
 1106.00  3.34
 1106.70  3.34
 1107.40  3.34
 1108.10  3.34
 1108.80  3.34
 1109.50  3.34
 1110.20  3.34
 1110.90  3.34
 1111.60  3.34
 1112.30  3.34
 1113.00  3.35
 1113.70  3.35
 1114.40  3.35
 1115.10  3.35
 1115.80  3.35
 1116.50  3.35
 1117.20  3.35
 1117.90  3.35
 1118.60  3.35
 1119.30  3.35
 1120.00  3.35
 1120.70  3.35
 1121.40  3.35
 1122.10  3.35
 1122.80  3.35
 1123.50  3.35
 1124.20  3.35
 1124.90  3.35
 1125.60  3.35
 1126.30  3.35
 1127.00  3.35
 1127.70  3.35
 1128.40  3.35
 1129.10  3.35
 1129.80  3.35
 1130.50  3.35
 1131.20  3.35
 1131.90  3.35
 1132.60  3.35
 1133.30  3.35
 1134.00  3.35
 1134.70  3.35
 1135.40  3.35
 1136.10  3.35
 1136.80  3.35
 1137.50  3.35
 1138.20  3.35
 1138.90  3.35
 1139.60  3.35
 1140.30  3.35
 1141.00  3.35
 1141.70  3.35
 1142.40  3.35
 1143.10  3.35
 1143.80  3.35
 1144.50  3.35
 1145.20  3.35
 1145.90  3.35
 1146.60  3.35
 1147.30  3.35
 1148.00  3.35
 1148.70  3.35
 1149.40  3.35
 1150.10  3.35
 1150.80  3.35
 1151.50  3.35
 1152.20  3.35
 1152.90  3.36
 1153.60  3.36
 1154.30  3.36
 1155.00  3.36
 1155.70  3.36
 1156.40  3.36
 1157.10  3.36
 1157.80  3.36
 1158.50  3.36
 1159.20  3.36
 1159.90  3.36
 1160.60  3.36
 1161.30  3.36
 1162.00  3.36
 1162.70  3.36
 1163.40  3.36
 1164.10  3.36
 1164.80  3.36
 1165.50  3.36
 1166.20  3.36
 1166.90  3.36
 1167.60  3.36
 1168.30  3.36
 1169.00  3.36
 1169.70  3.36
 1170.40  3.36
 1171.10  3.36
 1171.80  3.36
 1172.50  3.36
 1173.20  3.36
 1173.90  3.36
 1174.60  3.36
 1175.30  3.36
 1176.00  3.36
 1176.70  3.36
 1177.40  3.36
 1178.10  3.36
 1178.80  3.36
 1179.50  3.36
 1180.20  3.36
 1180.90  3.36
 1181.60  3.36
 1182.30  3.36
 1183.00  3.36
 1183.70  3.36
 1184.40  3.36
 1185.10  3.36
 1185.80  3.36
 1186.50  3.36
 1187.20  3.36
 1187.90  3.36
 1188.60  3.36
 1189.30  3.36
 1190.00  3.36
 1190.70  3.36
 1191.40  3.36
 1192.10  3.36
 1192.80  3.36
 1193.50  3.36
 1194.20  3.36
 1194.90  3.36
 1195.60  3.36
 1196.30  3.36
 1197.00  3.36
 1197.70  3.36
 1198.40  3.36
 1199.10  3.36
 1199.80  3.36
 1200.50  3.36
 1201.20  3.36
 1201.90  3.37
 1202.60  3.37
 1203.30  3.37
 1204.00  3.37
 1204.70  3.37
 1205.40  3.37
 1206.10  3.37
 1206.80  3.37
 1207.50  3.37
 1208.20  3.37
 1208.90  3.37
 1209.60  3.37
 1210.30  3.37
 1211.00  3.37
 1211.70  3.37
 1212.40  3.37
 1213.10  3.37
 1213.80  3.37
 1214.50  3.37
 1215.20  3.37
 1215.90  3.37
 1216.60  3.37
 1217.30  3.37
 1218.00  3.37
 1218.70  3.37
 1219.40  3.37
 1220.10  3.37
 1220.80  3.37
 1221.50  3.37
 1222.20  3.37
 1222.90  3.37
 1223.60  3.37
 1224.30  3.37
 1225.00  3.37
 1225.70  3.37
 1226.40  3.37
 1227.10  3.37
 1227.80  3.37
 1228.50  3.37
 1229.20  3.37
 1229.90  3.37
 1230.60  3.37
 1231.30  3.37
 1232.00  3.37
 1232.70  3.37
 1233.40  3.37
 1234.10  3.37
 1234.80  3.37
 1235.50  3.37
 1236.20  3.37
 1236.90  3.37
 1237.60  3.37
 1238.30  3.37
 1239.00  3.37
 1239.70  3.37
 1240.40  3.37
 1241.10  3.37
 1241.80  3.37
 1242.50  3.37
 1243.20  3.37
 1243.90  3.37
 1244.60  3.37
 1245.30  3.37
 1246.00  3.37
 1246.70  3.37
 1247.40  3.37
 1248.10  3.37
 1248.80  3.37
 1249.50  3.37
 1250.20  3.37
 1250.90  3.37
 1251.60  3.37
 1252.30  3.37
 1253.00  3.37
 1253.70  3.37
 1254.40  3.37
 1255.10  3.37
 1255.80  3.37
 1256.50  3.37
 1257.20  3.37
 1257.90  3.37
 1258.60  3.37
 1259.30  3.37
 1260.00  3.37
 1260.70  3.37
 1261.40  3.37
 1262.10  3.37
 1262.80  3.37
 1263.50  3.37
 1264.20  3.37
 1264.90  3.38
 1265.60  3.38
 1266.30  3.38
 1267.00  3.38
 1267.70  3.38
 1268.40  3.38
 1269.10  3.38
 1269.80  3.38
 1270.50  3.38
 1271.20  3.38
 1271.90  3.38
 1272.60  3.38
 1273.30  3.38
 1274.00  3.38
 1274.70  3.38
 1275.40  3.38
 1276.10  3.38
 1276.80  3.38
 1277.50  3.38
 1278.20  3.38
 1278.90  3.38
 1279.60  3.38
 1280.30  3.38
 1281.00  3.38
 1281.70  3.38
 1282.40  3.38
 1283.10  3.38
 1283.80  3.38
 1284.50  3.38
 1285.20  3.38
 1285.90  3.38
 1286.60  3.38
 1287.30  3.38
 1288.00  3.38
 1288.70  3.38
 1289.40  3.38
 1290.10  3.38
 1290.80  3.38
 1291.50  3.38
 1292.20  3.38
 1292.90  3.38
 1293.60  3.38
 1294.30  3.38
 1295.00  3.38
 1295.70  3.38
 1296.40  3.38
 1297.10  3.38
 1297.80  3.38
 1298.50  3.38
 1299.20  3.38
 1299.90  3.38
 1300.60  3.38
 1301.30  3.38
 1302.00  3.38
 1302.70  3.38
 1303.40  3.38
 1304.10  3.38
 1304.80  3.38
 1305.50  3.38
 1306.20  3.38
 1306.90  3.38
 1307.60  3.38
 1308.30  3.38
 1309.00  3.38
 1309.70  3.38
 1310.40  3.38
 1311.10  3.38
 1311.80  3.38
 1312.50  3.38
 1313.20  3.38
 1313.90  3.38
 1314.60  3.38
 1315.30  3.38
 1316.00  3.38
 1316.70  3.38
 1317.40  3.38
 1318.10  3.38
 1318.80  3.38
 1319.50  3.38
 1320.20  3.38
 1320.90  3.38
 1321.60  3.38
 1322.30  3.38
 1323.00  3.38
 1323.70  3.38
 1324.40  3.38
 1325.10  3.38
 1325.80  3.38
 1326.50  3.38
 1327.20  3.38
 1327.90  3.38
 1328.60  3.38
 1329.30  3.38
 1330.00  3.38
 1330.70  3.38
 1331.40  3.38
 1332.10  3.38
 1332.80  3.38
 1333.50  3.38
 1334.20  3.38
 1334.90  3.38
 1335.60  3.38
 1336.30  3.38
 1337.00  3.38
 1337.70  3.38
 1338.40  3.38
 1339.10  3.38
 1339.80  3.38
 1340.50  3.38
 1341.20  3.38
 1341.90  3.38
 1342.60  3.38
 1343.30  3.38
 1344.00  3.38
 1344.70  3.38
 1345.40  3.38
 1346.10  3.38
 1346.80  3.38
 1347.50  3.38
 1348.20  3.38
 1348.90  3.38
 1349.60  3.38
 1350.30  3.38
 1351.00  3.38
 1351.70  3.38
 1352.40  3.38
 1353.10  3.39
 1353.80  3.39
 1354.50  3.39
 1355.20  3.39
 1355.90  3.39
 1356.60  3.39
 1357.30  3.39
 1358.00  3.39
 1358.70  3.39
 1359.40  3.39
 1360.10  3.39
 1360.80  3.39
 1361.50  3.39
 1362.20  3.39
 1362.90  3.39
 1363.60  3.39
 1364.30  3.39
 1365.00  3.39
 1365.70  3.39
 1366.40  3.39
 1367.10  3.39
 1367.80  3.39
 1368.50  3.39
 1369.20  3.39
 1369.90  3.39
 1370.60  3.39
 1371.30  3.39
 1372.00  3.39
 1372.70  3.39
 1373.40  3.39
 1374.10  3.39
 1374.80  3.39
 1375.50  3.39
 1376.20  3.39
 1376.90  3.39
 1377.60  3.39
 1378.30  3.39
 1379.00  3.39
 1379.70  3.39
 1380.40  3.39
 1381.10  3.39
 1381.80  3.39
 1382.50  3.39
 1383.20  3.39
 1383.90  3.39
 1384.60  3.39
 1385.30  3.39
 1386.00  3.39
 1386.70  3.39
 1387.40  3.39
 1388.10  3.39
 1388.80  3.39
 1389.50  3.39
 1390.20  3.39
 1390.90  3.39
 1391.60  3.39
 1392.30  3.39
 1393.00  3.39
 1393.70  3.39
 1394.40  3.39
 1395.10  3.39
 1395.80  3.39
 1396.50  3.39
 1397.20  3.39
 1397.90  3.39
 1398.60  3.39
 1399.30  3.39
 1400.00  3.39
 1400.70  3.39
 1401.40  3.39
 1402.10  3.39
 1402.80  3.39
 1403.50  3.39
 1404.20  3.39
 1404.90  3.39
 1405.60  3.39
 1406.30  3.39
 1407.00  3.39
 1407.70  3.39
 1408.40  3.39
 1409.10  3.39
 1409.80  3.39
 1410.50  3.39
 1411.20  3.39
 1411.90  3.39
 1412.60  3.39
 1413.30  3.39
 1414.00  3.39
 1414.70  3.39
 1415.40  3.39
 1416.10  3.39
 1416.80  3.39
 1417.50  3.39
 1418.20  3.39
 1418.90  3.39
 1419.60  3.39
 1420.30  3.39
 1421.00  3.39
 1421.70  3.39
 1422.40  3.39
 1423.10  3.39
 1423.80  3.39
 1424.50  3.39
 1425.20  3.39
 1425.90  3.39
 1426.60  3.39
 1427.30  3.39
 1428.00  3.39
 1428.70  3.39
 1429.40  3.39
 1430.10  3.39
 1430.80  3.39
 1431.50  3.39
 1432.20  3.39
 1432.90  3.39
 1433.60  3.39
 1434.30  3.39
 1435.00  3.39
 1435.70  3.39
 1436.40  3.39
 1437.10  3.39
 1437.80  3.39
 1438.50  3.39
 1439.20  3.39
 1439.90  3.39
 1440.60  3.39
 1441.30  3.39
 1442.00  3.39
 1442.70  3.39
 1443.40  3.39
 1444.10  3.39
 1444.80  3.39
 1445.50  3.39
 1446.20  3.39
 1446.90  3.39
 1447.60  3.39
 1448.30  3.39
 1449.00  3.39
 1449.70  3.39
 1450.40  3.39
 1451.10  3.39
 1451.80  3.39
 1452.50  3.39
 1453.20  3.39
 1453.90  3.39
 1454.60  3.39
 1455.30  3.39
 1456.00  3.39
 1456.70  3.39
 1457.40  3.39
 1458.10  3.39
 1458.80  3.39
 1459.50  3.39
 1460.20  3.39
 1460.90  3.39
 1461.60  3.39
 1462.30  3.39
 1463.00  3.39
 1463.70  3.39
 1464.40  3.39
 1465.10  3.39
 1465.80  3.39
 1466.50  3.39
 1467.20  3.39
 1467.90  3.39
 1468.60  3.39
 1469.30  3.39
 1470.00  3.39
 1470.70  3.39
 1471.40  3.39
 1472.10  3.39
 1472.80  3.39
 1473.50  3.39
 1474.20  3.39
 1474.90  3.39
 1475.60  3.39
 1476.30  3.39
 1477.00  3.39
 1477.70  3.39
 1478.40  3.39
 1479.10  3.39
 1479.80  3.39
 1480.50  3.39
 1481.20  3.39
 1481.90  3.39
 1482.60  3.39
 1483.30  3.39
 1484.00  3.39
 1484.70  3.39
 1485.40  3.39
 1486.10  3.39
 1486.80  3.39
 1487.50  3.39
 1488.20  3.39
 1488.90  3.39
 1489.60  3.39
 1490.30  3.39
 1491.00  3.39
 1491.70  3.39
 1492.40  3.39
 1493.10  3.39
 1493.80  3.39
 1494.50  3.39
 1495.20  3.39
 1495.90  3.39
 1496.60  3.39
 1497.30  3.39
 1498.00  3.39
 1498.70  3.39
 1499.40  3.39
 1500.10  3.39
 1500.80  3.39
 1501.50  3.39
 1502.20  3.39
 1502.90  3.39
 1503.60  3.40
 1504.30  3.40
 1505.00  3.40
 1505.70  3.40
 1506.40  3.40
 1507.10  3.40
 1507.80  3.40
 1508.50  3.40
 1509.20  3.40
 1509.90  3.40
 1510.60  3.40
 1511.30  3.40
 1512.00  3.40
 1512.70  3.40
 1513.40  3.40
 1514.10  3.40
 1514.80  3.40
 1515.50  3.40
 1516.20  3.40
 1516.90  3.40
 1517.60  3.40
 1518.30  3.40
 1519.00  3.40
 1519.70  3.40
 1520.40  3.40
 1521.10  3.40
 1521.80  3.40
 1522.50  3.40
 1523.20  3.40
 1523.90  3.40
 1524.60  3.40
 1525.30  3.40
 1526.00  3.40
 1526.70  3.40
 1527.40  3.40
 1528.10  3.40
 1528.80  3.40
 1529.50  3.40
 1530.20  3.40
 1530.90  3.40
 1531.60  3.40
 1532.30  3.40
 1533.00  3.40
 1533.70  3.40
 1534.40  3.40
 1535.10  3.40
 1535.80  3.40
 1536.50  3.40
 1537.20  3.40
 1537.90  3.40
 1538.60  3.40
 1539.30  3.40
 1540.00  3.40
 1540.70  3.40
 1541.40  3.40
 1542.10  3.40
 1542.80  3.40
 1543.50  3.40
 1544.20  3.40
 1544.90  3.40
 1545.60  3.40
 1546.30  3.40
 1547.00  3.40
 1547.70  3.40
 1548.40  3.40
 1549.10  3.40
 1549.80  3.40
 1550.50  3.40
 1551.20  3.40
 1551.90  3.40
 1552.60  3.40
 1553.30  3.40
 1554.00  3.40
 1554.70  3.40
 1555.40  3.40
 1556.10  3.40
 1556.80  3.40
 1557.50  3.40
 1558.20  3.40
 1558.90  3.40
 1559.60  3.40
 1560.30  3.40
 1561.00  3.40
 1561.70  3.40
 1562.40  3.40
 1563.10  3.40
 1563.80  3.40
 1564.50  3.40
 1565.20  3.40
 1565.90  3.40
 1566.60  3.40
 1567.30  3.40
 1568.00  3.40
 1568.70  3.40
 1569.40  3.40
 1570.10  3.40
 1570.80  3.40
 1571.50  3.40
 1572.20  3.40
 1572.90  3.40
 1573.60  3.40
 1574.30  3.40
 1575.00  3.40
 1575.70  3.40
 1576.40  3.40
 1577.10  3.40
 1577.80  3.40
 1578.50  3.40
 1579.20  3.40
 1579.90  3.40
 1580.60  3.40
 1581.30  3.40
 1582.00  3.40
 1582.70  3.40
 1583.40  3.40
 1584.10  3.40
 1584.80  3.40
 1585.50  3.40
 1586.20  3.40
 1586.90  3.40
 1587.60  3.40
 1588.30  3.40
 1589.00  3.40
 1589.70  3.40
 1590.40  3.40
 1591.10  3.40
 1591.80  3.40
 1592.50  3.40
 1593.20  3.40
 1593.90  3.40
 1594.60  3.40
 1595.30  3.40
 1596.00  3.40
 1596.70  3.40
 1597.40  3.40
 1598.10  3.40
 1598.80  3.40
 1599.50  3.40
 1600.20  3.40
 1600.90  3.40
 1601.60  3.40
 1602.30  3.40
 1603.00  3.40
 1603.70  3.40
 1604.40  3.40
 1605.10  3.40
 1605.80  3.40
 1606.50  3.40
 1607.20  3.40
 1607.90  3.40
 1608.60  3.40
 1609.30  3.40
 1610.00  3.40
 1610.70  3.40
 1611.40  3.40
 1612.10  3.40
 1612.80  3.40
 1613.50  3.40
 1614.20  3.40
 1614.90  3.40
 1615.60  3.40
 1616.30  3.40
 1617.00  3.40
 1617.70  3.40
 1618.40  3.40
 1619.10  3.40
 1619.80  3.40
 1620.50  3.40
 1621.20  3.40
 1621.90  3.40
 1622.60  3.40
 1623.30  3.40
 1624.00  3.40
 1624.70  3.40
 1625.40  3.40
 1626.10  3.40
 1626.80  3.40
 1627.50  3.40
 1628.20  3.40
 1628.90  3.40
 1629.60  3.40
 1630.30  3.40
 1631.00  3.40
 1631.70  3.40
 1632.40  3.40
 1633.10  3.40
 1633.80  3.40
 1634.50  3.40
 1635.20  3.40
 1635.90  3.40
 1636.60  3.40
 1637.30  3.40
 1638.00  3.40
 1638.70  3.40
 1639.40  3.40
 1640.10  3.40
 1640.80  3.40
 1641.50  3.40
 1642.20  3.40
 1642.90  3.40
 1643.60  3.40
 1644.30  3.40
 1645.00  3.40
 1645.70  3.40
 1646.40  3.40
 1647.10  3.40
 1647.80  3.40
 1648.50  3.40
 1649.20  3.40
 1649.90  3.40
 1650.60  3.40
 1651.30  3.40
 1652.00  3.40
 1652.70  3.40
 1653.40  3.40
 1654.10  3.40
 1654.80  3.40
 1655.50  3.40
 1656.20  3.40
 1656.90  3.40
 1657.60  3.40
 1658.30  3.40
 1659.00  3.40
 1659.70  3.40
 1660.40  3.40
 1661.10  3.40
 1661.80  3.40
 1662.50  3.40
 1663.20  3.40
 1663.90  3.40
 1664.60  3.40
 1665.30  3.40
 1666.00  3.40
 1666.70  3.40
 1667.40  3.40
 1668.10  3.40
 1668.80  3.40
 1669.50  3.40
 1670.20  3.40
 1670.90  3.40
 1671.60  3.40
 1672.30  3.40
 1673.00  3.40
 1673.70  3.40
 1674.40  3.40
 1675.10  3.40
 1675.80  3.40
 1676.50  3.40
 1677.20  3.40
 1677.90  3.40
 1678.60  3.40
 1679.30  3.40
 1680.00  3.40
 1680.70  3.40
 1681.40  3.40
 1682.10  3.40
 1682.80  3.40
 1683.50  3.40
 1684.20  3.40
 1684.90  3.40
 1685.60  3.40
 1686.30  3.40
 1687.00  3.40
 1687.70  3.40
 1688.40  3.40
 1689.10  3.40
 1689.80  3.40
 1690.50  3.40
 1691.20  3.40
 1691.90  3.40
 1692.60  3.40
 1693.30  3.40
 1694.00  3.40
 1694.70  3.40
 1695.40  3.40
 1696.10  3.40
 1696.80  3.40
 1697.50  3.40
 1698.20  3.40
 1698.90  3.40
 1699.60  3.40
 1700.30  3.40
 1701.00  3.40
 1701.70  3.40
 1702.40  3.40
 1703.10  3.40
 1703.80  3.40
 1704.50  3.40
 1705.20  3.40
 1705.90  3.40
 1706.60  3.40
 1707.30  3.40
 1708.00  3.40
 1708.70  3.40
 1709.40  3.40
 1710.10  3.40
 1710.80  3.40
 1711.50  3.40
 1712.20  3.40
 1712.90  3.40
 1713.60  3.40
 1714.30  3.40
 1715.00  3.40
 1715.70  3.40
 1716.40  3.40
 1717.10  3.40
 1717.80  3.40
 1718.50  3.40
 1719.20  3.40
 1719.90  3.40
 1720.60  3.40
 1721.30  3.40
 1722.00  3.40
 1722.70  3.40
 1723.40  3.40
 1724.10  3.40
 1724.80  3.40
 1725.50  3.40
 1726.20  3.40
 1726.90  3.40
 1727.60  3.40
 1728.30  3.40
 1729.00  3.40
 1729.70  3.40
 1730.40  3.40
 1731.10  3.40
 1731.80  3.40
 1732.50  3.40
 1733.20  3.40
 1733.90  3.40
 1734.60  3.40
 1735.30  3.40
 1736.00  3.40
 1736.70  3.40
 1737.40  3.40
 1738.10  3.40
 1738.80  3.40
 1739.50  3.40
 1740.20  3.40
 1740.90  3.40
 1741.60  3.40
 1742.30  3.40
 1743.00  3.40
 1743.70  3.40
 1744.40  3.40
 1745.10  3.40
 1745.80  3.40
 1746.50  3.40
 1747.20  3.40
 1747.90  3.40
 1748.60  3.40
 1749.30  3.40
 1750.00  3.40
 1750.70  3.40
 1751.40  3.40
 1752.10  3.40
 1752.80  3.40
 1753.50  3.40
 1754.20  3.40
 1754.90  3.40
 1755.60  3.40
 1756.30  3.40
 1757.00  3.40
 1757.70  3.40
 1758.40  3.40
 1759.10  3.40
 1759.80  3.40
 1760.50  3.40
 1761.20  3.40
 1761.90  3.40
 1762.60  3.40
 1763.30  3.40
 1764.00  3.40
 1764.70  3.40
 1765.40  3.40
 1766.10  3.40
 1766.80  3.40
 1767.50  3.40
 1768.20  3.40
 1768.90  3.40
 1769.60  3.40
 1770.30  3.40
 1771.00  3.40
 1771.70  3.40
 1772.40  3.40
 1773.10  3.40
 1773.80  3.40
 1774.50  3.40
 1775.20  3.40
 1775.90  3.40
 1776.60  3.40
 1777.30  3.40
 1778.00  3.40
 1778.70  3.40
 1779.40  3.40
 1780.10  3.40
 1780.80  3.40
 1781.50  3.40
 1782.20  3.40
 1782.90  3.40
 1783.60  3.40
 1784.30  3.40
 1785.00  3.40
 1785.70  3.40
 1786.40  3.40
 1787.10  3.40
 1787.80  3.40
 1788.50  3.40
 1789.20  3.40
 1789.90  3.40
 1790.60  3.40
 1791.30  3.40
 1792.00  3.40
 1792.70  3.40
 1793.40  3.40
 1794.10  3.40
 1794.80  3.40
 1795.50  3.40
 1796.20  3.40
 1796.90  3.40
 1797.60  3.40
 1798.30  3.40
 1799.00  3.40
 1799.70  3.40
 1800.40  3.40
 1801.10  3.40
 1801.80  3.40
 1802.50  3.40
 1803.20  3.40
 1803.90  3.40
 1804.60  3.40
 1805.30  3.40
 1806.00  3.40
 1806.70  3.40
 1807.40  3.40
 1808.10  3.40
 1808.80  3.40
 1809.50  3.40
 1810.20  3.40
 1810.90  3.40
 1811.60  3.40
 1812.30  3.40
 1813.00  3.40
 1813.70  3.40
 1814.40  3.40
 1815.10  3.40
 1815.80  3.40
 1816.50  3.40
 1817.20  3.40
 1817.90  3.40
 1818.60  3.40
 1819.30  3.40
 1820.00  3.40
 1820.70  3.40
 1821.40  3.40
 1822.10  3.40
 1822.80  3.40
 1823.50  3.40
 1824.20  3.40
 1824.90  3.40
 1825.60  3.40
 1826.30  3.40
 1827.00  3.40
 1827.70  3.40
 1828.40  3.40
 1829.10  3.40
 1829.80  3.40
 1830.50  3.40
 1831.20  3.40
 1831.90  3.40
 1832.60  3.40
 1833.30  3.40
 1834.00  3.40
 1834.70  3.40
 1835.40  3.40
 1836.10  3.40
 1836.80  3.40
 1837.50  3.40
 1838.20  3.40
 1838.90  3.40
 1839.60  3.40
 1840.30  3.40
 1841.00  3.40
 1841.70  3.40
 1842.40  3.40
 1843.10  3.40
 1843.80  3.40
 1844.50  3.40
 1845.20  3.40
 1845.90  3.40
 1846.60  3.40
 1847.30  3.40
 1848.00  3.40
 1848.70  3.40
 1849.40  3.40
 1850.10  3.40
 1850.80  3.40
 1851.50  3.40
 1852.20  3.40
 1852.90  3.40
 1853.60  3.40
 1854.30  3.40
 1855.00  3.40
 1855.70  3.40
 1856.40  3.40
 1857.10  3.40
 1857.80  3.40
 1858.50  3.40
 1859.20  3.40
 1859.90  3.40
 1860.60  3.40
 1861.30  3.40
 1862.00  3.40
 1862.70  3.40
 1863.40  3.40
 1864.10  3.40
 1864.80  3.40
 1865.50  3.40
 1866.20  3.40
 1866.90  3.40
 1867.60  3.40
 1868.30  3.40
 1869.00  3.40
 1869.70  3.40
 1870.40  3.40
 1871.10  3.40
 1871.80  3.40
 1872.50  3.40
 1873.20  3.40
 1873.90  3.40
 1874.60  3.40
 1875.30  3.40
 1876.00  3.40
 1876.70  3.40
 1877.40  3.40
 1878.10  3.40
 1878.80  3.40
 1879.50  3.40
 1880.20  3.40
 1880.90  3.40
 1881.60  3.40
 1882.30  3.40
 1883.00  3.40
 1883.70  3.40
 1884.40  3.40
 1885.10  3.40
 1885.80  3.40
 1886.50  3.40
 1887.20  3.40
 1887.90  3.40
 1888.60  3.40
 1889.30  3.40
 1890.00  3.40
 1890.70  3.40
 1891.40  3.40
 1892.10  3.40
 1892.80  3.40
 1893.50  3.40
 1894.20  3.40
 1894.90  3.40
 1895.60  3.40
 1896.30  3.40
 1897.00  3.40
 1897.70  3.40
 1898.40  3.40
 1899.10  3.40
 1899.80  3.40
 1900.50  3.40
 1901.20  3.40
 1901.90  3.40
 1902.60  3.40
 1903.30  3.40
 1904.00  3.40
 1904.70  3.40
 1905.40  3.40
 1906.10  3.40
 1906.80  3.40
 1907.50  3.40
 1908.20  3.40
 1908.90  3.40
 1909.60  3.40
 1910.30  3.40
 1911.00  3.40
 1911.70  3.40
 1912.40  3.40
 1913.10  3.40
 1913.80  3.40
 1914.50  3.40
 1915.20  3.40
 1915.90  3.40
 1916.60  3.40
 1917.30  3.40
 1918.00  3.40
 1918.70  3.40
 1919.40  3.40
 1920.10  3.40
 1920.80  3.40
 1921.50  3.40
 1922.20  3.40
 1922.90  3.40
 1923.60  3.40
 1924.30  3.40
 1925.00  3.40
 1925.70  3.40
 1926.40  3.40
 1927.10  3.40
 1927.80  3.40
 1928.50  3.40
 1929.20  3.40
 1929.90  3.40
 1930.60  3.40
 1931.30  3.40
 1932.00  3.40
 1932.70  3.40
 1933.40  3.40
 1934.10  3.40
 1934.80  3.40
 1935.50  3.40
 1936.20  3.40
 1936.90  3.40
 1937.60  3.40
 1938.30  3.40
 1939.00  3.40
 1939.70  3.40
 1940.40  3.40
 1941.10  3.40
 1941.80  3.40
 1942.50  3.40
 1943.20  3.40
 1943.90  3.40
 1944.60  3.40
 1945.30  3.40
 1946.00  3.40
 1946.70  3.40
 1947.40  3.40
 1948.10  3.40
 1948.80  3.40
 1949.50  3.40
 1950.20  3.40
 1950.90  3.40
 1951.60  3.40
 1952.30  3.40
 1953.00  3.40
 1953.70  3.40
 1954.40  3.40
 1955.10  3.40
 1955.80  3.40
 1956.50  3.40
 1957.20  3.40
 1957.90  3.40
 1958.60  3.40
 1959.30  3.40
 1960.00  3.40
 1960.70  3.40
 1961.40  3.40
 1962.10  3.40
 1962.80  3.40
 1963.50  3.40
 1964.20  3.40
 1964.90  3.40
 1965.60  3.40
 1966.30  3.40
 1967.00  3.40
 1967.70  3.40
 1968.40  3.40
 1969.10  3.40
 1969.80  3.40
 1970.50  3.40
 1971.20  3.40
 1971.90  3.40
 1972.60  3.40
 1973.30  3.40
 1974.00  3.40
 1974.70  3.40
 1975.40  3.40
 1976.10  3.40
 1976.80  3.40
 1977.50  3.40
 1978.20  3.40
 1978.90  3.40
 1979.60  3.40
 1980.30  3.40
 1981.00  3.40
 1981.70  3.40
 1982.40  3.40
 1983.10  3.40
 1983.80  3.40
 1984.50  3.40
 1985.20  3.40
 1985.90  3.40
 1986.60  3.40
 1987.30  3.40
 1988.00  3.40
 1988.70  3.40
 1989.40  3.40
 1990.10  3.40
 1990.80  3.40
 1991.50  3.40
 1992.20  3.40
 1992.90  3.40
 1993.60  3.40
 1994.30  3.40
 1995.00  3.40
 1995.70  3.40
 1996.40  3.40
 1997.10  3.40
 1997.80  3.40
 1998.50  3.40
 1999.20  3.40
 1999.90  3.40
 2000.60  3.40
 2001.30  3.40
 2002.00  3.40
 2002.70  3.40
 2003.40  3.40
 2004.10  3.40
 2004.80  3.40
 2005.50  3.40
 2006.20  3.40
 2006.90  3.40
 2007.60  3.40
 2008.30  3.40
 2009.00  3.40
 2009.70  3.40
 2010.40  3.40
 2011.10  3.40
 2011.80  3.40
 2012.50  3.40
 2013.20  3.40
 2013.90  3.40
 2014.60  3.40
 2015.30  3.40
 2016.00  3.40
 2016.70  3.40
 2017.40  3.40
 2018.10  3.40
 2018.80  3.40
 2019.50  3.40
 2020.20  3.40
 2020.90  3.40
 2021.60  3.40
 2022.30  3.40
 2023.00  3.40
 2023.70  3.40
 2024.40  3.40
 2025.10  3.40
 2025.80  3.40
 2026.50  3.40
 2027.20  3.40
 2027.90  3.40
 2028.60  3.40
 2029.30  3.40
 2030.00  3.40
 2030.70  3.40
 2031.40  3.40
 2032.10  3.40
 2032.80  3.40
 2033.50  3.40
 2034.20  3.40
 2034.90  3.40
 2035.60  3.40
 2036.30  3.40
 2037.00  3.40
 2037.70  3.40
 2038.40  3.40
 2039.10  3.40
 2039.80  3.40
 2040.50  3.40
 2041.20  3.40
 2041.90  3.40
 2042.60  3.40
 2043.30  3.40
 2044.00  3.40
 2044.70  3.40
 2045.40  3.40
 2046.10  3.40
 2046.80  3.40
 2047.50  3.40
 2048.20  3.40
 2048.90  3.40
 2049.60  3.40
 2050.30  3.40
 2051.00  3.40
 2051.70  3.40
 2052.40  3.40
 2053.10  3.40
 2053.80  3.40
 2054.50  3.40
 2055.20  3.40
 2055.90  3.40
 2056.60  3.40
 2057.30  3.40
 2058.00  3.40
 2058.70  3.40
 2059.40  3.40
 2060.10  3.40
 2060.80  3.40
 2061.50  3.40
 2062.20  3.40
 2062.90  3.40
 2063.60  3.40
 2064.30  3.40
 2065.00  3.40
 2065.70  3.40
 2066.40  3.40
 2067.10  3.40
 2067.80  3.40
 2068.50  3.40
 2069.20  3.40
 2069.90  3.40
 2070.60  3.40
 2071.30  3.40
 2072.00  3.40
 2072.70  3.40
 2073.40  3.40
 2074.10  3.40
 2074.80  3.40
 2075.50  3.40
 2076.20  3.40
 2076.90  3.40
 2077.60  3.40
 2078.30  3.40
 2079.00  3.40
 2079.70  3.40
 2080.40  3.40
 2081.10  3.40
 2081.80  3.40
 2082.50  3.40
 2083.20  3.40
 2083.90  3.40
 2084.60  3.40
 2085.30  3.40
 2086.00  3.40
 2086.70  3.40
 2087.40  3.40
 2088.10  3.40
 2088.80  3.40
 2089.50  3.40
 2090.20  3.40
 2090.90  3.40
 2091.60  3.40
 2092.30  3.40
 2093.00  3.40
 2093.70  3.40
 2094.40  3.40
 2095.10  3.40
 2095.80  3.40
 2096.50  3.40
 2097.20  3.40
 2097.90  3.40
 2098.60  3.40
 2099.30  3.40
 2100.00  3.40
 2100.70  3.40
 2101.40  3.40
 2102.10  3.40
 2102.80  3.40
 2103.50  3.40
 2104.20  3.40
 2104.90  3.40
 2105.60  3.40
 2106.30  3.40
 2107.00  3.40
 2107.70  3.40
 2108.40  3.40
 2109.10  3.40
 2109.80  3.40
 2110.50  3.40
 2111.20  3.40
 2111.90  3.40
 2112.60  3.40
 2113.30  3.40
 2114.00  3.40
 2114.70  3.40
 2115.40  3.40
 2116.10  3.40
 2116.80  3.40
 2117.50  3.40
 2118.20  3.40
 2118.90  3.40
 2119.60  3.40
 2120.30  3.40
 2121.00  3.40
 2121.70  3.40
 2122.40  3.40
 2123.10  3.40
 2123.80  3.40
 2124.50  3.40
 2125.20  3.40
 2125.90  3.40
 2126.60  3.40
 2127.30  3.40
 2128.00  3.40
 2128.70  3.40
 2129.40  3.40
 2130.10  3.40
 2130.80  3.40
 2131.50  3.40
 2132.20  3.40
 2132.90  3.40
 2133.60  3.40
 2134.30  3.40
 2135.00  3.40
 2135.70  3.40
 2136.40  3.40
 2137.10  3.40
 2137.80  3.40
 2138.50  3.40
 2139.20  3.40
 2139.90  3.40
 2140.60  3.40
 2141.30  3.40
 2142.00  3.40
 2142.70  3.40
 2143.40  3.40
 2144.10  3.40
 2144.80  3.40
 2145.50  3.40
 2146.20  3.40
 2146.90  3.40
 2147.60  3.40
 2148.30  3.40
 2149.00  3.40
 2149.70  3.40
 2150.40  3.40
 2151.10  3.40
 2151.80  3.40
 2152.50  3.40
 2153.20  3.40
 2153.90  3.40
 2154.60  3.40
 2155.30  3.40
 2156.00  3.40
 2156.70  3.40
 2157.40  3.40
 2158.10  3.40
 2158.80  3.40
 2159.50  3.40
 2160.20  3.40
 2160.90  3.40
 2161.60  3.40
 2162.30  3.40
 2163.00  3.40
 2163.70  3.40
 2164.40  3.40
 2165.10  3.40
 2165.80  3.40
 2166.50  3.40
 2167.20  3.40
 2167.90  3.40
 2168.60  3.40
 2169.30  3.40
 2170.00  3.40
 2170.70  3.40
 2171.40  3.40
 2172.10  3.40
 2172.80  3.40
 2173.50  3.40
 2174.20  3.40
 2174.90  3.40
 2175.60  3.40
 2176.30  3.40
 2177.00  3.40
 2177.70  3.40
 2178.40  3.40
 2179.10  3.40
 2179.80  3.40
 2180.50  3.40
 2181.20  3.40
 2181.90  3.40
 2182.60  3.40
 2183.30  3.40
 2184.00  3.40
 2184.70  3.40
 2185.40  3.40
 2186.10  3.40
 2186.80  3.40
 2187.50  3.40
 2188.20  3.40
 2188.90  3.40
 2189.60  3.40
 2190.30  3.40
 2191.00  3.40
 2191.70  3.40
 2192.40  3.40
 2193.10  3.40
 2193.80  3.40
 2194.50  3.40
 2195.20  3.40
 2195.90  3.40
 2196.60  3.40
 2197.30  3.40
 2198.00  3.40
 2198.70  3.40
 2199.40  3.40
 2200.10  3.40
 2200.80  3.40
 2201.50  3.40
 2202.20  3.40
 2202.90  3.40
 2203.60  3.40
 2204.30  3.40
 2205.00  3.40
 2205.70  3.40
 2206.40  3.40
 2207.10  3.40
 2207.80  3.40
 2208.50  3.40
 2209.20  3.40
 2209.90  3.40
 2210.60  3.40
 2211.30  3.40
 2212.00  3.40
 2212.70  3.40
 2213.40  3.40
 2214.10  3.40
 2214.80  3.40
 2215.50  3.40
 2216.20  3.40
 2216.90  3.40
 2217.60  3.40
 2218.30  3.40
 2219.00  3.40
 2219.70  3.40
 2220.40  3.40
 2221.10  3.40
 2221.80  3.40
 2222.50  3.40
 2223.20  3.40
 2223.90  3.40
 2224.60  3.40
 2225.30  3.40
 2226.00  3.40
 2226.70  3.40
 2227.40  3.40
 2228.10  3.40
 2228.80  3.40
 2229.50  3.40
 2230.20  3.40
 2230.90  3.40
 2231.60  3.40
 2232.30  3.40
 2233.00  3.40
 2233.70  3.40
 2234.40  3.40
 2235.10  3.40
 2235.80  3.40
 2236.50  3.40
 2237.20  3.40
 2237.90  3.40
 2238.60  3.40
 2239.30  3.40
 2240.00  3.40
 2240.70  3.40
 2241.40  3.40
 2242.10  3.40
 2242.80  3.40
 2243.50  3.40
 2244.20  3.40
 2244.90  3.40
 2245.60  3.40
 2246.30  3.40
 2247.00  3.40
 2247.70  3.40
 2248.40  3.40
 2249.10  3.40
 2249.80  3.40
 2250.50  3.40
 2251.20  3.40
 2251.90  3.40
 2252.60  3.40
 2253.30  3.40
 2254.00  3.40
 2254.70  3.40
 2255.40  3.40
 2256.10  3.40
 2256.80  3.40
 2257.50  3.40
 2258.20  3.40
 2258.90  3.40
 2259.60  3.40
 2260.30  3.40
 2261.00  3.40
 2261.70  3.40
 2262.40  3.40
 2263.10  3.40
 2263.80  3.40
 2264.50  3.40
 2265.20  3.40
 2265.90  3.40
 2266.60  3.40
 2267.30  3.40
 2268.00  3.40
 2268.70  3.40
 2269.40  3.40
 2270.10  3.40
 2270.80  3.40
 2271.50  3.40
 2272.20  3.40
 2272.90  3.40
 2273.60  3.40
 2274.30  3.40
 2275.00  3.40
 2275.70  3.40
 2276.40  3.40
 2277.10  3.40
 2277.80  3.40
 2278.50  3.40
 2279.20  3.40
 2279.90  3.40
 2280.60  3.40
 2281.30  3.40
 2282.00  3.40
 2282.70  3.40
 2283.40  3.40
 2284.10  3.40
 2284.80  3.40
 2285.50  3.40
 2286.20  3.40
 2286.90  3.40
 2287.60  3.40
 2288.30  3.40
 2289.00  3.40
 2289.70  3.40
 2290.40  3.40
 2291.10  3.40
 2291.80  3.40
 2292.50  3.40
 2293.20  3.40
 2293.90  3.40
 2294.60  3.40
 2295.30  3.40
 2296.00  3.40
 2296.70  3.40
 2297.40  3.40
 2298.10  3.40
 2298.80  3.40
 2299.50  3.40
 2300.20  3.40
 2300.90  3.40
 2301.60  3.40
 2302.30  3.40
 2303.00  3.40
 2303.70  3.40
 2304.40  3.40
 2305.10  3.40
 2305.80  3.40
 2306.50  3.40
 2307.20  3.40
 2307.90  3.40
 2308.60  3.40
 2309.30  3.40
 2310.00  3.40
 2310.70  3.40
 2311.40  3.40
 2312.10  3.40
 2312.80  3.40
 2313.50  3.40
 2314.20  3.40
 2314.90  3.40
 2315.60  3.40
 2316.30  3.40
 2317.00  3.40
 2317.70  3.40
 2318.40  3.40
 2319.10  3.40
 2319.80  3.40
 2320.50  3.40
 2321.20  3.40
 2321.90  3.40
 2322.60  3.40
 2323.30  3.40
 2324.00  3.40
 2324.70  3.40
 2325.40  3.40
 2326.10  3.40
 2326.80  3.40
 2327.50  3.40
 2328.20  3.40
 2328.90  3.40
 2329.60  3.40
 2330.30  3.40
 2331.00  3.40
 2331.70  3.40
 2332.40  3.40
 2333.10  3.40
 2333.80  3.40
 2334.50  3.40
 2335.20  3.40
 2335.90  3.40
 2336.60  3.40
 2337.30  3.40
 2338.00  3.40
 2338.70  3.40
 2339.40  3.40
 2340.10  3.40
 2340.80  3.40
 2341.50  3.40
 2342.20  3.40
 2342.90  3.40
 2343.60  3.40
 2344.30  3.40
 2345.00  3.40
 2345.70  3.40
 2346.40  3.40
 2347.10  3.40
 2347.80  3.40
 2348.50  3.40
 2349.20  3.40
 2349.90  3.40
 2350.60  3.40
 2351.30  3.40
 2352.00  3.40
 2352.70  3.40
 2353.40  3.40
 2354.10  3.40
 2354.80  3.40
 2355.50  3.40
 2356.20  3.40
 2356.90  3.40
 2357.60  3.40
 2358.30  3.40
 2359.00  3.40
 2359.70  3.40
 2360.40  3.40
 2361.10  3.40
 2361.80  3.40
 2362.50  3.40
 2363.20  3.40
 2363.90  3.40
 2364.60  3.40
 2365.30  3.40
 2366.00  3.40
 2366.70  3.40
 2367.40  3.40
 2368.10  3.40
 2368.80  3.40
 2369.50  3.40
 2370.20  3.40
 2370.90  3.40
 2371.60  3.40
 2372.30  3.40
 2373.00  3.40
 2373.70  3.40
 2374.40  3.40
 2375.10  3.40
 2375.80  3.40
 2376.50  3.40
 2377.20  3.40
 2377.90  3.40
 2378.60  3.40
 2379.30  3.40
 2380.00  3.40
 2380.70  3.40
 2381.40  3.40
 2382.10  3.40
 2382.80  3.40
 2383.50  3.40
 2384.20  3.40
 2384.90  3.40
 2385.60  3.40
 2386.30  3.40
 2387.00  3.40
 2387.70  3.40
 2388.40  3.40
 2389.10  3.40
 2389.80  3.40
 2390.50  3.40
 2391.20  3.40
 2391.90  3.40
 2392.60  3.40
 2393.30  3.40
 2394.00  3.40
 2394.70  3.40
 2395.40  3.40
 2396.10  3.40
 2396.80  3.40
 2397.50  3.40
 2398.20  3.40
 2398.90  3.40
 2399.60  3.40
 2400.30  3.40
 2401.00  3.40
 2401.70  3.40
 2402.40  3.40
 2403.10  3.40
 2403.80  3.40
 2404.50  3.40
 2405.20  3.40
 2405.90  3.40
 2406.60  3.40
 2407.30  3.40
 2408.00  3.40
 2408.70  3.40
 2409.40  3.40
 2410.10  3.40
 2410.80  3.40
 2411.50  3.40
 2412.20  3.40
 2412.90  3.40
 2413.60  3.40
 2414.30  3.40
 2415.00  3.40
 2415.70  3.40
 2416.40  3.40
 2417.10  3.40
 2417.80  3.40
 2418.50  3.40
 2419.20  3.40
 2419.90  3.40
 2420.60  3.40
 2421.30  3.40
 2422.00  3.40
 2422.70  3.40
 2423.40  3.40
 2424.10  3.40
 2424.80  3.40
 2425.50  3.40
 2426.20  3.40
 2426.90  3.40
 2427.60  3.40
 2428.30  3.40
 2429.00  3.40
 2429.70  3.40
 2430.40  3.40
 2431.10  3.40
 2431.80  3.40
 2432.50  3.40
 2433.20  3.40
 2433.90  3.40
 2434.60  3.40
 2435.30  3.40
 2436.00  3.40
 2436.70  3.40
 2437.40  3.40
 2438.10  3.40
 2438.80  3.40
 2439.50  3.40
 2440.20  3.40
 2440.90  3.40
 2441.60  3.40
 2442.30  3.40
 2443.00  3.40
 2443.70  3.40
 2444.40  3.40
 2445.10  3.40
 2445.80  3.40
 2446.50  3.40
 2447.20  3.40
 2447.90  3.40
 2448.60  3.40
 2449.30  3.40
 2450.00  3.40
 2450.70  3.40
 2451.40  3.40
 2452.10  3.40
 2452.80  3.40
 2453.50  3.40
 2454.20  3.40
 2454.90  3.40
 2455.60  3.40
 2456.30  3.40
 2457.00  3.40
 2457.70  3.40
 2458.40  3.40
 2459.10  3.40
 2459.80  3.40
 2460.50  3.40
 2461.20  3.40
 2461.90  3.40
 2462.60  3.40
 2463.30  3.40
 2464.00  3.40
 2464.70  3.40
 2465.40  3.40
 2466.10  3.40
 2466.80  3.40
 2467.50  3.40
 2468.20  3.40
 2468.90  3.40
 2469.60  3.40
 2470.30  3.40
 2471.00  3.40
 2471.70  3.40
 2472.40  3.40
 2473.10  3.40
 2473.80  3.40
 2474.50  3.40
 2475.20  3.40
 2475.90  3.40
 2476.60  3.40
 2477.30  3.40
 2478.00  3.40
 2478.70  3.40
 2479.40  3.40
 2480.10  3.40
 2480.80  3.40
 2481.50  3.40
 2482.20  3.40
 2482.90  3.40
 2483.60  3.40
 2484.30  3.40
 2485.00  3.40
 2485.70  3.40
 2486.40  3.40
 2487.10  3.40
 2487.80  3.40
 2488.50  3.40
 2489.20  3.40
 2489.90  3.40
 2490.60  3.40
 2491.30  3.40
 2492.00  3.40
 2492.70  3.40
 2493.40  3.40
 2494.10  3.40
 2494.80  3.40
 2495.50  3.40
 2496.20  3.40
 2496.90  3.40
 2497.60  3.40
 2498.30  3.40
 2499.00  3.40
 2499.70  3.40
 2500.40  3.40
 2501.10  3.40
 2501.80  3.40
 2502.50  3.40
 2503.20  3.40
 2503.90  3.40
 2504.60  3.40
 2505.30  3.40
 2506.00  3.40
 2506.70  3.40
 2507.40  3.40
 2508.10  3.40
 2508.80  3.40
 2509.50  3.40
 2510.20  3.40
 2510.90  3.40
 2511.60  3.40
 2512.30  3.40
 2513.00  3.40
 2513.70  3.40
 2514.40  3.40
 2515.10  3.40
 2515.80  3.40
 2516.50  3.40
 2517.20  3.40
 2517.90  3.40
 2518.60  3.40
 2519.30  3.40
 2520.00  3.40
 2520.70  3.40
 2521.40  3.40
 2522.10  3.40
 2522.80  3.40
 2523.50  3.40
 2524.20  3.40
 2524.90  3.40
 2525.60  3.40
 2526.30  3.40
 2527.00  3.40
 2527.70  3.40
 2528.40  3.40
 2529.10  3.40
 2529.80  3.40
 2530.50  3.40
 2531.20  3.40
 2531.90  3.40
 2532.60  3.40
 2533.30  3.40
 2534.00  3.40
 2534.70  3.40
 2535.40  3.40
 2536.10  3.40
 2536.80  3.40
 2537.50  3.40
 2538.20  3.40
 2538.90  3.40
 2539.60  3.40
 2540.30  3.40
 2541.00  3.40
 2541.70  3.40
 2542.40  3.40
 2543.10  3.40
 2543.80  3.40
 2544.50  3.40
 2545.20  3.40
 2545.90  3.40
 2546.60  3.40
 2547.30  3.40
 2548.00  3.40
 2548.70  3.40
 2549.40  3.40
 2550.10  3.40
 2550.80  3.40
 2551.50  3.40
 2552.20  3.40
 2552.90  3.40
 2553.60  3.40
 2554.30  3.40
 2555.00  3.40
 2555.70  3.40
 2556.40  3.40
 2557.10  3.40
 2557.80  3.40
 2558.50  3.40
 2559.20  3.40
 2559.90  3.40
 2560.60  3.40
 2561.30  3.40
 2562.00  3.40
 2562.70  3.40
 2563.40  3.40
 2564.10  3.40
 2564.80  3.40
 2565.50  3.40
 2566.20  3.40
 2566.90  3.40
 2567.60  3.40
 2568.30  3.40
 2569.00  3.40
 2569.70  3.40
 2570.40  3.40
 2571.10  3.40
 2571.80  3.40
 2572.50  3.40
 2573.20  3.40
 2573.90  3.40
 2574.60  3.40
 2575.30  3.40
 2576.00  3.40
 2576.70  3.40
 2577.40  3.40
 2578.10  3.40
 2578.80  3.40
 2579.50  3.40
 2580.20  3.40
 2580.90  3.40
 2581.60  3.40
 2582.30  3.40
 2583.00  3.40
 2583.70  3.40
 2584.40  3.40
 2585.10  3.40
 2585.80  3.40
 2586.50  3.40
 2587.20  3.40
 2587.90  3.40
 2588.60  3.40
 2589.30  3.40
 2590.00  3.40
 2590.70  3.40
 2591.40  3.40
 2592.10  3.40
 2592.80  3.40
 2593.50  3.40
 2594.20  3.40
 2594.90  3.40
 2595.60  3.40
 2596.30  3.40
 2597.00  3.40
 2597.70  3.40
 2598.40  3.40
 2599.10  3.40
 2599.80  3.40
 2600.50  3.40
 2601.20  3.40
 2601.90  3.40
 2602.60  3.40
 2603.30  3.40
 2604.00  3.40
 2604.70  3.40
 2605.40  3.40
 2606.10  3.40
 2606.80  3.40
 2607.50  3.40
 2608.20  3.40
 2608.90  3.40
 2609.60  3.40
 2610.30  3.40
 2611.00  3.40
 2611.70  3.40
 2612.40  3.40
 2613.10  3.40
 2613.80  3.40
 2614.50  3.40
 2615.20  3.40
 2615.90  3.40
 2616.60  3.40
 2617.30  3.40
 2618.00  3.40
 2618.70  3.40
 2619.40  3.40
 2620.10  3.40
 2620.80  3.40
 2621.50  3.40
 2622.20  3.40
 2622.90  3.40
 2623.60  3.40
 2624.30  3.40
 2625.00  3.40
 2625.70  3.40
 2626.40  3.40
 2627.10  3.40
 2627.80  3.40
 2628.50  3.40
 2629.20  3.40
 2629.90  3.40
 2630.60  3.40
 2631.30  3.40
 2632.00  3.40
 2632.70  3.40
 2633.40  3.40
 2634.10  3.40
 2634.80  3.40
 2635.50  3.40
 2636.20  3.40
 2636.90  3.40
 2637.60  3.40
 2638.30  3.40
 2639.00  3.40
 2639.70  3.40
 2640.40  3.40
 2641.10  3.40
 2641.80  3.40
 2642.50  3.40
 2643.20  3.40
 2643.90  3.40
 2644.60  3.40
 2645.30  3.40
 2646.00  3.40
 2646.70  3.40
 2647.40  3.40
 2648.10  3.40
 2648.80  3.40
 2649.50  3.40
 2650.20  3.40
 2650.90  3.40
 2651.60  3.40
 2652.30  3.40
 2653.00  3.40
 2653.70  3.40
 2654.40  3.40
 2655.10  3.40
 2655.80  3.40
 2656.50  3.40
 2657.20  3.40
 2657.90  3.40
 2658.60  3.40
 2659.30  3.40
 2660.00  3.40
 2660.70  3.40
 2661.40  3.40
 2662.10  3.40
 2662.80  3.40
 2663.50  3.40
 2664.20  3.40
 2664.90  3.40
 2665.60  3.40
 2666.30  3.40
 2667.00  3.40
 2667.70  3.40
 2668.40  3.40
 2669.10  3.40
 2669.80  3.40
 2670.50  3.40
 2671.20  3.40
 2671.90  3.40
 2672.60  3.40
 2673.30  3.40
 2674.00  3.40
 2674.70  3.40
 2675.40  3.40
 2676.10  3.40
 2676.80  3.40
 2677.50  3.40
 2678.20  3.40
 2678.90  3.40
 2679.60  3.40
 2680.30  3.40
 2681.00  3.40
 2681.70  3.40
 2682.40  3.40
 2683.10  3.40
 2683.80  3.40
 2684.50  3.40
 2685.20  3.40
 2685.90  3.40
 2686.60  3.40
 2687.30  3.40
 2688.00  3.40
 2688.70  3.40
 2689.40  3.40
 2690.10  3.40
 2690.80  3.40
 2691.50  3.40
 2692.20  3.40
 2692.90  3.40
 2693.60  3.40
 2694.30  3.40
 2695.00  3.40
 2695.70  3.40
 2696.40  3.40
 2697.10  3.40
 2697.80  3.40
 2698.50  3.40
 2699.20  3.40
 2699.90  3.40
 2700.60  3.40
 2701.30  3.40
 2702.00  3.40
 2702.70  3.40
 2703.40  3.40
 2704.10  3.40
 2704.80  3.40
 2705.50  3.40
 2706.20  3.40
 2706.90  3.40
 2707.60  3.40
 2708.30  3.40
 2709.00  3.40
 2709.70  3.40
 2710.40  3.40
 2711.10  3.40
 2711.80  3.40
 2712.50  3.40
 2713.20  3.40
 2713.90  3.40
 2714.60  3.40
 2715.30  3.40
 2716.00  3.40
 2716.70  3.40
 2717.40  3.40
 2718.10  3.40
 2718.80  3.40
 2719.50  3.40
 2720.20  3.40
 2720.90  3.40
 2721.60  3.40
 2722.30  3.40
 2723.00  3.40
 2723.70  3.40
 2724.40  3.40
 2725.10  3.40
 2725.80  3.40
 2726.50  3.40
 2727.20  3.40
 2727.90  3.40
 2728.60  3.40
 2729.30  3.40
 2730.00  3.40
 2730.70  3.40
 2731.40  3.40
 2732.10  3.40
 2732.80  3.40
 2733.50  3.40
 2734.20  3.40
 2734.90  3.40
 2735.60  3.40
 2736.30  3.40
 2737.00  3.40
 2737.70  3.40
 2738.40  3.40
 2739.10  3.40
 2739.80  3.40
 2740.50  3.40
 2741.20  3.40
 2741.90  3.40
 2742.60  3.40
 2743.30  3.40
 2744.00  3.40
 2744.70  3.40
 2745.40  3.40
 2746.10  3.40
 2746.80  3.40
 2747.50  3.40
 2748.20  3.40
 2748.90  3.40
 2749.60  3.40
 2750.30  3.40
 2751.00  3.40
 2751.70  3.40
 2752.40  3.40
 2753.10  3.40
 2753.80  3.40
 2754.50  3.40
 2755.20  3.40
 2755.90  3.40
 2756.60  3.40
 2757.30  3.40
 2758.00  3.40
 2758.70  3.40
 2759.40  3.40
 2760.10  3.40
 2760.80  3.40
 2761.50  3.40
 2762.20  3.40
 2762.90  3.40
 2763.60  3.40
 2764.30  3.40
 2765.00  3.40
 2765.70  3.40
 2766.40  3.40
 2767.10  3.40
 2767.80  3.40
 2768.50  3.40
 2769.20  3.40
 2769.90  3.40
 2770.60  3.40
 2771.30  3.40
 2772.00  3.40
 2772.70  3.40
 2773.40  3.40
 2774.10  3.40
 2774.80  3.40
 2775.50  3.40
 2776.20  3.40
 2776.90  3.40
 2777.60  3.40
 2778.30  3.40
 2779.00  3.40
 2779.70  3.40
 2780.40  3.40
 2781.10  3.40
 2781.80  3.40
 2782.50  3.40
 2783.20  3.40
 2783.90  3.40
 2784.60  3.40
 2785.30  3.40
 2786.00  3.40
 2786.70  3.40
 2787.40  3.40
 2788.10  3.40
 2788.80  3.40
 2789.50  3.40
 2790.20  3.40
 2790.90  3.40
 2791.60  3.40
 2792.30  3.40
 2793.00  3.40
 2793.70  3.40
 2794.40  3.40
 2795.10  3.40
 2795.80  3.40
 2796.50  3.40
 2797.20  3.40
 2797.90  3.40
 2798.60  3.40
 2799.30  3.40
 2800.00  3.40
 2800.70  3.40
 2801.40  3.40
 2802.10  3.40
 2802.80  3.40
 2803.50  3.40
 2804.20  3.40
 2804.90  3.40
 2805.60  3.40
 2806.30  3.40
 2807.00  3.40
 2807.70  3.40
 2808.40  3.40
 2809.10  3.40
 2809.80  3.40
 2810.50  3.40
 2811.20  3.40
 2811.90  3.40
 2812.60  3.40
 2813.30  3.40
 2814.00  3.40
 2814.70  3.40
 2815.40  3.40
 2816.10  3.40
 2816.80  3.40
 2817.50  3.40
 2818.20  3.40
 2818.90  3.40
 2819.60  3.40
 2820.30  3.40
 2821.00  3.40
 2821.70  3.40
 2822.40  3.40
 2823.10  3.40
 2823.80  3.40
 2824.50  3.40
 2825.20  3.40
 2825.90  3.40
 2826.60  3.40
 2827.30  3.40
 2828.00  3.40
 2828.70  3.40
 2829.40  3.40
 2830.10  3.40
 2830.80  3.40
 2831.50  3.40
 2832.20  3.40
 2832.90  3.40
 2833.60  3.40
 2834.30  3.40
 2835.00  3.40
 2835.70  3.40
 2836.40  3.40
 2837.10  3.40
 2837.80  3.40
 2838.50  3.40
 2839.20  3.40
 2839.90  3.40
 2840.60  3.40
 2841.30  3.40
 2842.00  3.40
 2842.70  3.40
 2843.40  3.40
 2844.10  3.40
 2844.80  3.40
 2845.50  3.40
 2846.20  3.40
 2846.90  3.40
 2847.60  3.40
 2848.30  3.40
 2849.00  3.40
 2849.70  3.40
 2850.40  3.40
 2851.10  3.40
 2851.80  3.40
 2852.50  3.40
 2853.20  3.40
 2853.90  3.40
 2854.60  3.40
 2855.30  3.40
 2856.00  3.40
 2856.70  3.40
 2857.40  3.40
 2858.10  3.40
 2858.80  3.40
 2859.50  3.40
 2860.20  3.40
 2860.90  3.40
 2861.60  3.40
 2862.30  3.40
 2863.00  3.40
 2863.70  3.40
 2864.40  3.40
 2865.10  3.40
 2865.80  3.40
 2866.50  3.40
 2867.20  3.40
 2867.90  3.40
 2868.60  3.40
 2869.30  3.40
 2870.00  3.40
 2870.70  3.40
 2871.40  3.40
 2872.10  3.40
 2872.80  3.40
 2873.50  3.40
 2874.20  3.40
 2874.90  3.40
 2875.60  3.40
 2876.30  3.40
 2877.00  3.40
 2877.70  3.40
 2878.40  3.40
 2879.10  3.40
 2879.80  3.40
 2880.50  3.40
 2881.20  3.40
 2881.90  3.40
 2882.60  3.40
 2883.30  3.40
 2884.00  3.40
 2884.70  3.40
 2885.40  3.40
 2886.10  3.40
 2886.80  3.40
 2887.50  3.40
 2888.20  3.40
 2888.90  3.40
 2889.60  3.40
 2890.30  3.40
 2891.00  3.40
 2891.70  3.40
 2892.40  3.40
 2893.10  3.40
 2893.80  3.40
 2894.50  3.40
 2895.20  3.40
 2895.90  3.40
 2896.60  3.40
 2897.30  3.40
 2898.00  3.40
 2898.70  3.40
 2899.40  3.40
 2900.10  3.40
 2900.80  3.40
 2901.50  3.40
 2902.20  3.40
 2902.90  3.40
 2903.60  3.40
 2904.30  3.40
 2905.00  3.40
 2905.70  3.40
 2906.40  3.40
 2907.10  3.40
 2907.80  3.40
 2908.50  3.40
 2909.20  3.40
 2909.90  3.40
 2910.60  3.40
 2911.30  3.40
 2912.00  3.40
 2912.70  3.40
 2913.40  3.40
 2914.10  3.40
 2914.80  3.40
 2915.50  3.40
 2916.20  3.40
 2916.90  3.40
 2917.60  3.40
 2918.30  3.40
 2919.00  3.40
 2919.70  3.40
 2920.40  3.40
 2921.10  3.40
 2921.80  3.40
 2922.50  3.40
 2923.20  3.40
 2923.90  3.40
 2924.60  3.40
 2925.30  3.40
 2926.00  3.40
 2926.70  3.40
 2927.40  3.40
 2928.10  3.40
 2928.80  3.40
 2929.50  3.40
 2930.20  3.40
 2930.90  3.40
 2931.60  3.40
 2932.30  3.40
 2933.00  3.40
 2933.70  3.40
 2934.40  3.40
 2935.10  3.40
 2935.80  3.40
 2936.50  3.40
 2937.20  3.40
 2937.90  3.40
 2938.60  3.40
 2939.30  3.40
 2940.00  3.40
 2940.70  3.40
 2941.40  3.40
 2942.10  3.40
 2942.80  3.40
 2943.50  3.40
 2944.20  3.40
 2944.90  3.40
 2945.60  3.40
 2946.30  3.40
 2947.00  3.40
 2947.70  3.40
 2948.40  3.40
 2949.10  3.40
 2949.80  3.40
 2950.50  3.40
 2951.20  3.40
 2951.90  3.40
 2952.60  3.40
 2953.30  3.40
 2954.00  3.40
 2954.70  3.40
 2955.40  3.40
 2956.10  3.40
 2956.80  3.40
 2957.50  3.40
 2958.20  3.40
 2958.90  3.40
 2959.60  3.40
 2960.30  3.40
 2961.00  3.40
 2961.70  3.40
 2962.40  3.40
 2963.10  3.40
 2963.80  3.40
 2964.50  3.40
 2965.20  3.40
 2965.90  3.40
 2966.60  3.40
 2967.30  3.40
 2968.00  3.40
 2968.70  3.40
 2969.40  3.40
 2970.10  3.40
 2970.80  3.40
 2971.50  3.40
 2972.20  3.40
 2972.90  3.40
 2973.60  3.40
 2974.30  3.40
 2975.00  3.40
 2975.70  3.40
 2976.40  3.40
 2977.10  3.40
 2977.80  3.40
 2978.50  3.40
 2979.20  3.40
 2979.90  3.40
 2980.60  3.40
 2981.30  3.40
 2982.00  3.40
 2982.70  3.40
 2983.40  3.40
 2984.10  3.40
 2984.80  3.40
 2985.50  3.40
 2986.20  3.40
 2986.90  3.40
 2987.60  3.40
 2988.30  3.40
 2989.00  3.40
 2989.70  3.40
 2990.40  3.40
 2991.10  3.40
 2991.80  3.40
 2992.50  3.40
 2993.20  3.40
 2993.90  3.40
 2994.60  3.40
 2995.30  3.40
 2996.00  3.40
 2996.70  3.40
 2997.40  3.40
 2998.10  3.40
 2998.80  3.40
 2999.50  3.40
