#Navio B MarAd
#Manobra de Curva Giro
#
#Eta 
#
#temp      rot 
 0.00  1.00
 0.70  1.00
 1.40  1.00
 2.10  1.00
 2.80  1.00
 3.50  1.00
 4.20  1.00
 4.90  1.00
 5.60  1.00
 6.30  1.00
 7.00  1.00
 7.70  1.00
 8.40  1.00
 9.10  1.00
 9.80  1.01
 10.50  1.01
 11.20  1.01
 11.90  1.01
 12.60  1.01
 13.30  1.01
 14.00  1.01
 14.70  1.01
 15.40  1.01
 16.10  1.01
 16.80  1.01
 17.50  1.01
 18.20  1.01
 18.90  1.01
 19.60  1.01
 20.30  1.01
 21.00  1.01
 21.70  1.01
 22.40  1.01
 23.10  1.01
 23.80  1.01
 24.50  1.02
 25.20  1.02
 25.90  1.02
 26.60  1.02
 27.30  1.02
 28.00  1.02
 28.70  1.02
 29.40  1.02
 30.10  1.02
 30.80  1.02
 31.50  1.02
 32.20  1.02
 32.90  1.02
 33.60  1.02
 34.30  1.02
 35.00  1.02
 35.70  1.02
 36.40  1.02
 37.10  1.02
 37.80  1.03
 38.50  1.03
 39.20  1.03
 39.90  1.03
 40.60  1.03
 41.30  1.03
 42.00  1.03
 42.70  1.03
 43.40  1.03
 44.10  1.03
 44.80  1.03
 45.50  1.03
 46.20  1.03
 46.90  1.03
 47.60  1.03
 48.30  1.03
 49.00  1.04
 49.70  1.04
 50.40  1.04
 51.10  1.04
 51.80  1.04
 52.50  1.04
 53.20  1.04
 53.90  1.04
 54.60  1.04
 55.30  1.04
 56.00  1.04
 56.70  1.04
 57.40  1.04
 58.10  1.05
 58.80  1.05
 59.50  1.05
 60.20  1.05
 60.90  1.05
 61.60  1.05
 62.30  1.05
 63.00  1.05
 63.70  1.05
 64.40  1.05
 65.10  1.05
 65.80  1.05
 66.50  1.05
 67.20  1.06
 67.90  1.06
 68.60  1.06
 69.30  1.06
 70.00  1.06
 70.70  1.06
 71.40  1.06
 72.10  1.06
 72.80  1.06
 73.50  1.06
 74.20  1.06
 74.90  1.07
 75.60  1.07
 76.30  1.07
 77.00  1.07
 77.70  1.07
 78.40  1.07
 79.10  1.07
 79.80  1.07
 80.50  1.07
 81.20  1.08
 81.90  1.08
 82.60  1.08
 83.30  1.08
 84.00  1.08
 84.70  1.08
 85.40  1.08
 86.10  1.08
 86.80  1.08
 87.50  1.08
 88.20  1.09
 88.90  1.09
 89.60  1.09
 90.30  1.09
 91.00  1.09
 91.70  1.09
 92.40  1.09
 93.10  1.09
 93.80  1.10
 94.50  1.10
 95.20  1.10
 95.90  1.10
 96.60  1.10
 97.30  1.10
 98.00  1.10
 98.70  1.10
 99.40  1.11
 100.10  1.11
 100.80  1.11
 101.50  1.11
 102.20  1.11
 102.90  1.11
 103.60  1.11
 104.30  1.12
 105.00  1.12
 105.70  1.12
 106.40  1.12
 107.10  1.12
 107.80  1.12
 108.50  1.12
 109.20  1.12
 109.90  1.13
 110.60  1.13
 111.30  1.13
 112.00  1.13
 112.70  1.13
 113.40  1.13
 114.10  1.14
 114.80  1.14
 115.50  1.14
 116.20  1.14
 116.90  1.14
 117.60  1.14
 118.30  1.14
 119.00  1.15
 119.70  1.15
 120.40  1.15
 121.10  1.15
 121.80  1.15
 122.50  1.15
 123.20  1.16
 123.90  1.16
 124.60  1.16
 125.30  1.16
 126.00  1.16
 126.70  1.16
 127.40  1.17
 128.10  1.17
 128.80  1.17
 129.50  1.17
 130.20  1.17
 130.90  1.17
 131.60  1.18
 132.30  1.18
 133.00  1.18
 133.70  1.18
 134.40  1.18
 135.10  1.18
 135.80  1.19
 136.50  1.19
 137.20  1.19
 137.90  1.19
 138.60  1.19
 139.30  1.19
 140.00  1.20
 140.70  1.20
 141.40  1.20
 142.10  1.20
 142.80  1.20
 143.50  1.21
 144.20  1.21
 144.90  1.21
 145.60  1.21
 146.30  1.21
 147.00  1.22
 147.70  1.22
 148.40  1.22
 149.10  1.22
 149.80  1.22
 150.50  1.22
 151.20  1.23
 151.90  1.23
 152.60  1.23
 153.30  1.23
 154.00  1.23
 154.70  1.24
 155.40  1.24
 156.10  1.24
 156.80  1.24
 157.50  1.24
 158.20  1.25
 158.90  1.25
 159.60  1.25
 160.30  1.25
 161.00  1.25
 161.70  1.26
 162.40  1.26
 163.10  1.26
 163.80  1.26
 164.50  1.26
 165.20  1.27
 165.90  1.27
 166.60  1.27
 167.30  1.27
 168.00  1.28
 168.70  1.28
 169.40  1.28
 170.10  1.28
 170.80  1.28
 171.50  1.29
 172.20  1.29
 172.90  1.29
 173.60  1.29
 174.30  1.29
 175.00  1.30
 175.70  1.30
 176.40  1.30
 177.10  1.30
 177.80  1.31
 178.50  1.31
 179.20  1.31
 179.90  1.31
 180.60  1.31
 181.30  1.32
 182.00  1.32
 182.70  1.32
 183.40  1.32
 184.10  1.33
 184.80  1.33
 185.50  1.33
 186.20  1.33
 186.90  1.33
 187.60  1.34
 188.30  1.34
 189.00  1.34
 189.70  1.34
 190.40  1.35
 191.10  1.35
 191.80  1.35
 192.50  1.35
 193.20  1.36
 193.90  1.36
 194.60  1.36
 195.30  1.36
 196.00  1.36
 196.70  1.37
 197.40  1.37
 198.10  1.37
 198.80  1.37
 199.50  1.38
 200.20  1.38
 200.90  1.38
 201.60  1.38
 202.30  1.39
 203.00  1.39
 203.70  1.39
 204.40  1.39
 205.10  1.40
 205.80  1.40
 206.50  1.40
 207.20  1.40
 207.90  1.40
 208.60  1.41
 209.30  1.41
 210.00  1.41
 210.70  1.41
 211.40  1.42
 212.10  1.42
 212.80  1.42
 213.50  1.42
 214.20  1.43
 214.90  1.43
 215.60  1.43
 216.30  1.43
 217.00  1.44
 217.70  1.44
 218.40  1.44
 219.10  1.44
 219.80  1.45
 220.50  1.45
 221.20  1.45
 221.90  1.45
 222.60  1.46
 223.30  1.46
 224.00  1.46
 224.70  1.46
 225.40  1.47
 226.10  1.47
 226.80  1.47
 227.50  1.47
 228.20  1.48
 228.90  1.48
 229.60  1.48
 230.30  1.48
 231.00  1.49
 231.70  1.49
 232.40  1.49
 233.10  1.49
 233.80  1.50
 234.50  1.50
 235.20  1.50
 235.90  1.50
 236.60  1.51
 237.30  1.51
 238.00  1.51
 238.70  1.51
 239.40  1.52
 240.10  1.52
 240.80  1.52
 241.50  1.52
 242.20  1.53
 242.90  1.53
 243.60  1.53
 244.30  1.53
 245.00  1.54
 245.70  1.54
 246.40  1.54
 247.10  1.54
 247.80  1.55
 248.50  1.55
 249.20  1.55
 249.90  1.55
 250.60  1.56
 251.30  1.56
 252.00  1.56
 252.70  1.57
 253.40  1.57
 254.10  1.57
 254.80  1.57
 255.50  1.58
 256.20  1.58
 256.90  1.58
 257.60  1.58
 258.30  1.59
 259.00  1.59
 259.70  1.59
 260.40  1.59
 261.10  1.60
 261.80  1.60
 262.50  1.60
 263.20  1.60
 263.90  1.61
 264.60  1.61
 265.30  1.61
 266.00  1.61
 266.70  1.62
 267.40  1.62
 268.10  1.62
 268.80  1.62
 269.50  1.63
 270.20  1.63
 270.90  1.63
 271.60  1.64
 272.30  1.64
 273.00  1.64
 273.70  1.64
 274.40  1.65
 275.10  1.65
 275.80  1.65
 276.50  1.65
 277.20  1.66
 277.90  1.66
 278.60  1.66
 279.30  1.66
 280.00  1.67
 280.70  1.67
 281.40  1.67
 282.10  1.67
 282.80  1.68
 283.50  1.68
 284.20  1.68
 284.90  1.68
 285.60  1.69
 286.30  1.69
 287.00  1.69
 287.70  1.70
 288.40  1.70
 289.10  1.70
 289.80  1.70
 290.50  1.71
 291.20  1.71
 291.90  1.71
 292.60  1.71
 293.30  1.72
 294.00  1.72
 294.70  1.72
 295.40  1.72
 296.10  1.73
 296.80  1.73
 297.50  1.73
 298.20  1.73
 298.90  1.74
 299.60  1.74
 300.30  1.74
 301.00  1.74
 301.70  1.75
 302.40  1.75
 303.10  1.75
 303.80  1.76
 304.50  1.76
 305.20  1.76
 305.90  1.76
 306.60  1.77
 307.30  1.77
 308.00  1.77
 308.70  1.77
 309.40  1.78
 310.10  1.78
 310.80  1.78
 311.50  1.78
 312.20  1.79
 312.90  1.79
 313.60  1.79
 314.30  1.79
 315.00  1.80
 315.70  1.80
 316.40  1.80
 317.10  1.80
 317.80  1.81
 318.50  1.81
 319.20  1.81
 319.90  1.82
 320.60  1.82
 321.30  1.82
 322.00  1.82
 322.70  1.83
 323.40  1.83
 324.10  1.83
 324.80  1.83
 325.50  1.84
 326.20  1.84
 326.90  1.84
 327.60  1.84
 328.30  1.85
 329.00  1.85
 329.70  1.85
 330.40  1.85
 331.10  1.86
 331.80  1.86
 332.50  1.86
 333.20  1.86
 333.90  1.87
 334.60  1.87
 335.30  1.87
 336.00  1.87
 336.70  1.88
 337.40  1.88
 338.10  1.88
 338.80  1.88
 339.50  1.89
 340.20  1.89
 340.90  1.89
 341.60  1.90
 342.30  1.90
 343.00  1.90
 343.70  1.90
 344.40  1.91
 345.10  1.91
 345.80  1.91
 346.50  1.91
 347.20  1.92
 347.90  1.92
 348.60  1.92
 349.30  1.92
 350.00  1.93
 350.70  1.93
 351.40  1.93
 352.10  1.93
 352.80  1.94
 353.50  1.94
 354.20  1.94
 354.90  1.94
 355.60  1.95
 356.30  1.95
 357.00  1.95
 357.70  1.95
 358.40  1.96
 359.10  1.96
 359.80  1.96
 360.50  1.96
 361.20  1.97
 361.90  1.97
 362.60  1.97
 363.30  1.97
 364.00  1.98
 364.70  1.98
 365.40  1.98
 366.10  1.98
 366.80  1.99
 367.50  1.99
 368.20  1.99
 368.90  1.99
 369.60  2.00
 370.30  2.00
 371.00  2.00
 371.70  2.00
 372.40  2.01
 373.10  2.01
 373.80  2.01
 374.50  2.01
 375.20  2.02
 375.90  2.02
 376.60  2.02
 377.30  2.02
 378.00  2.03
 378.70  2.03
 379.40  2.03
 380.10  2.03
 380.80  2.04
 381.50  2.04
 382.20  2.04
 382.90  2.04
 383.60  2.05
 384.30  2.05
 385.00  2.05
 385.70  2.05
 386.40  2.06
 387.10  2.06
 387.80  2.06
 388.50  2.06
 389.20  2.07
 389.90  2.07
 390.60  2.07
 391.30  2.07
 392.00  2.08
 392.70  2.08
 393.40  2.08
 394.10  2.08
 394.80  2.08
 395.50  2.09
 396.20  2.09
 396.90  2.09
 397.60  2.09
 398.30  2.10
 399.00  2.10
 399.70  2.10
 400.40  2.10
 401.10  2.11
 401.80  2.11
 402.50  2.11
 403.20  2.11
 403.90  2.12
 404.60  2.12
 405.30  2.12
 406.00  2.12
 406.70  2.13
 407.40  2.13
 408.10  2.13
 408.80  2.13
 409.50  2.14
 410.20  2.14
 410.90  2.14
 411.60  2.14
 412.30  2.14
 413.00  2.15
 413.70  2.15
 414.40  2.15
 415.10  2.15
 415.80  2.16
 416.50  2.16
 417.20  2.16
 417.90  2.16
 418.60  2.17
 419.30  2.17
 420.00  2.17
 420.70  2.17
 421.40  2.18
 422.10  2.18
 422.80  2.18
 423.50  2.18
 424.20  2.18
 424.90  2.19
 425.60  2.19
 426.30  2.19
 427.00  2.19
 427.70  2.20
 428.40  2.20
 429.10  2.20
 429.80  2.20
 430.50  2.21
 431.20  2.21
 431.90  2.21
 432.60  2.21
 433.30  2.21
 434.00  2.22
 434.70  2.22
 435.40  2.22
 436.10  2.22
 436.80  2.23
 437.50  2.23
 438.20  2.23
 438.90  2.23
 439.60  2.23
 440.30  2.24
 441.00  2.24
 441.70  2.24
 442.40  2.24
 443.10  2.25
 443.80  2.25
 444.50  2.25
 445.20  2.25
 445.90  2.25
 446.60  2.26
 447.30  2.26
 448.00  2.26
 448.70  2.26
 449.40  2.27
 450.10  2.27
 450.80  2.27
 451.50  2.27
 452.20  2.27
 452.90  2.28
 453.60  2.28
 454.30  2.28
 455.00  2.28
 455.70  2.29
 456.40  2.29
 457.10  2.29
 457.80  2.29
 458.50  2.29
 459.20  2.30
 459.90  2.30
 460.60  2.30
 461.30  2.30
 462.00  2.30
 462.70  2.31
 463.40  2.31
 464.10  2.31
 464.80  2.31
 465.50  2.32
 466.20  2.32
 466.90  2.32
 467.60  2.32
 468.30  2.32
 469.00  2.33
 469.70  2.33
 470.40  2.33
 471.10  2.33
 471.80  2.33
 472.50  2.34
 473.20  2.34
 473.90  2.34
 474.60  2.34
 475.30  2.35
 476.00  2.35
 476.70  2.35
 477.40  2.35
 478.10  2.35
 478.80  2.36
 479.50  2.36
 480.20  2.36
 480.90  2.36
 481.60  2.36
 482.30  2.37
 483.00  2.37
 483.70  2.37
 484.40  2.37
 485.10  2.37
 485.80  2.38
 486.50  2.38
 487.20  2.38
 487.90  2.38
 488.60  2.38
 489.30  2.39
 490.00  2.39
 490.70  2.39
 491.40  2.39
 492.10  2.39
 492.80  2.40
 493.50  2.40
 494.20  2.40
 494.90  2.40
 495.60  2.40
 496.30  2.41
 497.00  2.41
 497.70  2.41
 498.40  2.41
 499.10  2.41
 499.80  2.42
 500.50  2.42
 501.20  2.42
 501.90  2.42
 502.60  2.42
 503.30  2.43
 504.00  2.43
 504.70  2.43
 505.40  2.43
 506.10  2.43
 506.80  2.44
 507.50  2.44
 508.20  2.44
 508.90  2.44
 509.60  2.44
 510.30  2.45
 511.00  2.45
 511.70  2.45
 512.40  2.45
 513.10  2.45
 513.80  2.45
 514.50  2.46
 515.20  2.46
 515.90  2.46
 516.60  2.46
 517.30  2.46
 518.00  2.47
 518.70  2.47
 519.40  2.47
 520.10  2.47
 520.80  2.47
 521.50  2.48
 522.20  2.48
 522.90  2.48
 523.60  2.48
 524.30  2.48
 525.00  2.48
 525.70  2.49
 526.40  2.49
 527.10  2.49
 527.80  2.49
 528.50  2.49
 529.20  2.50
 529.90  2.50
 530.60  2.50
 531.30  2.50
 532.00  2.50
 532.70  2.50
 533.40  2.51
 534.10  2.51
 534.80  2.51
 535.50  2.51
 536.20  2.51
 536.90  2.52
 537.60  2.52
 538.30  2.52
 539.00  2.52
 539.70  2.52
 540.40  2.52
 541.10  2.53
 541.80  2.53
 542.50  2.53
 543.20  2.53
 543.90  2.53
 544.60  2.54
 545.30  2.54
 546.00  2.54
 546.70  2.54
 547.40  2.54
 548.10  2.54
 548.80  2.55
 549.50  2.55
 550.20  2.55
 550.90  2.55
 551.60  2.55
 552.30  2.55
 553.00  2.56
 553.70  2.56
 554.40  2.56
 555.10  2.56
 555.80  2.56
 556.50  2.56
 557.20  2.57
 557.90  2.57
 558.60  2.57
 559.30  2.57
 560.00  2.57
 560.70  2.57
 561.40  2.58
 562.10  2.58
 562.80  2.58
 563.50  2.58
 564.20  2.58
 564.90  2.58
 565.60  2.59
 566.30  2.59
 567.00  2.59
 567.70  2.59
 568.40  2.59
 569.10  2.59
 569.80  2.60
 570.50  2.60
 571.20  2.60
 571.90  2.60
 572.60  2.60
 573.30  2.60
 574.00  2.61
 574.70  2.61
 575.40  2.61
 576.10  2.61
 576.80  2.61
 577.50  2.61
 578.20  2.62
 578.90  2.62
 579.60  2.62
 580.30  2.62
 581.00  2.62
 581.70  2.62
 582.40  2.63
 583.10  2.63
 583.80  2.63
 584.50  2.63
 585.20  2.63
 585.90  2.63
 586.60  2.63
 587.30  2.64
 588.00  2.64
 588.70  2.64
 589.40  2.64
 590.10  2.64
 590.80  2.64
 591.50  2.65
 592.20  2.65
 592.90  2.65
 593.60  2.65
 594.30  2.65
 595.00  2.65
 595.70  2.65
 596.40  2.66
 597.10  2.66
 597.80  2.66
 598.50  2.66
 599.20  2.66
 599.90  2.66
 600.60  2.67
 601.30  2.67
 602.00  2.67
 602.70  2.67
 603.40  2.67
 604.10  2.67
 604.80  2.67
 605.50  2.68
 606.20  2.68
 606.90  2.68
 607.60  2.68
 608.30  2.68
 609.00  2.68
 609.70  2.68
 610.40  2.69
 611.10  2.69
 611.80  2.69
 612.50  2.69
 613.20  2.69
 613.90  2.69
 614.60  2.69
 615.30  2.70
 616.00  2.70
 616.70  2.70
 617.40  2.70
 618.10  2.70
 618.80  2.70
 619.50  2.70
 620.20  2.71
 620.90  2.71
 621.60  2.71
 622.30  2.71
 623.00  2.71
 623.70  2.71
 624.40  2.71
 625.10  2.72
 625.80  2.72
 626.50  2.72
 627.20  2.72
 627.90  2.72
 628.60  2.72
 629.30  2.72
 630.00  2.73
 630.70  2.73
 631.40  2.73
 632.10  2.73
 632.80  2.73
 633.50  2.73
 634.20  2.73
 634.90  2.74
 635.60  2.74
 636.30  2.74
 637.00  2.74
 637.70  2.74
 638.40  2.74
 639.10  2.74
 639.80  2.74
 640.50  2.75
 641.20  2.75
 641.90  2.75
 642.60  2.75
 643.30  2.75
 644.00  2.75
 644.70  2.75
 645.40  2.76
 646.10  2.76
 646.80  2.76
 647.50  2.76
 648.20  2.76
 648.90  2.76
 649.60  2.76
 650.30  2.76
 651.00  2.77
 651.70  2.77
 652.40  2.77
 653.10  2.77
 653.80  2.77
 654.50  2.77
 655.20  2.77
 655.90  2.77
 656.60  2.78
 657.30  2.78
 658.00  2.78
 658.70  2.78
 659.40  2.78
 660.10  2.78
 660.80  2.78
 661.50  2.78
 662.20  2.79
 662.90  2.79
 663.60  2.79
 664.30  2.79
 665.00  2.79
 665.70  2.79
 666.40  2.79
 667.10  2.79
 667.80  2.80
 668.50  2.80
 669.20  2.80
 669.90  2.80
 670.60  2.80
 671.30  2.80
 672.00  2.80
 672.70  2.80
 673.40  2.81
 674.10  2.81
 674.80  2.81
 675.50  2.81
 676.20  2.81
 676.90  2.81
 677.60  2.81
 678.30  2.81
 679.00  2.81
 679.70  2.82
 680.40  2.82
 681.10  2.82
 681.80  2.82
 682.50  2.82
 683.20  2.82
 683.90  2.82
 684.60  2.82
 685.30  2.83
 686.00  2.83
 686.70  2.83
 687.40  2.83
 688.10  2.83
 688.80  2.83
 689.50  2.83
 690.20  2.83
 690.90  2.83
 691.60  2.84
 692.30  2.84
 693.00  2.84
 693.70  2.84
 694.40  2.84
 695.10  2.84
 695.80  2.84
 696.50  2.84
 697.20  2.84
 697.90  2.85
 698.60  2.85
 699.30  2.85
 700.00  2.85
 700.70  2.85
 701.40  2.85
 702.10  2.85
 702.80  2.85
 703.50  2.85
 704.20  2.86
 704.90  2.86
 705.60  2.86
 706.30  2.86
 707.00  2.86
 707.70  2.86
 708.40  2.86
 709.10  2.86
 709.80  2.86
 710.50  2.87
 711.20  2.87
 711.90  2.87
 712.60  2.87
 713.30  2.87
 714.00  2.87
 714.70  2.87
 715.40  2.87
 716.10  2.87
 716.80  2.87
 717.50  2.88
 718.20  2.88
 718.90  2.88
 719.60  2.88
 720.30  2.88
 721.00  2.88
 721.70  2.88
 722.40  2.88
 723.10  2.88
 723.80  2.89
 724.50  2.89
 725.20  2.89
 725.90  2.89
 726.60  2.89
 727.30  2.89
 728.00  2.89
 728.70  2.89
 729.40  2.89
 730.10  2.89
 730.80  2.90
 731.50  2.90
 732.20  2.90
 732.90  2.90
 733.60  2.90
 734.30  2.90
 735.00  2.90
 735.70  2.90
 736.40  2.90
 737.10  2.90
 737.80  2.91
 738.50  2.91
 739.20  2.91
 739.90  2.91
 740.60  2.91
 741.30  2.91
 742.00  2.91
 742.70  2.91
 743.40  2.91
 744.10  2.91
 744.80  2.91
 745.50  2.92
 746.20  2.92
 746.90  2.92
 747.60  2.92
 748.30  2.92
 749.00  2.92
 749.70  2.92
 750.40  2.92
 751.10  2.92
 751.80  2.92
 752.50  2.93
 753.20  2.93
 753.90  2.93
 754.60  2.93
 755.30  2.93
 756.00  2.93
 756.70  2.93
 757.40  2.93
 758.10  2.93
 758.80  2.93
 759.50  2.93
 760.20  2.94
 760.90  2.94
 761.60  2.94
 762.30  2.94
 763.00  2.94
 763.70  2.94
 764.40  2.94
 765.10  2.94
 765.80  2.94
 766.50  2.94
 767.20  2.94
 767.90  2.94
 768.60  2.95
 769.30  2.95
 770.00  2.95
 770.70  2.95
 771.40  2.95
 772.10  2.95
 772.80  2.95
 773.50  2.95
 774.20  2.95
 774.90  2.95
 775.60  2.95
 776.30  2.96
 777.00  2.96
 777.70  2.96
 778.40  2.96
 779.10  2.96
 779.80  2.96
 780.50  2.96
 781.20  2.96
 781.90  2.96
 782.60  2.96
 783.30  2.96
 784.00  2.96
 784.70  2.97
 785.40  2.97
 786.10  2.97
 786.80  2.97
 787.50  2.97
 788.20  2.97
 788.90  2.97
 789.60  2.97
 790.30  2.97
 791.00  2.97
 791.70  2.97
 792.40  2.97
 793.10  2.98
 793.80  2.98
 794.50  2.98
 795.20  2.98
 795.90  2.98
 796.60  2.98
 797.30  2.98
 798.00  2.98
 798.70  2.98
 799.40  2.98
 800.10  2.98
 800.80  2.98
 801.50  2.98
 802.20  2.99
 802.90  2.99
 803.60  2.99
 804.30  2.99
 805.00  2.99
 805.70  2.99
 806.40  2.99
 807.10  2.99
 807.80  2.99
 808.50  2.99
 809.20  2.99
 809.90  2.99
 810.60  2.99
 811.30  3.00
 812.00  3.00
 812.70  3.00
 813.40  3.00
 814.10  3.00
 814.80  3.00
 815.50  3.00
 816.20  3.00
 816.90  3.00
 817.60  3.00
 818.30  3.00
 819.00  3.00
 819.70  3.00
 820.40  3.01
 821.10  3.01
 821.80  3.01
 822.50  3.01
 823.20  3.01
 823.90  3.01
 824.60  3.01
 825.30  3.01
 826.00  3.01
 826.70  3.01
 827.40  3.01
 828.10  3.01
 828.80  3.01
 829.50  3.01
 830.20  3.02
 830.90  3.02
 831.60  3.02
 832.30  3.02
 833.00  3.02
 833.70  3.02
 834.40  3.02
 835.10  3.02
 835.80  3.02
 836.50  3.02
 837.20  3.02
 837.90  3.02
 838.60  3.02
 839.30  3.02
 840.00  3.02
 840.70  3.03
 841.40  3.03
 842.10  3.03
 842.80  3.03
 843.50  3.03
 844.20  3.03
 844.90  3.03
 845.60  3.03
 846.30  3.03
 847.00  3.03
 847.70  3.03
 848.40  3.03
 849.10  3.03
 849.80  3.03
 850.50  3.03
 851.20  3.04
 851.90  3.04
 852.60  3.04
 853.30  3.04
 854.00  3.04
 854.70  3.04
 855.40  3.04
 856.10  3.04
 856.80  3.04
 857.50  3.04
 858.20  3.04
 858.90  3.04
 859.60  3.04
 860.30  3.04
 861.00  3.04
 861.70  3.05
 862.40  3.05
 863.10  3.05
 863.80  3.05
 864.50  3.05
 865.20  3.05
 865.90  3.05
 866.60  3.05
 867.30  3.05
 868.00  3.05
 868.70  3.05
 869.40  3.05
 870.10  3.05
 870.80  3.05
 871.50  3.05
 872.20  3.05
 872.90  3.06
 873.60  3.06
 874.30  3.06
 875.00  3.06
 875.70  3.06
 876.40  3.06
 877.10  3.06
 877.80  3.06
 878.50  3.06
 879.20  3.06
 879.90  3.06
 880.60  3.06
 881.30  3.06
 882.00  3.06
 882.70  3.06
 883.40  3.06
 884.10  3.06
 884.80  3.07
 885.50  3.07
 886.20  3.07
 886.90  3.07
 887.60  3.07
 888.30  3.07
 889.00  3.07
 889.70  3.07
 890.40  3.07
 891.10  3.07
 891.80  3.07
 892.50  3.07
 893.20  3.07
 893.90  3.07
 894.60  3.07
 895.30  3.07
 896.00  3.07
 896.70  3.07
 897.40  3.08
 898.10  3.08
 898.80  3.08
 899.50  3.08
 900.20  3.08
 900.90  3.08
 901.60  3.08
 902.30  3.08
 903.00  3.08
 903.70  3.08
 904.40  3.08
 905.10  3.08
 905.80  3.08
 906.50  3.08
 907.20  3.08
 907.90  3.08
 908.60  3.08
 909.30  3.08
 910.00  3.08
 910.70  3.09
 911.40  3.09
 912.10  3.09
 912.80  3.09
 913.50  3.09
 914.20  3.09
 914.90  3.09
 915.60  3.09
 916.30  3.09
 917.00  3.09
 917.70  3.09
 918.40  3.09
 919.10  3.09
 919.80  3.09
 920.50  3.09
 921.20  3.09
 921.90  3.09
 922.60  3.09
 923.30  3.09
 924.00  3.10
 924.70  3.10
 925.40  3.10
 926.10  3.10
 926.80  3.10
 927.50  3.10
 928.20  3.10
 928.90  3.10
 929.60  3.10
 930.30  3.10
 931.00  3.10
 931.70  3.10
 932.40  3.10
 933.10  3.10
 933.80  3.10
 934.50  3.10
 935.20  3.10
 935.90  3.10
 936.60  3.10
 937.30  3.10
 938.00  3.11
 938.70  3.11
 939.40  3.11
 940.10  3.11
 940.80  3.11
 941.50  3.11
 942.20  3.11
 942.90  3.11
 943.60  3.11
 944.30  3.11
 945.00  3.11
 945.70  3.11
 946.40  3.11
 947.10  3.11
 947.80  3.11
 948.50  3.11
 949.20  3.11
 949.90  3.11
 950.60  3.11
 951.30  3.11
 952.00  3.11
 952.70  3.11
 953.40  3.12
 954.10  3.12
 954.80  3.12
 955.50  3.12
 956.20  3.12
 956.90  3.12
 957.60  3.12
 958.30  3.12
 959.00  3.12
 959.70  3.12
 960.40  3.12
 961.10  3.12
 961.80  3.12
 962.50  3.12
 963.20  3.12
 963.90  3.12
 964.60  3.12
 965.30  3.12
 966.00  3.12
 966.70  3.12
 967.40  3.12
 968.10  3.12
 968.80  3.12
 969.50  3.13
 970.20  3.13
 970.90  3.13
 971.60  3.13
 972.30  3.13
 973.00  3.13
 973.70  3.13
 974.40  3.13
 975.10  3.13
 975.80  3.13
 976.50  3.13
 977.20  3.13
 977.90  3.13
 978.60  3.13
 979.30  3.13
 980.00  3.13
 980.70  3.13
 981.40  3.13
 982.10  3.13
 982.80  3.13
 983.50  3.13
 984.20  3.13
 984.90  3.13
 985.60  3.13
 986.30  3.13
 987.00  3.14
 987.70  3.14
 988.40  3.14
 989.10  3.14
 989.80  3.14
 990.50  3.14
 991.20  3.14
 991.90  3.14
 992.60  3.14
 993.30  3.14
 994.00  3.14
 994.70  3.14
 995.40  3.14
 996.10  3.14
 996.80  3.14
 997.50  3.14
 998.20  3.14
 998.90  3.14
 999.60  3.14
 1000.30  3.14
 1001.00  3.14
 1001.70  3.14
 1002.40  3.14
 1003.10  3.14
 1003.80  3.14
 1004.50  3.14
 1005.20  3.15
 1005.90  3.15
 1006.60  3.15
 1007.30  3.15
 1008.00  3.15
 1008.70  3.15
 1009.40  3.15
 1010.10  3.15
 1010.80  3.15
 1011.50  3.15
 1012.20  3.15
 1012.90  3.15
 1013.60  3.15
 1014.30  3.15
 1015.00  3.15
 1015.70  3.15
 1016.40  3.15
 1017.10  3.15
 1017.80  3.15
 1018.50  3.15
 1019.20  3.15
 1019.90  3.15
 1020.60  3.15
 1021.30  3.15
 1022.00  3.15
 1022.70  3.15
 1023.40  3.15
 1024.10  3.15
 1024.80  3.16
 1025.50  3.16
 1026.20  3.16
 1026.90  3.16
 1027.60  3.16
 1028.30  3.16
 1029.00  3.16
 1029.70  3.16
 1030.40  3.16
 1031.10  3.16
 1031.80  3.16
 1032.50  3.16
 1033.20  3.16
 1033.90  3.16
 1034.60  3.16
 1035.30  3.16
 1036.00  3.16
 1036.70  3.16
 1037.40  3.16
 1038.10  3.16
 1038.80  3.16
 1039.50  3.16
 1040.20  3.16
 1040.90  3.16
 1041.60  3.16
 1042.30  3.16
 1043.00  3.16
 1043.70  3.16
 1044.40  3.16
 1045.10  3.16
 1045.80  3.17
 1046.50  3.17
 1047.20  3.17
 1047.90  3.17
 1048.60  3.17
 1049.30  3.17
 1050.00  3.17
 1050.70  3.17
 1051.40  3.17
 1052.10  3.17
 1052.80  3.17
 1053.50  3.17
 1054.20  3.17
 1054.90  3.17
 1055.60  3.17
 1056.30  3.17
 1057.00  3.17
 1057.70  3.17
 1058.40  3.17
 1059.10  3.17
 1059.80  3.17
 1060.50  3.17
 1061.20  3.17
 1061.90  3.17
 1062.60  3.17
 1063.30  3.17
 1064.00  3.17
 1064.70  3.17
 1065.40  3.17
 1066.10  3.17
 1066.80  3.17
 1067.50  3.17
 1068.20  3.17
 1068.90  3.17
 1069.60  3.18
 1070.30  3.18
 1071.00  3.18
 1071.70  3.18
 1072.40  3.18
 1073.10  3.18
 1073.80  3.18
 1074.50  3.18
 1075.20  3.18
 1075.90  3.18
 1076.60  3.18
 1077.30  3.18
 1078.00  3.18
 1078.70  3.18
 1079.40  3.18
 1080.10  3.18
 1080.80  3.18
 1081.50  3.18
 1082.20  3.18
 1082.90  3.18
 1083.60  3.18
 1084.30  3.18
 1085.00  3.18
 1085.70  3.18
 1086.40  3.18
 1087.10  3.18
 1087.80  3.18
 1088.50  3.18
 1089.20  3.18
 1089.90  3.18
 1090.60  3.18
 1091.30  3.18
 1092.00  3.18
 1092.70  3.18
 1093.40  3.18
 1094.10  3.18
 1094.80  3.19
 1095.50  3.19
 1096.20  3.19
 1096.90  3.19
 1097.60  3.19
 1098.30  3.19
 1099.00  3.19
 1099.70  3.19
 1100.40  3.19
 1101.10  3.19
 1101.80  3.19
 1102.50  3.19
 1103.20  3.19
 1103.90  3.19
 1104.60  3.19
 1105.30  3.19
 1106.00  3.19
 1106.70  3.19
 1107.40  3.19
 1108.10  3.19
 1108.80  3.19
 1109.50  3.19
 1110.20  3.19
 1110.90  3.19
 1111.60  3.19
 1112.30  3.19
 1113.00  3.19
 1113.70  3.19
 1114.40  3.19
 1115.10  3.19
 1115.80  3.19
 1116.50  3.19
 1117.20  3.19
 1117.90  3.19
 1118.60  3.19
 1119.30  3.19
 1120.00  3.19
 1120.70  3.19
 1121.40  3.19
 1122.10  3.19
 1122.80  3.19
 1123.50  3.20
 1124.20  3.20
 1124.90  3.20
 1125.60  3.20
 1126.30  3.20
 1127.00  3.20
 1127.70  3.20
 1128.40  3.20
 1129.10  3.20
 1129.80  3.20
 1130.50  3.20
 1131.20  3.20
 1131.90  3.20
 1132.60  3.20
 1133.30  3.20
 1134.00  3.20
 1134.70  3.20
 1135.40  3.20
 1136.10  3.20
 1136.80  3.20
 1137.50  3.20
 1138.20  3.20
 1138.90  3.20
 1139.60  3.20
 1140.30  3.20
 1141.00  3.20
 1141.70  3.20
 1142.40  3.20
 1143.10  3.20
 1143.80  3.20
 1144.50  3.20
 1145.20  3.20
 1145.90  3.20
 1146.60  3.20
 1147.30  3.20
 1148.00  3.20
 1148.70  3.20
 1149.40  3.20
 1150.10  3.20
 1150.80  3.20
 1151.50  3.20
 1152.20  3.20
 1152.90  3.20
 1153.60  3.20
 1154.30  3.20
 1155.00  3.20
 1155.70  3.21
 1156.40  3.21
 1157.10  3.21
 1157.80  3.21
 1158.50  3.21
 1159.20  3.21
 1159.90  3.21
 1160.60  3.21
 1161.30  3.21
 1162.00  3.21
 1162.70  3.21
 1163.40  3.21
 1164.10  3.21
 1164.80  3.21
 1165.50  3.21
 1166.20  3.21
 1166.90  3.21
 1167.60  3.21
 1168.30  3.21
 1169.00  3.21
 1169.70  3.21
 1170.40  3.21
 1171.10  3.21
 1171.80  3.21
 1172.50  3.21
 1173.20  3.21
 1173.90  3.21
 1174.60  3.21
 1175.30  3.21
 1176.00  3.21
 1176.70  3.21
 1177.40  3.21
 1178.10  3.21
 1178.80  3.21
 1179.50  3.21
 1180.20  3.21
 1180.90  3.21
 1181.60  3.21
 1182.30  3.21
 1183.00  3.21
 1183.70  3.21
 1184.40  3.21
 1185.10  3.21
 1185.80  3.21
 1186.50  3.21
 1187.20  3.21
 1187.90  3.21
 1188.60  3.21
 1189.30  3.21
 1190.00  3.21
 1190.70  3.21
 1191.40  3.21
 1192.10  3.22
 1192.80  3.22
 1193.50  3.22
 1194.20  3.22
 1194.90  3.22
 1195.60  3.22
 1196.30  3.22
 1197.00  3.22
 1197.70  3.22
 1198.40  3.22
 1199.10  3.22
 1199.80  3.22
 1200.50  3.22
 1201.20  3.22
 1201.90  3.22
 1202.60  3.22
 1203.30  3.22
 1204.00  3.22
 1204.70  3.22
 1205.40  3.22
 1206.10  3.22
 1206.80  3.22
 1207.50  3.22
 1208.20  3.22
 1208.90  3.22
 1209.60  3.22
 1210.30  3.22
 1211.00  3.22
 1211.70  3.22
 1212.40  3.22
 1213.10  3.22
 1213.80  3.22
 1214.50  3.22
 1215.20  3.22
 1215.90  3.22
 1216.60  3.22
 1217.30  3.22
 1218.00  3.22
 1218.70  3.22
 1219.40  3.22
 1220.10  3.22
 1220.80  3.22
 1221.50  3.22
 1222.20  3.22
 1222.90  3.22
 1223.60  3.22
 1224.30  3.22
 1225.00  3.22
 1225.70  3.22
 1226.40  3.22
 1227.10  3.22
 1227.80  3.22
 1228.50  3.22
 1229.20  3.22
 1229.90  3.22
 1230.60  3.22
 1231.30  3.22
 1232.00  3.22
 1232.70  3.22
 1233.40  3.22
 1234.10  3.22
 1234.80  3.22
 1235.50  3.23
 1236.20  3.23
 1236.90  3.23
 1237.60  3.23
 1238.30  3.23
 1239.00  3.23
 1239.70  3.23
 1240.40  3.23
 1241.10  3.23
 1241.80  3.23
 1242.50  3.23
 1243.20  3.23
 1243.90  3.23
 1244.60  3.23
 1245.30  3.23
 1246.00  3.23
 1246.70  3.23
 1247.40  3.23
 1248.10  3.23
 1248.80  3.23
 1249.50  3.23
 1250.20  3.23
 1250.90  3.23
 1251.60  3.23
 1252.30  3.23
 1253.00  3.23
 1253.70  3.23
 1254.40  3.23
 1255.10  3.23
 1255.80  3.23
 1256.50  3.23
 1257.20  3.23
 1257.90  3.23
 1258.60  3.23
 1259.30  3.23
 1260.00  3.23
 1260.70  3.23
 1261.40  3.23
 1262.10  3.23
 1262.80  3.23
 1263.50  3.23
 1264.20  3.23
 1264.90  3.23
 1265.60  3.23
 1266.30  3.23
 1267.00  3.23
 1267.70  3.23
 1268.40  3.23
 1269.10  3.23
 1269.80  3.23
 1270.50  3.23
 1271.20  3.23
 1271.90  3.23
 1272.60  3.23
 1273.30  3.23
 1274.00  3.23
 1274.70  3.23
 1275.40  3.23
 1276.10  3.23
 1276.80  3.23
 1277.50  3.23
 1278.20  3.23
 1278.90  3.23
 1279.60  3.23
 1280.30  3.23
 1281.00  3.23
 1281.70  3.23
 1282.40  3.23
 1283.10  3.23
 1283.80  3.23
 1284.50  3.23
 1285.20  3.23
 1285.90  3.23
 1286.60  3.23
 1287.30  3.23
 1288.00  3.24
 1288.70  3.24
 1289.40  3.24
 1290.10  3.24
 1290.80  3.24
 1291.50  3.24
 1292.20  3.24
 1292.90  3.24
 1293.60  3.24
 1294.30  3.24
 1295.00  3.24
 1295.70  3.24
 1296.40  3.24
 1297.10  3.24
 1297.80  3.24
 1298.50  3.24
 1299.20  3.24
 1299.90  3.24
 1300.60  3.24
 1301.30  3.24
 1302.00  3.24
 1302.70  3.24
 1303.40  3.24
 1304.10  3.24
 1304.80  3.24
 1305.50  3.24
 1306.20  3.24
 1306.90  3.24
 1307.60  3.24
 1308.30  3.24
 1309.00  3.24
 1309.70  3.24
 1310.40  3.24
 1311.10  3.24
 1311.80  3.24
 1312.50  3.24
 1313.20  3.24
 1313.90  3.24
 1314.60  3.24
 1315.30  3.24
 1316.00  3.24
 1316.70  3.24
 1317.40  3.24
 1318.10  3.24
 1318.80  3.24
 1319.50  3.24
 1320.20  3.24
 1320.90  3.24
 1321.60  3.24
 1322.30  3.24
 1323.00  3.24
 1323.70  3.24
 1324.40  3.24
 1325.10  3.24
 1325.80  3.24
 1326.50  3.24
 1327.20  3.24
 1327.90  3.24
 1328.60  3.24
 1329.30  3.24
 1330.00  3.24
 1330.70  3.24
 1331.40  3.24
 1332.10  3.24
 1332.80  3.24
 1333.50  3.24
 1334.20  3.24
 1334.90  3.24
 1335.60  3.24
 1336.30  3.24
 1337.00  3.24
 1337.70  3.24
 1338.40  3.24
 1339.10  3.24
 1339.80  3.24
 1340.50  3.24
 1341.20  3.24
 1341.90  3.24
 1342.60  3.24
 1343.30  3.24
 1344.00  3.24
 1344.70  3.24
 1345.40  3.24
 1346.10  3.24
 1346.80  3.24
 1347.50  3.24
 1348.20  3.24
 1348.90  3.24
 1349.60  3.24
 1350.30  3.24
 1351.00  3.24
 1351.70  3.24
 1352.40  3.24
 1353.10  3.24
 1353.80  3.24
 1354.50  3.25
 1355.20  3.25
 1355.90  3.25
 1356.60  3.25
 1357.30  3.25
 1358.00  3.25
 1358.70  3.25
 1359.40  3.25
 1360.10  3.25
 1360.80  3.25
 1361.50  3.25
 1362.20  3.25
 1362.90  3.25
 1363.60  3.25
 1364.30  3.25
 1365.00  3.25
 1365.70  3.25
 1366.40  3.25
 1367.10  3.25
 1367.80  3.25
 1368.50  3.25
 1369.20  3.25
 1369.90  3.25
 1370.60  3.25
 1371.30  3.25
 1372.00  3.25
 1372.70  3.25
 1373.40  3.25
 1374.10  3.25
 1374.80  3.25
 1375.50  3.25
 1376.20  3.25
 1376.90  3.25
 1377.60  3.25
 1378.30  3.25
 1379.00  3.25
 1379.70  3.25
 1380.40  3.25
 1381.10  3.25
 1381.80  3.25
 1382.50  3.25
 1383.20  3.25
 1383.90  3.25
 1384.60  3.25
 1385.30  3.25
 1386.00  3.25
 1386.70  3.25
 1387.40  3.25
 1388.10  3.25
 1388.80  3.25
 1389.50  3.25
 1390.20  3.25
 1390.90  3.25
 1391.60  3.25
 1392.30  3.25
 1393.00  3.25
 1393.70  3.25
 1394.40  3.25
 1395.10  3.25
 1395.80  3.25
 1396.50  3.25
 1397.20  3.25
 1397.90  3.25
 1398.60  3.25
 1399.30  3.25
 1400.00  3.25
 1400.70  3.25
 1401.40  3.25
 1402.10  3.25
 1402.80  3.25
 1403.50  3.25
 1404.20  3.25
 1404.90  3.25
 1405.60  3.25
 1406.30  3.25
 1407.00  3.25
 1407.70  3.25
 1408.40  3.25
 1409.10  3.25
 1409.80  3.25
 1410.50  3.25
 1411.20  3.25
 1411.90  3.25
 1412.60  3.25
 1413.30  3.25
 1414.00  3.25
 1414.70  3.25
 1415.40  3.25
 1416.10  3.25
 1416.80  3.25
 1417.50  3.25
 1418.20  3.25
 1418.90  3.25
 1419.60  3.25
 1420.30  3.25
 1421.00  3.25
 1421.70  3.25
 1422.40  3.25
 1423.10  3.25
 1423.80  3.25
 1424.50  3.25
 1425.20  3.25
 1425.90  3.25
 1426.60  3.25
 1427.30  3.25
 1428.00  3.25
 1428.70  3.25
 1429.40  3.25
 1430.10  3.25
 1430.80  3.25
 1431.50  3.25
 1432.20  3.25
 1432.90  3.25
 1433.60  3.25
 1434.30  3.25
 1435.00  3.25
 1435.70  3.25
 1436.40  3.25
 1437.10  3.25
 1437.80  3.25
 1438.50  3.25
 1439.20  3.25
 1439.90  3.25
 1440.60  3.25
 1441.30  3.25
 1442.00  3.25
 1442.70  3.25
 1443.40  3.25
 1444.10  3.25
 1444.80  3.25
 1445.50  3.25
 1446.20  3.26
 1446.90  3.26
 1447.60  3.26
 1448.30  3.26
 1449.00  3.26
 1449.70  3.26
 1450.40  3.26
 1451.10  3.26
 1451.80  3.26
 1452.50  3.26
 1453.20  3.26
 1453.90  3.26
 1454.60  3.26
 1455.30  3.26
 1456.00  3.26
 1456.70  3.26
 1457.40  3.26
 1458.10  3.26
 1458.80  3.26
 1459.50  3.26
 1460.20  3.26
 1460.90  3.26
 1461.60  3.26
 1462.30  3.26
 1463.00  3.26
 1463.70  3.26
 1464.40  3.26
 1465.10  3.26
 1465.80  3.26
 1466.50  3.26
 1467.20  3.26
 1467.90  3.26
 1468.60  3.26
 1469.30  3.26
 1470.00  3.26
 1470.70  3.26
 1471.40  3.26
 1472.10  3.26
 1472.80  3.26
 1473.50  3.26
 1474.20  3.26
 1474.90  3.26
 1475.60  3.26
 1476.30  3.26
 1477.00  3.26
 1477.70  3.26
 1478.40  3.26
 1479.10  3.26
 1479.80  3.26
 1480.50  3.26
 1481.20  3.26
 1481.90  3.26
 1482.60  3.26
 1483.30  3.26
 1484.00  3.26
 1484.70  3.26
 1485.40  3.26
 1486.10  3.26
 1486.80  3.26
 1487.50  3.26
 1488.20  3.26
 1488.90  3.26
 1489.60  3.26
 1490.30  3.26
 1491.00  3.26
 1491.70  3.26
 1492.40  3.26
 1493.10  3.26
 1493.80  3.26
 1494.50  3.26
 1495.20  3.26
 1495.90  3.26
 1496.60  3.26
 1497.30  3.26
 1498.00  3.26
 1498.70  3.26
 1499.40  3.26
 1500.10  3.26
 1500.80  3.26
 1501.50  3.26
 1502.20  3.26
 1502.90  3.26
 1503.60  3.26
 1504.30  3.26
 1505.00  3.26
 1505.70  3.26
 1506.40  3.26
 1507.10  3.26
 1507.80  3.26
 1508.50  3.26
 1509.20  3.26
 1509.90  3.26
 1510.60  3.26
 1511.30  3.26
 1512.00  3.26
 1512.70  3.26
 1513.40  3.26
 1514.10  3.26
 1514.80  3.26
 1515.50  3.26
 1516.20  3.26
 1516.90  3.26
 1517.60  3.26
 1518.30  3.26
 1519.00  3.26
 1519.70  3.26
 1520.40  3.26
 1521.10  3.26
 1521.80  3.26
 1522.50  3.26
 1523.20  3.26
 1523.90  3.26
 1524.60  3.26
 1525.30  3.26
 1526.00  3.26
 1526.70  3.26
 1527.40  3.26
 1528.10  3.26
 1528.80  3.26
 1529.50  3.26
 1530.20  3.26
 1530.90  3.26
 1531.60  3.26
 1532.30  3.26
 1533.00  3.26
 1533.70  3.26
 1534.40  3.26
 1535.10  3.26
 1535.80  3.26
 1536.50  3.26
 1537.20  3.26
 1537.90  3.26
 1538.60  3.26
 1539.30  3.26
 1540.00  3.26
 1540.70  3.26
 1541.40  3.26
 1542.10  3.26
 1542.80  3.26
 1543.50  3.26
 1544.20  3.26
 1544.90  3.26
 1545.60  3.26
 1546.30  3.26
 1547.00  3.26
 1547.70  3.26
 1548.40  3.26
 1549.10  3.26
 1549.80  3.26
 1550.50  3.26
 1551.20  3.26
 1551.90  3.26
 1552.60  3.26
 1553.30  3.26
 1554.00  3.26
 1554.70  3.26
 1555.40  3.26
 1556.10  3.26
 1556.80  3.26
 1557.50  3.26
 1558.20  3.26
 1558.90  3.26
 1559.60  3.26
 1560.30  3.26
 1561.00  3.26
 1561.70  3.26
 1562.40  3.26
 1563.10  3.26
 1563.80  3.26
 1564.50  3.26
 1565.20  3.26
 1565.90  3.26
 1566.60  3.26
 1567.30  3.26
 1568.00  3.26
 1568.70  3.26
 1569.40  3.26
 1570.10  3.26
 1570.80  3.26
 1571.50  3.26
 1572.20  3.26
 1572.90  3.26
 1573.60  3.26
 1574.30  3.26
 1575.00  3.26
 1575.70  3.26
 1576.40  3.26
 1577.10  3.26
 1577.80  3.26
 1578.50  3.26
 1579.20  3.26
 1579.90  3.26
 1580.60  3.26
 1581.30  3.26
 1582.00  3.26
 1582.70  3.26
 1583.40  3.26
 1584.10  3.26
 1584.80  3.26
 1585.50  3.26
 1586.20  3.26
 1586.90  3.26
 1587.60  3.26
 1588.30  3.26
 1589.00  3.26
 1589.70  3.26
 1590.40  3.26
 1591.10  3.26
 1591.80  3.26
 1592.50  3.26
 1593.20  3.26
 1593.90  3.26
 1594.60  3.26
 1595.30  3.26
 1596.00  3.27
 1596.70  3.27
 1597.40  3.27
 1598.10  3.27
 1598.80  3.27
 1599.50  3.27
 1600.20  3.27
 1600.90  3.27
 1601.60  3.27
 1602.30  3.27
 1603.00  3.27
 1603.70  3.27
 1604.40  3.27
 1605.10  3.27
 1605.80  3.27
 1606.50  3.27
 1607.20  3.27
 1607.90  3.27
 1608.60  3.27
 1609.30  3.27
 1610.00  3.27
 1610.70  3.27
 1611.40  3.27
 1612.10  3.27
 1612.80  3.27
 1613.50  3.27
 1614.20  3.27
 1614.90  3.27
 1615.60  3.27
 1616.30  3.27
 1617.00  3.27
 1617.70  3.27
 1618.40  3.27
 1619.10  3.27
 1619.80  3.27
 1620.50  3.27
 1621.20  3.27
 1621.90  3.27
 1622.60  3.27
 1623.30  3.27
 1624.00  3.27
 1624.70  3.27
 1625.40  3.27
 1626.10  3.27
 1626.80  3.27
 1627.50  3.27
 1628.20  3.27
 1628.90  3.27
 1629.60  3.27
 1630.30  3.27
 1631.00  3.27
 1631.70  3.27
 1632.40  3.27
 1633.10  3.27
 1633.80  3.27
 1634.50  3.27
 1635.20  3.27
 1635.90  3.27
 1636.60  3.27
 1637.30  3.27
 1638.00  3.27
 1638.70  3.27
 1639.40  3.27
 1640.10  3.27
 1640.80  3.27
 1641.50  3.27
 1642.20  3.27
 1642.90  3.27
 1643.60  3.27
 1644.30  3.27
 1645.00  3.27
 1645.70  3.27
 1646.40  3.27
 1647.10  3.27
 1647.80  3.27
 1648.50  3.27
 1649.20  3.27
 1649.90  3.27
 1650.60  3.27
 1651.30  3.27
 1652.00  3.27
 1652.70  3.27
 1653.40  3.27
 1654.10  3.27
 1654.80  3.27
 1655.50  3.27
 1656.20  3.27
 1656.90  3.27
 1657.60  3.27
 1658.30  3.27
 1659.00  3.27
 1659.70  3.27
 1660.40  3.27
 1661.10  3.27
 1661.80  3.27
 1662.50  3.27
 1663.20  3.27
 1663.90  3.27
 1664.60  3.27
 1665.30  3.27
 1666.00  3.27
 1666.70  3.27
 1667.40  3.27
 1668.10  3.27
 1668.80  3.27
 1669.50  3.27
 1670.20  3.27
 1670.90  3.27
 1671.60  3.27
 1672.30  3.27
 1673.00  3.27
 1673.70  3.27
 1674.40  3.27
 1675.10  3.27
 1675.80  3.27
 1676.50  3.27
 1677.20  3.27
 1677.90  3.27
 1678.60  3.27
 1679.30  3.27
 1680.00  3.27
 1680.70  3.27
 1681.40  3.27
 1682.10  3.27
 1682.80  3.27
 1683.50  3.27
 1684.20  3.27
 1684.90  3.27
 1685.60  3.27
 1686.30  3.27
 1687.00  3.27
 1687.70  3.27
 1688.40  3.27
 1689.10  3.27
 1689.80  3.27
 1690.50  3.27
 1691.20  3.27
 1691.90  3.27
 1692.60  3.27
 1693.30  3.27
 1694.00  3.27
 1694.70  3.27
 1695.40  3.27
 1696.10  3.27
 1696.80  3.27
 1697.50  3.27
 1698.20  3.27
 1698.90  3.27
 1699.60  3.27
 1700.30  3.27
 1701.00  3.27
 1701.70  3.27
 1702.40  3.27
 1703.10  3.27
 1703.80  3.27
 1704.50  3.27
 1705.20  3.27
 1705.90  3.27
 1706.60  3.27
 1707.30  3.27
 1708.00  3.27
 1708.70  3.27
 1709.40  3.27
 1710.10  3.27
 1710.80  3.27
 1711.50  3.27
 1712.20  3.27
 1712.90  3.27
 1713.60  3.27
 1714.30  3.27
 1715.00  3.27
 1715.70  3.27
 1716.40  3.27
 1717.10  3.27
 1717.80  3.27
 1718.50  3.27
 1719.20  3.27
 1719.90  3.27
 1720.60  3.27
 1721.30  3.27
 1722.00  3.27
 1722.70  3.27
 1723.40  3.27
 1724.10  3.27
 1724.80  3.27
 1725.50  3.27
 1726.20  3.27
 1726.90  3.27
 1727.60  3.27
 1728.30  3.27
 1729.00  3.27
 1729.70  3.27
 1730.40  3.27
 1731.10  3.27
 1731.80  3.27
 1732.50  3.27
 1733.20  3.27
 1733.90  3.27
 1734.60  3.27
 1735.30  3.27
 1736.00  3.27
 1736.70  3.27
 1737.40  3.27
 1738.10  3.27
 1738.80  3.27
 1739.50  3.27
 1740.20  3.27
 1740.90  3.27
 1741.60  3.27
 1742.30  3.27
 1743.00  3.27
 1743.70  3.27
 1744.40  3.27
 1745.10  3.27
 1745.80  3.27
 1746.50  3.27
 1747.20  3.27
 1747.90  3.27
 1748.60  3.27
 1749.30  3.27
 1750.00  3.27
 1750.70  3.27
 1751.40  3.27
 1752.10  3.27
 1752.80  3.27
 1753.50  3.27
 1754.20  3.27
 1754.90  3.27
 1755.60  3.27
 1756.30  3.27
 1757.00  3.27
 1757.70  3.27
 1758.40  3.27
 1759.10  3.27
 1759.80  3.27
 1760.50  3.27
 1761.20  3.27
 1761.90  3.27
 1762.60  3.27
 1763.30  3.27
 1764.00  3.27
 1764.70  3.27
 1765.40  3.27
 1766.10  3.27
 1766.80  3.27
 1767.50  3.27
 1768.20  3.27
 1768.90  3.27
 1769.60  3.27
 1770.30  3.27
 1771.00  3.27
 1771.70  3.27
 1772.40  3.27
 1773.10  3.27
 1773.80  3.27
 1774.50  3.27
 1775.20  3.27
 1775.90  3.27
 1776.60  3.27
 1777.30  3.27
 1778.00  3.27
 1778.70  3.27
 1779.40  3.27
 1780.10  3.27
 1780.80  3.27
 1781.50  3.27
 1782.20  3.27
 1782.90  3.27
 1783.60  3.27
 1784.30  3.27
 1785.00  3.27
 1785.70  3.27
 1786.40  3.27
 1787.10  3.27
 1787.80  3.27
 1788.50  3.27
 1789.20  3.27
 1789.90  3.27
 1790.60  3.27
 1791.30  3.27
 1792.00  3.27
 1792.70  3.27
 1793.40  3.27
 1794.10  3.27
 1794.80  3.27
 1795.50  3.27
 1796.20  3.27
 1796.90  3.27
 1797.60  3.27
 1798.30  3.27
 1799.00  3.27
 1799.70  3.27
 1800.40  3.27
 1801.10  3.27
 1801.80  3.27
 1802.50  3.27
 1803.20  3.27
 1803.90  3.27
 1804.60  3.27
 1805.30  3.27
 1806.00  3.27
 1806.70  3.27
 1807.40  3.27
 1808.10  3.27
 1808.80  3.27
 1809.50  3.27
 1810.20  3.27
 1810.90  3.27
 1811.60  3.27
 1812.30  3.27
 1813.00  3.27
 1813.70  3.27
 1814.40  3.27
 1815.10  3.27
 1815.80  3.27
 1816.50  3.27
 1817.20  3.27
 1817.90  3.27
 1818.60  3.27
 1819.30  3.27
 1820.00  3.27
 1820.70  3.27
 1821.40  3.27
 1822.10  3.27
 1822.80  3.27
 1823.50  3.27
 1824.20  3.27
 1824.90  3.27
 1825.60  3.27
 1826.30  3.27
 1827.00  3.27
 1827.70  3.27
 1828.40  3.27
 1829.10  3.27
 1829.80  3.27
 1830.50  3.27
 1831.20  3.27
 1831.90  3.27
 1832.60  3.27
 1833.30  3.27
 1834.00  3.27
 1834.70  3.27
 1835.40  3.27
 1836.10  3.27
 1836.80  3.27
 1837.50  3.27
 1838.20  3.27
 1838.90  3.27
 1839.60  3.27
 1840.30  3.27
 1841.00  3.27
 1841.70  3.27
 1842.40  3.27
 1843.10  3.27
 1843.80  3.27
 1844.50  3.27
 1845.20  3.27
 1845.90  3.27
 1846.60  3.27
 1847.30  3.27
 1848.00  3.27
 1848.70  3.27
 1849.40  3.27
 1850.10  3.27
 1850.80  3.27
 1851.50  3.27
 1852.20  3.27
 1852.90  3.27
 1853.60  3.27
 1854.30  3.27
 1855.00  3.27
 1855.70  3.27
 1856.40  3.27
 1857.10  3.27
 1857.80  3.27
 1858.50  3.27
 1859.20  3.27
 1859.90  3.27
 1860.60  3.27
 1861.30  3.27
 1862.00  3.27
 1862.70  3.27
 1863.40  3.27
 1864.10  3.27
 1864.80  3.27
 1865.50  3.27
 1866.20  3.27
 1866.90  3.27
 1867.60  3.27
 1868.30  3.27
 1869.00  3.27
 1869.70  3.27
 1870.40  3.27
 1871.10  3.27
 1871.80  3.27
 1872.50  3.27
 1873.20  3.27
 1873.90  3.27
 1874.60  3.27
 1875.30  3.27
 1876.00  3.27
 1876.70  3.27
 1877.40  3.27
 1878.10  3.27
 1878.80  3.27
 1879.50  3.27
 1880.20  3.27
 1880.90  3.27
 1881.60  3.27
 1882.30  3.27
 1883.00  3.27
 1883.70  3.27
 1884.40  3.27
 1885.10  3.27
 1885.80  3.27
 1886.50  3.27
 1887.20  3.27
 1887.90  3.27
 1888.60  3.27
 1889.30  3.27
 1890.00  3.27
 1890.70  3.27
 1891.40  3.27
 1892.10  3.27
 1892.80  3.27
 1893.50  3.27
 1894.20  3.27
 1894.90  3.27
 1895.60  3.27
 1896.30  3.27
 1897.00  3.27
 1897.70  3.27
 1898.40  3.27
 1899.10  3.27
 1899.80  3.27
 1900.50  3.27
 1901.20  3.27
 1901.90  3.27
 1902.60  3.27
 1903.30  3.27
 1904.00  3.27
 1904.70  3.27
 1905.40  3.27
 1906.10  3.27
 1906.80  3.27
 1907.50  3.27
 1908.20  3.27
 1908.90  3.27
 1909.60  3.27
 1910.30  3.27
 1911.00  3.27
 1911.70  3.27
 1912.40  3.27
 1913.10  3.27
 1913.80  3.27
 1914.50  3.27
 1915.20  3.27
 1915.90  3.27
 1916.60  3.27
 1917.30  3.27
 1918.00  3.27
 1918.70  3.27
 1919.40  3.27
 1920.10  3.27
 1920.80  3.27
 1921.50  3.27
 1922.20  3.27
 1922.90  3.27
 1923.60  3.27
 1924.30  3.27
 1925.00  3.27
 1925.70  3.27
 1926.40  3.27
 1927.10  3.27
 1927.80  3.27
 1928.50  3.27
 1929.20  3.27
 1929.90  3.27
 1930.60  3.27
 1931.30  3.27
 1932.00  3.27
 1932.70  3.27
 1933.40  3.27
 1934.10  3.27
 1934.80  3.27
 1935.50  3.27
 1936.20  3.27
 1936.90  3.27
 1937.60  3.27
 1938.30  3.27
 1939.00  3.27
 1939.70  3.27
 1940.40  3.27
 1941.10  3.27
 1941.80  3.27
 1942.50  3.27
 1943.20  3.27
 1943.90  3.27
 1944.60  3.27
 1945.30  3.27
 1946.00  3.27
 1946.70  3.27
 1947.40  3.27
 1948.10  3.27
 1948.80  3.27
 1949.50  3.27
 1950.20  3.27
 1950.90  3.27
 1951.60  3.27
 1952.30  3.27
 1953.00  3.27
 1953.70  3.27
 1954.40  3.27
 1955.10  3.27
 1955.80  3.27
 1956.50  3.27
 1957.20  3.27
 1957.90  3.27
 1958.60  3.27
 1959.30  3.27
 1960.00  3.27
 1960.70  3.27
 1961.40  3.27
 1962.10  3.27
 1962.80  3.27
 1963.50  3.27
 1964.20  3.27
 1964.90  3.27
 1965.60  3.27
 1966.30  3.27
 1967.00  3.27
 1967.70  3.27
 1968.40  3.27
 1969.10  3.27
 1969.80  3.27
 1970.50  3.27
 1971.20  3.27
 1971.90  3.27
 1972.60  3.27
 1973.30  3.27
 1974.00  3.27
 1974.70  3.27
 1975.40  3.27
 1976.10  3.27
 1976.80  3.27
 1977.50  3.27
 1978.20  3.27
 1978.90  3.27
 1979.60  3.27
 1980.30  3.27
 1981.00  3.27
 1981.70  3.27
 1982.40  3.27
 1983.10  3.27
 1983.80  3.27
 1984.50  3.27
 1985.20  3.27
 1985.90  3.27
 1986.60  3.27
 1987.30  3.27
 1988.00  3.27
 1988.70  3.27
 1989.40  3.27
 1990.10  3.27
 1990.80  3.27
 1991.50  3.27
 1992.20  3.27
 1992.90  3.27
 1993.60  3.27
 1994.30  3.27
 1995.00  3.27
 1995.70  3.27
 1996.40  3.27
 1997.10  3.27
 1997.80  3.27
 1998.50  3.27
 1999.20  3.27
 1999.90  3.27
 2000.60  3.27
 2001.30  3.27
 2002.00  3.27
 2002.70  3.27
 2003.40  3.27
 2004.10  3.27
 2004.80  3.27
 2005.50  3.27
 2006.20  3.27
 2006.90  3.27
 2007.60  3.27
 2008.30  3.27
 2009.00  3.27
 2009.70  3.27
 2010.40  3.27
 2011.10  3.27
 2011.80  3.27
 2012.50  3.27
 2013.20  3.27
 2013.90  3.27
 2014.60  3.27
 2015.30  3.27
 2016.00  3.27
 2016.70  3.27
 2017.40  3.27
 2018.10  3.27
 2018.80  3.27
 2019.50  3.27
 2020.20  3.27
 2020.90  3.27
 2021.60  3.27
 2022.30  3.27
 2023.00  3.27
 2023.70  3.27
 2024.40  3.27
 2025.10  3.27
 2025.80  3.27
 2026.50  3.27
 2027.20  3.27
 2027.90  3.27
 2028.60  3.27
 2029.30  3.27
 2030.00  3.27
 2030.70  3.27
 2031.40  3.27
 2032.10  3.27
 2032.80  3.27
 2033.50  3.27
 2034.20  3.27
 2034.90  3.27
 2035.60  3.27
 2036.30  3.27
 2037.00  3.27
 2037.70  3.27
 2038.40  3.27
 2039.10  3.27
 2039.80  3.27
 2040.50  3.27
 2041.20  3.27
 2041.90  3.27
 2042.60  3.27
 2043.30  3.27
 2044.00  3.27
 2044.70  3.27
 2045.40  3.27
 2046.10  3.27
 2046.80  3.27
 2047.50  3.27
 2048.20  3.27
 2048.90  3.27
 2049.60  3.27
 2050.30  3.27
 2051.00  3.27
 2051.70  3.27
 2052.40  3.27
 2053.10  3.27
 2053.80  3.27
 2054.50  3.27
 2055.20  3.27
 2055.90  3.27
 2056.60  3.27
 2057.30  3.27
 2058.00  3.27
 2058.70  3.27
 2059.40  3.27
 2060.10  3.27
 2060.80  3.27
 2061.50  3.27
 2062.20  3.27
 2062.90  3.27
 2063.60  3.27
 2064.30  3.27
 2065.00  3.27
 2065.70  3.27
 2066.40  3.27
 2067.10  3.27
 2067.80  3.27
 2068.50  3.27
 2069.20  3.27
 2069.90  3.27
 2070.60  3.27
 2071.30  3.27
 2072.00  3.27
 2072.70  3.27
 2073.40  3.27
 2074.10  3.27
 2074.80  3.27
 2075.50  3.27
 2076.20  3.27
 2076.90  3.27
 2077.60  3.27
 2078.30  3.27
 2079.00  3.27
 2079.70  3.27
 2080.40  3.27
 2081.10  3.27
 2081.80  3.27
 2082.50  3.27
 2083.20  3.27
 2083.90  3.27
 2084.60  3.27
 2085.30  3.27
 2086.00  3.27
 2086.70  3.27
 2087.40  3.27
 2088.10  3.27
 2088.80  3.27
 2089.50  3.27
 2090.20  3.27
 2090.90  3.27
 2091.60  3.27
 2092.30  3.27
 2093.00  3.27
 2093.70  3.27
 2094.40  3.27
 2095.10  3.27
 2095.80  3.27
 2096.50  3.27
 2097.20  3.27
 2097.90  3.27
 2098.60  3.28
 2099.30  3.28
 2100.00  3.28
 2100.70  3.28
 2101.40  3.28
 2102.10  3.28
 2102.80  3.28
 2103.50  3.28
 2104.20  3.28
 2104.90  3.28
 2105.60  3.28
 2106.30  3.28
 2107.00  3.28
 2107.70  3.28
 2108.40  3.28
 2109.10  3.28
 2109.80  3.28
 2110.50  3.28
 2111.20  3.28
 2111.90  3.28
 2112.60  3.28
 2113.30  3.28
 2114.00  3.28
 2114.70  3.28
 2115.40  3.28
 2116.10  3.28
 2116.80  3.28
 2117.50  3.28
 2118.20  3.28
 2118.90  3.28
 2119.60  3.28
 2120.30  3.28
 2121.00  3.28
 2121.70  3.28
 2122.40  3.28
 2123.10  3.28
 2123.80  3.28
 2124.50  3.28
 2125.20  3.28
 2125.90  3.28
 2126.60  3.28
 2127.30  3.28
 2128.00  3.28
 2128.70  3.28
 2129.40  3.28
 2130.10  3.28
 2130.80  3.28
 2131.50  3.28
 2132.20  3.28
 2132.90  3.28
 2133.60  3.28
 2134.30  3.28
 2135.00  3.28
 2135.70  3.28
 2136.40  3.28
 2137.10  3.28
 2137.80  3.28
 2138.50  3.28
 2139.20  3.28
 2139.90  3.28
 2140.60  3.28
 2141.30  3.28
 2142.00  3.28
 2142.70  3.28
 2143.40  3.28
 2144.10  3.28
 2144.80  3.28
 2145.50  3.28
 2146.20  3.28
 2146.90  3.28
 2147.60  3.28
 2148.30  3.28
 2149.00  3.28
 2149.70  3.28
 2150.40  3.28
 2151.10  3.28
 2151.80  3.28
 2152.50  3.28
 2153.20  3.28
 2153.90  3.28
 2154.60  3.28
 2155.30  3.28
 2156.00  3.28
 2156.70  3.28
 2157.40  3.28
 2158.10  3.28
 2158.80  3.28
 2159.50  3.28
 2160.20  3.28
 2160.90  3.28
 2161.60  3.28
 2162.30  3.28
 2163.00  3.28
 2163.70  3.28
 2164.40  3.28
 2165.10  3.28
 2165.80  3.28
 2166.50  3.28
 2167.20  3.28
 2167.90  3.28
 2168.60  3.28
 2169.30  3.28
 2170.00  3.28
 2170.70  3.28
 2171.40  3.28
 2172.10  3.28
 2172.80  3.28
 2173.50  3.28
 2174.20  3.28
 2174.90  3.28
 2175.60  3.28
 2176.30  3.28
 2177.00  3.28
 2177.70  3.28
 2178.40  3.28
 2179.10  3.28
 2179.80  3.28
 2180.50  3.28
 2181.20  3.28
 2181.90  3.28
 2182.60  3.28
 2183.30  3.28
 2184.00  3.28
 2184.70  3.28
 2185.40  3.28
 2186.10  3.28
 2186.80  3.28
 2187.50  3.28
 2188.20  3.28
 2188.90  3.28
 2189.60  3.28
 2190.30  3.28
 2191.00  3.28
 2191.70  3.28
 2192.40  3.28
 2193.10  3.28
 2193.80  3.28
 2194.50  3.28
 2195.20  3.28
 2195.90  3.28
 2196.60  3.28
 2197.30  3.28
 2198.00  3.28
 2198.70  3.28
 2199.40  3.28
 2200.10  3.28
 2200.80  3.28
 2201.50  3.28
 2202.20  3.28
 2202.90  3.28
 2203.60  3.28
 2204.30  3.28
 2205.00  3.28
 2205.70  3.28
 2206.40  3.28
 2207.10  3.28
 2207.80  3.28
 2208.50  3.28
 2209.20  3.28
 2209.90  3.28
 2210.60  3.28
 2211.30  3.28
 2212.00  3.28
 2212.70  3.28
 2213.40  3.28
 2214.10  3.28
 2214.80  3.28
 2215.50  3.28
 2216.20  3.28
 2216.90  3.28
 2217.60  3.28
 2218.30  3.28
 2219.00  3.28
 2219.70  3.28
 2220.40  3.28
 2221.10  3.28
 2221.80  3.28
 2222.50  3.28
 2223.20  3.28
 2223.90  3.28
 2224.60  3.28
 2225.30  3.28
 2226.00  3.28
 2226.70  3.28
 2227.40  3.28
 2228.10  3.28
 2228.80  3.28
 2229.50  3.28
 2230.20  3.28
 2230.90  3.28
 2231.60  3.28
 2232.30  3.28
 2233.00  3.28
 2233.70  3.28
 2234.40  3.28
 2235.10  3.28
 2235.80  3.28
 2236.50  3.28
 2237.20  3.28
 2237.90  3.28
 2238.60  3.28
 2239.30  3.28
 2240.00  3.28
 2240.70  3.28
 2241.40  3.28
 2242.10  3.28
 2242.80  3.28
 2243.50  3.28
 2244.20  3.28
 2244.90  3.28
 2245.60  3.28
 2246.30  3.28
 2247.00  3.28
 2247.70  3.28
 2248.40  3.28
 2249.10  3.28
 2249.80  3.28
 2250.50  3.28
 2251.20  3.28
 2251.90  3.28
 2252.60  3.28
 2253.30  3.28
 2254.00  3.28
 2254.70  3.28
 2255.40  3.28
 2256.10  3.28
 2256.80  3.28
 2257.50  3.28
 2258.20  3.28
 2258.90  3.28
 2259.60  3.28
 2260.30  3.28
 2261.00  3.28
 2261.70  3.28
 2262.40  3.28
 2263.10  3.28
 2263.80  3.28
 2264.50  3.28
 2265.20  3.28
 2265.90  3.28
 2266.60  3.28
 2267.30  3.28
 2268.00  3.28
 2268.70  3.28
 2269.40  3.28
 2270.10  3.28
 2270.80  3.28
 2271.50  3.28
 2272.20  3.28
 2272.90  3.28
 2273.60  3.28
 2274.30  3.28
 2275.00  3.28
 2275.70  3.28
 2276.40  3.28
 2277.10  3.28
 2277.80  3.28
 2278.50  3.28
 2279.20  3.28
 2279.90  3.28
 2280.60  3.28
 2281.30  3.28
 2282.00  3.28
 2282.70  3.28
 2283.40  3.28
 2284.10  3.28
 2284.80  3.28
 2285.50  3.28
 2286.20  3.28
 2286.90  3.28
 2287.60  3.28
 2288.30  3.28
 2289.00  3.28
 2289.70  3.28
 2290.40  3.28
 2291.10  3.28
 2291.80  3.28
 2292.50  3.28
 2293.20  3.28
 2293.90  3.28
 2294.60  3.28
 2295.30  3.28
 2296.00  3.28
 2296.70  3.28
 2297.40  3.28
 2298.10  3.28
 2298.80  3.28
 2299.50  3.28
 2300.20  3.28
 2300.90  3.28
 2301.60  3.28
 2302.30  3.28
 2303.00  3.28
 2303.70  3.28
 2304.40  3.28
 2305.10  3.28
 2305.80  3.28
 2306.50  3.28
 2307.20  3.28
 2307.90  3.28
 2308.60  3.28
 2309.30  3.28
 2310.00  3.28
 2310.70  3.28
 2311.40  3.28
 2312.10  3.28
 2312.80  3.28
 2313.50  3.28
 2314.20  3.28
 2314.90  3.28
 2315.60  3.28
 2316.30  3.28
 2317.00  3.28
 2317.70  3.28
 2318.40  3.28
 2319.10  3.28
 2319.80  3.28
 2320.50  3.28
 2321.20  3.28
 2321.90  3.28
 2322.60  3.28
 2323.30  3.28
 2324.00  3.28
 2324.70  3.28
 2325.40  3.28
 2326.10  3.28
 2326.80  3.28
 2327.50  3.28
 2328.20  3.28
 2328.90  3.28
 2329.60  3.28
 2330.30  3.28
 2331.00  3.28
 2331.70  3.28
 2332.40  3.28
 2333.10  3.28
 2333.80  3.28
 2334.50  3.28
 2335.20  3.28
 2335.90  3.28
 2336.60  3.28
 2337.30  3.28
 2338.00  3.28
 2338.70  3.28
 2339.40  3.28
 2340.10  3.28
 2340.80  3.28
 2341.50  3.28
 2342.20  3.28
 2342.90  3.28
 2343.60  3.28
 2344.30  3.28
 2345.00  3.28
 2345.70  3.28
 2346.40  3.28
 2347.10  3.28
 2347.80  3.28
 2348.50  3.28
 2349.20  3.28
 2349.90  3.28
 2350.60  3.28
 2351.30  3.28
 2352.00  3.28
 2352.70  3.28
 2353.40  3.28
 2354.10  3.28
 2354.80  3.28
 2355.50  3.28
 2356.20  3.28
 2356.90  3.28
 2357.60  3.28
 2358.30  3.28
 2359.00  3.28
 2359.70  3.28
 2360.40  3.28
 2361.10  3.28
 2361.80  3.28
 2362.50  3.28
 2363.20  3.28
 2363.90  3.28
 2364.60  3.28
 2365.30  3.28
 2366.00  3.28
 2366.70  3.28
 2367.40  3.28
 2368.10  3.28
 2368.80  3.28
 2369.50  3.28
 2370.20  3.28
 2370.90  3.28
 2371.60  3.28
 2372.30  3.28
 2373.00  3.28
 2373.70  3.28
 2374.40  3.28
 2375.10  3.28
 2375.80  3.28
 2376.50  3.28
 2377.20  3.28
 2377.90  3.28
 2378.60  3.28
 2379.30  3.28
 2380.00  3.28
 2380.70  3.28
 2381.40  3.28
 2382.10  3.28
 2382.80  3.28
 2383.50  3.28
 2384.20  3.28
 2384.90  3.28
 2385.60  3.28
 2386.30  3.28
 2387.00  3.28
 2387.70  3.28
 2388.40  3.28
 2389.10  3.28
 2389.80  3.28
 2390.50  3.28
 2391.20  3.28
 2391.90  3.28
 2392.60  3.28
 2393.30  3.28
 2394.00  3.28
 2394.70  3.28
 2395.40  3.28
 2396.10  3.28
 2396.80  3.28
 2397.50  3.28
 2398.20  3.28
 2398.90  3.28
 2399.60  3.28
 2400.30  3.28
 2401.00  3.28
 2401.70  3.28
 2402.40  3.28
 2403.10  3.28
 2403.80  3.28
 2404.50  3.28
 2405.20  3.28
 2405.90  3.28
 2406.60  3.28
 2407.30  3.28
 2408.00  3.28
 2408.70  3.28
 2409.40  3.28
 2410.10  3.28
 2410.80  3.28
 2411.50  3.28
 2412.20  3.28
 2412.90  3.28
 2413.60  3.28
 2414.30  3.28
 2415.00  3.28
 2415.70  3.28
 2416.40  3.28
 2417.10  3.28
 2417.80  3.28
 2418.50  3.28
 2419.20  3.28
 2419.90  3.28
 2420.60  3.28
 2421.30  3.28
 2422.00  3.28
 2422.70  3.28
 2423.40  3.28
 2424.10  3.28
 2424.80  3.28
 2425.50  3.28
 2426.20  3.28
 2426.90  3.28
 2427.60  3.28
 2428.30  3.28
 2429.00  3.28
 2429.70  3.28
 2430.40  3.28
 2431.10  3.28
 2431.80  3.28
 2432.50  3.28
 2433.20  3.28
 2433.90  3.28
 2434.60  3.28
 2435.30  3.28
 2436.00  3.28
 2436.70  3.28
 2437.40  3.28
 2438.10  3.28
 2438.80  3.28
 2439.50  3.28
 2440.20  3.28
 2440.90  3.28
 2441.60  3.28
 2442.30  3.28
 2443.00  3.28
 2443.70  3.28
 2444.40  3.28
 2445.10  3.28
 2445.80  3.28
 2446.50  3.28
 2447.20  3.28
 2447.90  3.28
 2448.60  3.28
 2449.30  3.28
 2450.00  3.28
 2450.70  3.28
 2451.40  3.28
 2452.10  3.28
 2452.80  3.28
 2453.50  3.28
 2454.20  3.28
 2454.90  3.28
 2455.60  3.28
 2456.30  3.28
 2457.00  3.28
 2457.70  3.28
 2458.40  3.28
 2459.10  3.28
 2459.80  3.28
 2460.50  3.28
 2461.20  3.28
 2461.90  3.28
 2462.60  3.28
 2463.30  3.28
 2464.00  3.28
 2464.70  3.28
 2465.40  3.28
 2466.10  3.28
 2466.80  3.28
 2467.50  3.28
 2468.20  3.28
 2468.90  3.28
 2469.60  3.28
 2470.30  3.28
 2471.00  3.28
 2471.70  3.28
 2472.40  3.28
 2473.10  3.28
 2473.80  3.28
 2474.50  3.28
 2475.20  3.28
 2475.90  3.28
 2476.60  3.28
 2477.30  3.28
 2478.00  3.28
 2478.70  3.28
 2479.40  3.28
 2480.10  3.28
 2480.80  3.28
 2481.50  3.28
 2482.20  3.28
 2482.90  3.28
 2483.60  3.28
 2484.30  3.28
 2485.00  3.28
 2485.70  3.28
 2486.40  3.28
 2487.10  3.28
 2487.80  3.28
 2488.50  3.28
 2489.20  3.28
 2489.90  3.28
 2490.60  3.28
 2491.30  3.28
 2492.00  3.28
 2492.70  3.28
 2493.40  3.28
 2494.10  3.28
 2494.80  3.28
 2495.50  3.28
 2496.20  3.28
 2496.90  3.28
 2497.60  3.28
 2498.30  3.28
 2499.00  3.28
 2499.70  3.28
 2500.40  3.28
 2501.10  3.28
 2501.80  3.28
 2502.50  3.28
 2503.20  3.28
 2503.90  3.28
 2504.60  3.28
 2505.30  3.28
 2506.00  3.28
 2506.70  3.28
 2507.40  3.28
 2508.10  3.28
 2508.80  3.28
 2509.50  3.28
 2510.20  3.28
 2510.90  3.28
 2511.60  3.28
 2512.30  3.28
 2513.00  3.28
 2513.70  3.28
 2514.40  3.28
 2515.10  3.28
 2515.80  3.28
 2516.50  3.28
 2517.20  3.28
 2517.90  3.28
 2518.60  3.28
 2519.30  3.28
 2520.00  3.28
 2520.70  3.28
 2521.40  3.28
 2522.10  3.28
 2522.80  3.28
 2523.50  3.28
 2524.20  3.28
 2524.90  3.28
 2525.60  3.28
 2526.30  3.28
 2527.00  3.28
 2527.70  3.28
 2528.40  3.28
 2529.10  3.28
 2529.80  3.28
 2530.50  3.28
 2531.20  3.28
 2531.90  3.28
 2532.60  3.28
 2533.30  3.28
 2534.00  3.28
 2534.70  3.28
 2535.40  3.28
 2536.10  3.28
 2536.80  3.28
 2537.50  3.28
 2538.20  3.28
 2538.90  3.28
 2539.60  3.28
 2540.30  3.28
 2541.00  3.28
 2541.70  3.28
 2542.40  3.28
 2543.10  3.28
 2543.80  3.28
 2544.50  3.28
 2545.20  3.28
 2545.90  3.28
 2546.60  3.28
 2547.30  3.28
 2548.00  3.28
 2548.70  3.28
 2549.40  3.28
 2550.10  3.28
 2550.80  3.28
 2551.50  3.28
 2552.20  3.28
 2552.90  3.28
 2553.60  3.28
 2554.30  3.28
 2555.00  3.28
 2555.70  3.28
 2556.40  3.28
 2557.10  3.28
 2557.80  3.28
 2558.50  3.28
 2559.20  3.28
 2559.90  3.28
 2560.60  3.28
 2561.30  3.28
 2562.00  3.28
 2562.70  3.28
 2563.40  3.28
 2564.10  3.28
 2564.80  3.28
 2565.50  3.28
 2566.20  3.28
 2566.90  3.28
 2567.60  3.28
 2568.30  3.28
 2569.00  3.28
 2569.70  3.28
 2570.40  3.28
 2571.10  3.28
 2571.80  3.28
 2572.50  3.28
 2573.20  3.28
 2573.90  3.28
 2574.60  3.28
 2575.30  3.28
 2576.00  3.28
 2576.70  3.28
 2577.40  3.28
 2578.10  3.28
 2578.80  3.28
 2579.50  3.28
 2580.20  3.28
 2580.90  3.28
 2581.60  3.28
 2582.30  3.28
 2583.00  3.28
 2583.70  3.28
 2584.40  3.28
 2585.10  3.28
 2585.80  3.28
 2586.50  3.28
 2587.20  3.28
 2587.90  3.28
 2588.60  3.28
 2589.30  3.28
 2590.00  3.28
 2590.70  3.28
 2591.40  3.28
 2592.10  3.28
 2592.80  3.28
 2593.50  3.28
 2594.20  3.28
 2594.90  3.28
 2595.60  3.28
 2596.30  3.28
 2597.00  3.28
 2597.70  3.28
 2598.40  3.28
 2599.10  3.28
 2599.80  3.28
 2600.50  3.28
 2601.20  3.28
 2601.90  3.28
 2602.60  3.28
 2603.30  3.28
 2604.00  3.28
 2604.70  3.28
 2605.40  3.28
 2606.10  3.28
 2606.80  3.28
 2607.50  3.28
 2608.20  3.28
 2608.90  3.28
 2609.60  3.28
 2610.30  3.28
 2611.00  3.28
 2611.70  3.28
 2612.40  3.28
 2613.10  3.28
 2613.80  3.28
 2614.50  3.28
 2615.20  3.28
 2615.90  3.28
 2616.60  3.28
 2617.30  3.28
 2618.00  3.28
 2618.70  3.28
 2619.40  3.28
 2620.10  3.28
 2620.80  3.28
 2621.50  3.28
 2622.20  3.28
 2622.90  3.28
 2623.60  3.28
 2624.30  3.28
 2625.00  3.28
 2625.70  3.28
 2626.40  3.28
 2627.10  3.28
 2627.80  3.28
 2628.50  3.28
 2629.20  3.28
 2629.90  3.28
 2630.60  3.28
 2631.30  3.28
 2632.00  3.28
 2632.70  3.28
 2633.40  3.28
 2634.10  3.28
 2634.80  3.28
 2635.50  3.28
 2636.20  3.28
 2636.90  3.28
 2637.60  3.28
 2638.30  3.28
 2639.00  3.28
 2639.70  3.28
 2640.40  3.28
 2641.10  3.28
 2641.80  3.28
 2642.50  3.28
 2643.20  3.28
 2643.90  3.28
 2644.60  3.28
 2645.30  3.28
 2646.00  3.28
 2646.70  3.28
 2647.40  3.28
 2648.10  3.28
 2648.80  3.28
 2649.50  3.28
 2650.20  3.28
 2650.90  3.28
 2651.60  3.28
 2652.30  3.28
 2653.00  3.28
 2653.70  3.28
 2654.40  3.28
 2655.10  3.28
 2655.80  3.28
 2656.50  3.28
 2657.20  3.28
 2657.90  3.28
 2658.60  3.28
 2659.30  3.28
 2660.00  3.28
 2660.70  3.28
 2661.40  3.28
 2662.10  3.28
 2662.80  3.28
 2663.50  3.28
 2664.20  3.28
 2664.90  3.28
 2665.60  3.28
 2666.30  3.28
 2667.00  3.28
 2667.70  3.28
 2668.40  3.28
 2669.10  3.28
 2669.80  3.28
 2670.50  3.28
 2671.20  3.28
 2671.90  3.28
 2672.60  3.28
 2673.30  3.28
 2674.00  3.28
 2674.70  3.28
 2675.40  3.28
 2676.10  3.28
 2676.80  3.28
 2677.50  3.28
 2678.20  3.28
 2678.90  3.28
 2679.60  3.28
 2680.30  3.28
 2681.00  3.28
 2681.70  3.28
 2682.40  3.28
 2683.10  3.28
 2683.80  3.28
 2684.50  3.28
 2685.20  3.28
 2685.90  3.28
 2686.60  3.28
 2687.30  3.28
 2688.00  3.28
 2688.70  3.28
 2689.40  3.28
 2690.10  3.28
 2690.80  3.28
 2691.50  3.28
 2692.20  3.28
 2692.90  3.28
 2693.60  3.28
 2694.30  3.28
 2695.00  3.28
 2695.70  3.28
 2696.40  3.28
 2697.10  3.28
 2697.80  3.28
 2698.50  3.28
 2699.20  3.28
 2699.90  3.28
 2700.60  3.28
 2701.30  3.28
 2702.00  3.28
 2702.70  3.28
 2703.40  3.28
 2704.10  3.28
 2704.80  3.28
 2705.50  3.28
 2706.20  3.28
 2706.90  3.28
 2707.60  3.28
 2708.30  3.28
 2709.00  3.28
 2709.70  3.28
 2710.40  3.28
 2711.10  3.28
 2711.80  3.28
 2712.50  3.28
 2713.20  3.28
 2713.90  3.28
 2714.60  3.28
 2715.30  3.28
 2716.00  3.28
 2716.70  3.28
 2717.40  3.28
 2718.10  3.28
 2718.80  3.28
 2719.50  3.28
 2720.20  3.28
 2720.90  3.28
 2721.60  3.28
 2722.30  3.28
 2723.00  3.28
 2723.70  3.28
 2724.40  3.28
 2725.10  3.28
 2725.80  3.28
 2726.50  3.28
 2727.20  3.28
 2727.90  3.28
 2728.60  3.28
 2729.30  3.28
 2730.00  3.28
 2730.70  3.28
 2731.40  3.28
 2732.10  3.28
 2732.80  3.28
 2733.50  3.28
 2734.20  3.28
 2734.90  3.28
 2735.60  3.28
 2736.30  3.28
 2737.00  3.28
 2737.70  3.28
 2738.40  3.28
 2739.10  3.28
 2739.80  3.28
 2740.50  3.28
 2741.20  3.28
 2741.90  3.28
 2742.60  3.28
 2743.30  3.28
 2744.00  3.28
 2744.70  3.28
 2745.40  3.28
 2746.10  3.28
 2746.80  3.28
 2747.50  3.28
 2748.20  3.28
 2748.90  3.28
 2749.60  3.28
 2750.30  3.28
 2751.00  3.28
 2751.70  3.28
 2752.40  3.28
 2753.10  3.28
 2753.80  3.28
 2754.50  3.28
 2755.20  3.28
 2755.90  3.28
 2756.60  3.28
 2757.30  3.28
 2758.00  3.28
 2758.70  3.28
 2759.40  3.28
 2760.10  3.28
 2760.80  3.28
 2761.50  3.28
 2762.20  3.28
 2762.90  3.28
 2763.60  3.28
 2764.30  3.28
 2765.00  3.28
 2765.70  3.28
 2766.40  3.28
 2767.10  3.28
 2767.80  3.28
 2768.50  3.28
 2769.20  3.28
 2769.90  3.28
 2770.60  3.28
 2771.30  3.28
 2772.00  3.28
 2772.70  3.28
 2773.40  3.28
 2774.10  3.28
 2774.80  3.28
 2775.50  3.28
 2776.20  3.28
 2776.90  3.28
 2777.60  3.28
 2778.30  3.28
 2779.00  3.28
 2779.70  3.28
 2780.40  3.28
 2781.10  3.28
 2781.80  3.28
 2782.50  3.28
 2783.20  3.28
 2783.90  3.28
 2784.60  3.28
 2785.30  3.28
 2786.00  3.28
 2786.70  3.28
 2787.40  3.28
 2788.10  3.28
 2788.80  3.28
 2789.50  3.28
 2790.20  3.28
 2790.90  3.28
 2791.60  3.28
 2792.30  3.28
 2793.00  3.28
 2793.70  3.28
 2794.40  3.28
 2795.10  3.28
 2795.80  3.28
 2796.50  3.28
 2797.20  3.28
 2797.90  3.28
 2798.60  3.28
 2799.30  3.28
 2800.00  3.28
 2800.70  3.28
 2801.40  3.28
 2802.10  3.28
 2802.80  3.28
 2803.50  3.28
 2804.20  3.28
 2804.90  3.28
 2805.60  3.28
 2806.30  3.28
 2807.00  3.28
 2807.70  3.28
 2808.40  3.28
 2809.10  3.28
 2809.80  3.28
 2810.50  3.28
 2811.20  3.28
 2811.90  3.28
 2812.60  3.28
 2813.30  3.28
 2814.00  3.28
 2814.70  3.28
 2815.40  3.28
 2816.10  3.28
 2816.80  3.28
 2817.50  3.28
 2818.20  3.28
 2818.90  3.28
 2819.60  3.28
 2820.30  3.28
 2821.00  3.28
 2821.70  3.28
 2822.40  3.28
 2823.10  3.28
 2823.80  3.28
 2824.50  3.28
 2825.20  3.28
 2825.90  3.28
 2826.60  3.28
 2827.30  3.28
 2828.00  3.28
 2828.70  3.28
 2829.40  3.28
 2830.10  3.28
 2830.80  3.28
 2831.50  3.28
 2832.20  3.28
 2832.90  3.28
 2833.60  3.28
 2834.30  3.28
 2835.00  3.28
 2835.70  3.28
 2836.40  3.28
 2837.10  3.28
 2837.80  3.28
 2838.50  3.28
 2839.20  3.28
 2839.90  3.28
 2840.60  3.28
 2841.30  3.28
 2842.00  3.28
 2842.70  3.28
 2843.40  3.28
 2844.10  3.28
 2844.80  3.28
 2845.50  3.28
 2846.20  3.28
 2846.90  3.28
 2847.60  3.28
 2848.30  3.28
 2849.00  3.28
 2849.70  3.28
 2850.40  3.28
 2851.10  3.28
 2851.80  3.28
 2852.50  3.28
 2853.20  3.28
 2853.90  3.28
 2854.60  3.28
 2855.30  3.28
 2856.00  3.28
 2856.70  3.28
 2857.40  3.28
 2858.10  3.28
 2858.80  3.28
 2859.50  3.28
 2860.20  3.28
 2860.90  3.28
 2861.60  3.28
 2862.30  3.28
 2863.00  3.28
 2863.70  3.28
 2864.40  3.28
 2865.10  3.28
 2865.80  3.28
 2866.50  3.28
 2867.20  3.28
 2867.90  3.28
 2868.60  3.28
 2869.30  3.28
 2870.00  3.28
 2870.70  3.28
 2871.40  3.28
 2872.10  3.28
 2872.80  3.28
 2873.50  3.28
 2874.20  3.28
 2874.90  3.28
 2875.60  3.28
 2876.30  3.28
 2877.00  3.28
 2877.70  3.28
 2878.40  3.28
 2879.10  3.28
 2879.80  3.28
 2880.50  3.28
 2881.20  3.28
 2881.90  3.28
 2882.60  3.28
 2883.30  3.28
 2884.00  3.28
 2884.70  3.28
 2885.40  3.28
 2886.10  3.28
 2886.80  3.28
 2887.50  3.28
 2888.20  3.28
 2888.90  3.28
 2889.60  3.28
 2890.30  3.28
 2891.00  3.28
 2891.70  3.28
 2892.40  3.28
 2893.10  3.28
 2893.80  3.28
 2894.50  3.28
 2895.20  3.28
 2895.90  3.28
 2896.60  3.28
 2897.30  3.28
 2898.00  3.28
 2898.70  3.28
 2899.40  3.28
 2900.10  3.28
 2900.80  3.28
 2901.50  3.28
 2902.20  3.28
 2902.90  3.28
 2903.60  3.28
 2904.30  3.28
 2905.00  3.28
 2905.70  3.28
 2906.40  3.28
 2907.10  3.28
 2907.80  3.28
 2908.50  3.28
 2909.20  3.28
 2909.90  3.28
 2910.60  3.28
 2911.30  3.28
 2912.00  3.28
 2912.70  3.28
 2913.40  3.28
 2914.10  3.28
 2914.80  3.28
 2915.50  3.28
 2916.20  3.28
 2916.90  3.28
 2917.60  3.28
 2918.30  3.28
 2919.00  3.28
 2919.70  3.28
 2920.40  3.28
 2921.10  3.28
 2921.80  3.28
 2922.50  3.28
 2923.20  3.28
 2923.90  3.28
 2924.60  3.28
 2925.30  3.28
 2926.00  3.28
 2926.70  3.28
 2927.40  3.28
 2928.10  3.28
 2928.80  3.28
 2929.50  3.28
 2930.20  3.28
 2930.90  3.28
 2931.60  3.28
 2932.30  3.28
 2933.00  3.28
 2933.70  3.28
 2934.40  3.28
 2935.10  3.28
 2935.80  3.28
 2936.50  3.28
 2937.20  3.28
 2937.90  3.28
 2938.60  3.28
 2939.30  3.28
 2940.00  3.28
 2940.70  3.28
 2941.40  3.28
 2942.10  3.28
 2942.80  3.28
 2943.50  3.28
 2944.20  3.28
 2944.90  3.28
 2945.60  3.28
 2946.30  3.28
 2947.00  3.28
 2947.70  3.28
 2948.40  3.28
 2949.10  3.28
 2949.80  3.28
 2950.50  3.28
 2951.20  3.28
 2951.90  3.28
 2952.60  3.28
 2953.30  3.28
 2954.00  3.28
 2954.70  3.28
 2955.40  3.28
 2956.10  3.28
 2956.80  3.28
 2957.50  3.28
 2958.20  3.28
 2958.90  3.28
 2959.60  3.28
 2960.30  3.28
 2961.00  3.28
 2961.70  3.28
 2962.40  3.28
 2963.10  3.28
 2963.80  3.28
 2964.50  3.28
 2965.20  3.28
 2965.90  3.28
 2966.60  3.28
 2967.30  3.28
 2968.00  3.28
 2968.70  3.28
 2969.40  3.28
 2970.10  3.28
 2970.80  3.28
 2971.50  3.28
 2972.20  3.28
 2972.90  3.28
 2973.60  3.28
 2974.30  3.28
 2975.00  3.28
 2975.70  3.28
 2976.40  3.28
 2977.10  3.28
 2977.80  3.28
 2978.50  3.28
 2979.20  3.28
 2979.90  3.28
 2980.60  3.28
 2981.30  3.28
 2982.00  3.28
 2982.70  3.28
 2983.40  3.28
 2984.10  3.28
 2984.80  3.28
 2985.50  3.28
 2986.20  3.28
 2986.90  3.28
 2987.60  3.28
 2988.30  3.28
 2989.00  3.28
 2989.70  3.28
 2990.40  3.28
 2991.10  3.28
 2991.80  3.28
 2992.50  3.28
 2993.20  3.28
 2993.90  3.28
 2994.60  3.28
 2995.30  3.28
 2996.00  3.28
 2996.70  3.28
 2997.40  3.28
 2998.10  3.28
 2998.80  3.28
 2999.50  3.28
