#Navio B MarAd
#Manobra de Curva Giro
#
#Rotações do propulsor
#
#temp      rot
 0.00  0.62
 0.70  0.62
 1.40  0.62
 2.10  0.62
 2.80  0.62
 3.50  0.62
 4.20  0.62
 4.90  0.62
 5.60  0.62
 6.30  0.62
 7.00  0.62
 7.70  0.62
 8.40  0.62
 9.10  0.62
 9.80  0.62
 10.50  0.62
 11.20  0.62
 11.90  0.62
 12.60  0.62
 13.30  0.62
 14.00  0.62
 14.70  0.62
 15.40  0.62
 16.10  0.62
 16.80  0.62
 17.50  0.62
 18.20  0.62
 18.90  0.62
 19.60  0.62
 20.30  0.62
 21.00  0.62
 21.70  0.62
 22.40  0.62
 23.10  0.62
 23.80  0.62
 24.50  0.62
 25.20  0.62
 25.90  0.62
 26.60  0.62
 27.30  0.62
 28.00  0.62
 28.70  0.62
 29.40  0.62
 30.10  0.62
 30.80  0.62
 31.50  0.62
 32.20  0.62
 32.90  0.62
 33.60  0.62
 34.30  0.62
 35.00  0.62
 35.70  0.62
 36.40  0.62
 37.10  0.62
 37.80  0.62
 38.50  0.62
 39.20  0.62
 39.90  0.62
 40.60  0.62
 41.30  0.62
 42.00  0.62
 42.70  0.62
 43.40  0.62
 44.10  0.62
 44.80  0.62
 45.50  0.62
 46.20  0.62
 46.90  0.62
 47.60  0.62
 48.30  0.62
 49.00  0.62
 49.70  0.62
 50.40  0.62
 51.10  0.62
 51.80  0.62
 52.50  0.62
 53.20  0.62
 53.90  0.62
 54.60  0.62
 55.30  0.62
 56.00  0.62
 56.70  0.62
 57.40  0.62
 58.10  0.62
 58.80  0.62
 59.50  0.62
 60.20  0.62
 60.90  0.62
 61.60  0.62
 62.30  0.62
 63.00  0.62
 63.70  0.62
 64.40  0.62
 65.10  0.62
 65.80  0.62
 66.50  0.62
 67.20  0.62
 67.90  0.62
 68.60  0.62
 69.30  0.62
 70.00  0.62
 70.70  0.62
 71.40  0.62
 72.10  0.62
 72.80  0.62
 73.50  0.62
 74.20  0.62
 74.90  0.62
 75.60  0.62
 76.30  0.62
 77.00  0.62
 77.70  0.62
 78.40  0.62
 79.10  0.62
 79.80  0.62
 80.50  0.62
 81.20  0.62
 81.90  0.62
 82.60  0.62
 83.30  0.62
 84.00  0.62
 84.70  0.62
 85.40  0.62
 86.10  0.62
 86.80  0.62
 87.50  0.62
 88.20  0.62
 88.90  0.62
 89.60  0.62
 90.30  0.62
 91.00  0.62
 91.70  0.62
 92.40  0.62
 93.10  0.62
 93.80  0.62
 94.50  0.62
 95.20  0.62
 95.90  0.62
 96.60  0.62
 97.30  0.62
 98.00  0.62
 98.70  0.62
 99.40  0.62
 100.10  0.62
 100.80  0.62
 101.50  0.62
 102.20  0.62
 102.90  0.62
 103.60  0.62
 104.30  0.62
 105.00  0.62
 105.70  0.62
 106.40  0.62
 107.10  0.62
 107.80  0.62
 108.50  0.62
 109.20  0.62
 109.90  0.62
 110.60  0.62
 111.30  0.62
 112.00  0.62
 112.70  0.62
 113.40  0.62
 114.10  0.62
 114.80  0.62
 115.50  0.62
 116.20  0.62
 116.90  0.62
 117.60  0.62
 118.30  0.62
 119.00  0.62
 119.70  0.62
 120.40  0.62
 121.10  0.62
 121.80  0.62
 122.50  0.62
 123.20  0.62
 123.90  0.62
 124.60  0.62
 125.30  0.62
 126.00  0.62
 126.70  0.62
 127.40  0.62
 128.10  0.62
 128.80  0.62
 129.50  0.62
 130.20  0.62
 130.90  0.62
 131.60  0.62
 132.30  0.62
 133.00  0.62
 133.70  0.62
 134.40  0.62
 135.10  0.62
 135.80  0.62
 136.50  0.62
 137.20  0.62
 137.90  0.62
 138.60  0.62
 139.30  0.62
 140.00  0.62
 140.70  0.62
 141.40  0.62
 142.10  0.62
 142.80  0.62
 143.50  0.62
 144.20  0.62
 144.90  0.62
 145.60  0.62
 146.30  0.62
 147.00  0.62
 147.70  0.62
 148.40  0.62
 149.10  0.62
 149.80  0.62
 150.50  0.62
 151.20  0.62
 151.90  0.62
 152.60  0.62
 153.30  0.62
 154.00  0.62
 154.70  0.62
 155.40  0.62
 156.10  0.62
 156.80  0.62
 157.50  0.62
 158.20  0.62
 158.90  0.62
 159.60  0.62
 160.30  0.62
 161.00  0.62
 161.70  0.62
 162.40  0.62
 163.10  0.62
 163.80  0.62
 164.50  0.62
 165.20  0.62
 165.90  0.62
 166.60  0.62
 167.30  0.62
 168.00  0.62
 168.70  0.62
 169.40  0.62
 170.10  0.62
 170.80  0.62
 171.50  0.62
 172.20  0.62
 172.90  0.62
 173.60  0.62
 174.30  0.62
 175.00  0.62
 175.70  0.62
 176.40  0.62
 177.10  0.62
 177.80  0.62
 178.50  0.62
 179.20  0.62
 179.90  0.62
 180.60  0.62
 181.30  0.62
 182.00  0.62
 182.70  0.62
 183.40  0.62
 184.10  0.62
 184.80  0.62
 185.50  0.62
 186.20  0.62
 186.90  0.62
 187.60  0.62
 188.30  0.62
 189.00  0.62
 189.70  0.62
 190.40  0.62
 191.10  0.62
 191.80  0.62
 192.50  0.62
 193.20  0.62
 193.90  0.62
 194.60  0.62
 195.30  0.62
 196.00  0.62
 196.70  0.62
 197.40  0.62
 198.10  0.62
 198.80  0.62
 199.50  0.62
 200.20  0.62
 200.90  0.62
 201.60  0.62
 202.30  0.62
 203.00  0.62
 203.70  0.62
 204.40  0.62
 205.10  0.62
 205.80  0.62
 206.50  0.62
 207.20  0.62
 207.90  0.62
 208.60  0.62
 209.30  0.62
 210.00  0.62
 210.70  0.62
 211.40  0.62
 212.10  0.62
 212.80  0.62
 213.50  0.62
 214.20  0.62
 214.90  0.62
 215.60  0.62
 216.30  0.62
 217.00  0.62
 217.70  0.62
 218.40  0.62
 219.10  0.62
 219.80  0.62
 220.50  0.62
 221.20  0.62
 221.90  0.62
 222.60  0.62
 223.30  0.62
 224.00  0.62
 224.70  0.62
 225.40  0.62
 226.10  0.62
 226.80  0.62
 227.50  0.62
 228.20  0.62
 228.90  0.62
 229.60  0.62
 230.30  0.62
 231.00  0.62
 231.70  0.62
 232.40  0.62
 233.10  0.62
 233.80  0.62
 234.50  0.62
 235.20  0.62
 235.90  0.62
 236.60  0.62
 237.30  0.62
 238.00  0.62
 238.70  0.62
 239.40  0.62
 240.10  0.62
 240.80  0.62
 241.50  0.62
 242.20  0.62
 242.90  0.62
 243.60  0.62
 244.30  0.62
 245.00  0.62
 245.70  0.62
 246.40  0.62
 247.10  0.62
 247.80  0.62
 248.50  0.62
 249.20  0.62
 249.90  0.62
 250.60  0.62
 251.30  0.62
 252.00  0.62
 252.70  0.62
 253.40  0.62
 254.10  0.62
 254.80  0.62
 255.50  0.62
 256.20  0.62
 256.90  0.62
 257.60  0.62
 258.30  0.62
 259.00  0.62
 259.70  0.62
 260.40  0.62
 261.10  0.62
 261.80  0.62
 262.50  0.62
 263.20  0.62
 263.90  0.62
 264.60  0.62
 265.30  0.62
 266.00  0.62
 266.70  0.62
 267.40  0.62
 268.10  0.62
 268.80  0.62
 269.50  0.62
 270.20  0.62
 270.90  0.62
 271.60  0.62
 272.30  0.62
 273.00  0.62
 273.70  0.62
 274.40  0.62
 275.10  0.62
 275.80  0.62
 276.50  0.62
 277.20  0.62
 277.90  0.62
 278.60  0.62
 279.30  0.62
 280.00  0.62
 280.70  0.62
 281.40  0.62
 282.10  0.62
 282.80  0.62
 283.50  0.62
 284.20  0.62
 284.90  0.62
 285.60  0.62
 286.30  0.62
 287.00  0.62
 287.70  0.62
 288.40  0.62
 289.10  0.62
 289.80  0.62
 290.50  0.62
 291.20  0.62
 291.90  0.62
 292.60  0.62
 293.30  0.62
 294.00  0.62
 294.70  0.62
 295.40  0.62
 296.10  0.62
 296.80  0.62
 297.50  0.62
 298.20  0.62
 298.90  0.62
 299.60  0.62
 300.30  0.62
 301.00  0.62
 301.70  0.62
 302.40  0.62
 303.10  0.62
 303.80  0.62
 304.50  0.62
 305.20  0.62
 305.90  0.62
 306.60  0.62
 307.30  0.62
 308.00  0.62
 308.70  0.62
 309.40  0.62
 310.10  0.62
 310.80  0.62
 311.50  0.62
 312.20  0.62
 312.90  0.62
 313.60  0.62
 314.30  0.62
 315.00  0.62
 315.70  0.62
 316.40  0.62
 317.10  0.62
 317.80  0.62
 318.50  0.62
 319.20  0.62
 319.90  0.62
 320.60  0.62
 321.30  0.62
 322.00  0.62
 322.70  0.62
 323.40  0.62
 324.10  0.62
 324.80  0.62
 325.50  0.62
 326.20  0.62
 326.90  0.62
 327.60  0.62
 328.30  0.62
 329.00  0.62
 329.70  0.62
 330.40  0.62
 331.10  0.62
 331.80  0.62
 332.50  0.62
 333.20  0.62
 333.90  0.62
 334.60  0.62
 335.30  0.62
 336.00  0.62
 336.70  0.62
 337.40  0.62
 338.10  0.62
 338.80  0.62
 339.50  0.62
 340.20  0.62
 340.90  0.62
 341.60  0.62
 342.30  0.62
 343.00  0.62
 343.70  0.62
 344.40  0.62
 345.10  0.62
 345.80  0.62
 346.50  0.62
 347.20  0.62
 347.90  0.62
 348.60  0.62
 349.30  0.62
 350.00  0.62
 350.70  0.62
 351.40  0.62
 352.10  0.62
 352.80  0.62
 353.50  0.62
 354.20  0.62
 354.90  0.62
 355.60  0.62
 356.30  0.62
 357.00  0.62
 357.70  0.62
 358.40  0.62
 359.10  0.62
 359.80  0.62
 360.50  0.62
 361.20  0.62
 361.90  0.62
 362.60  0.62
 363.30  0.62
 364.00  0.62
 364.70  0.62
 365.40  0.62
 366.10  0.62
 366.80  0.62
 367.50  0.62
 368.20  0.62
 368.90  0.62
 369.60  0.62
 370.30  0.62
 371.00  0.62
 371.70  0.62
 372.40  0.62
 373.10  0.62
 373.80  0.62
 374.50  0.62
 375.20  0.62
 375.90  0.62
 376.60  0.62
 377.30  0.62
 378.00  0.62
 378.70  0.62
 379.40  0.62
 380.10  0.62
 380.80  0.62
 381.50  0.62
 382.20  0.62
 382.90  0.62
 383.60  0.62
 384.30  0.62
 385.00  0.62
 385.70  0.62
 386.40  0.62
 387.10  0.62
 387.80  0.62
 388.50  0.62
 389.20  0.62
 389.90  0.62
 390.60  0.62
 391.30  0.62
 392.00  0.62
 392.70  0.62
 393.40  0.62
 394.10  0.62
 394.80  0.62
 395.50  0.62
 396.20  0.62
 396.90  0.62
 397.60  0.62
 398.30  0.62
 399.00  0.62
 399.70  0.62
 400.40  0.62
 401.10  0.62
 401.80  0.62
 402.50  0.62
 403.20  0.62
 403.90  0.62
 404.60  0.62
 405.30  0.62
 406.00  0.62
 406.70  0.62
 407.40  0.62
 408.10  0.62
 408.80  0.62
 409.50  0.62
 410.20  0.62
 410.90  0.62
 411.60  0.62
 412.30  0.62
 413.00  0.62
 413.70  0.62
 414.40  0.62
 415.10  0.62
 415.80  0.62
 416.50  0.62
 417.20  0.62
 417.90  0.62
 418.60  0.62
 419.30  0.62
 420.00  0.62
 420.70  0.62
 421.40  0.62
 422.10  0.62
 422.80  0.62
 423.50  0.62
 424.20  0.62
 424.90  0.62
 425.60  0.62
 426.30  0.62
 427.00  0.62
 427.70  0.62
 428.40  0.62
 429.10  0.62
 429.80  0.62
 430.50  0.62
 431.20  0.62
 431.90  0.62
 432.60  0.62
 433.30  0.62
 434.00  0.62
 434.70  0.62
 435.40  0.62
 436.10  0.62
 436.80  0.62
 437.50  0.62
 438.20  0.62
 438.90  0.62
 439.60  0.62
 440.30  0.62
 441.00  0.62
 441.70  0.62
 442.40  0.62
 443.10  0.62
 443.80  0.62
 444.50  0.62
 445.20  0.62
 445.90  0.62
 446.60  0.62
 447.30  0.62
 448.00  0.62
 448.70  0.62
 449.40  0.62
 450.10  0.62
 450.80  0.62
 451.50  0.62
 452.20  0.62
 452.90  0.62
 453.60  0.62
 454.30  0.62
 455.00  0.62
 455.70  0.62
 456.40  0.62
 457.10  0.62
 457.80  0.62
 458.50  0.62
 459.20  0.62
 459.90  0.62
 460.60  0.62
 461.30  0.62
 462.00  0.62
 462.70  0.62
 463.40  0.62
 464.10  0.62
 464.80  0.62
 465.50  0.62
 466.20  0.62
 466.90  0.62
 467.60  0.62
 468.30  0.62
 469.00  0.62
 469.70  0.62
 470.40  0.62
 471.10  0.62
 471.80  0.62
 472.50  0.62
 473.20  0.62
 473.90  0.62
 474.60  0.62
 475.30  0.62
 476.00  0.62
 476.70  0.62
 477.40  0.62
 478.10  0.62
 478.80  0.62
 479.50  0.62
 480.20  0.62
 480.90  0.62
 481.60  0.62
 482.30  0.62
 483.00  0.62
 483.70  0.62
 484.40  0.62
 485.10  0.62
 485.80  0.62
 486.50  0.62
 487.20  0.62
 487.90  0.62
 488.60  0.62
 489.30  0.62
 490.00  0.62
 490.70  0.62
 491.40  0.62
 492.10  0.62
 492.80  0.62
 493.50  0.62
 494.20  0.62
 494.90  0.62
 495.60  0.62
 496.30  0.62
 497.00  0.62
 497.70  0.62
 498.40  0.62
 499.10  0.62
 499.80  0.62
 500.50  0.62
 501.20  0.62
 501.90  0.62
 502.60  0.62
 503.30  0.62
 504.00  0.62
 504.70  0.62
 505.40  0.62
 506.10  0.62
 506.80  0.62
 507.50  0.62
 508.20  0.62
 508.90  0.62
 509.60  0.62
 510.30  0.62
 511.00  0.62
 511.70  0.62
 512.40  0.62
 513.10  0.62
 513.80  0.62
 514.50  0.62
 515.20  0.62
 515.90  0.62
 516.60  0.62
 517.30  0.62
 518.00  0.62
 518.70  0.62
 519.40  0.62
 520.10  0.62
 520.80  0.62
 521.50  0.62
 522.20  0.62
 522.90  0.62
 523.60  0.62
 524.30  0.62
 525.00  0.62
 525.70  0.62
 526.40  0.62
 527.10  0.62
 527.80  0.62
 528.50  0.62
 529.20  0.62
 529.90  0.62
 530.60  0.62
 531.30  0.62
 532.00  0.62
 532.70  0.62
 533.40  0.62
 534.10  0.62
 534.80  0.62
 535.50  0.62
 536.20  0.62
 536.90  0.62
 537.60  0.62
 538.30  0.62
 539.00  0.62
 539.70  0.62
 540.40  0.62
 541.10  0.62
 541.80  0.62
 542.50  0.62
 543.20  0.62
 543.90  0.62
 544.60  0.62
 545.30  0.62
 546.00  0.62
 546.70  0.62
 547.40  0.62
 548.10  0.62
 548.80  0.62
 549.50  0.62
 550.20  0.62
 550.90  0.62
 551.60  0.62
 552.30  0.62
 553.00  0.62
 553.70  0.62
 554.40  0.62
 555.10  0.62
 555.80  0.62
 556.50  0.62
 557.20  0.62
 557.90  0.62
 558.60  0.62
 559.30  0.62
 560.00  0.62
 560.70  0.62
 561.40  0.62
 562.10  0.62
 562.80  0.62
 563.50  0.62
 564.20  0.62
 564.90  0.62
 565.60  0.62
 566.30  0.62
 567.00  0.62
 567.70  0.62
 568.40  0.62
 569.10  0.62
 569.80  0.62
 570.50  0.62
 571.20  0.62
 571.90  0.62
 572.60  0.62
 573.30  0.62
 574.00  0.62
 574.70  0.62
 575.40  0.62
 576.10  0.62
 576.80  0.62
 577.50  0.62
 578.20  0.62
 578.90  0.62
 579.60  0.62
 580.30  0.62
 581.00  0.62
 581.70  0.62
 582.40  0.62
 583.10  0.62
 583.80  0.62
 584.50  0.62
 585.20  0.62
 585.90  0.62
 586.60  0.62
 587.30  0.62
 588.00  0.62
 588.70  0.62
 589.40  0.62
 590.10  0.62
 590.80  0.62
 591.50  0.62
 592.20  0.62
 592.90  0.62
 593.60  0.62
 594.30  0.62
 595.00  0.62
 595.70  0.62
 596.40  0.62
 597.10  0.62
 597.80  0.62
 598.50  0.62
 599.20  0.62
 599.90  0.62
 600.60  0.62
 601.30  0.62
 602.00  0.62
 602.70  0.62
 603.40  0.62
 604.10  0.62
 604.80  0.62
 605.50  0.62
 606.20  0.62
 606.90  0.62
 607.60  0.62
 608.30  0.62
 609.00  0.62
 609.70  0.62
 610.40  0.62
 611.10  0.62
 611.80  0.62
 612.50  0.62
 613.20  0.62
 613.90  0.62
 614.60  0.62
 615.30  0.62
 616.00  0.62
 616.70  0.62
 617.40  0.62
 618.10  0.62
 618.80  0.62
 619.50  0.62
 620.20  0.62
 620.90  0.62
 621.60  0.62
 622.30  0.62
 623.00  0.62
 623.70  0.62
 624.40  0.62
 625.10  0.62
 625.80  0.62
 626.50  0.62
 627.20  0.62
 627.90  0.62
 628.60  0.62
 629.30  0.62
 630.00  0.62
 630.70  0.62
 631.40  0.62
 632.10  0.62
 632.80  0.62
 633.50  0.62
 634.20  0.62
 634.90  0.62
 635.60  0.62
 636.30  0.62
 637.00  0.62
 637.70  0.62
 638.40  0.62
 639.10  0.62
 639.80  0.62
 640.50  0.62
 641.20  0.62
 641.90  0.62
 642.60  0.62
 643.30  0.62
 644.00  0.62
 644.70  0.62
 645.40  0.62
 646.10  0.62
 646.80  0.62
 647.50  0.62
 648.20  0.62
 648.90  0.62
 649.60  0.62
 650.30  0.62
 651.00  0.62
 651.70  0.62
 652.40  0.62
 653.10  0.62
 653.80  0.62
 654.50  0.62
 655.20  0.62
 655.90  0.62
 656.60  0.62
 657.30  0.62
 658.00  0.62
 658.70  0.62
 659.40  0.62
 660.10  0.62
 660.80  0.62
 661.50  0.62
 662.20  0.62
 662.90  0.62
 663.60  0.62
 664.30  0.62
 665.00  0.62
 665.70  0.62
 666.40  0.62
 667.10  0.62
 667.80  0.62
 668.50  0.62
 669.20  0.62
 669.90  0.62
 670.60  0.62
 671.30  0.62
 672.00  0.62
 672.70  0.62
 673.40  0.62
 674.10  0.62
 674.80  0.62
 675.50  0.62
 676.20  0.62
 676.90  0.62
 677.60  0.62
 678.30  0.62
 679.00  0.62
 679.70  0.62
 680.40  0.62
 681.10  0.62
 681.80  0.62
 682.50  0.62
 683.20  0.62
 683.90  0.62
 684.60  0.62
 685.30  0.62
 686.00  0.62
 686.70  0.62
 687.40  0.62
 688.10  0.62
 688.80  0.62
 689.50  0.62
 690.20  0.62
 690.90  0.62
 691.60  0.62
 692.30  0.62
 693.00  0.62
 693.70  0.62
 694.40  0.62
 695.10  0.62
 695.80  0.62
 696.50  0.62
 697.20  0.62
 697.90  0.62
 698.60  0.62
 699.30  0.62
 700.00  0.62
 700.70  0.62
 701.40  0.62
 702.10  0.62
 702.80  0.62
 703.50  0.62
 704.20  0.62
 704.90  0.62
 705.60  0.62
 706.30  0.62
 707.00  0.62
 707.70  0.62
 708.40  0.62
 709.10  0.62
 709.80  0.62
 710.50  0.62
 711.20  0.62
 711.90  0.62
 712.60  0.62
 713.30  0.62
 714.00  0.62
 714.70  0.62
 715.40  0.62
 716.10  0.62
 716.80  0.62
 717.50  0.62
 718.20  0.62
 718.90  0.62
 719.60  0.62
 720.30  0.62
 721.00  0.62
 721.70  0.62
 722.40  0.62
 723.10  0.62
 723.80  0.62
 724.50  0.62
 725.20  0.62
 725.90  0.62
 726.60  0.62
 727.30  0.62
 728.00  0.62
 728.70  0.62
 729.40  0.62
 730.10  0.62
 730.80  0.62
 731.50  0.62
 732.20  0.62
 732.90  0.62
 733.60  0.62
 734.30  0.62
 735.00  0.62
 735.70  0.62
 736.40  0.62
 737.10  0.62
 737.80  0.62
 738.50  0.62
 739.20  0.62
 739.90  0.62
 740.60  0.62
 741.30  0.62
 742.00  0.62
 742.70  0.62
 743.40  0.62
 744.10  0.62
 744.80  0.62
 745.50  0.62
 746.20  0.62
 746.90  0.62
 747.60  0.62
 748.30  0.62
 749.00  0.62
 749.70  0.62
 750.40  0.62
 751.10  0.62
 751.80  0.62
 752.50  0.62
 753.20  0.62
 753.90  0.62
 754.60  0.62
 755.30  0.62
 756.00  0.62
 756.70  0.62
 757.40  0.62
 758.10  0.62
 758.80  0.62
 759.50  0.62
 760.20  0.62
 760.90  0.62
 761.60  0.62
 762.30  0.62
 763.00  0.62
 763.70  0.62
 764.40  0.62
 765.10  0.62
 765.80  0.62
 766.50  0.62
 767.20  0.62
 767.90  0.62
 768.60  0.62
 769.30  0.62
 770.00  0.62
 770.70  0.62
 771.40  0.62
 772.10  0.62
 772.80  0.62
 773.50  0.62
 774.20  0.62
 774.90  0.62
 775.60  0.62
 776.30  0.62
 777.00  0.62
 777.70  0.62
 778.40  0.62
 779.10  0.62
 779.80  0.62
 780.50  0.62
 781.20  0.62
 781.90  0.62
 782.60  0.62
 783.30  0.62
 784.00  0.62
 784.70  0.62
 785.40  0.62
 786.10  0.62
 786.80  0.62
 787.50  0.62
 788.20  0.62
 788.90  0.62
 789.60  0.62
 790.30  0.62
 791.00  0.62
 791.70  0.62
 792.40  0.62
 793.10  0.62
 793.80  0.62
 794.50  0.62
 795.20  0.62
 795.90  0.62
 796.60  0.62
 797.30  0.62
 798.00  0.62
 798.70  0.62
 799.40  0.62
 800.10  0.62
 800.80  0.62
 801.50  0.62
 802.20  0.62
 802.90  0.62
 803.60  0.62
 804.30  0.62
 805.00  0.62
 805.70  0.62
 806.40  0.62
 807.10  0.62
 807.80  0.62
 808.50  0.62
 809.20  0.62
 809.90  0.62
 810.60  0.62
 811.30  0.62
 812.00  0.62
 812.70  0.62
 813.40  0.62
 814.10  0.62
 814.80  0.62
 815.50  0.62
 816.20  0.62
 816.90  0.62
 817.60  0.62
 818.30  0.62
 819.00  0.62
 819.70  0.62
 820.40  0.62
 821.10  0.62
 821.80  0.62
 822.50  0.62
 823.20  0.62
 823.90  0.62
 824.60  0.62
 825.30  0.62
 826.00  0.62
 826.70  0.62
 827.40  0.62
 828.10  0.62
 828.80  0.62
 829.50  0.62
 830.20  0.62
 830.90  0.62
 831.60  0.62
 832.30  0.62
 833.00  0.62
 833.70  0.62
 834.40  0.62
 835.10  0.62
 835.80  0.62
 836.50  0.62
 837.20  0.62
 837.90  0.62
 838.60  0.62
 839.30  0.62
 840.00  0.62
 840.70  0.62
 841.40  0.62
 842.10  0.62
 842.80  0.62
 843.50  0.62
 844.20  0.62
 844.90  0.62
 845.60  0.62
 846.30  0.62
 847.00  0.62
 847.70  0.62
 848.40  0.62
 849.10  0.62
 849.80  0.62
 850.50  0.62
 851.20  0.62
 851.90  0.62
 852.60  0.62
 853.30  0.62
 854.00  0.62
 854.70  0.62
 855.40  0.62
 856.10  0.62
 856.80  0.62
 857.50  0.62
 858.20  0.62
 858.90  0.62
 859.60  0.62
 860.30  0.62
 861.00  0.62
 861.70  0.62
 862.40  0.62
 863.10  0.62
 863.80  0.62
 864.50  0.62
 865.20  0.62
 865.90  0.62
 866.60  0.62
 867.30  0.62
 868.00  0.62
 868.70  0.62
 869.40  0.62
 870.10  0.62
 870.80  0.62
 871.50  0.62
 872.20  0.62
 872.90  0.62
 873.60  0.62
 874.30  0.62
 875.00  0.62
 875.70  0.62
 876.40  0.62
 877.10  0.62
 877.80  0.62
 878.50  0.62
 879.20  0.62
 879.90  0.62
 880.60  0.62
 881.30  0.62
 882.00  0.62
 882.70  0.62
 883.40  0.62
 884.10  0.62
 884.80  0.62
 885.50  0.62
 886.20  0.62
 886.90  0.62
 887.60  0.62
 888.30  0.62
 889.00  0.62
 889.70  0.62
 890.40  0.62
 891.10  0.62
 891.80  0.62
 892.50  0.62
 893.20  0.62
 893.90  0.62
 894.60  0.62
 895.30  0.62
 896.00  0.62
 896.70  0.62
 897.40  0.62
 898.10  0.62
 898.80  0.62
 899.50  0.62
 900.20  0.62
 900.90  0.62
 901.60  0.62
 902.30  0.62
 903.00  0.62
 903.70  0.62
 904.40  0.62
 905.10  0.62
 905.80  0.62
 906.50  0.62
 907.20  0.62
 907.90  0.62
 908.60  0.62
 909.30  0.62
 910.00  0.62
 910.70  0.62
 911.40  0.62
 912.10  0.62
 912.80  0.62
 913.50  0.62
 914.20  0.62
 914.90  0.62
 915.60  0.62
 916.30  0.62
 917.00  0.62
 917.70  0.62
 918.40  0.62
 919.10  0.62
 919.80  0.62
 920.50  0.62
 921.20  0.62
 921.90  0.62
 922.60  0.62
 923.30  0.62
 924.00  0.62
 924.70  0.62
 925.40  0.62
 926.10  0.62
 926.80  0.62
 927.50  0.62
 928.20  0.62
 928.90  0.62
 929.60  0.62
 930.30  0.62
 931.00  0.62
 931.70  0.62
 932.40  0.62
 933.10  0.62
 933.80  0.62
 934.50  0.62
 935.20  0.62
 935.90  0.62
 936.60  0.62
 937.30  0.62
 938.00  0.62
 938.70  0.62
 939.40  0.62
 940.10  0.62
 940.80  0.62
 941.50  0.62
 942.20  0.62
 942.90  0.62
 943.60  0.62
 944.30  0.62
 945.00  0.62
 945.70  0.62
 946.40  0.62
 947.10  0.62
 947.80  0.62
 948.50  0.62
 949.20  0.62
 949.90  0.62
 950.60  0.62
 951.30  0.62
 952.00  0.62
 952.70  0.62
 953.40  0.62
 954.10  0.62
 954.80  0.62
 955.50  0.62
 956.20  0.62
 956.90  0.62
 957.60  0.62
 958.30  0.62
 959.00  0.62
 959.70  0.62
 960.40  0.62
 961.10  0.62
 961.80  0.62
 962.50  0.62
 963.20  0.62
 963.90  0.62
 964.60  0.62
 965.30  0.62
 966.00  0.62
 966.70  0.62
 967.40  0.62
 968.10  0.62
 968.80  0.62
 969.50  0.62
 970.20  0.62
 970.90  0.62
 971.60  0.62
 972.30  0.62
 973.00  0.62
 973.70  0.62
 974.40  0.62
 975.10  0.62
 975.80  0.62
 976.50  0.62
 977.20  0.62
 977.90  0.62
 978.60  0.62
 979.30  0.62
 980.00  0.62
 980.70  0.62
 981.40  0.62
 982.10  0.62
 982.80  0.62
 983.50  0.62
 984.20  0.62
 984.90  0.62
 985.60  0.62
 986.30  0.62
 987.00  0.62
 987.70  0.62
 988.40  0.62
 989.10  0.62
 989.80  0.62
 990.50  0.62
 991.20  0.62
 991.90  0.62
 992.60  0.62
 993.30  0.62
 994.00  0.62
 994.70  0.62
 995.40  0.62
 996.10  0.62
 996.80  0.62
 997.50  0.62
 998.20  0.62
 998.90  0.62
 999.60  0.62
 1000.30  0.62
 1001.00  0.62
 1001.70  0.62
 1002.40  0.62
 1003.10  0.62
 1003.80  0.62
 1004.50  0.62
 1005.20  0.62
 1005.90  0.62
 1006.60  0.62
 1007.30  0.62
 1008.00  0.62
 1008.70  0.62
 1009.40  0.62
 1010.10  0.62
 1010.80  0.62
 1011.50  0.62
 1012.20  0.62
 1012.90  0.62
 1013.60  0.62
 1014.30  0.62
 1015.00  0.62
 1015.70  0.62
 1016.40  0.62
 1017.10  0.62
 1017.80  0.62
 1018.50  0.62
 1019.20  0.62
 1019.90  0.62
 1020.60  0.62
 1021.30  0.62
 1022.00  0.62
 1022.70  0.62
 1023.40  0.62
 1024.10  0.62
 1024.80  0.62
 1025.50  0.62
 1026.20  0.62
 1026.90  0.62
 1027.60  0.62
 1028.30  0.62
 1029.00  0.62
 1029.70  0.62
 1030.40  0.62
 1031.10  0.62
 1031.80  0.62
 1032.50  0.62
 1033.20  0.62
 1033.90  0.62
 1034.60  0.62
 1035.30  0.62
 1036.00  0.62
 1036.70  0.62
 1037.40  0.62
 1038.10  0.62
 1038.80  0.62
 1039.50  0.62
 1040.20  0.62
 1040.90  0.62
 1041.60  0.62
 1042.30  0.62
 1043.00  0.62
 1043.70  0.62
 1044.40  0.62
 1045.10  0.62
 1045.80  0.62
 1046.50  0.62
 1047.20  0.62
 1047.90  0.62
 1048.60  0.62
 1049.30  0.62
 1050.00  0.62
 1050.70  0.62
 1051.40  0.62
 1052.10  0.62
 1052.80  0.62
 1053.50  0.62
 1054.20  0.62
 1054.90  0.62
 1055.60  0.62
 1056.30  0.62
 1057.00  0.62
 1057.70  0.62
 1058.40  0.62
 1059.10  0.62
 1059.80  0.62
 1060.50  0.62
 1061.20  0.62
 1061.90  0.62
 1062.60  0.62
 1063.30  0.62
 1064.00  0.62
 1064.70  0.62
 1065.40  0.62
 1066.10  0.62
 1066.80  0.62
 1067.50  0.62
 1068.20  0.62
 1068.90  0.62
 1069.60  0.62
 1070.30  0.62
 1071.00  0.62
 1071.70  0.62
 1072.40  0.62
 1073.10  0.62
 1073.80  0.62
 1074.50  0.62
 1075.20  0.62
 1075.90  0.62
 1076.60  0.62
 1077.30  0.62
 1078.00  0.62
 1078.70  0.62
 1079.40  0.62
 1080.10  0.62
 1080.80  0.62
 1081.50  0.62
 1082.20  0.62
 1082.90  0.62
 1083.60  0.62
 1084.30  0.62
 1085.00  0.62
 1085.70  0.62
 1086.40  0.62
 1087.10  0.62
 1087.80  0.62
 1088.50  0.62
 1089.20  0.62
 1089.90  0.62
 1090.60  0.62
 1091.30  0.62
 1092.00  0.62
 1092.70  0.62
 1093.40  0.62
 1094.10  0.62
 1094.80  0.62
 1095.50  0.62
 1096.20  0.62
 1096.90  0.62
 1097.60  0.62
 1098.30  0.62
 1099.00  0.62
 1099.70  0.62
 1100.40  0.62
 1101.10  0.62
 1101.80  0.62
 1102.50  0.62
 1103.20  0.62
 1103.90  0.62
 1104.60  0.62
 1105.30  0.62
 1106.00  0.62
 1106.70  0.62
 1107.40  0.62
 1108.10  0.62
 1108.80  0.62
 1109.50  0.62
 1110.20  0.62
 1110.90  0.62
 1111.60  0.62
 1112.30  0.62
 1113.00  0.62
 1113.70  0.62
 1114.40  0.62
 1115.10  0.62
 1115.80  0.62
 1116.50  0.62
 1117.20  0.62
 1117.90  0.62
 1118.60  0.62
 1119.30  0.62
 1120.00  0.62
 1120.70  0.62
 1121.40  0.62
 1122.10  0.62
 1122.80  0.62
 1123.50  0.62
 1124.20  0.62
 1124.90  0.62
 1125.60  0.62
 1126.30  0.62
 1127.00  0.62
 1127.70  0.62
 1128.40  0.62
 1129.10  0.62
 1129.80  0.62
 1130.50  0.62
 1131.20  0.62
 1131.90  0.62
 1132.60  0.62
 1133.30  0.62
 1134.00  0.62
 1134.70  0.62
 1135.40  0.62
 1136.10  0.62
 1136.80  0.62
 1137.50  0.62
 1138.20  0.62
 1138.90  0.62
 1139.60  0.62
 1140.30  0.62
 1141.00  0.62
 1141.70  0.62
 1142.40  0.62
 1143.10  0.62
 1143.80  0.62
 1144.50  0.62
 1145.20  0.62
 1145.90  0.62
 1146.60  0.62
 1147.30  0.62
 1148.00  0.62
 1148.70  0.62
 1149.40  0.62
 1150.10  0.62
 1150.80  0.62
 1151.50  0.62
 1152.20  0.62
 1152.90  0.62
 1153.60  0.62
 1154.30  0.62
 1155.00  0.62
 1155.70  0.62
 1156.40  0.62
 1157.10  0.62
 1157.80  0.62
 1158.50  0.62
 1159.20  0.62
 1159.90  0.62
 1160.60  0.62
 1161.30  0.62
 1162.00  0.62
 1162.70  0.62
 1163.40  0.62
 1164.10  0.62
 1164.80  0.62
 1165.50  0.62
 1166.20  0.62
 1166.90  0.62
 1167.60  0.62
 1168.30  0.62
 1169.00  0.62
 1169.70  0.62
 1170.40  0.62
 1171.10  0.62
 1171.80  0.62
 1172.50  0.62
 1173.20  0.62
 1173.90  0.62
 1174.60  0.62
 1175.30  0.62
 1176.00  0.62
 1176.70  0.62
 1177.40  0.62
 1178.10  0.62
 1178.80  0.62
 1179.50  0.62
 1180.20  0.62
 1180.90  0.62
 1181.60  0.62
 1182.30  0.62
 1183.00  0.62
 1183.70  0.62
 1184.40  0.62
 1185.10  0.62
 1185.80  0.62
 1186.50  0.62
 1187.20  0.62
 1187.90  0.62
 1188.60  0.62
 1189.30  0.62
 1190.00  0.62
 1190.70  0.62
 1191.40  0.62
 1192.10  0.62
 1192.80  0.62
 1193.50  0.62
 1194.20  0.62
 1194.90  0.62
 1195.60  0.62
 1196.30  0.62
 1197.00  0.62
 1197.70  0.62
 1198.40  0.62
 1199.10  0.62
 1199.80  0.62
 1200.50  0.62
 1201.20  0.62
 1201.90  0.62
 1202.60  0.62
 1203.30  0.62
 1204.00  0.62
 1204.70  0.62
 1205.40  0.62
 1206.10  0.62
 1206.80  0.62
 1207.50  0.62
 1208.20  0.62
 1208.90  0.62
 1209.60  0.62
 1210.30  0.62
 1211.00  0.62
 1211.70  0.62
 1212.40  0.62
 1213.10  0.62
 1213.80  0.62
 1214.50  0.62
 1215.20  0.62
 1215.90  0.62
 1216.60  0.62
 1217.30  0.62
 1218.00  0.62
 1218.70  0.62
 1219.40  0.62
 1220.10  0.62
 1220.80  0.62
 1221.50  0.62
 1222.20  0.62
 1222.90  0.62
 1223.60  0.62
 1224.30  0.62
 1225.00  0.62
 1225.70  0.62
 1226.40  0.62
 1227.10  0.62
 1227.80  0.62
 1228.50  0.62
 1229.20  0.62
 1229.90  0.62
 1230.60  0.62
 1231.30  0.62
 1232.00  0.62
 1232.70  0.62
 1233.40  0.62
 1234.10  0.62
 1234.80  0.62
 1235.50  0.62
 1236.20  0.62
 1236.90  0.62
 1237.60  0.62
 1238.30  0.62
 1239.00  0.62
 1239.70  0.62
 1240.40  0.62
 1241.10  0.62
 1241.80  0.62
 1242.50  0.62
 1243.20  0.62
 1243.90  0.62
 1244.60  0.62
 1245.30  0.62
 1246.00  0.62
 1246.70  0.62
 1247.40  0.62
 1248.10  0.62
 1248.80  0.62
 1249.50  0.62
 1250.20  0.62
 1250.90  0.62
 1251.60  0.62
 1252.30  0.62
 1253.00  0.62
 1253.70  0.62
 1254.40  0.62
 1255.10  0.62
 1255.80  0.62
 1256.50  0.62
 1257.20  0.62
 1257.90  0.62
 1258.60  0.62
 1259.30  0.62
 1260.00  0.62
 1260.70  0.62
 1261.40  0.62
 1262.10  0.62
 1262.80  0.62
 1263.50  0.62
 1264.20  0.62
 1264.90  0.62
 1265.60  0.62
 1266.30  0.62
 1267.00  0.62
 1267.70  0.62
 1268.40  0.62
 1269.10  0.62
 1269.80  0.62
 1270.50  0.62
 1271.20  0.62
 1271.90  0.62
 1272.60  0.62
 1273.30  0.62
 1274.00  0.62
 1274.70  0.62
 1275.40  0.62
 1276.10  0.62
 1276.80  0.62
 1277.50  0.62
 1278.20  0.62
 1278.90  0.62
 1279.60  0.62
 1280.30  0.62
 1281.00  0.62
 1281.70  0.62
 1282.40  0.62
 1283.10  0.62
 1283.80  0.62
 1284.50  0.62
 1285.20  0.62
 1285.90  0.62
 1286.60  0.62
 1287.30  0.62
 1288.00  0.62
 1288.70  0.62
 1289.40  0.62
 1290.10  0.62
 1290.80  0.62
 1291.50  0.62
 1292.20  0.62
 1292.90  0.62
 1293.60  0.62
 1294.30  0.62
 1295.00  0.62
 1295.70  0.62
 1296.40  0.62
 1297.10  0.62
 1297.80  0.62
 1298.50  0.62
 1299.20  0.62
 1299.90  0.62
 1300.60  0.62
 1301.30  0.62
 1302.00  0.62
 1302.70  0.62
 1303.40  0.62
 1304.10  0.62
 1304.80  0.62
 1305.50  0.62
 1306.20  0.62
 1306.90  0.62
 1307.60  0.62
 1308.30  0.62
 1309.00  0.62
 1309.70  0.62
 1310.40  0.62
 1311.10  0.62
 1311.80  0.62
 1312.50  0.62
 1313.20  0.62
 1313.90  0.62
 1314.60  0.62
 1315.30  0.62
 1316.00  0.62
 1316.70  0.62
 1317.40  0.62
 1318.10  0.62
 1318.80  0.62
 1319.50  0.62
 1320.20  0.62
 1320.90  0.62
 1321.60  0.62
 1322.30  0.62
 1323.00  0.62
 1323.70  0.62
 1324.40  0.62
 1325.10  0.62
 1325.80  0.62
 1326.50  0.62
 1327.20  0.62
 1327.90  0.62
 1328.60  0.62
 1329.30  0.62
 1330.00  0.62
 1330.70  0.62
 1331.40  0.62
 1332.10  0.62
 1332.80  0.62
 1333.50  0.62
 1334.20  0.62
 1334.90  0.62
 1335.60  0.62
 1336.30  0.62
 1337.00  0.62
 1337.70  0.62
 1338.40  0.62
 1339.10  0.62
 1339.80  0.62
 1340.50  0.62
 1341.20  0.62
 1341.90  0.62
 1342.60  0.62
 1343.30  0.62
 1344.00  0.62
 1344.70  0.62
 1345.40  0.62
 1346.10  0.62
 1346.80  0.62
 1347.50  0.62
 1348.20  0.62
 1348.90  0.62
 1349.60  0.62
 1350.30  0.62
 1351.00  0.62
 1351.70  0.62
 1352.40  0.62
 1353.10  0.62
 1353.80  0.62
 1354.50  0.62
 1355.20  0.62
 1355.90  0.62
 1356.60  0.62
 1357.30  0.62
 1358.00  0.62
 1358.70  0.62
 1359.40  0.62
 1360.10  0.62
 1360.80  0.62
 1361.50  0.62
 1362.20  0.62
 1362.90  0.62
 1363.60  0.62
 1364.30  0.62
 1365.00  0.62
 1365.70  0.62
 1366.40  0.62
 1367.10  0.62
 1367.80  0.62
 1368.50  0.62
 1369.20  0.62
 1369.90  0.62
 1370.60  0.62
 1371.30  0.62
 1372.00  0.62
 1372.70  0.62
 1373.40  0.62
 1374.10  0.62
 1374.80  0.62
 1375.50  0.62
 1376.20  0.62
 1376.90  0.62
 1377.60  0.62
 1378.30  0.62
 1379.00  0.62
 1379.70  0.62
 1380.40  0.62
 1381.10  0.62
 1381.80  0.62
 1382.50  0.62
 1383.20  0.62
 1383.90  0.62
 1384.60  0.62
 1385.30  0.62
 1386.00  0.62
 1386.70  0.62
 1387.40  0.62
 1388.10  0.62
 1388.80  0.62
 1389.50  0.62
 1390.20  0.62
 1390.90  0.62
 1391.60  0.62
 1392.30  0.62
 1393.00  0.62
 1393.70  0.62
 1394.40  0.62
 1395.10  0.62
 1395.80  0.62
 1396.50  0.62
 1397.20  0.62
 1397.90  0.62
 1398.60  0.62
 1399.30  0.62
 1400.00  0.62
 1400.70  0.62
 1401.40  0.62
 1402.10  0.62
 1402.80  0.62
 1403.50  0.62
 1404.20  0.62
 1404.90  0.62
 1405.60  0.62
 1406.30  0.62
 1407.00  0.62
 1407.70  0.62
 1408.40  0.62
 1409.10  0.62
 1409.80  0.62
 1410.50  0.62
 1411.20  0.62
 1411.90  0.62
 1412.60  0.62
 1413.30  0.62
 1414.00  0.62
 1414.70  0.62
 1415.40  0.62
 1416.10  0.62
 1416.80  0.62
 1417.50  0.62
 1418.20  0.62
 1418.90  0.62
 1419.60  0.62
 1420.30  0.62
 1421.00  0.62
 1421.70  0.62
 1422.40  0.62
 1423.10  0.62
 1423.80  0.62
 1424.50  0.62
 1425.20  0.62
 1425.90  0.62
 1426.60  0.62
 1427.30  0.62
 1428.00  0.62
 1428.70  0.62
 1429.40  0.62
 1430.10  0.62
 1430.80  0.62
 1431.50  0.62
 1432.20  0.62
 1432.90  0.62
 1433.60  0.62
 1434.30  0.62
 1435.00  0.62
 1435.70  0.62
 1436.40  0.62
 1437.10  0.62
 1437.80  0.62
 1438.50  0.62
 1439.20  0.62
 1439.90  0.62
 1440.60  0.62
 1441.30  0.62
 1442.00  0.62
 1442.70  0.62
 1443.40  0.62
 1444.10  0.62
 1444.80  0.62
 1445.50  0.62
 1446.20  0.62
 1446.90  0.62
 1447.60  0.62
 1448.30  0.62
 1449.00  0.62
 1449.70  0.62
 1450.40  0.62
 1451.10  0.62
 1451.80  0.62
 1452.50  0.62
 1453.20  0.62
 1453.90  0.62
 1454.60  0.62
 1455.30  0.62
 1456.00  0.62
 1456.70  0.62
 1457.40  0.62
 1458.10  0.62
 1458.80  0.62
 1459.50  0.62
 1460.20  0.62
 1460.90  0.62
 1461.60  0.62
 1462.30  0.62
 1463.00  0.62
 1463.70  0.62
 1464.40  0.62
 1465.10  0.62
 1465.80  0.62
 1466.50  0.62
 1467.20  0.62
 1467.90  0.62
 1468.60  0.62
 1469.30  0.62
 1470.00  0.62
 1470.70  0.62
 1471.40  0.62
 1472.10  0.62
 1472.80  0.62
 1473.50  0.62
 1474.20  0.62
 1474.90  0.62
 1475.60  0.62
 1476.30  0.62
 1477.00  0.62
 1477.70  0.62
 1478.40  0.62
 1479.10  0.62
 1479.80  0.62
 1480.50  0.62
 1481.20  0.62
 1481.90  0.62
 1482.60  0.62
 1483.30  0.62
 1484.00  0.62
 1484.70  0.62
 1485.40  0.62
 1486.10  0.62
 1486.80  0.62
 1487.50  0.62
 1488.20  0.62
 1488.90  0.62
 1489.60  0.62
 1490.30  0.62
 1491.00  0.62
 1491.70  0.62
 1492.40  0.62
 1493.10  0.62
 1493.80  0.62
 1494.50  0.62
 1495.20  0.62
 1495.90  0.62
 1496.60  0.62
 1497.30  0.62
 1498.00  0.62
 1498.70  0.62
 1499.40  0.62
 1500.10  0.62
 1500.80  0.62
 1501.50  0.62
 1502.20  0.62
 1502.90  0.62
 1503.60  0.62
 1504.30  0.62
 1505.00  0.62
 1505.70  0.62
 1506.40  0.62
 1507.10  0.62
 1507.80  0.62
 1508.50  0.62
 1509.20  0.62
 1509.90  0.62
 1510.60  0.62
 1511.30  0.62
 1512.00  0.62
 1512.70  0.62
 1513.40  0.62
 1514.10  0.62
 1514.80  0.62
 1515.50  0.62
 1516.20  0.62
 1516.90  0.62
 1517.60  0.62
 1518.30  0.62
 1519.00  0.62
 1519.70  0.62
 1520.40  0.62
 1521.10  0.62
 1521.80  0.62
 1522.50  0.62
 1523.20  0.62
 1523.90  0.62
 1524.60  0.62
 1525.30  0.62
 1526.00  0.62
 1526.70  0.62
 1527.40  0.62
 1528.10  0.62
 1528.80  0.62
 1529.50  0.62
 1530.20  0.62
 1530.90  0.62
 1531.60  0.62
 1532.30  0.62
 1533.00  0.62
 1533.70  0.62
 1534.40  0.62
 1535.10  0.62
 1535.80  0.62
 1536.50  0.62
 1537.20  0.62
 1537.90  0.62
 1538.60  0.62
 1539.30  0.62
 1540.00  0.62
 1540.70  0.62
 1541.40  0.62
 1542.10  0.62
 1542.80  0.62
 1543.50  0.62
 1544.20  0.62
 1544.90  0.62
 1545.60  0.62
 1546.30  0.62
 1547.00  0.62
 1547.70  0.62
 1548.40  0.62
 1549.10  0.62
 1549.80  0.62
 1550.50  0.62
 1551.20  0.62
 1551.90  0.62
 1552.60  0.62
 1553.30  0.62
 1554.00  0.62
 1554.70  0.62
 1555.40  0.62
 1556.10  0.62
 1556.80  0.62
 1557.50  0.62
 1558.20  0.62
 1558.90  0.62
 1559.60  0.62
 1560.30  0.62
 1561.00  0.62
 1561.70  0.62
 1562.40  0.62
 1563.10  0.62
 1563.80  0.62
 1564.50  0.62
 1565.20  0.62
 1565.90  0.62
 1566.60  0.62
 1567.30  0.62
 1568.00  0.62
 1568.70  0.62
 1569.40  0.62
 1570.10  0.62
 1570.80  0.62
 1571.50  0.62
 1572.20  0.62
 1572.90  0.62
 1573.60  0.62
 1574.30  0.62
 1575.00  0.62
 1575.70  0.62
 1576.40  0.62
 1577.10  0.62
 1577.80  0.62
 1578.50  0.62
 1579.20  0.62
 1579.90  0.62
 1580.60  0.62
 1581.30  0.62
 1582.00  0.62
 1582.70  0.62
 1583.40  0.62
 1584.10  0.62
 1584.80  0.62
 1585.50  0.62
 1586.20  0.62
 1586.90  0.62
 1587.60  0.62
 1588.30  0.62
 1589.00  0.62
 1589.70  0.62
 1590.40  0.62
 1591.10  0.62
 1591.80  0.62
 1592.50  0.62
 1593.20  0.62
 1593.90  0.62
 1594.60  0.62
 1595.30  0.62
 1596.00  0.62
 1596.70  0.62
 1597.40  0.62
 1598.10  0.62
 1598.80  0.62
 1599.50  0.62
 1600.20  0.62
 1600.90  0.62
 1601.60  0.62
 1602.30  0.62
 1603.00  0.62
 1603.70  0.62
 1604.40  0.62
 1605.10  0.62
 1605.80  0.62
 1606.50  0.62
 1607.20  0.62
 1607.90  0.62
 1608.60  0.62
 1609.30  0.62
 1610.00  0.62
 1610.70  0.62
 1611.40  0.62
 1612.10  0.62
 1612.80  0.62
 1613.50  0.62
 1614.20  0.62
 1614.90  0.62
 1615.60  0.62
 1616.30  0.62
 1617.00  0.62
 1617.70  0.62
 1618.40  0.62
 1619.10  0.62
 1619.80  0.62
 1620.50  0.62
 1621.20  0.62
 1621.90  0.62
 1622.60  0.62
 1623.30  0.62
 1624.00  0.62
 1624.70  0.62
 1625.40  0.62
 1626.10  0.62
 1626.80  0.62
 1627.50  0.62
 1628.20  0.62
 1628.90  0.62
 1629.60  0.62
 1630.30  0.62
 1631.00  0.62
 1631.70  0.62
 1632.40  0.62
 1633.10  0.62
 1633.80  0.62
 1634.50  0.62
 1635.20  0.62
 1635.90  0.62
 1636.60  0.62
 1637.30  0.62
 1638.00  0.62
 1638.70  0.62
 1639.40  0.62
 1640.10  0.62
 1640.80  0.62
 1641.50  0.62
 1642.20  0.62
 1642.90  0.62
 1643.60  0.62
 1644.30  0.62
 1645.00  0.62
 1645.70  0.62
 1646.40  0.62
 1647.10  0.62
 1647.80  0.62
 1648.50  0.62
 1649.20  0.62
 1649.90  0.62
 1650.60  0.62
 1651.30  0.62
 1652.00  0.62
 1652.70  0.62
 1653.40  0.62
 1654.10  0.62
 1654.80  0.62
 1655.50  0.62
 1656.20  0.62
 1656.90  0.62
 1657.60  0.62
 1658.30  0.62
 1659.00  0.62
 1659.70  0.62
 1660.40  0.62
 1661.10  0.62
 1661.80  0.62
 1662.50  0.62
 1663.20  0.62
 1663.90  0.62
 1664.60  0.62
 1665.30  0.62
 1666.00  0.62
 1666.70  0.62
 1667.40  0.62
 1668.10  0.62
 1668.80  0.62
 1669.50  0.62
 1670.20  0.62
 1670.90  0.62
 1671.60  0.62
 1672.30  0.62
 1673.00  0.62
 1673.70  0.62
 1674.40  0.62
 1675.10  0.62
 1675.80  0.62
 1676.50  0.62
 1677.20  0.62
 1677.90  0.62
 1678.60  0.62
 1679.30  0.62
 1680.00  0.62
 1680.70  0.62
 1681.40  0.62
 1682.10  0.62
 1682.80  0.62
 1683.50  0.62
 1684.20  0.62
 1684.90  0.62
 1685.60  0.62
 1686.30  0.62
 1687.00  0.62
 1687.70  0.62
 1688.40  0.62
 1689.10  0.62
 1689.80  0.62
 1690.50  0.62
 1691.20  0.62
 1691.90  0.62
 1692.60  0.62
 1693.30  0.62
 1694.00  0.62
 1694.70  0.62
 1695.40  0.62
 1696.10  0.62
 1696.80  0.62
 1697.50  0.62
 1698.20  0.62
 1698.90  0.62
 1699.60  0.62
 1700.30  0.62
 1701.00  0.62
 1701.70  0.62
 1702.40  0.62
 1703.10  0.62
 1703.80  0.62
 1704.50  0.62
 1705.20  0.62
 1705.90  0.62
 1706.60  0.62
 1707.30  0.62
 1708.00  0.62
 1708.70  0.62
 1709.40  0.62
 1710.10  0.62
 1710.80  0.62
 1711.50  0.62
 1712.20  0.62
 1712.90  0.62
 1713.60  0.62
 1714.30  0.62
 1715.00  0.62
 1715.70  0.62
 1716.40  0.62
 1717.10  0.62
 1717.80  0.62
 1718.50  0.62
 1719.20  0.62
 1719.90  0.62
 1720.60  0.62
 1721.30  0.62
 1722.00  0.62
 1722.70  0.62
 1723.40  0.62
 1724.10  0.62
 1724.80  0.62
 1725.50  0.62
 1726.20  0.62
 1726.90  0.62
 1727.60  0.62
 1728.30  0.62
 1729.00  0.62
 1729.70  0.62
 1730.40  0.62
 1731.10  0.62
 1731.80  0.62
 1732.50  0.62
 1733.20  0.62
 1733.90  0.62
 1734.60  0.62
 1735.30  0.62
 1736.00  0.62
 1736.70  0.62
 1737.40  0.62
 1738.10  0.62
 1738.80  0.62
 1739.50  0.62
 1740.20  0.62
 1740.90  0.62
 1741.60  0.62
 1742.30  0.62
 1743.00  0.62
 1743.70  0.62
 1744.40  0.62
 1745.10  0.62
 1745.80  0.62
 1746.50  0.62
 1747.20  0.62
 1747.90  0.62
 1748.60  0.62
 1749.30  0.62
 1750.00  0.62
 1750.70  0.62
 1751.40  0.62
 1752.10  0.62
 1752.80  0.62
 1753.50  0.62
 1754.20  0.62
 1754.90  0.62
 1755.60  0.62
 1756.30  0.62
 1757.00  0.62
 1757.70  0.62
 1758.40  0.62
 1759.10  0.62
 1759.80  0.62
 1760.50  0.62
 1761.20  0.62
 1761.90  0.62
 1762.60  0.62
 1763.30  0.62
 1764.00  0.62
 1764.70  0.62
 1765.40  0.62
 1766.10  0.62
 1766.80  0.62
 1767.50  0.62
 1768.20  0.62
 1768.90  0.62
 1769.60  0.62
 1770.30  0.62
 1771.00  0.62
 1771.70  0.62
 1772.40  0.62
 1773.10  0.62
 1773.80  0.62
 1774.50  0.62
 1775.20  0.62
 1775.90  0.62
 1776.60  0.62
 1777.30  0.62
 1778.00  0.62
 1778.70  0.62
 1779.40  0.62
 1780.10  0.62
 1780.80  0.62
 1781.50  0.62
 1782.20  0.62
 1782.90  0.62
 1783.60  0.62
 1784.30  0.62
 1785.00  0.62
 1785.70  0.62
 1786.40  0.62
 1787.10  0.62
 1787.80  0.62
 1788.50  0.62
 1789.20  0.62
 1789.90  0.62
 1790.60  0.62
 1791.30  0.62
 1792.00  0.62
 1792.70  0.62
 1793.40  0.62
 1794.10  0.62
 1794.80  0.62
 1795.50  0.62
 1796.20  0.62
 1796.90  0.62
 1797.60  0.62
 1798.30  0.62
 1799.00  0.62
 1799.70  0.62
 1800.40  0.62
 1801.10  0.62
 1801.80  0.62
 1802.50  0.62
 1803.20  0.62
 1803.90  0.62
 1804.60  0.62
 1805.30  0.62
 1806.00  0.62
 1806.70  0.62
 1807.40  0.62
 1808.10  0.62
 1808.80  0.62
 1809.50  0.62
 1810.20  0.62
 1810.90  0.62
 1811.60  0.62
 1812.30  0.62
 1813.00  0.62
 1813.70  0.62
 1814.40  0.62
 1815.10  0.62
 1815.80  0.62
 1816.50  0.62
 1817.20  0.62
 1817.90  0.62
 1818.60  0.62
 1819.30  0.62
 1820.00  0.62
 1820.70  0.62
 1821.40  0.62
 1822.10  0.62
 1822.80  0.62
 1823.50  0.62
 1824.20  0.62
 1824.90  0.62
 1825.60  0.62
 1826.30  0.62
 1827.00  0.62
 1827.70  0.62
 1828.40  0.62
 1829.10  0.62
 1829.80  0.62
 1830.50  0.62
 1831.20  0.62
 1831.90  0.62
 1832.60  0.62
 1833.30  0.62
 1834.00  0.62
 1834.70  0.62
 1835.40  0.62
 1836.10  0.62
 1836.80  0.62
 1837.50  0.62
 1838.20  0.62
 1838.90  0.62
 1839.60  0.62
 1840.30  0.62
 1841.00  0.62
 1841.70  0.62
 1842.40  0.62
 1843.10  0.62
 1843.80  0.62
 1844.50  0.62
 1845.20  0.62
 1845.90  0.62
 1846.60  0.62
 1847.30  0.62
 1848.00  0.62
 1848.70  0.62
 1849.40  0.62
 1850.10  0.62
 1850.80  0.62
 1851.50  0.62
 1852.20  0.62
 1852.90  0.62
 1853.60  0.62
 1854.30  0.62
 1855.00  0.62
 1855.70  0.62
 1856.40  0.62
 1857.10  0.62
 1857.80  0.62
 1858.50  0.62
 1859.20  0.62
 1859.90  0.62
 1860.60  0.62
 1861.30  0.62
 1862.00  0.62
 1862.70  0.62
 1863.40  0.62
 1864.10  0.62
 1864.80  0.62
 1865.50  0.62
 1866.20  0.62
 1866.90  0.62
 1867.60  0.62
 1868.30  0.62
 1869.00  0.62
 1869.70  0.62
 1870.40  0.62
 1871.10  0.62
 1871.80  0.62
 1872.50  0.62
 1873.20  0.62
 1873.90  0.62
 1874.60  0.62
 1875.30  0.62
 1876.00  0.62
 1876.70  0.62
 1877.40  0.62
 1878.10  0.62
 1878.80  0.62
 1879.50  0.62
 1880.20  0.62
 1880.90  0.62
 1881.60  0.62
 1882.30  0.62
 1883.00  0.62
 1883.70  0.62
 1884.40  0.62
 1885.10  0.62
 1885.80  0.62
 1886.50  0.62
 1887.20  0.62
 1887.90  0.62
 1888.60  0.62
 1889.30  0.62
 1890.00  0.62
 1890.70  0.62
 1891.40  0.62
 1892.10  0.62
 1892.80  0.62
 1893.50  0.62
 1894.20  0.62
 1894.90  0.62
 1895.60  0.62
 1896.30  0.62
 1897.00  0.62
 1897.70  0.62
 1898.40  0.62
 1899.10  0.62
 1899.80  0.62
 1900.50  0.62
 1901.20  0.62
 1901.90  0.62
 1902.60  0.62
 1903.30  0.62
 1904.00  0.62
 1904.70  0.62
 1905.40  0.62
 1906.10  0.62
 1906.80  0.62
 1907.50  0.62
 1908.20  0.62
 1908.90  0.62
 1909.60  0.62
 1910.30  0.62
 1911.00  0.62
 1911.70  0.62
 1912.40  0.62
 1913.10  0.62
 1913.80  0.62
 1914.50  0.62
 1915.20  0.62
 1915.90  0.62
 1916.60  0.62
 1917.30  0.62
 1918.00  0.62
 1918.70  0.62
 1919.40  0.62
 1920.10  0.62
 1920.80  0.62
 1921.50  0.62
 1922.20  0.62
 1922.90  0.62
 1923.60  0.62
 1924.30  0.62
 1925.00  0.62
 1925.70  0.62
 1926.40  0.62
 1927.10  0.62
 1927.80  0.62
 1928.50  0.62
 1929.20  0.62
 1929.90  0.62
 1930.60  0.62
 1931.30  0.62
 1932.00  0.62
 1932.70  0.62
 1933.40  0.62
 1934.10  0.62
 1934.80  0.62
 1935.50  0.62
 1936.20  0.62
 1936.90  0.62
 1937.60  0.62
 1938.30  0.62
 1939.00  0.62
 1939.70  0.62
 1940.40  0.62
 1941.10  0.62
 1941.80  0.62
 1942.50  0.62
 1943.20  0.62
 1943.90  0.62
 1944.60  0.62
 1945.30  0.62
 1946.00  0.62
 1946.70  0.62
 1947.40  0.62
 1948.10  0.62
 1948.80  0.62
 1949.50  0.62
 1950.20  0.62
 1950.90  0.62
 1951.60  0.62
 1952.30  0.62
 1953.00  0.62
 1953.70  0.62
 1954.40  0.62
 1955.10  0.62
 1955.80  0.62
 1956.50  0.62
 1957.20  0.62
 1957.90  0.62
 1958.60  0.62
 1959.30  0.62
 1960.00  0.62
 1960.70  0.62
 1961.40  0.62
 1962.10  0.62
 1962.80  0.62
 1963.50  0.62
 1964.20  0.62
 1964.90  0.62
 1965.60  0.62
 1966.30  0.62
 1967.00  0.62
 1967.70  0.62
 1968.40  0.62
 1969.10  0.62
 1969.80  0.62
 1970.50  0.62
 1971.20  0.62
 1971.90  0.62
 1972.60  0.62
 1973.30  0.62
 1974.00  0.62
 1974.70  0.62
 1975.40  0.62
 1976.10  0.62
 1976.80  0.62
 1977.50  0.62
 1978.20  0.62
 1978.90  0.62
 1979.60  0.62
 1980.30  0.62
 1981.00  0.62
 1981.70  0.62
 1982.40  0.62
 1983.10  0.62
 1983.80  0.62
 1984.50  0.62
 1985.20  0.62
 1985.90  0.62
 1986.60  0.62
 1987.30  0.62
 1988.00  0.62
 1988.70  0.62
 1989.40  0.62
 1990.10  0.62
 1990.80  0.62
 1991.50  0.62
 1992.20  0.62
 1992.90  0.62
 1993.60  0.62
 1994.30  0.62
 1995.00  0.62
 1995.70  0.62
 1996.40  0.62
 1997.10  0.62
 1997.80  0.62
 1998.50  0.62
 1999.20  0.62
 1999.90  0.62
 2000.60  0.62
 2001.30  0.62
 2002.00  0.62
 2002.70  0.62
 2003.40  0.62
 2004.10  0.62
 2004.80  0.62
 2005.50  0.62
 2006.20  0.62
 2006.90  0.62
 2007.60  0.62
 2008.30  0.62
 2009.00  0.62
 2009.70  0.62
 2010.40  0.62
 2011.10  0.62
 2011.80  0.62
 2012.50  0.62
 2013.20  0.62
 2013.90  0.62
 2014.60  0.62
 2015.30  0.62
 2016.00  0.62
 2016.70  0.62
 2017.40  0.62
 2018.10  0.62
 2018.80  0.62
 2019.50  0.62
 2020.20  0.62
 2020.90  0.62
 2021.60  0.62
 2022.30  0.62
 2023.00  0.62
 2023.70  0.62
 2024.40  0.62
 2025.10  0.62
 2025.80  0.62
 2026.50  0.62
 2027.20  0.62
 2027.90  0.62
 2028.60  0.62
 2029.30  0.62
 2030.00  0.62
 2030.70  0.62
 2031.40  0.62
 2032.10  0.62
 2032.80  0.62
 2033.50  0.62
 2034.20  0.62
 2034.90  0.62
 2035.60  0.62
 2036.30  0.62
 2037.00  0.62
 2037.70  0.62
 2038.40  0.62
 2039.10  0.62
 2039.80  0.62
 2040.50  0.62
 2041.20  0.62
 2041.90  0.62
 2042.60  0.62
 2043.30  0.62
 2044.00  0.62
 2044.70  0.62
 2045.40  0.62
 2046.10  0.62
 2046.80  0.62
 2047.50  0.62
 2048.20  0.62
 2048.90  0.62
 2049.60  0.62
 2050.30  0.62
 2051.00  0.62
 2051.70  0.62
 2052.40  0.62
 2053.10  0.62
 2053.80  0.62
 2054.50  0.62
 2055.20  0.62
 2055.90  0.62
 2056.60  0.62
 2057.30  0.62
 2058.00  0.62
 2058.70  0.62
 2059.40  0.62
 2060.10  0.62
 2060.80  0.62
 2061.50  0.62
 2062.20  0.62
 2062.90  0.62
 2063.60  0.62
 2064.30  0.62
 2065.00  0.62
 2065.70  0.62
 2066.40  0.62
 2067.10  0.62
 2067.80  0.62
 2068.50  0.62
 2069.20  0.62
 2069.90  0.62
 2070.60  0.62
 2071.30  0.62
 2072.00  0.62
 2072.70  0.62
 2073.40  0.62
 2074.10  0.62
 2074.80  0.62
 2075.50  0.62
 2076.20  0.62
 2076.90  0.62
 2077.60  0.62
 2078.30  0.62
 2079.00  0.62
 2079.70  0.62
 2080.40  0.62
 2081.10  0.62
 2081.80  0.62
 2082.50  0.62
 2083.20  0.62
 2083.90  0.62
 2084.60  0.62
 2085.30  0.62
 2086.00  0.62
 2086.70  0.62
 2087.40  0.62
 2088.10  0.62
 2088.80  0.62
 2089.50  0.62
 2090.20  0.62
 2090.90  0.62
 2091.60  0.62
 2092.30  0.62
 2093.00  0.62
 2093.70  0.62
 2094.40  0.62
 2095.10  0.62
 2095.80  0.62
 2096.50  0.62
 2097.20  0.62
 2097.90  0.62
 2098.60  0.62
 2099.30  0.62
 2100.00  0.62
 2100.70  0.62
 2101.40  0.62
 2102.10  0.62
 2102.80  0.62
 2103.50  0.62
 2104.20  0.62
 2104.90  0.62
 2105.60  0.62
 2106.30  0.62
 2107.00  0.62
 2107.70  0.62
 2108.40  0.62
 2109.10  0.62
 2109.80  0.62
 2110.50  0.62
 2111.20  0.62
 2111.90  0.62
 2112.60  0.62
 2113.30  0.62
 2114.00  0.62
 2114.70  0.62
 2115.40  0.62
 2116.10  0.62
 2116.80  0.62
 2117.50  0.62
 2118.20  0.62
 2118.90  0.62
 2119.60  0.62
 2120.30  0.62
 2121.00  0.62
 2121.70  0.62
 2122.40  0.62
 2123.10  0.62
 2123.80  0.62
 2124.50  0.62
 2125.20  0.62
 2125.90  0.62
 2126.60  0.62
 2127.30  0.62
 2128.00  0.62
 2128.70  0.62
 2129.40  0.62
 2130.10  0.62
 2130.80  0.62
 2131.50  0.62
 2132.20  0.62
 2132.90  0.62
 2133.60  0.62
 2134.30  0.62
 2135.00  0.62
 2135.70  0.62
 2136.40  0.62
 2137.10  0.62
 2137.80  0.62
 2138.50  0.62
 2139.20  0.62
 2139.90  0.62
 2140.60  0.62
 2141.30  0.62
 2142.00  0.62
 2142.70  0.62
 2143.40  0.62
 2144.10  0.62
 2144.80  0.62
 2145.50  0.62
 2146.20  0.62
 2146.90  0.62
 2147.60  0.62
 2148.30  0.62
 2149.00  0.62
 2149.70  0.62
 2150.40  0.62
 2151.10  0.62
 2151.80  0.62
 2152.50  0.62
 2153.20  0.62
 2153.90  0.62
 2154.60  0.62
 2155.30  0.62
 2156.00  0.62
 2156.70  0.62
 2157.40  0.62
 2158.10  0.62
 2158.80  0.62
 2159.50  0.62
 2160.20  0.62
 2160.90  0.62
 2161.60  0.62
 2162.30  0.62
 2163.00  0.62
 2163.70  0.62
 2164.40  0.62
 2165.10  0.62
 2165.80  0.62
 2166.50  0.62
 2167.20  0.62
 2167.90  0.62
 2168.60  0.62
 2169.30  0.62
 2170.00  0.62
 2170.70  0.62
 2171.40  0.62
 2172.10  0.62
 2172.80  0.62
 2173.50  0.62
 2174.20  0.62
 2174.90  0.62
 2175.60  0.62
 2176.30  0.62
 2177.00  0.62
 2177.70  0.62
 2178.40  0.62
 2179.10  0.62
 2179.80  0.62
 2180.50  0.62
 2181.20  0.62
 2181.90  0.62
 2182.60  0.62
 2183.30  0.62
 2184.00  0.62
 2184.70  0.62
 2185.40  0.62
 2186.10  0.62
 2186.80  0.62
 2187.50  0.62
 2188.20  0.62
 2188.90  0.62
 2189.60  0.62
 2190.30  0.62
 2191.00  0.62
 2191.70  0.62
 2192.40  0.62
 2193.10  0.62
 2193.80  0.62
 2194.50  0.62
 2195.20  0.62
 2195.90  0.62
 2196.60  0.62
 2197.30  0.62
 2198.00  0.62
 2198.70  0.62
 2199.40  0.62
 2200.10  0.62
 2200.80  0.62
 2201.50  0.62
 2202.20  0.62
 2202.90  0.62
 2203.60  0.62
 2204.30  0.62
 2205.00  0.62
 2205.70  0.62
 2206.40  0.62
 2207.10  0.62
 2207.80  0.62
 2208.50  0.62
 2209.20  0.62
 2209.90  0.62
 2210.60  0.62
 2211.30  0.62
 2212.00  0.62
 2212.70  0.62
 2213.40  0.62
 2214.10  0.62
 2214.80  0.62
 2215.50  0.62
 2216.20  0.62
 2216.90  0.62
 2217.60  0.62
 2218.30  0.62
 2219.00  0.62
 2219.70  0.62
 2220.40  0.62
 2221.10  0.62
 2221.80  0.62
 2222.50  0.62
 2223.20  0.62
 2223.90  0.62
 2224.60  0.62
 2225.30  0.62
 2226.00  0.62
 2226.70  0.62
 2227.40  0.62
 2228.10  0.62
 2228.80  0.62
 2229.50  0.62
 2230.20  0.62
 2230.90  0.62
 2231.60  0.62
 2232.30  0.62
 2233.00  0.62
 2233.70  0.62
 2234.40  0.62
 2235.10  0.62
 2235.80  0.62
 2236.50  0.62
 2237.20  0.62
 2237.90  0.62
 2238.60  0.62
 2239.30  0.62
 2240.00  0.62
 2240.70  0.62
 2241.40  0.62
 2242.10  0.62
 2242.80  0.62
 2243.50  0.62
 2244.20  0.62
 2244.90  0.62
 2245.60  0.62
 2246.30  0.62
 2247.00  0.62
 2247.70  0.62
 2248.40  0.62
 2249.10  0.62
 2249.80  0.62
 2250.50  0.62
 2251.20  0.62
 2251.90  0.62
 2252.60  0.62
 2253.30  0.62
 2254.00  0.62
 2254.70  0.62
 2255.40  0.62
 2256.10  0.62
 2256.80  0.62
 2257.50  0.62
 2258.20  0.62
 2258.90  0.62
 2259.60  0.62
 2260.30  0.62
 2261.00  0.62
 2261.70  0.62
 2262.40  0.62
 2263.10  0.62
 2263.80  0.62
 2264.50  0.62
 2265.20  0.62
 2265.90  0.62
 2266.60  0.62
 2267.30  0.62
 2268.00  0.62
 2268.70  0.62
 2269.40  0.62
 2270.10  0.62
 2270.80  0.62
 2271.50  0.62
 2272.20  0.62
 2272.90  0.62
 2273.60  0.62
 2274.30  0.62
 2275.00  0.62
 2275.70  0.62
 2276.40  0.62
 2277.10  0.62
 2277.80  0.62
 2278.50  0.62
 2279.20  0.62
 2279.90  0.62
 2280.60  0.62
 2281.30  0.62
 2282.00  0.62
 2282.70  0.62
 2283.40  0.62
 2284.10  0.62
 2284.80  0.62
 2285.50  0.62
 2286.20  0.62
 2286.90  0.62
 2287.60  0.62
 2288.30  0.62
 2289.00  0.62
 2289.70  0.62
 2290.40  0.62
 2291.10  0.62
 2291.80  0.62
 2292.50  0.62
 2293.20  0.62
 2293.90  0.62
 2294.60  0.62
 2295.30  0.62
 2296.00  0.62
 2296.70  0.62
 2297.40  0.62
 2298.10  0.62
 2298.80  0.62
 2299.50  0.62
 2300.20  0.62
 2300.90  0.62
 2301.60  0.62
 2302.30  0.62
 2303.00  0.62
 2303.70  0.62
 2304.40  0.62
 2305.10  0.62
 2305.80  0.62
 2306.50  0.62
 2307.20  0.62
 2307.90  0.62
 2308.60  0.62
 2309.30  0.62
 2310.00  0.62
 2310.70  0.62
 2311.40  0.62
 2312.10  0.62
 2312.80  0.62
 2313.50  0.62
 2314.20  0.62
 2314.90  0.62
 2315.60  0.62
 2316.30  0.62
 2317.00  0.62
 2317.70  0.62
 2318.40  0.62
 2319.10  0.62
 2319.80  0.62
 2320.50  0.62
 2321.20  0.62
 2321.90  0.62
 2322.60  0.62
 2323.30  0.62
 2324.00  0.62
 2324.70  0.62
 2325.40  0.62
 2326.10  0.62
 2326.80  0.62
 2327.50  0.62
 2328.20  0.62
 2328.90  0.62
 2329.60  0.62
 2330.30  0.62
 2331.00  0.62
 2331.70  0.62
 2332.40  0.62
 2333.10  0.62
 2333.80  0.62
 2334.50  0.62
 2335.20  0.62
 2335.90  0.62
 2336.60  0.62
 2337.30  0.62
 2338.00  0.62
 2338.70  0.62
 2339.40  0.62
 2340.10  0.62
 2340.80  0.62
 2341.50  0.62
 2342.20  0.62
 2342.90  0.62
 2343.60  0.62
 2344.30  0.62
 2345.00  0.62
 2345.70  0.62
 2346.40  0.62
 2347.10  0.62
 2347.80  0.62
 2348.50  0.62
 2349.20  0.62
 2349.90  0.62
 2350.60  0.62
 2351.30  0.62
 2352.00  0.62
 2352.70  0.62
 2353.40  0.62
 2354.10  0.62
 2354.80  0.62
 2355.50  0.62
 2356.20  0.62
 2356.90  0.62
 2357.60  0.62
 2358.30  0.62
 2359.00  0.62
 2359.70  0.62
 2360.40  0.62
 2361.10  0.62
 2361.80  0.62
 2362.50  0.62
 2363.20  0.62
 2363.90  0.62
 2364.60  0.62
 2365.30  0.62
 2366.00  0.62
 2366.70  0.62
 2367.40  0.62
 2368.10  0.62
 2368.80  0.62
 2369.50  0.62
 2370.20  0.62
 2370.90  0.62
 2371.60  0.62
 2372.30  0.62
 2373.00  0.62
 2373.70  0.62
 2374.40  0.62
 2375.10  0.62
 2375.80  0.62
 2376.50  0.62
 2377.20  0.62
 2377.90  0.62
 2378.60  0.62
 2379.30  0.62
 2380.00  0.62
 2380.70  0.62
 2381.40  0.62
 2382.10  0.62
 2382.80  0.62
 2383.50  0.62
 2384.20  0.62
 2384.90  0.62
 2385.60  0.62
 2386.30  0.62
 2387.00  0.62
 2387.70  0.62
 2388.40  0.62
 2389.10  0.62
 2389.80  0.62
 2390.50  0.62
 2391.20  0.62
 2391.90  0.62
 2392.60  0.62
 2393.30  0.62
 2394.00  0.62
 2394.70  0.62
 2395.40  0.62
 2396.10  0.62
 2396.80  0.62
 2397.50  0.62
 2398.20  0.62
 2398.90  0.62
 2399.60  0.62
 2400.30  0.62
 2401.00  0.62
 2401.70  0.62
 2402.40  0.62
 2403.10  0.62
 2403.80  0.62
 2404.50  0.62
 2405.20  0.62
 2405.90  0.62
 2406.60  0.62
 2407.30  0.62
 2408.00  0.62
 2408.70  0.62
 2409.40  0.62
 2410.10  0.62
 2410.80  0.62
 2411.50  0.62
 2412.20  0.62
 2412.90  0.62
 2413.60  0.62
 2414.30  0.62
 2415.00  0.62
 2415.70  0.62
 2416.40  0.62
 2417.10  0.62
 2417.80  0.62
 2418.50  0.62
 2419.20  0.62
 2419.90  0.62
 2420.60  0.62
 2421.30  0.62
 2422.00  0.62
 2422.70  0.62
 2423.40  0.62
 2424.10  0.62
 2424.80  0.62
 2425.50  0.62
 2426.20  0.62
 2426.90  0.62
 2427.60  0.62
 2428.30  0.62
 2429.00  0.62
 2429.70  0.62
 2430.40  0.62
 2431.10  0.62
 2431.80  0.62
 2432.50  0.62
 2433.20  0.62
 2433.90  0.62
 2434.60  0.62
 2435.30  0.62
 2436.00  0.62
 2436.70  0.62
 2437.40  0.62
 2438.10  0.62
 2438.80  0.62
 2439.50  0.62
 2440.20  0.62
 2440.90  0.62
 2441.60  0.62
 2442.30  0.62
 2443.00  0.62
 2443.70  0.62
 2444.40  0.62
 2445.10  0.62
 2445.80  0.62
 2446.50  0.62
 2447.20  0.62
 2447.90  0.62
 2448.60  0.62
 2449.30  0.62
 2450.00  0.62
 2450.70  0.62
 2451.40  0.62
 2452.10  0.62
 2452.80  0.62
 2453.50  0.62
 2454.20  0.62
 2454.90  0.62
 2455.60  0.62
 2456.30  0.62
 2457.00  0.62
 2457.70  0.62
 2458.40  0.62
 2459.10  0.62
 2459.80  0.62
 2460.50  0.62
 2461.20  0.62
 2461.90  0.62
 2462.60  0.62
 2463.30  0.62
 2464.00  0.62
 2464.70  0.62
 2465.40  0.62
 2466.10  0.62
 2466.80  0.62
 2467.50  0.62
 2468.20  0.62
 2468.90  0.62
 2469.60  0.62
 2470.30  0.62
 2471.00  0.62
 2471.70  0.62
 2472.40  0.62
 2473.10  0.62
 2473.80  0.62
 2474.50  0.62
 2475.20  0.62
 2475.90  0.62
 2476.60  0.62
 2477.30  0.62
 2478.00  0.62
 2478.70  0.62
 2479.40  0.62
 2480.10  0.62
 2480.80  0.62
 2481.50  0.62
 2482.20  0.62
 2482.90  0.62
 2483.60  0.62
 2484.30  0.62
 2485.00  0.62
 2485.70  0.62
 2486.40  0.62
 2487.10  0.62
 2487.80  0.62
 2488.50  0.62
 2489.20  0.62
 2489.90  0.62
 2490.60  0.62
 2491.30  0.62
 2492.00  0.62
 2492.70  0.62
 2493.40  0.62
 2494.10  0.62
 2494.80  0.62
 2495.50  0.62
 2496.20  0.62
 2496.90  0.62
 2497.60  0.62
 2498.30  0.62
 2499.00  0.62
 2499.70  0.62
 2500.40  0.62
 2501.10  0.62
 2501.80  0.62
 2502.50  0.62
 2503.20  0.62
 2503.90  0.62
 2504.60  0.62
 2505.30  0.62
 2506.00  0.62
 2506.70  0.62
 2507.40  0.62
 2508.10  0.62
 2508.80  0.62
 2509.50  0.62
 2510.20  0.62
 2510.90  0.62
 2511.60  0.62
 2512.30  0.62
 2513.00  0.62
 2513.70  0.62
 2514.40  0.62
 2515.10  0.62
 2515.80  0.62
 2516.50  0.62
 2517.20  0.62
 2517.90  0.62
 2518.60  0.62
 2519.30  0.62
 2520.00  0.62
 2520.70  0.62
 2521.40  0.62
 2522.10  0.62
 2522.80  0.62
 2523.50  0.62
 2524.20  0.62
 2524.90  0.62
 2525.60  0.62
 2526.30  0.62
 2527.00  0.62
 2527.70  0.62
 2528.40  0.62
 2529.10  0.62
 2529.80  0.62
 2530.50  0.62
 2531.20  0.62
 2531.90  0.62
 2532.60  0.62
 2533.30  0.62
 2534.00  0.62
 2534.70  0.62
 2535.40  0.62
 2536.10  0.62
 2536.80  0.62
 2537.50  0.62
 2538.20  0.62
 2538.90  0.62
 2539.60  0.62
 2540.30  0.62
 2541.00  0.62
 2541.70  0.62
 2542.40  0.62
 2543.10  0.62
 2543.80  0.62
 2544.50  0.62
 2545.20  0.62
 2545.90  0.62
 2546.60  0.62
 2547.30  0.62
 2548.00  0.62
 2548.70  0.62
 2549.40  0.62
 2550.10  0.62
 2550.80  0.62
 2551.50  0.62
 2552.20  0.62
 2552.90  0.62
 2553.60  0.62
 2554.30  0.62
 2555.00  0.62
 2555.70  0.62
 2556.40  0.62
 2557.10  0.62
 2557.80  0.62
 2558.50  0.62
 2559.20  0.62
 2559.90  0.62
 2560.60  0.62
 2561.30  0.62
 2562.00  0.62
 2562.70  0.62
 2563.40  0.62
 2564.10  0.62
 2564.80  0.62
 2565.50  0.62
 2566.20  0.62
 2566.90  0.62
 2567.60  0.62
 2568.30  0.62
 2569.00  0.62
 2569.70  0.62
 2570.40  0.62
 2571.10  0.62
 2571.80  0.62
 2572.50  0.62
 2573.20  0.62
 2573.90  0.62
 2574.60  0.62
 2575.30  0.62
 2576.00  0.62
 2576.70  0.62
 2577.40  0.62
 2578.10  0.62
 2578.80  0.62
 2579.50  0.62
 2580.20  0.62
 2580.90  0.62
 2581.60  0.62
 2582.30  0.62
 2583.00  0.62
 2583.70  0.62
 2584.40  0.62
 2585.10  0.62
 2585.80  0.62
 2586.50  0.62
 2587.20  0.62
 2587.90  0.62
 2588.60  0.62
 2589.30  0.62
 2590.00  0.62
 2590.70  0.62
 2591.40  0.62
 2592.10  0.62
 2592.80  0.62
 2593.50  0.62
 2594.20  0.62
 2594.90  0.62
 2595.60  0.62
 2596.30  0.62
 2597.00  0.62
 2597.70  0.62
 2598.40  0.62
 2599.10  0.62
 2599.80  0.62
 2600.50  0.62
 2601.20  0.62
 2601.90  0.62
 2602.60  0.62
 2603.30  0.62
 2604.00  0.62
 2604.70  0.62
 2605.40  0.62
 2606.10  0.62
 2606.80  0.62
 2607.50  0.62
 2608.20  0.62
 2608.90  0.62
 2609.60  0.62
 2610.30  0.62
 2611.00  0.62
 2611.70  0.62
 2612.40  0.62
 2613.10  0.62
 2613.80  0.62
 2614.50  0.62
 2615.20  0.62
 2615.90  0.62
 2616.60  0.62
 2617.30  0.62
 2618.00  0.62
 2618.70  0.62
 2619.40  0.62
 2620.10  0.62
 2620.80  0.62
 2621.50  0.62
 2622.20  0.62
 2622.90  0.62
 2623.60  0.62
 2624.30  0.62
 2625.00  0.62
 2625.70  0.62
 2626.40  0.62
 2627.10  0.62
 2627.80  0.62
 2628.50  0.62
 2629.20  0.62
 2629.90  0.62
 2630.60  0.62
 2631.30  0.62
 2632.00  0.62
 2632.70  0.62
 2633.40  0.62
 2634.10  0.62
 2634.80  0.62
 2635.50  0.62
 2636.20  0.62
 2636.90  0.62
 2637.60  0.62
 2638.30  0.62
 2639.00  0.62
 2639.70  0.62
 2640.40  0.62
 2641.10  0.62
 2641.80  0.62
 2642.50  0.62
 2643.20  0.62
 2643.90  0.62
 2644.60  0.62
 2645.30  0.62
 2646.00  0.62
 2646.70  0.62
 2647.40  0.62
 2648.10  0.62
 2648.80  0.62
 2649.50  0.62
 2650.20  0.62
 2650.90  0.62
 2651.60  0.62
 2652.30  0.62
 2653.00  0.62
 2653.70  0.62
 2654.40  0.62
 2655.10  0.62
 2655.80  0.62
 2656.50  0.62
 2657.20  0.62
 2657.90  0.62
 2658.60  0.62
 2659.30  0.62
 2660.00  0.62
 2660.70  0.62
 2661.40  0.62
 2662.10  0.62
 2662.80  0.62
 2663.50  0.62
 2664.20  0.62
 2664.90  0.62
 2665.60  0.62
 2666.30  0.62
 2667.00  0.62
 2667.70  0.62
 2668.40  0.62
 2669.10  0.62
 2669.80  0.62
 2670.50  0.62
 2671.20  0.62
 2671.90  0.62
 2672.60  0.62
 2673.30  0.62
 2674.00  0.62
 2674.70  0.62
 2675.40  0.62
 2676.10  0.62
 2676.80  0.62
 2677.50  0.62
 2678.20  0.62
 2678.90  0.62
 2679.60  0.62
 2680.30  0.62
 2681.00  0.62
 2681.70  0.62
 2682.40  0.62
 2683.10  0.62
 2683.80  0.62
 2684.50  0.62
 2685.20  0.62
 2685.90  0.62
 2686.60  0.62
 2687.30  0.62
 2688.00  0.62
 2688.70  0.62
 2689.40  0.62
 2690.10  0.62
 2690.80  0.62
 2691.50  0.62
 2692.20  0.62
 2692.90  0.62
 2693.60  0.62
 2694.30  0.62
 2695.00  0.62
 2695.70  0.62
 2696.40  0.62
 2697.10  0.62
 2697.80  0.62
 2698.50  0.62
 2699.20  0.62
 2699.90  0.62
 2700.60  0.62
 2701.30  0.62
 2702.00  0.62
 2702.70  0.62
 2703.40  0.62
 2704.10  0.62
 2704.80  0.62
 2705.50  0.62
 2706.20  0.62
 2706.90  0.62
 2707.60  0.62
 2708.30  0.62
 2709.00  0.62
 2709.70  0.62
 2710.40  0.62
 2711.10  0.62
 2711.80  0.62
 2712.50  0.62
 2713.20  0.62
 2713.90  0.62
 2714.60  0.62
 2715.30  0.62
 2716.00  0.62
 2716.70  0.62
 2717.40  0.62
 2718.10  0.62
 2718.80  0.62
 2719.50  0.62
 2720.20  0.62
 2720.90  0.62
 2721.60  0.62
 2722.30  0.62
 2723.00  0.62
 2723.70  0.62
 2724.40  0.62
 2725.10  0.62
 2725.80  0.62
 2726.50  0.62
 2727.20  0.62
 2727.90  0.62
 2728.60  0.62
 2729.30  0.62
 2730.00  0.62
 2730.70  0.62
 2731.40  0.62
 2732.10  0.62
 2732.80  0.62
 2733.50  0.62
 2734.20  0.62
 2734.90  0.62
 2735.60  0.62
 2736.30  0.62
 2737.00  0.62
 2737.70  0.62
 2738.40  0.62
 2739.10  0.62
 2739.80  0.62
 2740.50  0.62
 2741.20  0.62
 2741.90  0.62
 2742.60  0.62
 2743.30  0.62
 2744.00  0.62
 2744.70  0.62
 2745.40  0.62
 2746.10  0.62
 2746.80  0.62
 2747.50  0.62
 2748.20  0.62
 2748.90  0.62
 2749.60  0.62
 2750.30  0.62
 2751.00  0.62
 2751.70  0.62
 2752.40  0.62
 2753.10  0.62
 2753.80  0.62
 2754.50  0.62
 2755.20  0.62
 2755.90  0.62
 2756.60  0.62
 2757.30  0.62
 2758.00  0.62
 2758.70  0.62
 2759.40  0.62
 2760.10  0.62
 2760.80  0.62
 2761.50  0.62
 2762.20  0.62
 2762.90  0.62
 2763.60  0.62
 2764.30  0.62
 2765.00  0.62
 2765.70  0.62
 2766.40  0.62
 2767.10  0.62
 2767.80  0.62
 2768.50  0.62
 2769.20  0.62
 2769.90  0.62
 2770.60  0.62
 2771.30  0.62
 2772.00  0.62
 2772.70  0.62
 2773.40  0.62
 2774.10  0.62
 2774.80  0.62
 2775.50  0.62
 2776.20  0.62
 2776.90  0.62
 2777.60  0.62
 2778.30  0.62
 2779.00  0.62
 2779.70  0.62
 2780.40  0.62
 2781.10  0.62
 2781.80  0.62
 2782.50  0.62
 2783.20  0.62
 2783.90  0.62
 2784.60  0.62
 2785.30  0.62
 2786.00  0.62
 2786.70  0.62
 2787.40  0.62
 2788.10  0.62
 2788.80  0.62
 2789.50  0.62
 2790.20  0.62
 2790.90  0.62
 2791.60  0.62
 2792.30  0.62
 2793.00  0.62
 2793.70  0.62
 2794.40  0.62
 2795.10  0.62
 2795.80  0.62
 2796.50  0.62
 2797.20  0.62
 2797.90  0.62
 2798.60  0.62
 2799.30  0.62
 2800.00  0.62
 2800.70  0.62
 2801.40  0.62
 2802.10  0.62
 2802.80  0.62
 2803.50  0.62
 2804.20  0.62
 2804.90  0.62
 2805.60  0.62
 2806.30  0.62
 2807.00  0.62
 2807.70  0.62
 2808.40  0.62
 2809.10  0.62
 2809.80  0.62
 2810.50  0.62
 2811.20  0.62
 2811.90  0.62
 2812.60  0.62
 2813.30  0.62
 2814.00  0.62
 2814.70  0.62
 2815.40  0.62
 2816.10  0.62
 2816.80  0.62
 2817.50  0.62
 2818.20  0.62
 2818.90  0.62
 2819.60  0.62
 2820.30  0.62
 2821.00  0.62
 2821.70  0.62
 2822.40  0.62
 2823.10  0.62
 2823.80  0.62
 2824.50  0.62
 2825.20  0.62
 2825.90  0.62
 2826.60  0.62
 2827.30  0.62
 2828.00  0.62
 2828.70  0.62
 2829.40  0.62
 2830.10  0.62
 2830.80  0.62
 2831.50  0.62
 2832.20  0.62
 2832.90  0.62
 2833.60  0.62
 2834.30  0.62
 2835.00  0.62
 2835.70  0.62
 2836.40  0.62
 2837.10  0.62
 2837.80  0.62
 2838.50  0.62
 2839.20  0.62
 2839.90  0.62
 2840.60  0.62
 2841.30  0.62
 2842.00  0.62
 2842.70  0.62
 2843.40  0.62
 2844.10  0.62
 2844.80  0.62
 2845.50  0.62
 2846.20  0.62
 2846.90  0.62
 2847.60  0.62
 2848.30  0.62
 2849.00  0.62
 2849.70  0.62
 2850.40  0.62
 2851.10  0.62
 2851.80  0.62
 2852.50  0.62
 2853.20  0.62
 2853.90  0.62
 2854.60  0.62
 2855.30  0.62
 2856.00  0.62
 2856.70  0.62
 2857.40  0.62
 2858.10  0.62
 2858.80  0.62
 2859.50  0.62
 2860.20  0.62
 2860.90  0.62
 2861.60  0.62
 2862.30  0.62
 2863.00  0.62
 2863.70  0.62
 2864.40  0.62
 2865.10  0.62
 2865.80  0.62
 2866.50  0.62
 2867.20  0.62
 2867.90  0.62
 2868.60  0.62
 2869.30  0.62
 2870.00  0.62
 2870.70  0.62
 2871.40  0.62
 2872.10  0.62
 2872.80  0.62
 2873.50  0.62
 2874.20  0.62
 2874.90  0.62
 2875.60  0.62
 2876.30  0.62
 2877.00  0.62
 2877.70  0.62
 2878.40  0.62
 2879.10  0.62
 2879.80  0.62
 2880.50  0.62
 2881.20  0.62
 2881.90  0.62
 2882.60  0.62
 2883.30  0.62
 2884.00  0.62
 2884.70  0.62
 2885.40  0.62
 2886.10  0.62
 2886.80  0.62
 2887.50  0.62
 2888.20  0.62
 2888.90  0.62
 2889.60  0.62
 2890.30  0.62
 2891.00  0.62
 2891.70  0.62
 2892.40  0.62
 2893.10  0.62
 2893.80  0.62
 2894.50  0.62
 2895.20  0.62
 2895.90  0.62
 2896.60  0.62
 2897.30  0.62
 2898.00  0.62
 2898.70  0.62
 2899.40  0.62
 2900.10  0.62
 2900.80  0.62
 2901.50  0.62
 2902.20  0.62
 2902.90  0.62
 2903.60  0.62
 2904.30  0.62
 2905.00  0.62
 2905.70  0.62
 2906.40  0.62
 2907.10  0.62
 2907.80  0.62
 2908.50  0.62
 2909.20  0.62
 2909.90  0.62
 2910.60  0.62
 2911.30  0.62
 2912.00  0.62
 2912.70  0.62
 2913.40  0.62
 2914.10  0.62
 2914.80  0.62
 2915.50  0.62
 2916.20  0.62
 2916.90  0.62
 2917.60  0.62
 2918.30  0.62
 2919.00  0.62
 2919.70  0.62
 2920.40  0.62
 2921.10  0.62
 2921.80  0.62
 2922.50  0.62
 2923.20  0.62
 2923.90  0.62
 2924.60  0.62
 2925.30  0.62
 2926.00  0.62
 2926.70  0.62
 2927.40  0.62
 2928.10  0.62
 2928.80  0.62
 2929.50  0.62
 2930.20  0.62
 2930.90  0.62
 2931.60  0.62
 2932.30  0.62
 2933.00  0.62
 2933.70  0.62
 2934.40  0.62
 2935.10  0.62
 2935.80  0.62
 2936.50  0.62
 2937.20  0.62
 2937.90  0.62
 2938.60  0.62
 2939.30  0.62
 2940.00  0.62
 2940.70  0.62
 2941.40  0.62
 2942.10  0.62
 2942.80  0.62
 2943.50  0.62
 2944.20  0.62
 2944.90  0.62
 2945.60  0.62
 2946.30  0.62
 2947.00  0.62
 2947.70  0.62
 2948.40  0.62
 2949.10  0.62
 2949.80  0.62
 2950.50  0.62
 2951.20  0.62
 2951.90  0.62
 2952.60  0.62
 2953.30  0.62
 2954.00  0.62
 2954.70  0.62
 2955.40  0.62
 2956.10  0.62
 2956.80  0.62
 2957.50  0.62
 2958.20  0.62
 2958.90  0.62
 2959.60  0.62
 2960.30  0.62
 2961.00  0.62
 2961.70  0.62
 2962.40  0.62
 2963.10  0.62
 2963.80  0.62
 2964.50  0.62
 2965.20  0.62
 2965.90  0.62
 2966.60  0.62
 2967.30  0.62
 2968.00  0.62
 2968.70  0.62
 2969.40  0.62
 2970.10  0.62
 2970.80  0.62
 2971.50  0.62
 2972.20  0.62
 2972.90  0.62
 2973.60  0.62
 2974.30  0.62
 2975.00  0.62
 2975.70  0.62
 2976.40  0.62
 2977.10  0.62
 2977.80  0.62
 2978.50  0.62
 2979.20  0.62
 2979.90  0.62
 2980.60  0.62
 2981.30  0.62
 2982.00  0.62
 2982.70  0.62
 2983.40  0.62
 2984.10  0.62
 2984.80  0.62
 2985.50  0.62
 2986.20  0.62
 2986.90  0.62
 2987.60  0.62
 2988.30  0.62
 2989.00  0.62
 2989.70  0.62
 2990.40  0.62
 2991.10  0.62
 2991.80  0.62
 2992.50  0.62
 2993.20  0.62
 2993.90  0.62
 2994.60  0.62
 2995.30  0.62
 2996.00  0.62
 2996.70  0.62
 2997.40  0.62
 2998.10  0.62
 2998.80  0.62
 2999.50  0.62
