#Navio B MarAd
#Manobra de Curva Giro
#
#Beta 
#
#temp      rot 
 0.00  -0.00
 0.70  -0.00
 1.40  -0.00
 2.10  0.00
 2.80  0.00
 3.50  0.00
 4.20  0.00
 4.90  0.00
 5.60  0.00
 6.30  0.01
 7.00  0.01
 7.70  0.01
 8.40  0.01
 9.10  0.01
 9.80  0.01
 10.50  0.01
 11.20  0.01
 11.90  0.01
 12.60  0.01
 13.30  0.01
 14.00  0.01
 14.70  0.02
 15.40  0.02
 16.10  0.02
 16.80  0.02
 17.50  0.02
 18.20  0.02
 18.90  0.02
 19.60  0.02
 20.30  0.02
 21.00  0.02
 21.70  0.03
 22.40  0.03
 23.10  0.03
 23.80  0.03
 24.50  0.03
 25.20  0.03
 25.90  0.03
 26.60  0.03
 27.30  0.03
 28.00  0.04
 28.70  0.04
 29.40  0.04
 30.10  0.04
 30.80  0.04
 31.50  0.04
 32.20  0.04
 32.90  0.04
 33.60  0.04
 34.30  0.05
 35.00  0.05
 35.70  0.05
 36.40  0.05
 37.10  0.05
 37.80  0.05
 38.50  0.05
 39.20  0.05
 39.90  0.06
 40.60  0.06
 41.30  0.06
 42.00  0.06
 42.70  0.06
 43.40  0.06
 44.10  0.06
 44.80  0.06
 45.50  0.07
 46.20  0.07
 46.90  0.07
 47.60  0.07
 48.30  0.07
 49.00  0.07
 49.70  0.07
 50.40  0.07
 51.10  0.08
 51.80  0.08
 52.50  0.08
 53.20  0.08
 53.90  0.08
 54.60  0.08
 55.30  0.08
 56.00  0.08
 56.70  0.09
 57.40  0.09
 58.10  0.09
 58.80  0.09
 59.50  0.09
 60.20  0.09
 60.90  0.09
 61.60  0.09
 62.30  0.10
 63.00  0.10
 63.70  0.10
 64.40  0.10
 65.10  0.10
 65.80  0.10
 66.50  0.10
 67.20  0.10
 67.90  0.11
 68.60  0.11
 69.30  0.11
 70.00  0.11
 70.70  0.11
 71.40  0.11
 72.10  0.11
 72.80  0.11
 73.50  0.12
 74.20  0.12
 74.90  0.12
 75.60  0.12
 76.30  0.12
 77.00  0.12
 77.70  0.12
 78.40  0.12
 79.10  0.13
 79.80  0.13
 80.50  0.13
 81.20  0.13
 81.90  0.13
 82.60  0.13
 83.30  0.13
 84.00  0.13
 84.70  0.14
 85.40  0.14
 86.10  0.14
 86.80  0.14
 87.50  0.14
 88.20  0.14
 88.90  0.14
 89.60  0.14
 90.30  0.15
 91.00  0.15
 91.70  0.15
 92.40  0.15
 93.10  0.15
 93.80  0.15
 94.50  0.15
 95.20  0.15
 95.90  0.15
 96.60  0.16
 97.30  0.16
 98.00  0.16
 98.70  0.16
 99.40  0.16
 100.10  0.16
 100.80  0.16
 101.50  0.16
 102.20  0.16
 102.90  0.17
 103.60  0.17
 104.30  0.17
 105.00  0.17
 105.70  0.17
 106.40  0.17
 107.10  0.17
 107.80  0.17
 108.50  0.17
 109.20  0.18
 109.90  0.18
 110.60  0.18
 111.30  0.18
 112.00  0.18
 112.70  0.18
 113.40  0.18
 114.10  0.18
 114.80  0.18
 115.50  0.19
 116.20  0.19
 116.90  0.19
 117.60  0.19
 118.30  0.19
 119.00  0.19
 119.70  0.19
 120.40  0.19
 121.10  0.19
 121.80  0.19
 122.50  0.20
 123.20  0.20
 123.90  0.20
 124.60  0.20
 125.30  0.20
 126.00  0.20
 126.70  0.20
 127.40  0.20
 128.10  0.20
 128.80  0.20
 129.50  0.21
 130.20  0.21
 130.90  0.21
 131.60  0.21
 132.30  0.21
 133.00  0.21
 133.70  0.21
 134.40  0.21
 135.10  0.21
 135.80  0.21
 136.50  0.21
 137.20  0.22
 137.90  0.22
 138.60  0.22
 139.30  0.22
 140.00  0.22
 140.70  0.22
 141.40  0.22
 142.10  0.22
 142.80  0.22
 143.50  0.22
 144.20  0.22
 144.90  0.22
 145.60  0.23
 146.30  0.23
 147.00  0.23
 147.70  0.23
 148.40  0.23
 149.10  0.23
 149.80  0.23
 150.50  0.23
 151.20  0.23
 151.90  0.23
 152.60  0.23
 153.30  0.23
 154.00  0.24
 154.70  0.24
 155.40  0.24
 156.10  0.24
 156.80  0.24
 157.50  0.24
 158.20  0.24
 158.90  0.24
 159.60  0.24
 160.30  0.24
 161.00  0.24
 161.70  0.24
 162.40  0.24
 163.10  0.25
 163.80  0.25
 164.50  0.25
 165.20  0.25
 165.90  0.25
 166.60  0.25
 167.30  0.25
 168.00  0.25
 168.70  0.25
 169.40  0.25
 170.10  0.25
 170.80  0.25
 171.50  0.25
 172.20  0.25
 172.90  0.25
 173.60  0.26
 174.30  0.26
 175.00  0.26
 175.70  0.26
 176.40  0.26
 177.10  0.26
 177.80  0.26
 178.50  0.26
 179.20  0.26
 179.90  0.26
 180.60  0.26
 181.30  0.26
 182.00  0.26
 182.70  0.26
 183.40  0.26
 184.10  0.27
 184.80  0.27
 185.50  0.27
 186.20  0.27
 186.90  0.27
 187.60  0.27
 188.30  0.27
 189.00  0.27
 189.70  0.27
 190.40  0.27
 191.10  0.27
 191.80  0.27
 192.50  0.27
 193.20  0.27
 193.90  0.27
 194.60  0.27
 195.30  0.27
 196.00  0.27
 196.70  0.28
 197.40  0.28
 198.10  0.28
 198.80  0.28
 199.50  0.28
 200.20  0.28
 200.90  0.28
 201.60  0.28
 202.30  0.28
 203.00  0.28
 203.70  0.28
 204.40  0.28
 205.10  0.28
 205.80  0.28
 206.50  0.28
 207.20  0.28
 207.90  0.28
 208.60  0.28
 209.30  0.28
 210.00  0.28
 210.70  0.29
 211.40  0.29
 212.10  0.29
 212.80  0.29
 213.50  0.29
 214.20  0.29
 214.90  0.29
 215.60  0.29
 216.30  0.29
 217.00  0.29
 217.70  0.29
 218.40  0.29
 219.10  0.29
 219.80  0.29
 220.50  0.29
 221.20  0.29
 221.90  0.29
 222.60  0.29
 223.30  0.29
 224.00  0.29
 224.70  0.29
 225.40  0.29
 226.10  0.30
 226.80  0.30
 227.50  0.30
 228.20  0.30
 228.90  0.30
 229.60  0.30
 230.30  0.30
 231.00  0.30
 231.70  0.30
 232.40  0.30
 233.10  0.30
 233.80  0.30
 234.50  0.30
 235.20  0.30
 235.90  0.30
 236.60  0.30
 237.30  0.30
 238.00  0.30
 238.70  0.30
 239.40  0.30
 240.10  0.30
 240.80  0.30
 241.50  0.30
 242.20  0.30
 242.90  0.30
 243.60  0.30
 244.30  0.30
 245.00  0.31
 245.70  0.31
 246.40  0.31
 247.10  0.31
 247.80  0.31
 248.50  0.31
 249.20  0.31
 249.90  0.31
 250.60  0.31
 251.30  0.31
 252.00  0.31
 252.70  0.31
 253.40  0.31
 254.10  0.31
 254.80  0.31
 255.50  0.31
 256.20  0.31
 256.90  0.31
 257.60  0.31
 258.30  0.31
 259.00  0.31
 259.70  0.31
 260.40  0.31
 261.10  0.31
 261.80  0.31
 262.50  0.31
 263.20  0.31
 263.90  0.31
 264.60  0.31
 265.30  0.31
 266.00  0.31
 266.70  0.31
 267.40  0.31
 268.10  0.32
 268.80  0.32
 269.50  0.32
 270.20  0.32
 270.90  0.32
 271.60  0.32
 272.30  0.32
 273.00  0.32
 273.70  0.32
 274.40  0.32
 275.10  0.32
 275.80  0.32
 276.50  0.32
 277.20  0.32
 277.90  0.32
 278.60  0.32
 279.30  0.32
 280.00  0.32
 280.70  0.32
 281.40  0.32
 282.10  0.32
 282.80  0.32
 283.50  0.32
 284.20  0.32
 284.90  0.32
 285.60  0.32
 286.30  0.32
 287.00  0.32
 287.70  0.32
 288.40  0.32
 289.10  0.32
 289.80  0.32
 290.50  0.32
 291.20  0.32
 291.90  0.32
 292.60  0.32
 293.30  0.32
 294.00  0.32
 294.70  0.32
 295.40  0.32
 296.10  0.32
 296.80  0.32
 297.50  0.32
 298.20  0.32
 298.90  0.33
 299.60  0.33
 300.30  0.33
 301.00  0.33
 301.70  0.33
 302.40  0.33
 303.10  0.33
 303.80  0.33
 304.50  0.33
 305.20  0.33
 305.90  0.33
 306.60  0.33
 307.30  0.33
 308.00  0.33
 308.70  0.33
 309.40  0.33
 310.10  0.33
 310.80  0.33
 311.50  0.33
 312.20  0.33
 312.90  0.33
 313.60  0.33
 314.30  0.33
 315.00  0.33
 315.70  0.33
 316.40  0.33
 317.10  0.33
 317.80  0.33
 318.50  0.33
 319.20  0.33
 319.90  0.33
 320.60  0.33
 321.30  0.33
 322.00  0.33
 322.70  0.33
 323.40  0.33
 324.10  0.33
 324.80  0.33
 325.50  0.33
 326.20  0.33
 326.90  0.33
 327.60  0.33
 328.30  0.33
 329.00  0.33
 329.70  0.33
 330.40  0.33
 331.10  0.33
 331.80  0.33
 332.50  0.33
 333.20  0.33
 333.90  0.33
 334.60  0.33
 335.30  0.33
 336.00  0.33
 336.70  0.33
 337.40  0.33
 338.10  0.33
 338.80  0.33
 339.50  0.33
 340.20  0.33
 340.90  0.33
 341.60  0.33
 342.30  0.33
 343.00  0.33
 343.70  0.33
 344.40  0.33
 345.10  0.34
 345.80  0.34
 346.50  0.34
 347.20  0.34
 347.90  0.34
 348.60  0.34
 349.30  0.34
 350.00  0.34
 350.70  0.34
 351.40  0.34
 352.10  0.34
 352.80  0.34
 353.50  0.34
 354.20  0.34
 354.90  0.34
 355.60  0.34
 356.30  0.34
 357.00  0.34
 357.70  0.34
 358.40  0.34
 359.10  0.34
 359.80  0.34
 360.50  0.34
 361.20  0.34
 361.90  0.34
 362.60  0.34
 363.30  0.34
 364.00  0.34
 364.70  0.34
 365.40  0.34
 366.10  0.34
 366.80  0.34
 367.50  0.34
 368.20  0.34
 368.90  0.34
 369.60  0.34
 370.30  0.34
 371.00  0.34
 371.70  0.34
 372.40  0.34
 373.10  0.34
 373.80  0.34
 374.50  0.34
 375.20  0.34
 375.90  0.34
 376.60  0.34
 377.30  0.34
 378.00  0.34
 378.70  0.34
 379.40  0.34
 380.10  0.34
 380.80  0.34
 381.50  0.34
 382.20  0.34
 382.90  0.34
 383.60  0.34
 384.30  0.34
 385.00  0.34
 385.70  0.34
 386.40  0.34
 387.10  0.34
 387.80  0.34
 388.50  0.34
 389.20  0.34
 389.90  0.34
 390.60  0.34
 391.30  0.34
 392.00  0.34
 392.70  0.34
 393.40  0.34
 394.10  0.34
 394.80  0.34
 395.50  0.34
 396.20  0.34
 396.90  0.34
 397.60  0.34
 398.30  0.34
 399.00  0.34
 399.70  0.34
 400.40  0.34
 401.10  0.34
 401.80  0.34
 402.50  0.34
 403.20  0.34
 403.90  0.34
 404.60  0.34
 405.30  0.34
 406.00  0.34
 406.70  0.34
 407.40  0.34
 408.10  0.34
 408.80  0.34
 409.50  0.34
 410.20  0.34
 410.90  0.34
 411.60  0.34
 412.30  0.34
 413.00  0.34
 413.70  0.34
 414.40  0.34
 415.10  0.34
 415.80  0.34
 416.50  0.34
 417.20  0.34
 417.90  0.34
 418.60  0.34
 419.30  0.34
 420.00  0.34
 420.70  0.34
 421.40  0.34
 422.10  0.34
 422.80  0.34
 423.50  0.34
 424.20  0.34
 424.90  0.34
 425.60  0.34
 426.30  0.34
 427.00  0.34
 427.70  0.34
 428.40  0.34
 429.10  0.34
 429.80  0.34
 430.50  0.34
 431.20  0.34
 431.90  0.34
 432.60  0.34
 433.30  0.34
 434.00  0.34
 434.70  0.34
 435.40  0.34
 436.10  0.34
 436.80  0.34
 437.50  0.34
 438.20  0.34
 438.90  0.34
 439.60  0.34
 440.30  0.34
 441.00  0.34
 441.70  0.34
 442.40  0.34
 443.10  0.34
 443.80  0.34
 444.50  0.34
 445.20  0.34
 445.90  0.34
 446.60  0.34
 447.30  0.34
 448.00  0.34
 448.70  0.34
 449.40  0.34
 450.10  0.34
 450.80  0.34
 451.50  0.34
 452.20  0.34
 452.90  0.34
 453.60  0.34
 454.30  0.34
 455.00  0.34
 455.70  0.34
 456.40  0.34
 457.10  0.34
 457.80  0.34
 458.50  0.34
 459.20  0.34
 459.90  0.34
 460.60  0.34
 461.30  0.34
 462.00  0.34
 462.70  0.34
 463.40  0.34
 464.10  0.34
 464.80  0.34
 465.50  0.34
 466.20  0.34
 466.90  0.34
 467.60  0.34
 468.30  0.34
 469.00  0.34
 469.70  0.34
 470.40  0.34
 471.10  0.34
 471.80  0.34
 472.50  0.34
 473.20  0.34
 473.90  0.34
 474.60  0.34
 475.30  0.34
 476.00  0.34
 476.70  0.34
 477.40  0.34
 478.10  0.34
 478.80  0.34
 479.50  0.34
 480.20  0.34
 480.90  0.34
 481.60  0.34
 482.30  0.34
 483.00  0.34
 483.70  0.34
 484.40  0.34
 485.10  0.34
 485.80  0.34
 486.50  0.34
 487.20  0.34
 487.90  0.34
 488.60  0.34
 489.30  0.34
 490.00  0.34
 490.70  0.34
 491.40  0.34
 492.10  0.34
 492.80  0.34
 493.50  0.34
 494.20  0.34
 494.90  0.34
 495.60  0.34
 496.30  0.34
 497.00  0.34
 497.70  0.34
 498.40  0.34
 499.10  0.34
 499.80  0.34
 500.50  0.34
 501.20  0.34
 501.90  0.34
 502.60  0.34
 503.30  0.34
 504.00  0.34
 504.70  0.34
 505.40  0.34
 506.10  0.34
 506.80  0.34
 507.50  0.34
 508.20  0.34
 508.90  0.34
 509.60  0.34
 510.30  0.34
 511.00  0.34
 511.70  0.34
 512.40  0.34
 513.10  0.34
 513.80  0.34
 514.50  0.34
 515.20  0.34
 515.90  0.34
 516.60  0.34
 517.30  0.34
 518.00  0.34
 518.70  0.34
 519.40  0.34
 520.10  0.34
 520.80  0.34
 521.50  0.34
 522.20  0.34
 522.90  0.34
 523.60  0.34
 524.30  0.34
 525.00  0.34
 525.70  0.34
 526.40  0.34
 527.10  0.34
 527.80  0.34
 528.50  0.34
 529.20  0.34
 529.90  0.34
 530.60  0.34
 531.30  0.34
 532.00  0.34
 532.70  0.34
 533.40  0.34
 534.10  0.34
 534.80  0.34
 535.50  0.34
 536.20  0.34
 536.90  0.34
 537.60  0.34
 538.30  0.34
 539.00  0.34
 539.70  0.34
 540.40  0.34
 541.10  0.34
 541.80  0.34
 542.50  0.34
 543.20  0.34
 543.90  0.34
 544.60  0.34
 545.30  0.34
 546.00  0.34
 546.70  0.34
 547.40  0.34
 548.10  0.34
 548.80  0.34
 549.50  0.34
 550.20  0.34
 550.90  0.34
 551.60  0.34
 552.30  0.34
 553.00  0.34
 553.70  0.34
 554.40  0.34
 555.10  0.34
 555.80  0.34
 556.50  0.34
 557.20  0.34
 557.90  0.34
 558.60  0.34
 559.30  0.34
 560.00  0.34
 560.70  0.34
 561.40  0.34
 562.10  0.34
 562.80  0.34
 563.50  0.34
 564.20  0.34
 564.90  0.34
 565.60  0.34
 566.30  0.34
 567.00  0.34
 567.70  0.34
 568.40  0.34
 569.10  0.34
 569.80  0.34
 570.50  0.34
 571.20  0.34
 571.90  0.34
 572.60  0.34
 573.30  0.34
 574.00  0.34
 574.70  0.34
 575.40  0.34
 576.10  0.34
 576.80  0.34
 577.50  0.34
 578.20  0.34
 578.90  0.34
 579.60  0.34
 580.30  0.34
 581.00  0.34
 581.70  0.34
 582.40  0.34
 583.10  0.34
 583.80  0.34
 584.50  0.34
 585.20  0.34
 585.90  0.34
 586.60  0.34
 587.30  0.34
 588.00  0.34
 588.70  0.34
 589.40  0.34
 590.10  0.34
 590.80  0.34
 591.50  0.34
 592.20  0.34
 592.90  0.34
 593.60  0.34
 594.30  0.34
 595.00  0.34
 595.70  0.34
 596.40  0.34
 597.10  0.34
 597.80  0.34
 598.50  0.34
 599.20  0.34
 599.90  0.34
 600.60  0.34
 601.30  0.34
 602.00  0.34
 602.70  0.34
 603.40  0.34
 604.10  0.34
 604.80  0.34
 605.50  0.34
 606.20  0.34
 606.90  0.34
 607.60  0.34
 608.30  0.34
 609.00  0.34
 609.70  0.34
 610.40  0.34
 611.10  0.34
 611.80  0.34
 612.50  0.34
 613.20  0.34
 613.90  0.34
 614.60  0.34
 615.30  0.34
 616.00  0.34
 616.70  0.34
 617.40  0.34
 618.10  0.34
 618.80  0.34
 619.50  0.34
 620.20  0.34
 620.90  0.34
 621.60  0.34
 622.30  0.34
 623.00  0.34
 623.70  0.34
 624.40  0.34
 625.10  0.34
 625.80  0.34
 626.50  0.34
 627.20  0.34
 627.90  0.34
 628.60  0.34
 629.30  0.34
 630.00  0.34
 630.70  0.34
 631.40  0.34
 632.10  0.34
 632.80  0.34
 633.50  0.34
 634.20  0.34
 634.90  0.34
 635.60  0.34
 636.30  0.34
 637.00  0.34
 637.70  0.34
 638.40  0.34
 639.10  0.34
 639.80  0.34
 640.50  0.34
 641.20  0.34
 641.90  0.34
 642.60  0.34
 643.30  0.34
 644.00  0.34
 644.70  0.34
 645.40  0.34
 646.10  0.34
 646.80  0.34
 647.50  0.34
 648.20  0.34
 648.90  0.34
 649.60  0.34
 650.30  0.34
 651.00  0.34
 651.70  0.34
 652.40  0.34
 653.10  0.34
 653.80  0.34
 654.50  0.34
 655.20  0.34
 655.90  0.34
 656.60  0.34
 657.30  0.34
 658.00  0.34
 658.70  0.34
 659.40  0.34
 660.10  0.34
 660.80  0.34
 661.50  0.34
 662.20  0.34
 662.90  0.34
 663.60  0.34
 664.30  0.34
 665.00  0.34
 665.70  0.34
 666.40  0.34
 667.10  0.34
 667.80  0.34
 668.50  0.34
 669.20  0.34
 669.90  0.34
 670.60  0.34
 671.30  0.34
 672.00  0.34
 672.70  0.34
 673.40  0.34
 674.10  0.34
 674.80  0.34
 675.50  0.34
 676.20  0.34
 676.90  0.33
 677.60  0.33
 678.30  0.33
 679.00  0.33
 679.70  0.33
 680.40  0.33
 681.10  0.33
 681.80  0.33
 682.50  0.33
 683.20  0.33
 683.90  0.33
 684.60  0.33
 685.30  0.33
 686.00  0.33
 686.70  0.33
 687.40  0.33
 688.10  0.33
 688.80  0.33
 689.50  0.33
 690.20  0.33
 690.90  0.33
 691.60  0.33
 692.30  0.33
 693.00  0.33
 693.70  0.33
 694.40  0.33
 695.10  0.33
 695.80  0.33
 696.50  0.33
 697.20  0.33
 697.90  0.33
 698.60  0.33
 699.30  0.33
 700.00  0.33
 700.70  0.33
 701.40  0.33
 702.10  0.33
 702.80  0.33
 703.50  0.33
 704.20  0.33
 704.90  0.33
 705.60  0.33
 706.30  0.33
 707.00  0.33
 707.70  0.33
 708.40  0.33
 709.10  0.33
 709.80  0.33
 710.50  0.33
 711.20  0.33
 711.90  0.33
 712.60  0.33
 713.30  0.33
 714.00  0.33
 714.70  0.33
 715.40  0.33
 716.10  0.33
 716.80  0.33
 717.50  0.33
 718.20  0.33
 718.90  0.33
 719.60  0.33
 720.30  0.33
 721.00  0.33
 721.70  0.33
 722.40  0.33
 723.10  0.33
 723.80  0.33
 724.50  0.33
 725.20  0.33
 725.90  0.33
 726.60  0.33
 727.30  0.33
 728.00  0.33
 728.70  0.33
 729.40  0.33
 730.10  0.33
 730.80  0.33
 731.50  0.33
 732.20  0.33
 732.90  0.33
 733.60  0.33
 734.30  0.33
 735.00  0.33
 735.70  0.33
 736.40  0.33
 737.10  0.33
 737.80  0.33
 738.50  0.33
 739.20  0.33
 739.90  0.33
 740.60  0.33
 741.30  0.33
 742.00  0.33
 742.70  0.33
 743.40  0.33
 744.10  0.33
 744.80  0.33
 745.50  0.33
 746.20  0.33
 746.90  0.33
 747.60  0.33
 748.30  0.33
 749.00  0.33
 749.70  0.33
 750.40  0.33
 751.10  0.33
 751.80  0.33
 752.50  0.33
 753.20  0.33
 753.90  0.33
 754.60  0.33
 755.30  0.33
 756.00  0.33
 756.70  0.33
 757.40  0.33
 758.10  0.33
 758.80  0.33
 759.50  0.33
 760.20  0.33
 760.90  0.33
 761.60  0.33
 762.30  0.33
 763.00  0.33
 763.70  0.33
 764.40  0.33
 765.10  0.33
 765.80  0.33
 766.50  0.33
 767.20  0.33
 767.90  0.33
 768.60  0.33
 769.30  0.33
 770.00  0.33
 770.70  0.33
 771.40  0.33
 772.10  0.33
 772.80  0.33
 773.50  0.33
 774.20  0.33
 774.90  0.33
 775.60  0.33
 776.30  0.33
 777.00  0.33
 777.70  0.33
 778.40  0.33
 779.10  0.33
 779.80  0.33
 780.50  0.33
 781.20  0.33
 781.90  0.33
 782.60  0.33
 783.30  0.33
 784.00  0.33
 784.70  0.33
 785.40  0.33
 786.10  0.33
 786.80  0.33
 787.50  0.33
 788.20  0.33
 788.90  0.33
 789.60  0.33
 790.30  0.33
 791.00  0.33
 791.70  0.33
 792.40  0.33
 793.10  0.33
 793.80  0.33
 794.50  0.33
 795.20  0.33
 795.90  0.33
 796.60  0.33
 797.30  0.33
 798.00  0.33
 798.70  0.33
 799.40  0.33
 800.10  0.33
 800.80  0.33
 801.50  0.33
 802.20  0.33
 802.90  0.33
 803.60  0.33
 804.30  0.33
 805.00  0.33
 805.70  0.33
 806.40  0.33
 807.10  0.33
 807.80  0.33
 808.50  0.33
 809.20  0.33
 809.90  0.33
 810.60  0.33
 811.30  0.33
 812.00  0.33
 812.70  0.33
 813.40  0.33
 814.10  0.33
 814.80  0.33
 815.50  0.33
 816.20  0.33
 816.90  0.33
 817.60  0.33
 818.30  0.33
 819.00  0.33
 819.70  0.33
 820.40  0.33
 821.10  0.33
 821.80  0.33
 822.50  0.33
 823.20  0.33
 823.90  0.33
 824.60  0.33
 825.30  0.33
 826.00  0.33
 826.70  0.33
 827.40  0.33
 828.10  0.33
 828.80  0.33
 829.50  0.33
 830.20  0.33
 830.90  0.33
 831.60  0.33
 832.30  0.33
 833.00  0.33
 833.70  0.33
 834.40  0.33
 835.10  0.33
 835.80  0.33
 836.50  0.33
 837.20  0.33
 837.90  0.33
 838.60  0.33
 839.30  0.33
 840.00  0.33
 840.70  0.33
 841.40  0.33
 842.10  0.33
 842.80  0.33
 843.50  0.33
 844.20  0.33
 844.90  0.33
 845.60  0.33
 846.30  0.33
 847.00  0.33
 847.70  0.33
 848.40  0.33
 849.10  0.33
 849.80  0.33
 850.50  0.33
 851.20  0.33
 851.90  0.33
 852.60  0.33
 853.30  0.33
 854.00  0.33
 854.70  0.33
 855.40  0.33
 856.10  0.33
 856.80  0.33
 857.50  0.33
 858.20  0.33
 858.90  0.33
 859.60  0.33
 860.30  0.33
 861.00  0.33
 861.70  0.33
 862.40  0.33
 863.10  0.33
 863.80  0.33
 864.50  0.33
 865.20  0.33
 865.90  0.33
 866.60  0.33
 867.30  0.33
 868.00  0.33
 868.70  0.33
 869.40  0.33
 870.10  0.33
 870.80  0.33
 871.50  0.33
 872.20  0.33
 872.90  0.33
 873.60  0.33
 874.30  0.33
 875.00  0.33
 875.70  0.33
 876.40  0.33
 877.10  0.33
 877.80  0.33
 878.50  0.32
 879.20  0.32
 879.90  0.32
 880.60  0.32
 881.30  0.32
 882.00  0.32
 882.70  0.32
 883.40  0.32
 884.10  0.32
 884.80  0.32
 885.50  0.32
 886.20  0.32
 886.90  0.32
 887.60  0.32
 888.30  0.32
 889.00  0.32
 889.70  0.32
 890.40  0.32
 891.10  0.32
 891.80  0.32
 892.50  0.32
 893.20  0.32
 893.90  0.32
 894.60  0.32
 895.30  0.32
 896.00  0.32
 896.70  0.32
 897.40  0.32
 898.10  0.32
 898.80  0.32
 899.50  0.32
 900.20  0.32
 900.90  0.32
 901.60  0.32
 902.30  0.32
 903.00  0.32
 903.70  0.32
 904.40  0.32
 905.10  0.32
 905.80  0.32
 906.50  0.32
 907.20  0.32
 907.90  0.32
 908.60  0.32
 909.30  0.32
 910.00  0.32
 910.70  0.32
 911.40  0.32
 912.10  0.32
 912.80  0.32
 913.50  0.32
 914.20  0.32
 914.90  0.32
 915.60  0.32
 916.30  0.32
 917.00  0.32
 917.70  0.32
 918.40  0.32
 919.10  0.32
 919.80  0.32
 920.50  0.32
 921.20  0.32
 921.90  0.32
 922.60  0.32
 923.30  0.32
 924.00  0.32
 924.70  0.32
 925.40  0.32
 926.10  0.32
 926.80  0.32
 927.50  0.32
 928.20  0.32
 928.90  0.32
 929.60  0.32
 930.30  0.32
 931.00  0.32
 931.70  0.32
 932.40  0.32
 933.10  0.32
 933.80  0.32
 934.50  0.32
 935.20  0.32
 935.90  0.32
 936.60  0.32
 937.30  0.32
 938.00  0.32
 938.70  0.32
 939.40  0.32
 940.10  0.32
 940.80  0.32
 941.50  0.32
 942.20  0.32
 942.90  0.32
 943.60  0.32
 944.30  0.32
 945.00  0.32
 945.70  0.32
 946.40  0.32
 947.10  0.32
 947.80  0.32
 948.50  0.32
 949.20  0.32
 949.90  0.32
 950.60  0.32
 951.30  0.32
 952.00  0.32
 952.70  0.32
 953.40  0.32
 954.10  0.32
 954.80  0.32
 955.50  0.32
 956.20  0.32
 956.90  0.32
 957.60  0.32
 958.30  0.32
 959.00  0.32
 959.70  0.32
 960.40  0.32
 961.10  0.32
 961.80  0.32
 962.50  0.32
 963.20  0.32
 963.90  0.32
 964.60  0.32
 965.30  0.32
 966.00  0.32
 966.70  0.32
 967.40  0.32
 968.10  0.32
 968.80  0.32
 969.50  0.32
 970.20  0.32
 970.90  0.32
 971.60  0.32
 972.30  0.32
 973.00  0.32
 973.70  0.32
 974.40  0.32
 975.10  0.32
 975.80  0.32
 976.50  0.32
 977.20  0.32
 977.90  0.32
 978.60  0.32
 979.30  0.32
 980.00  0.32
 980.70  0.32
 981.40  0.32
 982.10  0.32
 982.80  0.32
 983.50  0.32
 984.20  0.32
 984.90  0.32
 985.60  0.32
 986.30  0.32
 987.00  0.32
 987.70  0.32
 988.40  0.32
 989.10  0.32
 989.80  0.32
 990.50  0.32
 991.20  0.32
 991.90  0.32
 992.60  0.32
 993.30  0.32
 994.00  0.32
 994.70  0.32
 995.40  0.32
 996.10  0.32
 996.80  0.32
 997.50  0.32
 998.20  0.32
 998.90  0.32
 999.60  0.32
 1000.30  0.32
 1001.00  0.32
 1001.70  0.32
 1002.40  0.32
 1003.10  0.32
 1003.80  0.32
 1004.50  0.32
 1005.20  0.32
 1005.90  0.32
 1006.60  0.32
 1007.30  0.32
 1008.00  0.32
 1008.70  0.32
 1009.40  0.32
 1010.10  0.32
 1010.80  0.32
 1011.50  0.32
 1012.20  0.32
 1012.90  0.32
 1013.60  0.32
 1014.30  0.32
 1015.00  0.32
 1015.70  0.32
 1016.40  0.32
 1017.10  0.32
 1017.80  0.32
 1018.50  0.32
 1019.20  0.32
 1019.90  0.32
 1020.60  0.32
 1021.30  0.32
 1022.00  0.32
 1022.70  0.32
 1023.40  0.32
 1024.10  0.32
 1024.80  0.32
 1025.50  0.32
 1026.20  0.32
 1026.90  0.32
 1027.60  0.32
 1028.30  0.32
 1029.00  0.32
 1029.70  0.32
 1030.40  0.32
 1031.10  0.32
 1031.80  0.32
 1032.50  0.32
 1033.20  0.32
 1033.90  0.32
 1034.60  0.32
 1035.30  0.32
 1036.00  0.32
 1036.70  0.32
 1037.40  0.32
 1038.10  0.32
 1038.80  0.32
 1039.50  0.32
 1040.20  0.32
 1040.90  0.32
 1041.60  0.32
 1042.30  0.32
 1043.00  0.32
 1043.70  0.32
 1044.40  0.32
 1045.10  0.32
 1045.80  0.32
 1046.50  0.32
 1047.20  0.32
 1047.90  0.32
 1048.60  0.32
 1049.30  0.32
 1050.00  0.32
 1050.70  0.32
 1051.40  0.32
 1052.10  0.32
 1052.80  0.32
 1053.50  0.32
 1054.20  0.32
 1054.90  0.32
 1055.60  0.32
 1056.30  0.32
 1057.00  0.32
 1057.70  0.32
 1058.40  0.32
 1059.10  0.32
 1059.80  0.32
 1060.50  0.32
 1061.20  0.32
 1061.90  0.32
 1062.60  0.32
 1063.30  0.32
 1064.00  0.32
 1064.70  0.32
 1065.40  0.32
 1066.10  0.32
 1066.80  0.32
 1067.50  0.32
 1068.20  0.32
 1068.90  0.32
 1069.60  0.32
 1070.30  0.32
 1071.00  0.32
 1071.70  0.32
 1072.40  0.32
 1073.10  0.32
 1073.80  0.32
 1074.50  0.32
 1075.20  0.32
 1075.90  0.32
 1076.60  0.32
 1077.30  0.32
 1078.00  0.32
 1078.70  0.32
 1079.40  0.32
 1080.10  0.32
 1080.80  0.32
 1081.50  0.32
 1082.20  0.32
 1082.90  0.32
 1083.60  0.32
 1084.30  0.32
 1085.00  0.32
 1085.70  0.32
 1086.40  0.32
 1087.10  0.32
 1087.80  0.32
 1088.50  0.32
 1089.20  0.32
 1089.90  0.32
 1090.60  0.32
 1091.30  0.32
 1092.00  0.32
 1092.70  0.32
 1093.40  0.32
 1094.10  0.32
 1094.80  0.32
 1095.50  0.32
 1096.20  0.32
 1096.90  0.32
 1097.60  0.32
 1098.30  0.32
 1099.00  0.32
 1099.70  0.32
 1100.40  0.32
 1101.10  0.32
 1101.80  0.32
 1102.50  0.32
 1103.20  0.32
 1103.90  0.32
 1104.60  0.32
 1105.30  0.32
 1106.00  0.32
 1106.70  0.32
 1107.40  0.32
 1108.10  0.32
 1108.80  0.32
 1109.50  0.32
 1110.20  0.32
 1110.90  0.32
 1111.60  0.32
 1112.30  0.32
 1113.00  0.32
 1113.70  0.32
 1114.40  0.32
 1115.10  0.32
 1115.80  0.32
 1116.50  0.32
 1117.20  0.32
 1117.90  0.32
 1118.60  0.32
 1119.30  0.32
 1120.00  0.32
 1120.70  0.32
 1121.40  0.32
 1122.10  0.32
 1122.80  0.32
 1123.50  0.32
 1124.20  0.32
 1124.90  0.32
 1125.60  0.32
 1126.30  0.32
 1127.00  0.32
 1127.70  0.32
 1128.40  0.32
 1129.10  0.32
 1129.80  0.32
 1130.50  0.32
 1131.20  0.32
 1131.90  0.32
 1132.60  0.32
 1133.30  0.32
 1134.00  0.32
 1134.70  0.32
 1135.40  0.32
 1136.10  0.32
 1136.80  0.32
 1137.50  0.32
 1138.20  0.32
 1138.90  0.32
 1139.60  0.32
 1140.30  0.32
 1141.00  0.32
 1141.70  0.32
 1142.40  0.32
 1143.10  0.32
 1143.80  0.32
 1144.50  0.32
 1145.20  0.32
 1145.90  0.32
 1146.60  0.32
 1147.30  0.32
 1148.00  0.32
 1148.70  0.32
 1149.40  0.32
 1150.10  0.32
 1150.80  0.32
 1151.50  0.32
 1152.20  0.32
 1152.90  0.32
 1153.60  0.32
 1154.30  0.32
 1155.00  0.32
 1155.70  0.32
 1156.40  0.32
 1157.10  0.32
 1157.80  0.32
 1158.50  0.32
 1159.20  0.32
 1159.90  0.32
 1160.60  0.32
 1161.30  0.32
 1162.00  0.32
 1162.70  0.32
 1163.40  0.32
 1164.10  0.32
 1164.80  0.32
 1165.50  0.32
 1166.20  0.32
 1166.90  0.32
 1167.60  0.32
 1168.30  0.32
 1169.00  0.32
 1169.70  0.32
 1170.40  0.32
 1171.10  0.32
 1171.80  0.32
 1172.50  0.32
 1173.20  0.32
 1173.90  0.32
 1174.60  0.32
 1175.30  0.32
 1176.00  0.32
 1176.70  0.32
 1177.40  0.32
 1178.10  0.32
 1178.80  0.32
 1179.50  0.32
 1180.20  0.32
 1180.90  0.32
 1181.60  0.32
 1182.30  0.32
 1183.00  0.32
 1183.70  0.32
 1184.40  0.32
 1185.10  0.32
 1185.80  0.32
 1186.50  0.32
 1187.20  0.32
 1187.90  0.32
 1188.60  0.32
 1189.30  0.32
 1190.00  0.32
 1190.70  0.32
 1191.40  0.32
 1192.10  0.32
 1192.80  0.32
 1193.50  0.32
 1194.20  0.32
 1194.90  0.32
 1195.60  0.32
 1196.30  0.32
 1197.00  0.32
 1197.70  0.32
 1198.40  0.32
 1199.10  0.32
 1199.80  0.32
 1200.50  0.32
 1201.20  0.32
 1201.90  0.32
 1202.60  0.32
 1203.30  0.32
 1204.00  0.32
 1204.70  0.32
 1205.40  0.32
 1206.10  0.32
 1206.80  0.32
 1207.50  0.32
 1208.20  0.32
 1208.90  0.32
 1209.60  0.32
 1210.30  0.32
 1211.00  0.32
 1211.70  0.32
 1212.40  0.32
 1213.10  0.32
 1213.80  0.32
 1214.50  0.32
 1215.20  0.32
 1215.90  0.32
 1216.60  0.32
 1217.30  0.32
 1218.00  0.32
 1218.70  0.32
 1219.40  0.32
 1220.10  0.32
 1220.80  0.32
 1221.50  0.32
 1222.20  0.32
 1222.90  0.32
 1223.60  0.32
 1224.30  0.32
 1225.00  0.32
 1225.70  0.32
 1226.40  0.32
 1227.10  0.32
 1227.80  0.32
 1228.50  0.32
 1229.20  0.32
 1229.90  0.32
 1230.60  0.32
 1231.30  0.32
 1232.00  0.32
 1232.70  0.32
 1233.40  0.32
 1234.10  0.32
 1234.80  0.32
 1235.50  0.32
 1236.20  0.32
 1236.90  0.32
 1237.60  0.32
 1238.30  0.32
 1239.00  0.32
 1239.70  0.32
 1240.40  0.32
 1241.10  0.32
 1241.80  0.32
 1242.50  0.32
 1243.20  0.32
 1243.90  0.32
 1244.60  0.32
 1245.30  0.32
 1246.00  0.32
 1246.70  0.32
 1247.40  0.32
 1248.10  0.32
 1248.80  0.32
 1249.50  0.32
 1250.20  0.32
 1250.90  0.32
 1251.60  0.32
 1252.30  0.32
 1253.00  0.32
 1253.70  0.32
 1254.40  0.32
 1255.10  0.32
 1255.80  0.32
 1256.50  0.32
 1257.20  0.32
 1257.90  0.32
 1258.60  0.32
 1259.30  0.32
 1260.00  0.32
 1260.70  0.32
 1261.40  0.32
 1262.10  0.32
 1262.80  0.32
 1263.50  0.32
 1264.20  0.32
 1264.90  0.32
 1265.60  0.32
 1266.30  0.32
 1267.00  0.32
 1267.70  0.32
 1268.40  0.32
 1269.10  0.32
 1269.80  0.32
 1270.50  0.32
 1271.20  0.32
 1271.90  0.32
 1272.60  0.32
 1273.30  0.32
 1274.00  0.32
 1274.70  0.32
 1275.40  0.32
 1276.10  0.32
 1276.80  0.32
 1277.50  0.32
 1278.20  0.32
 1278.90  0.32
 1279.60  0.32
 1280.30  0.32
 1281.00  0.32
 1281.70  0.32
 1282.40  0.32
 1283.10  0.32
 1283.80  0.32
 1284.50  0.32
 1285.20  0.32
 1285.90  0.32
 1286.60  0.32
 1287.30  0.32
 1288.00  0.32
 1288.70  0.32
 1289.40  0.32
 1290.10  0.32
 1290.80  0.32
 1291.50  0.32
 1292.20  0.32
 1292.90  0.32
 1293.60  0.32
 1294.30  0.32
 1295.00  0.32
 1295.70  0.32
 1296.40  0.32
 1297.10  0.32
 1297.80  0.32
 1298.50  0.32
 1299.20  0.32
 1299.90  0.32
 1300.60  0.32
 1301.30  0.32
 1302.00  0.32
 1302.70  0.32
 1303.40  0.32
 1304.10  0.32
 1304.80  0.32
 1305.50  0.32
 1306.20  0.32
 1306.90  0.32
 1307.60  0.32
 1308.30  0.32
 1309.00  0.32
 1309.70  0.32
 1310.40  0.32
 1311.10  0.32
 1311.80  0.32
 1312.50  0.32
 1313.20  0.32
 1313.90  0.32
 1314.60  0.32
 1315.30  0.32
 1316.00  0.32
 1316.70  0.32
 1317.40  0.32
 1318.10  0.32
 1318.80  0.32
 1319.50  0.32
 1320.20  0.31
 1320.90  0.31
 1321.60  0.31
 1322.30  0.31
 1323.00  0.31
 1323.70  0.31
 1324.40  0.31
 1325.10  0.31
 1325.80  0.31
 1326.50  0.31
 1327.20  0.31
 1327.90  0.31
 1328.60  0.31
 1329.30  0.31
 1330.00  0.31
 1330.70  0.31
 1331.40  0.31
 1332.10  0.31
 1332.80  0.31
 1333.50  0.31
 1334.20  0.31
 1334.90  0.31
 1335.60  0.31
 1336.30  0.31
 1337.00  0.31
 1337.70  0.31
 1338.40  0.31
 1339.10  0.31
 1339.80  0.31
 1340.50  0.31
 1341.20  0.31
 1341.90  0.31
 1342.60  0.31
 1343.30  0.31
 1344.00  0.31
 1344.70  0.31
 1345.40  0.31
 1346.10  0.31
 1346.80  0.31
 1347.50  0.31
 1348.20  0.31
 1348.90  0.31
 1349.60  0.31
 1350.30  0.31
 1351.00  0.31
 1351.70  0.31
 1352.40  0.31
 1353.10  0.31
 1353.80  0.31
 1354.50  0.31
 1355.20  0.31
 1355.90  0.31
 1356.60  0.31
 1357.30  0.31
 1358.00  0.31
 1358.70  0.31
 1359.40  0.31
 1360.10  0.31
 1360.80  0.31
 1361.50  0.31
 1362.20  0.31
 1362.90  0.31
 1363.60  0.31
 1364.30  0.31
 1365.00  0.31
 1365.70  0.31
 1366.40  0.31
 1367.10  0.31
 1367.80  0.31
 1368.50  0.31
 1369.20  0.31
 1369.90  0.31
 1370.60  0.31
 1371.30  0.31
 1372.00  0.31
 1372.70  0.31
 1373.40  0.31
 1374.10  0.31
 1374.80  0.31
 1375.50  0.31
 1376.20  0.31
 1376.90  0.31
 1377.60  0.31
 1378.30  0.31
 1379.00  0.31
 1379.70  0.31
 1380.40  0.31
 1381.10  0.31
 1381.80  0.31
 1382.50  0.31
 1383.20  0.31
 1383.90  0.31
 1384.60  0.31
 1385.30  0.31
 1386.00  0.31
 1386.70  0.31
 1387.40  0.31
 1388.10  0.31
 1388.80  0.31
 1389.50  0.31
 1390.20  0.31
 1390.90  0.31
 1391.60  0.31
 1392.30  0.31
 1393.00  0.31
 1393.70  0.31
 1394.40  0.31
 1395.10  0.31
 1395.80  0.31
 1396.50  0.31
 1397.20  0.31
 1397.90  0.31
 1398.60  0.31
 1399.30  0.31
 1400.00  0.31
 1400.70  0.31
 1401.40  0.31
 1402.10  0.31
 1402.80  0.31
 1403.50  0.31
 1404.20  0.31
 1404.90  0.31
 1405.60  0.31
 1406.30  0.31
 1407.00  0.31
 1407.70  0.31
 1408.40  0.31
 1409.10  0.31
 1409.80  0.31
 1410.50  0.31
 1411.20  0.31
 1411.90  0.31
 1412.60  0.31
 1413.30  0.31
 1414.00  0.31
 1414.70  0.31
 1415.40  0.31
 1416.10  0.31
 1416.80  0.31
 1417.50  0.31
 1418.20  0.31
 1418.90  0.31
 1419.60  0.31
 1420.30  0.31
 1421.00  0.31
 1421.70  0.31
 1422.40  0.31
 1423.10  0.31
 1423.80  0.31
 1424.50  0.31
 1425.20  0.31
 1425.90  0.31
 1426.60  0.31
 1427.30  0.31
 1428.00  0.31
 1428.70  0.31
 1429.40  0.31
 1430.10  0.31
 1430.80  0.31
 1431.50  0.31
 1432.20  0.31
 1432.90  0.31
 1433.60  0.31
 1434.30  0.31
 1435.00  0.31
 1435.70  0.31
 1436.40  0.31
 1437.10  0.31
 1437.80  0.31
 1438.50  0.31
 1439.20  0.31
 1439.90  0.31
 1440.60  0.31
 1441.30  0.31
 1442.00  0.31
 1442.70  0.31
 1443.40  0.31
 1444.10  0.31
 1444.80  0.31
 1445.50  0.31
 1446.20  0.31
 1446.90  0.31
 1447.60  0.31
 1448.30  0.31
 1449.00  0.31
 1449.70  0.31
 1450.40  0.31
 1451.10  0.31
 1451.80  0.31
 1452.50  0.31
 1453.20  0.31
 1453.90  0.31
 1454.60  0.31
 1455.30  0.31
 1456.00  0.31
 1456.70  0.31
 1457.40  0.31
 1458.10  0.31
 1458.80  0.31
 1459.50  0.31
 1460.20  0.31
 1460.90  0.31
 1461.60  0.31
 1462.30  0.31
 1463.00  0.31
 1463.70  0.31
 1464.40  0.31
 1465.10  0.31
 1465.80  0.31
 1466.50  0.31
 1467.20  0.31
 1467.90  0.31
 1468.60  0.31
 1469.30  0.31
 1470.00  0.31
 1470.70  0.31
 1471.40  0.31
 1472.10  0.31
 1472.80  0.31
 1473.50  0.31
 1474.20  0.31
 1474.90  0.31
 1475.60  0.31
 1476.30  0.31
 1477.00  0.31
 1477.70  0.31
 1478.40  0.31
 1479.10  0.31
 1479.80  0.31
 1480.50  0.31
 1481.20  0.31
 1481.90  0.31
 1482.60  0.31
 1483.30  0.31
 1484.00  0.31
 1484.70  0.31
 1485.40  0.31
 1486.10  0.31
 1486.80  0.31
 1487.50  0.31
 1488.20  0.31
 1488.90  0.31
 1489.60  0.31
 1490.30  0.31
 1491.00  0.31
 1491.70  0.31
 1492.40  0.31
 1493.10  0.31
 1493.80  0.31
 1494.50  0.31
 1495.20  0.31
 1495.90  0.31
 1496.60  0.31
 1497.30  0.31
 1498.00  0.31
 1498.70  0.31
 1499.40  0.31
 1500.10  0.31
 1500.80  0.31
 1501.50  0.31
 1502.20  0.31
 1502.90  0.31
 1503.60  0.31
 1504.30  0.31
 1505.00  0.31
 1505.70  0.31
 1506.40  0.31
 1507.10  0.31
 1507.80  0.31
 1508.50  0.31
 1509.20  0.31
 1509.90  0.31
 1510.60  0.31
 1511.30  0.31
 1512.00  0.31
 1512.70  0.31
 1513.40  0.31
 1514.10  0.31
 1514.80  0.31
 1515.50  0.31
 1516.20  0.31
 1516.90  0.31
 1517.60  0.31
 1518.30  0.31
 1519.00  0.31
 1519.70  0.31
 1520.40  0.31
 1521.10  0.31
 1521.80  0.31
 1522.50  0.31
 1523.20  0.31
 1523.90  0.31
 1524.60  0.31
 1525.30  0.31
 1526.00  0.31
 1526.70  0.31
 1527.40  0.31
 1528.10  0.31
 1528.80  0.31
 1529.50  0.31
 1530.20  0.31
 1530.90  0.31
 1531.60  0.31
 1532.30  0.31
 1533.00  0.31
 1533.70  0.31
 1534.40  0.31
 1535.10  0.31
 1535.80  0.31
 1536.50  0.31
 1537.20  0.31
 1537.90  0.31
 1538.60  0.31
 1539.30  0.31
 1540.00  0.31
 1540.70  0.31
 1541.40  0.31
 1542.10  0.31
 1542.80  0.31
 1543.50  0.31
 1544.20  0.31
 1544.90  0.31
 1545.60  0.31
 1546.30  0.31
 1547.00  0.31
 1547.70  0.31
 1548.40  0.31
 1549.10  0.31
 1549.80  0.31
 1550.50  0.31
 1551.20  0.31
 1551.90  0.31
 1552.60  0.31
 1553.30  0.31
 1554.00  0.31
 1554.70  0.31
 1555.40  0.31
 1556.10  0.31
 1556.80  0.31
 1557.50  0.31
 1558.20  0.31
 1558.90  0.31
 1559.60  0.31
 1560.30  0.31
 1561.00  0.31
 1561.70  0.31
 1562.40  0.31
 1563.10  0.31
 1563.80  0.31
 1564.50  0.31
 1565.20  0.31
 1565.90  0.31
 1566.60  0.31
 1567.30  0.31
 1568.00  0.31
 1568.70  0.31
 1569.40  0.31
 1570.10  0.31
 1570.80  0.31
 1571.50  0.31
 1572.20  0.31
 1572.90  0.31
 1573.60  0.31
 1574.30  0.31
 1575.00  0.31
 1575.70  0.31
 1576.40  0.31
 1577.10  0.31
 1577.80  0.31
 1578.50  0.31
 1579.20  0.31
 1579.90  0.31
 1580.60  0.31
 1581.30  0.31
 1582.00  0.31
 1582.70  0.31
 1583.40  0.31
 1584.10  0.31
 1584.80  0.31
 1585.50  0.31
 1586.20  0.31
 1586.90  0.31
 1587.60  0.31
 1588.30  0.31
 1589.00  0.31
 1589.70  0.31
 1590.40  0.31
 1591.10  0.31
 1591.80  0.31
 1592.50  0.31
 1593.20  0.31
 1593.90  0.31
 1594.60  0.31
 1595.30  0.31
 1596.00  0.31
 1596.70  0.31
 1597.40  0.31
 1598.10  0.31
 1598.80  0.31
 1599.50  0.31
 1600.20  0.31
 1600.90  0.31
 1601.60  0.31
 1602.30  0.31
 1603.00  0.31
 1603.70  0.31
 1604.40  0.31
 1605.10  0.31
 1605.80  0.31
 1606.50  0.31
 1607.20  0.31
 1607.90  0.31
 1608.60  0.31
 1609.30  0.31
 1610.00  0.31
 1610.70  0.31
 1611.40  0.31
 1612.10  0.31
 1612.80  0.31
 1613.50  0.31
 1614.20  0.31
 1614.90  0.31
 1615.60  0.31
 1616.30  0.31
 1617.00  0.31
 1617.70  0.31
 1618.40  0.31
 1619.10  0.31
 1619.80  0.31
 1620.50  0.31
 1621.20  0.31
 1621.90  0.31
 1622.60  0.31
 1623.30  0.31
 1624.00  0.31
 1624.70  0.31
 1625.40  0.31
 1626.10  0.31
 1626.80  0.31
 1627.50  0.31
 1628.20  0.31
 1628.90  0.31
 1629.60  0.31
 1630.30  0.31
 1631.00  0.31
 1631.70  0.31
 1632.40  0.31
 1633.10  0.31
 1633.80  0.31
 1634.50  0.31
 1635.20  0.31
 1635.90  0.31
 1636.60  0.31
 1637.30  0.31
 1638.00  0.31
 1638.70  0.31
 1639.40  0.31
 1640.10  0.31
 1640.80  0.31
 1641.50  0.31
 1642.20  0.31
 1642.90  0.31
 1643.60  0.31
 1644.30  0.31
 1645.00  0.31
 1645.70  0.31
 1646.40  0.31
 1647.10  0.31
 1647.80  0.31
 1648.50  0.31
 1649.20  0.31
 1649.90  0.31
 1650.60  0.31
 1651.30  0.31
 1652.00  0.31
 1652.70  0.31
 1653.40  0.31
 1654.10  0.31
 1654.80  0.31
 1655.50  0.31
 1656.20  0.31
 1656.90  0.31
 1657.60  0.31
 1658.30  0.31
 1659.00  0.31
 1659.70  0.31
 1660.40  0.31
 1661.10  0.31
 1661.80  0.31
 1662.50  0.31
 1663.20  0.31
 1663.90  0.31
 1664.60  0.31
 1665.30  0.31
 1666.00  0.31
 1666.70  0.31
 1667.40  0.31
 1668.10  0.31
 1668.80  0.31
 1669.50  0.31
 1670.20  0.31
 1670.90  0.31
 1671.60  0.31
 1672.30  0.31
 1673.00  0.31
 1673.70  0.31
 1674.40  0.31
 1675.10  0.31
 1675.80  0.31
 1676.50  0.31
 1677.20  0.31
 1677.90  0.31
 1678.60  0.31
 1679.30  0.31
 1680.00  0.31
 1680.70  0.31
 1681.40  0.31
 1682.10  0.31
 1682.80  0.31
 1683.50  0.31
 1684.20  0.31
 1684.90  0.31
 1685.60  0.31
 1686.30  0.31
 1687.00  0.31
 1687.70  0.31
 1688.40  0.31
 1689.10  0.31
 1689.80  0.31
 1690.50  0.31
 1691.20  0.31
 1691.90  0.31
 1692.60  0.31
 1693.30  0.31
 1694.00  0.31
 1694.70  0.31
 1695.40  0.31
 1696.10  0.31
 1696.80  0.31
 1697.50  0.31
 1698.20  0.31
 1698.90  0.31
 1699.60  0.31
 1700.30  0.31
 1701.00  0.31
 1701.70  0.31
 1702.40  0.31
 1703.10  0.31
 1703.80  0.31
 1704.50  0.31
 1705.20  0.31
 1705.90  0.31
 1706.60  0.31
 1707.30  0.31
 1708.00  0.31
 1708.70  0.31
 1709.40  0.31
 1710.10  0.31
 1710.80  0.31
 1711.50  0.31
 1712.20  0.31
 1712.90  0.31
 1713.60  0.31
 1714.30  0.31
 1715.00  0.31
 1715.70  0.31
 1716.40  0.31
 1717.10  0.31
 1717.80  0.31
 1718.50  0.31
 1719.20  0.31
 1719.90  0.31
 1720.60  0.31
 1721.30  0.31
 1722.00  0.31
 1722.70  0.31
 1723.40  0.31
 1724.10  0.31
 1724.80  0.31
 1725.50  0.31
 1726.20  0.31
 1726.90  0.31
 1727.60  0.31
 1728.30  0.31
 1729.00  0.31
 1729.70  0.31
 1730.40  0.31
 1731.10  0.31
 1731.80  0.31
 1732.50  0.31
 1733.20  0.31
 1733.90  0.31
 1734.60  0.31
 1735.30  0.31
 1736.00  0.31
 1736.70  0.31
 1737.40  0.31
 1738.10  0.31
 1738.80  0.31
 1739.50  0.31
 1740.20  0.31
 1740.90  0.31
 1741.60  0.31
 1742.30  0.31
 1743.00  0.31
 1743.70  0.31
 1744.40  0.31
 1745.10  0.31
 1745.80  0.31
 1746.50  0.31
 1747.20  0.31
 1747.90  0.31
 1748.60  0.31
 1749.30  0.31
 1750.00  0.31
 1750.70  0.31
 1751.40  0.31
 1752.10  0.31
 1752.80  0.31
 1753.50  0.31
 1754.20  0.31
 1754.90  0.31
 1755.60  0.31
 1756.30  0.31
 1757.00  0.31
 1757.70  0.31
 1758.40  0.31
 1759.10  0.31
 1759.80  0.31
 1760.50  0.31
 1761.20  0.31
 1761.90  0.31
 1762.60  0.31
 1763.30  0.31
 1764.00  0.31
 1764.70  0.31
 1765.40  0.31
 1766.10  0.31
 1766.80  0.31
 1767.50  0.31
 1768.20  0.31
 1768.90  0.31
 1769.60  0.31
 1770.30  0.31
 1771.00  0.31
 1771.70  0.31
 1772.40  0.31
 1773.10  0.31
 1773.80  0.31
 1774.50  0.31
 1775.20  0.31
 1775.90  0.31
 1776.60  0.31
 1777.30  0.31
 1778.00  0.31
 1778.70  0.31
 1779.40  0.31
 1780.10  0.31
 1780.80  0.31
 1781.50  0.31
 1782.20  0.31
 1782.90  0.31
 1783.60  0.31
 1784.30  0.31
 1785.00  0.31
 1785.70  0.31
 1786.40  0.31
 1787.10  0.31
 1787.80  0.31
 1788.50  0.31
 1789.20  0.31
 1789.90  0.31
 1790.60  0.31
 1791.30  0.31
 1792.00  0.31
 1792.70  0.31
 1793.40  0.31
 1794.10  0.31
 1794.80  0.31
 1795.50  0.31
 1796.20  0.31
 1796.90  0.31
 1797.60  0.31
 1798.30  0.31
 1799.00  0.31
 1799.70  0.31
 1800.40  0.31
 1801.10  0.31
 1801.80  0.31
 1802.50  0.31
 1803.20  0.31
 1803.90  0.31
 1804.60  0.31
 1805.30  0.31
 1806.00  0.31
 1806.70  0.31
 1807.40  0.31
 1808.10  0.31
 1808.80  0.31
 1809.50  0.31
 1810.20  0.31
 1810.90  0.31
 1811.60  0.31
 1812.30  0.31
 1813.00  0.31
 1813.70  0.31
 1814.40  0.31
 1815.10  0.31
 1815.80  0.31
 1816.50  0.31
 1817.20  0.31
 1817.90  0.31
 1818.60  0.31
 1819.30  0.31
 1820.00  0.31
 1820.70  0.31
 1821.40  0.31
 1822.10  0.31
 1822.80  0.31
 1823.50  0.31
 1824.20  0.31
 1824.90  0.31
 1825.60  0.31
 1826.30  0.31
 1827.00  0.31
 1827.70  0.31
 1828.40  0.31
 1829.10  0.31
 1829.80  0.31
 1830.50  0.31
 1831.20  0.31
 1831.90  0.31
 1832.60  0.31
 1833.30  0.31
 1834.00  0.31
 1834.70  0.31
 1835.40  0.31
 1836.10  0.31
 1836.80  0.31
 1837.50  0.31
 1838.20  0.31
 1838.90  0.31
 1839.60  0.31
 1840.30  0.31
 1841.00  0.31
 1841.70  0.31
 1842.40  0.31
 1843.10  0.31
 1843.80  0.31
 1844.50  0.31
 1845.20  0.31
 1845.90  0.31
 1846.60  0.31
 1847.30  0.31
 1848.00  0.31
 1848.70  0.31
 1849.40  0.31
 1850.10  0.31
 1850.80  0.31
 1851.50  0.31
 1852.20  0.31
 1852.90  0.31
 1853.60  0.31
 1854.30  0.31
 1855.00  0.31
 1855.70  0.31
 1856.40  0.31
 1857.10  0.31
 1857.80  0.31
 1858.50  0.31
 1859.20  0.31
 1859.90  0.31
 1860.60  0.31
 1861.30  0.31
 1862.00  0.31
 1862.70  0.31
 1863.40  0.31
 1864.10  0.31
 1864.80  0.31
 1865.50  0.31
 1866.20  0.31
 1866.90  0.31
 1867.60  0.31
 1868.30  0.31
 1869.00  0.31
 1869.70  0.31
 1870.40  0.31
 1871.10  0.31
 1871.80  0.31
 1872.50  0.31
 1873.20  0.31
 1873.90  0.31
 1874.60  0.31
 1875.30  0.31
 1876.00  0.31
 1876.70  0.31
 1877.40  0.31
 1878.10  0.31
 1878.80  0.31
 1879.50  0.31
 1880.20  0.31
 1880.90  0.31
 1881.60  0.31
 1882.30  0.31
 1883.00  0.31
 1883.70  0.31
 1884.40  0.31
 1885.10  0.31
 1885.80  0.31
 1886.50  0.31
 1887.20  0.31
 1887.90  0.31
 1888.60  0.31
 1889.30  0.31
 1890.00  0.31
 1890.70  0.31
 1891.40  0.31
 1892.10  0.31
 1892.80  0.31
 1893.50  0.31
 1894.20  0.31
 1894.90  0.31
 1895.60  0.31
 1896.30  0.31
 1897.00  0.31
 1897.70  0.31
 1898.40  0.31
 1899.10  0.31
 1899.80  0.31
 1900.50  0.31
 1901.20  0.31
 1901.90  0.31
 1902.60  0.31
 1903.30  0.31
 1904.00  0.31
 1904.70  0.31
 1905.40  0.31
 1906.10  0.31
 1906.80  0.31
 1907.50  0.31
 1908.20  0.31
 1908.90  0.31
 1909.60  0.31
 1910.30  0.31
 1911.00  0.31
 1911.70  0.31
 1912.40  0.31
 1913.10  0.31
 1913.80  0.31
 1914.50  0.31
 1915.20  0.31
 1915.90  0.31
 1916.60  0.31
 1917.30  0.31
 1918.00  0.31
 1918.70  0.31
 1919.40  0.31
 1920.10  0.31
 1920.80  0.31
 1921.50  0.31
 1922.20  0.31
 1922.90  0.31
 1923.60  0.31
 1924.30  0.31
 1925.00  0.31
 1925.70  0.31
 1926.40  0.31
 1927.10  0.31
 1927.80  0.31
 1928.50  0.31
 1929.20  0.31
 1929.90  0.31
 1930.60  0.31
 1931.30  0.31
 1932.00  0.31
 1932.70  0.31
 1933.40  0.31
 1934.10  0.31
 1934.80  0.31
 1935.50  0.31
 1936.20  0.31
 1936.90  0.31
 1937.60  0.31
 1938.30  0.31
 1939.00  0.31
 1939.70  0.31
 1940.40  0.31
 1941.10  0.31
 1941.80  0.31
 1942.50  0.31
 1943.20  0.31
 1943.90  0.31
 1944.60  0.31
 1945.30  0.31
 1946.00  0.31
 1946.70  0.31
 1947.40  0.31
 1948.10  0.31
 1948.80  0.31
 1949.50  0.31
 1950.20  0.31
 1950.90  0.31
 1951.60  0.31
 1952.30  0.31
 1953.00  0.31
 1953.70  0.31
 1954.40  0.31
 1955.10  0.31
 1955.80  0.31
 1956.50  0.31
 1957.20  0.31
 1957.90  0.31
 1958.60  0.31
 1959.30  0.31
 1960.00  0.31
 1960.70  0.31
 1961.40  0.31
 1962.10  0.31
 1962.80  0.31
 1963.50  0.31
 1964.20  0.31
 1964.90  0.31
 1965.60  0.31
 1966.30  0.31
 1967.00  0.31
 1967.70  0.31
 1968.40  0.31
 1969.10  0.31
 1969.80  0.31
 1970.50  0.31
 1971.20  0.31
 1971.90  0.31
 1972.60  0.31
 1973.30  0.31
 1974.00  0.31
 1974.70  0.31
 1975.40  0.31
 1976.10  0.31
 1976.80  0.31
 1977.50  0.31
 1978.20  0.31
 1978.90  0.31
 1979.60  0.31
 1980.30  0.31
 1981.00  0.31
 1981.70  0.31
 1982.40  0.31
 1983.10  0.31
 1983.80  0.31
 1984.50  0.31
 1985.20  0.31
 1985.90  0.31
 1986.60  0.31
 1987.30  0.31
 1988.00  0.31
 1988.70  0.31
 1989.40  0.31
 1990.10  0.31
 1990.80  0.31
 1991.50  0.31
 1992.20  0.31
 1992.90  0.31
 1993.60  0.31
 1994.30  0.31
 1995.00  0.31
 1995.70  0.31
 1996.40  0.31
 1997.10  0.31
 1997.80  0.31
 1998.50  0.31
 1999.20  0.31
 1999.90  0.31
 2000.60  0.31
 2001.30  0.31
 2002.00  0.31
 2002.70  0.31
 2003.40  0.31
 2004.10  0.31
 2004.80  0.31
 2005.50  0.31
 2006.20  0.31
 2006.90  0.31
 2007.60  0.31
 2008.30  0.31
 2009.00  0.31
 2009.70  0.31
 2010.40  0.31
 2011.10  0.31
 2011.80  0.31
 2012.50  0.31
 2013.20  0.31
 2013.90  0.31
 2014.60  0.31
 2015.30  0.31
 2016.00  0.31
 2016.70  0.31
 2017.40  0.31
 2018.10  0.31
 2018.80  0.31
 2019.50  0.31
 2020.20  0.31
 2020.90  0.31
 2021.60  0.31
 2022.30  0.31
 2023.00  0.31
 2023.70  0.31
 2024.40  0.31
 2025.10  0.31
 2025.80  0.31
 2026.50  0.31
 2027.20  0.31
 2027.90  0.31
 2028.60  0.31
 2029.30  0.31
 2030.00  0.31
 2030.70  0.31
 2031.40  0.31
 2032.10  0.31
 2032.80  0.31
 2033.50  0.31
 2034.20  0.31
 2034.90  0.31
 2035.60  0.31
 2036.30  0.31
 2037.00  0.31
 2037.70  0.31
 2038.40  0.31
 2039.10  0.31
 2039.80  0.31
 2040.50  0.31
 2041.20  0.31
 2041.90  0.31
 2042.60  0.31
 2043.30  0.31
 2044.00  0.31
 2044.70  0.31
 2045.40  0.31
 2046.10  0.31
 2046.80  0.31
 2047.50  0.31
 2048.20  0.31
 2048.90  0.31
 2049.60  0.31
 2050.30  0.31
 2051.00  0.31
 2051.70  0.31
 2052.40  0.31
 2053.10  0.31
 2053.80  0.31
 2054.50  0.31
 2055.20  0.31
 2055.90  0.31
 2056.60  0.31
 2057.30  0.31
 2058.00  0.31
 2058.70  0.31
 2059.40  0.31
 2060.10  0.31
 2060.80  0.31
 2061.50  0.31
 2062.20  0.31
 2062.90  0.31
 2063.60  0.31
 2064.30  0.31
 2065.00  0.31
 2065.70  0.31
 2066.40  0.31
 2067.10  0.31
 2067.80  0.31
 2068.50  0.31
 2069.20  0.31
 2069.90  0.31
 2070.60  0.31
 2071.30  0.31
 2072.00  0.31
 2072.70  0.31
 2073.40  0.31
 2074.10  0.31
 2074.80  0.31
 2075.50  0.31
 2076.20  0.31
 2076.90  0.31
 2077.60  0.31
 2078.30  0.31
 2079.00  0.31
 2079.70  0.31
 2080.40  0.31
 2081.10  0.31
 2081.80  0.31
 2082.50  0.31
 2083.20  0.31
 2083.90  0.31
 2084.60  0.31
 2085.30  0.31
 2086.00  0.31
 2086.70  0.31
 2087.40  0.31
 2088.10  0.31
 2088.80  0.31
 2089.50  0.31
 2090.20  0.31
 2090.90  0.31
 2091.60  0.31
 2092.30  0.31
 2093.00  0.31
 2093.70  0.31
 2094.40  0.31
 2095.10  0.31
 2095.80  0.31
 2096.50  0.31
 2097.20  0.31
 2097.90  0.31
 2098.60  0.31
 2099.30  0.31
 2100.00  0.31
 2100.70  0.31
 2101.40  0.31
 2102.10  0.31
 2102.80  0.31
 2103.50  0.31
 2104.20  0.31
 2104.90  0.31
 2105.60  0.31
 2106.30  0.31
 2107.00  0.31
 2107.70  0.31
 2108.40  0.31
 2109.10  0.31
 2109.80  0.31
 2110.50  0.31
 2111.20  0.31
 2111.90  0.31
 2112.60  0.31
 2113.30  0.31
 2114.00  0.31
 2114.70  0.31
 2115.40  0.31
 2116.10  0.31
 2116.80  0.31
 2117.50  0.31
 2118.20  0.31
 2118.90  0.31
 2119.60  0.31
 2120.30  0.31
 2121.00  0.31
 2121.70  0.31
 2122.40  0.31
 2123.10  0.31
 2123.80  0.31
 2124.50  0.31
 2125.20  0.31
 2125.90  0.31
 2126.60  0.31
 2127.30  0.31
 2128.00  0.31
 2128.70  0.31
 2129.40  0.31
 2130.10  0.31
 2130.80  0.31
 2131.50  0.31
 2132.20  0.31
 2132.90  0.31
 2133.60  0.31
 2134.30  0.31
 2135.00  0.31
 2135.70  0.31
 2136.40  0.31
 2137.10  0.31
 2137.80  0.31
 2138.50  0.31
 2139.20  0.31
 2139.90  0.31
 2140.60  0.31
 2141.30  0.31
 2142.00  0.31
 2142.70  0.31
 2143.40  0.31
 2144.10  0.31
 2144.80  0.31
 2145.50  0.31
 2146.20  0.31
 2146.90  0.31
 2147.60  0.31
 2148.30  0.31
 2149.00  0.31
 2149.70  0.31
 2150.40  0.31
 2151.10  0.31
 2151.80  0.31
 2152.50  0.31
 2153.20  0.31
 2153.90  0.31
 2154.60  0.31
 2155.30  0.31
 2156.00  0.31
 2156.70  0.31
 2157.40  0.31
 2158.10  0.31
 2158.80  0.31
 2159.50  0.31
 2160.20  0.31
 2160.90  0.31
 2161.60  0.31
 2162.30  0.31
 2163.00  0.31
 2163.70  0.31
 2164.40  0.31
 2165.10  0.31
 2165.80  0.31
 2166.50  0.31
 2167.20  0.31
 2167.90  0.31
 2168.60  0.31
 2169.30  0.31
 2170.00  0.31
 2170.70  0.31
 2171.40  0.31
 2172.10  0.31
 2172.80  0.31
 2173.50  0.31
 2174.20  0.31
 2174.90  0.31
 2175.60  0.31
 2176.30  0.31
 2177.00  0.31
 2177.70  0.31
 2178.40  0.31
 2179.10  0.31
 2179.80  0.31
 2180.50  0.31
 2181.20  0.31
 2181.90  0.31
 2182.60  0.31
 2183.30  0.31
 2184.00  0.31
 2184.70  0.31
 2185.40  0.31
 2186.10  0.31
 2186.80  0.31
 2187.50  0.31
 2188.20  0.31
 2188.90  0.31
 2189.60  0.31
 2190.30  0.31
 2191.00  0.31
 2191.70  0.31
 2192.40  0.31
 2193.10  0.31
 2193.80  0.31
 2194.50  0.31
 2195.20  0.31
 2195.90  0.31
 2196.60  0.31
 2197.30  0.31
 2198.00  0.31
 2198.70  0.31
 2199.40  0.31
 2200.10  0.31
 2200.80  0.31
 2201.50  0.31
 2202.20  0.31
 2202.90  0.31
 2203.60  0.31
 2204.30  0.31
 2205.00  0.31
 2205.70  0.31
 2206.40  0.31
 2207.10  0.31
 2207.80  0.31
 2208.50  0.31
 2209.20  0.31
 2209.90  0.31
 2210.60  0.31
 2211.30  0.31
 2212.00  0.31
 2212.70  0.31
 2213.40  0.31
 2214.10  0.31
 2214.80  0.31
 2215.50  0.31
 2216.20  0.31
 2216.90  0.31
 2217.60  0.31
 2218.30  0.31
 2219.00  0.31
 2219.70  0.31
 2220.40  0.31
 2221.10  0.31
 2221.80  0.31
 2222.50  0.31
 2223.20  0.31
 2223.90  0.31
 2224.60  0.31
 2225.30  0.31
 2226.00  0.31
 2226.70  0.31
 2227.40  0.31
 2228.10  0.31
 2228.80  0.31
 2229.50  0.31
 2230.20  0.31
 2230.90  0.31
 2231.60  0.31
 2232.30  0.31
 2233.00  0.31
 2233.70  0.31
 2234.40  0.31
 2235.10  0.31
 2235.80  0.31
 2236.50  0.31
 2237.20  0.31
 2237.90  0.31
 2238.60  0.31
 2239.30  0.31
 2240.00  0.31
 2240.70  0.31
 2241.40  0.31
 2242.10  0.31
 2242.80  0.31
 2243.50  0.31
 2244.20  0.31
 2244.90  0.31
 2245.60  0.31
 2246.30  0.31
 2247.00  0.31
 2247.70  0.31
 2248.40  0.31
 2249.10  0.31
 2249.80  0.31
 2250.50  0.31
 2251.20  0.31
 2251.90  0.31
 2252.60  0.31
 2253.30  0.31
 2254.00  0.31
 2254.70  0.31
 2255.40  0.31
 2256.10  0.31
 2256.80  0.31
 2257.50  0.31
 2258.20  0.31
 2258.90  0.31
 2259.60  0.31
 2260.30  0.31
 2261.00  0.31
 2261.70  0.31
 2262.40  0.31
 2263.10  0.31
 2263.80  0.31
 2264.50  0.31
 2265.20  0.31
 2265.90  0.31
 2266.60  0.31
 2267.30  0.31
 2268.00  0.31
 2268.70  0.31
 2269.40  0.31
 2270.10  0.31
 2270.80  0.31
 2271.50  0.31
 2272.20  0.31
 2272.90  0.31
 2273.60  0.31
 2274.30  0.31
 2275.00  0.31
 2275.70  0.31
 2276.40  0.31
 2277.10  0.31
 2277.80  0.31
 2278.50  0.31
 2279.20  0.31
 2279.90  0.31
 2280.60  0.31
 2281.30  0.31
 2282.00  0.31
 2282.70  0.31
 2283.40  0.31
 2284.10  0.31
 2284.80  0.31
 2285.50  0.31
 2286.20  0.31
 2286.90  0.31
 2287.60  0.31
 2288.30  0.31
 2289.00  0.31
 2289.70  0.31
 2290.40  0.31
 2291.10  0.31
 2291.80  0.31
 2292.50  0.31
 2293.20  0.31
 2293.90  0.31
 2294.60  0.31
 2295.30  0.31
 2296.00  0.31
 2296.70  0.31
 2297.40  0.31
 2298.10  0.31
 2298.80  0.31
 2299.50  0.31
 2300.20  0.31
 2300.90  0.31
 2301.60  0.31
 2302.30  0.31
 2303.00  0.31
 2303.70  0.31
 2304.40  0.31
 2305.10  0.31
 2305.80  0.31
 2306.50  0.31
 2307.20  0.31
 2307.90  0.31
 2308.60  0.31
 2309.30  0.31
 2310.00  0.31
 2310.70  0.31
 2311.40  0.31
 2312.10  0.31
 2312.80  0.31
 2313.50  0.31
 2314.20  0.31
 2314.90  0.31
 2315.60  0.31
 2316.30  0.31
 2317.00  0.31
 2317.70  0.31
 2318.40  0.31
 2319.10  0.31
 2319.80  0.31
 2320.50  0.31
 2321.20  0.31
 2321.90  0.31
 2322.60  0.31
 2323.30  0.31
 2324.00  0.31
 2324.70  0.31
 2325.40  0.31
 2326.10  0.31
 2326.80  0.31
 2327.50  0.31
 2328.20  0.31
 2328.90  0.31
 2329.60  0.31
 2330.30  0.31
 2331.00  0.31
 2331.70  0.31
 2332.40  0.31
 2333.10  0.31
 2333.80  0.31
 2334.50  0.31
 2335.20  0.31
 2335.90  0.31
 2336.60  0.31
 2337.30  0.31
 2338.00  0.31
 2338.70  0.31
 2339.40  0.31
 2340.10  0.31
 2340.80  0.31
 2341.50  0.31
 2342.20  0.31
 2342.90  0.31
 2343.60  0.31
 2344.30  0.31
 2345.00  0.31
 2345.70  0.31
 2346.40  0.31
 2347.10  0.31
 2347.80  0.31
 2348.50  0.31
 2349.20  0.31
 2349.90  0.31
 2350.60  0.31
 2351.30  0.31
 2352.00  0.31
 2352.70  0.31
 2353.40  0.31
 2354.10  0.31
 2354.80  0.31
 2355.50  0.31
 2356.20  0.31
 2356.90  0.31
 2357.60  0.31
 2358.30  0.31
 2359.00  0.31
 2359.70  0.31
 2360.40  0.31
 2361.10  0.31
 2361.80  0.31
 2362.50  0.31
 2363.20  0.31
 2363.90  0.31
 2364.60  0.31
 2365.30  0.31
 2366.00  0.31
 2366.70  0.31
 2367.40  0.31
 2368.10  0.31
 2368.80  0.31
 2369.50  0.31
 2370.20  0.31
 2370.90  0.31
 2371.60  0.31
 2372.30  0.31
 2373.00  0.31
 2373.70  0.31
 2374.40  0.31
 2375.10  0.31
 2375.80  0.31
 2376.50  0.31
 2377.20  0.31
 2377.90  0.31
 2378.60  0.31
 2379.30  0.31
 2380.00  0.31
 2380.70  0.31
 2381.40  0.31
 2382.10  0.31
 2382.80  0.31
 2383.50  0.31
 2384.20  0.31
 2384.90  0.31
 2385.60  0.31
 2386.30  0.31
 2387.00  0.31
 2387.70  0.31
 2388.40  0.31
 2389.10  0.31
 2389.80  0.31
 2390.50  0.31
 2391.20  0.31
 2391.90  0.31
 2392.60  0.31
 2393.30  0.31
 2394.00  0.31
 2394.70  0.31
 2395.40  0.31
 2396.10  0.31
 2396.80  0.31
 2397.50  0.31
 2398.20  0.31
 2398.90  0.31
 2399.60  0.31
 2400.30  0.31
 2401.00  0.31
 2401.70  0.31
 2402.40  0.31
 2403.10  0.31
 2403.80  0.31
 2404.50  0.31
 2405.20  0.31
 2405.90  0.31
 2406.60  0.31
 2407.30  0.31
 2408.00  0.31
 2408.70  0.31
 2409.40  0.31
 2410.10  0.31
 2410.80  0.31
 2411.50  0.31
 2412.20  0.31
 2412.90  0.31
 2413.60  0.31
 2414.30  0.31
 2415.00  0.31
 2415.70  0.31
 2416.40  0.31
 2417.10  0.31
 2417.80  0.31
 2418.50  0.31
 2419.20  0.31
 2419.90  0.31
 2420.60  0.31
 2421.30  0.31
 2422.00  0.31
 2422.70  0.31
 2423.40  0.31
 2424.10  0.31
 2424.80  0.31
 2425.50  0.31
 2426.20  0.31
 2426.90  0.31
 2427.60  0.31
 2428.30  0.31
 2429.00  0.31
 2429.70  0.31
 2430.40  0.31
 2431.10  0.31
 2431.80  0.31
 2432.50  0.31
 2433.20  0.31
 2433.90  0.31
 2434.60  0.31
 2435.30  0.31
 2436.00  0.31
 2436.70  0.31
 2437.40  0.31
 2438.10  0.31
 2438.80  0.31
 2439.50  0.31
 2440.20  0.31
 2440.90  0.31
 2441.60  0.31
 2442.30  0.31
 2443.00  0.31
 2443.70  0.31
 2444.40  0.31
 2445.10  0.31
 2445.80  0.31
 2446.50  0.31
 2447.20  0.31
 2447.90  0.31
 2448.60  0.31
 2449.30  0.31
 2450.00  0.31
 2450.70  0.31
 2451.40  0.31
 2452.10  0.31
 2452.80  0.31
 2453.50  0.31
 2454.20  0.31
 2454.90  0.31
 2455.60  0.31
 2456.30  0.31
 2457.00  0.31
 2457.70  0.31
 2458.40  0.31
 2459.10  0.31
 2459.80  0.31
 2460.50  0.31
 2461.20  0.31
 2461.90  0.31
 2462.60  0.31
 2463.30  0.31
 2464.00  0.31
 2464.70  0.31
 2465.40  0.31
 2466.10  0.31
 2466.80  0.31
 2467.50  0.31
 2468.20  0.31
 2468.90  0.31
 2469.60  0.31
 2470.30  0.31
 2471.00  0.31
 2471.70  0.31
 2472.40  0.31
 2473.10  0.31
 2473.80  0.31
 2474.50  0.31
 2475.20  0.31
 2475.90  0.31
 2476.60  0.31
 2477.30  0.31
 2478.00  0.31
 2478.70  0.31
 2479.40  0.31
 2480.10  0.31
 2480.80  0.31
 2481.50  0.31
 2482.20  0.31
 2482.90  0.31
 2483.60  0.31
 2484.30  0.31
 2485.00  0.31
 2485.70  0.31
 2486.40  0.31
 2487.10  0.31
 2487.80  0.31
 2488.50  0.31
 2489.20  0.31
 2489.90  0.31
 2490.60  0.31
 2491.30  0.31
 2492.00  0.31
 2492.70  0.31
 2493.40  0.31
 2494.10  0.31
 2494.80  0.31
 2495.50  0.31
 2496.20  0.31
 2496.90  0.31
 2497.60  0.31
 2498.30  0.31
 2499.00  0.31
 2499.70  0.31
 2500.40  0.31
 2501.10  0.31
 2501.80  0.31
 2502.50  0.31
 2503.20  0.31
 2503.90  0.31
 2504.60  0.31
 2505.30  0.31
 2506.00  0.31
 2506.70  0.31
 2507.40  0.31
 2508.10  0.31
 2508.80  0.31
 2509.50  0.31
 2510.20  0.31
 2510.90  0.31
 2511.60  0.31
 2512.30  0.31
 2513.00  0.31
 2513.70  0.31
 2514.40  0.31
 2515.10  0.31
 2515.80  0.31
 2516.50  0.31
 2517.20  0.31
 2517.90  0.31
 2518.60  0.31
 2519.30  0.31
 2520.00  0.31
 2520.70  0.31
 2521.40  0.31
 2522.10  0.31
 2522.80  0.31
 2523.50  0.31
 2524.20  0.31
 2524.90  0.31
 2525.60  0.31
 2526.30  0.31
 2527.00  0.31
 2527.70  0.31
 2528.40  0.31
 2529.10  0.31
 2529.80  0.31
 2530.50  0.31
 2531.20  0.31
 2531.90  0.31
 2532.60  0.31
 2533.30  0.31
 2534.00  0.31
 2534.70  0.31
 2535.40  0.31
 2536.10  0.31
 2536.80  0.31
 2537.50  0.31
 2538.20  0.31
 2538.90  0.31
 2539.60  0.31
 2540.30  0.31
 2541.00  0.31
 2541.70  0.31
 2542.40  0.31
 2543.10  0.31
 2543.80  0.31
 2544.50  0.31
 2545.20  0.31
 2545.90  0.31
 2546.60  0.31
 2547.30  0.31
 2548.00  0.31
 2548.70  0.31
 2549.40  0.31
 2550.10  0.31
 2550.80  0.31
 2551.50  0.31
 2552.20  0.31
 2552.90  0.31
 2553.60  0.31
 2554.30  0.31
 2555.00  0.31
 2555.70  0.31
 2556.40  0.31
 2557.10  0.31
 2557.80  0.31
 2558.50  0.31
 2559.20  0.31
 2559.90  0.31
 2560.60  0.31
 2561.30  0.31
 2562.00  0.31
 2562.70  0.31
 2563.40  0.31
 2564.10  0.31
 2564.80  0.31
 2565.50  0.31
 2566.20  0.31
 2566.90  0.31
 2567.60  0.31
 2568.30  0.31
 2569.00  0.31
 2569.70  0.31
 2570.40  0.31
 2571.10  0.31
 2571.80  0.31
 2572.50  0.31
 2573.20  0.31
 2573.90  0.31
 2574.60  0.31
 2575.30  0.31
 2576.00  0.31
 2576.70  0.31
 2577.40  0.31
 2578.10  0.31
 2578.80  0.31
 2579.50  0.31
 2580.20  0.31
 2580.90  0.31
 2581.60  0.31
 2582.30  0.31
 2583.00  0.31
 2583.70  0.31
 2584.40  0.31
 2585.10  0.31
 2585.80  0.31
 2586.50  0.31
 2587.20  0.31
 2587.90  0.31
 2588.60  0.31
 2589.30  0.31
 2590.00  0.31
 2590.70  0.31
 2591.40  0.31
 2592.10  0.31
 2592.80  0.31
 2593.50  0.31
 2594.20  0.31
 2594.90  0.31
 2595.60  0.31
 2596.30  0.31
 2597.00  0.31
 2597.70  0.31
 2598.40  0.31
 2599.10  0.31
 2599.80  0.31
 2600.50  0.31
 2601.20  0.31
 2601.90  0.31
 2602.60  0.31
 2603.30  0.31
 2604.00  0.31
 2604.70  0.31
 2605.40  0.31
 2606.10  0.31
 2606.80  0.31
 2607.50  0.31
 2608.20  0.31
 2608.90  0.31
 2609.60  0.31
 2610.30  0.31
 2611.00  0.31
 2611.70  0.31
 2612.40  0.31
 2613.10  0.31
 2613.80  0.31
 2614.50  0.31
 2615.20  0.31
 2615.90  0.31
 2616.60  0.31
 2617.30  0.31
 2618.00  0.31
 2618.70  0.31
 2619.40  0.31
 2620.10  0.31
 2620.80  0.31
 2621.50  0.31
 2622.20  0.31
 2622.90  0.31
 2623.60  0.31
 2624.30  0.31
 2625.00  0.31
 2625.70  0.31
 2626.40  0.31
 2627.10  0.31
 2627.80  0.31
 2628.50  0.31
 2629.20  0.31
 2629.90  0.31
 2630.60  0.31
 2631.30  0.31
 2632.00  0.31
 2632.70  0.31
 2633.40  0.31
 2634.10  0.31
 2634.80  0.31
 2635.50  0.31
 2636.20  0.31
 2636.90  0.31
 2637.60  0.31
 2638.30  0.31
 2639.00  0.31
 2639.70  0.31
 2640.40  0.31
 2641.10  0.31
 2641.80  0.31
 2642.50  0.31
 2643.20  0.31
 2643.90  0.31
 2644.60  0.31
 2645.30  0.31
 2646.00  0.31
 2646.70  0.31
 2647.40  0.31
 2648.10  0.31
 2648.80  0.31
 2649.50  0.31
 2650.20  0.31
 2650.90  0.31
 2651.60  0.31
 2652.30  0.31
 2653.00  0.31
 2653.70  0.31
 2654.40  0.31
 2655.10  0.31
 2655.80  0.31
 2656.50  0.31
 2657.20  0.31
 2657.90  0.31
 2658.60  0.31
 2659.30  0.31
 2660.00  0.31
 2660.70  0.31
 2661.40  0.31
 2662.10  0.31
 2662.80  0.31
 2663.50  0.31
 2664.20  0.31
 2664.90  0.31
 2665.60  0.31
 2666.30  0.31
 2667.00  0.31
 2667.70  0.31
 2668.40  0.31
 2669.10  0.31
 2669.80  0.31
 2670.50  0.31
 2671.20  0.31
 2671.90  0.31
 2672.60  0.31
 2673.30  0.31
 2674.00  0.31
 2674.70  0.31
 2675.40  0.31
 2676.10  0.31
 2676.80  0.31
 2677.50  0.31
 2678.20  0.31
 2678.90  0.31
 2679.60  0.31
 2680.30  0.31
 2681.00  0.31
 2681.70  0.31
 2682.40  0.31
 2683.10  0.31
 2683.80  0.31
 2684.50  0.31
 2685.20  0.31
 2685.90  0.31
 2686.60  0.31
 2687.30  0.31
 2688.00  0.31
 2688.70  0.31
 2689.40  0.31
 2690.10  0.31
 2690.80  0.31
 2691.50  0.31
 2692.20  0.31
 2692.90  0.31
 2693.60  0.31
 2694.30  0.31
 2695.00  0.31
 2695.70  0.31
 2696.40  0.31
 2697.10  0.31
 2697.80  0.31
 2698.50  0.31
 2699.20  0.31
 2699.90  0.31
 2700.60  0.31
 2701.30  0.31
 2702.00  0.31
 2702.70  0.31
 2703.40  0.31
 2704.10  0.31
 2704.80  0.31
 2705.50  0.31
 2706.20  0.31
 2706.90  0.31
 2707.60  0.31
 2708.30  0.31
 2709.00  0.31
 2709.70  0.31
 2710.40  0.31
 2711.10  0.31
 2711.80  0.31
 2712.50  0.31
 2713.20  0.31
 2713.90  0.31
 2714.60  0.31
 2715.30  0.31
 2716.00  0.31
 2716.70  0.31
 2717.40  0.31
 2718.10  0.31
 2718.80  0.31
 2719.50  0.31
 2720.20  0.31
 2720.90  0.31
 2721.60  0.31
 2722.30  0.31
 2723.00  0.31
 2723.70  0.31
 2724.40  0.31
 2725.10  0.31
 2725.80  0.31
 2726.50  0.31
 2727.20  0.31
 2727.90  0.31
 2728.60  0.31
 2729.30  0.31
 2730.00  0.31
 2730.70  0.31
 2731.40  0.31
 2732.10  0.31
 2732.80  0.31
 2733.50  0.31
 2734.20  0.31
 2734.90  0.31
 2735.60  0.31
 2736.30  0.31
 2737.00  0.31
 2737.70  0.31
 2738.40  0.31
 2739.10  0.31
 2739.80  0.31
 2740.50  0.31
 2741.20  0.31
 2741.90  0.31
 2742.60  0.31
 2743.30  0.31
 2744.00  0.31
 2744.70  0.31
 2745.40  0.31
 2746.10  0.31
 2746.80  0.31
 2747.50  0.31
 2748.20  0.31
 2748.90  0.31
 2749.60  0.31
 2750.30  0.31
 2751.00  0.31
 2751.70  0.31
 2752.40  0.31
 2753.10  0.31
 2753.80  0.31
 2754.50  0.31
 2755.20  0.31
 2755.90  0.31
 2756.60  0.31
 2757.30  0.31
 2758.00  0.31
 2758.70  0.31
 2759.40  0.31
 2760.10  0.31
 2760.80  0.31
 2761.50  0.31
 2762.20  0.31
 2762.90  0.31
 2763.60  0.31
 2764.30  0.31
 2765.00  0.31
 2765.70  0.31
 2766.40  0.31
 2767.10  0.31
 2767.80  0.31
 2768.50  0.31
 2769.20  0.31
 2769.90  0.31
 2770.60  0.31
 2771.30  0.31
 2772.00  0.31
 2772.70  0.31
 2773.40  0.31
 2774.10  0.31
 2774.80  0.31
 2775.50  0.31
 2776.20  0.31
 2776.90  0.31
 2777.60  0.31
 2778.30  0.31
 2779.00  0.31
 2779.70  0.31
 2780.40  0.31
 2781.10  0.31
 2781.80  0.31
 2782.50  0.31
 2783.20  0.31
 2783.90  0.31
 2784.60  0.31
 2785.30  0.31
 2786.00  0.31
 2786.70  0.31
 2787.40  0.31
 2788.10  0.31
 2788.80  0.31
 2789.50  0.31
 2790.20  0.31
 2790.90  0.31
 2791.60  0.31
 2792.30  0.31
 2793.00  0.31
 2793.70  0.31
 2794.40  0.31
 2795.10  0.31
 2795.80  0.31
 2796.50  0.31
 2797.20  0.31
 2797.90  0.31
 2798.60  0.31
 2799.30  0.31
 2800.00  0.31
 2800.70  0.31
 2801.40  0.31
 2802.10  0.31
 2802.80  0.31
 2803.50  0.31
 2804.20  0.31
 2804.90  0.31
 2805.60  0.31
 2806.30  0.31
 2807.00  0.31
 2807.70  0.31
 2808.40  0.31
 2809.10  0.31
 2809.80  0.31
 2810.50  0.31
 2811.20  0.31
 2811.90  0.31
 2812.60  0.31
 2813.30  0.31
 2814.00  0.31
 2814.70  0.31
 2815.40  0.31
 2816.10  0.31
 2816.80  0.31
 2817.50  0.31
 2818.20  0.31
 2818.90  0.31
 2819.60  0.31
 2820.30  0.31
 2821.00  0.31
 2821.70  0.31
 2822.40  0.31
 2823.10  0.31
 2823.80  0.31
 2824.50  0.31
 2825.20  0.31
 2825.90  0.31
 2826.60  0.31
 2827.30  0.31
 2828.00  0.31
 2828.70  0.31
 2829.40  0.31
 2830.10  0.31
 2830.80  0.31
 2831.50  0.31
 2832.20  0.31
 2832.90  0.31
 2833.60  0.31
 2834.30  0.31
 2835.00  0.31
 2835.70  0.31
 2836.40  0.31
 2837.10  0.31
 2837.80  0.31
 2838.50  0.31
 2839.20  0.31
 2839.90  0.31
 2840.60  0.31
 2841.30  0.31
 2842.00  0.31
 2842.70  0.31
 2843.40  0.31
 2844.10  0.31
 2844.80  0.31
 2845.50  0.31
 2846.20  0.31
 2846.90  0.31
 2847.60  0.31
 2848.30  0.31
 2849.00  0.31
 2849.70  0.31
 2850.40  0.31
 2851.10  0.31
 2851.80  0.31
 2852.50  0.31
 2853.20  0.31
 2853.90  0.31
 2854.60  0.31
 2855.30  0.31
 2856.00  0.31
 2856.70  0.31
 2857.40  0.31
 2858.10  0.31
 2858.80  0.31
 2859.50  0.31
 2860.20  0.31
 2860.90  0.31
 2861.60  0.31
 2862.30  0.31
 2863.00  0.31
 2863.70  0.31
 2864.40  0.31
 2865.10  0.31
 2865.80  0.31
 2866.50  0.31
 2867.20  0.31
 2867.90  0.31
 2868.60  0.31
 2869.30  0.31
 2870.00  0.31
 2870.70  0.31
 2871.40  0.31
 2872.10  0.31
 2872.80  0.31
 2873.50  0.31
 2874.20  0.31
 2874.90  0.31
 2875.60  0.31
 2876.30  0.31
 2877.00  0.31
 2877.70  0.31
 2878.40  0.31
 2879.10  0.31
 2879.80  0.31
 2880.50  0.31
 2881.20  0.31
 2881.90  0.31
 2882.60  0.31
 2883.30  0.31
 2884.00  0.31
 2884.70  0.31
 2885.40  0.31
 2886.10  0.31
 2886.80  0.31
 2887.50  0.31
 2888.20  0.31
 2888.90  0.31
 2889.60  0.31
 2890.30  0.31
 2891.00  0.31
 2891.70  0.31
 2892.40  0.31
 2893.10  0.31
 2893.80  0.31
 2894.50  0.31
 2895.20  0.31
 2895.90  0.31
 2896.60  0.31
 2897.30  0.31
 2898.00  0.31
 2898.70  0.31
 2899.40  0.31
 2900.10  0.31
 2900.80  0.31
 2901.50  0.31
 2902.20  0.31
 2902.90  0.31
 2903.60  0.31
 2904.30  0.31
 2905.00  0.31
 2905.70  0.31
 2906.40  0.31
 2907.10  0.31
 2907.80  0.31
 2908.50  0.31
 2909.20  0.31
 2909.90  0.31
 2910.60  0.31
 2911.30  0.31
 2912.00  0.31
 2912.70  0.31
 2913.40  0.31
 2914.10  0.31
 2914.80  0.31
 2915.50  0.31
 2916.20  0.31
 2916.90  0.31
 2917.60  0.31
 2918.30  0.31
 2919.00  0.31
 2919.70  0.31
 2920.40  0.31
 2921.10  0.31
 2921.80  0.31
 2922.50  0.31
 2923.20  0.31
 2923.90  0.31
 2924.60  0.31
 2925.30  0.31
 2926.00  0.31
 2926.70  0.31
 2927.40  0.31
 2928.10  0.31
 2928.80  0.31
 2929.50  0.31
 2930.20  0.31
 2930.90  0.31
 2931.60  0.31
 2932.30  0.31
 2933.00  0.31
 2933.70  0.31
 2934.40  0.31
 2935.10  0.31
 2935.80  0.31
 2936.50  0.31
 2937.20  0.31
 2937.90  0.31
 2938.60  0.31
 2939.30  0.31
 2940.00  0.31
 2940.70  0.31
 2941.40  0.31
 2942.10  0.31
 2942.80  0.31
 2943.50  0.31
 2944.20  0.31
 2944.90  0.31
 2945.60  0.31
 2946.30  0.31
 2947.00  0.31
 2947.70  0.31
 2948.40  0.31
 2949.10  0.31
 2949.80  0.31
 2950.50  0.31
 2951.20  0.31
 2951.90  0.31
 2952.60  0.31
 2953.30  0.31
 2954.00  0.31
 2954.70  0.31
 2955.40  0.31
 2956.10  0.31
 2956.80  0.31
 2957.50  0.31
 2958.20  0.31
 2958.90  0.31
 2959.60  0.31
 2960.30  0.31
 2961.00  0.31
 2961.70  0.31
 2962.40  0.31
 2963.10  0.31
 2963.80  0.31
 2964.50  0.31
 2965.20  0.31
 2965.90  0.31
 2966.60  0.31
 2967.30  0.31
 2968.00  0.31
 2968.70  0.31
 2969.40  0.31
 2970.10  0.31
 2970.80  0.31
 2971.50  0.31
 2972.20  0.31
 2972.90  0.31
 2973.60  0.31
 2974.30  0.31
 2975.00  0.31
 2975.70  0.31
 2976.40  0.31
 2977.10  0.31
 2977.80  0.31
 2978.50  0.31
 2979.20  0.31
 2979.90  0.31
 2980.60  0.31
 2981.30  0.31
 2982.00  0.31
 2982.70  0.31
 2983.40  0.31
 2984.10  0.31
 2984.80  0.31
 2985.50  0.31
 2986.20  0.31
 2986.90  0.31
 2987.60  0.31
 2988.30  0.31
 2989.00  0.31
 2989.70  0.31
 2990.40  0.31
 2991.10  0.31
 2991.80  0.31
 2992.50  0.31
 2993.20  0.31
 2993.90  0.31
 2994.60  0.31
 2995.30  0.31
 2996.00  0.31
 2996.70  0.31
 2997.40  0.31
 2998.10  0.31
 2998.80  0.31
 2999.50  0.31
