#Navio B MarAd
#Manobra de Curva Giro
#
#Eta 
#
#temp      rot 
 0.00  1.00
 0.70  1.00
 1.40  1.00
 2.10  1.00
 2.80  1.00
 3.50  1.00
 4.20  1.00
 4.90  1.00
 5.60  1.00
 6.30  1.00
 7.00  1.00
 7.70  1.00
 8.40  1.00
 9.10  1.00
 9.80  1.01
 10.50  1.01
 11.20  1.01
 11.90  1.01
 12.60  1.01
 13.30  1.01
 14.00  1.01
 14.70  1.01
 15.40  1.01
 16.10  1.01
 16.80  1.01
 17.50  1.01
 18.20  1.01
 18.90  1.01
 19.60  1.01
 20.30  1.01
 21.00  1.01
 21.70  1.01
 22.40  1.01
 23.10  1.01
 23.80  1.01
 24.50  1.02
 25.20  1.02
 25.90  1.02
 26.60  1.02
 27.30  1.02
 28.00  1.02
 28.70  1.02
 29.40  1.02
 30.10  1.02
 30.80  1.02
 31.50  1.02
 32.20  1.02
 32.90  1.02
 33.60  1.02
 34.30  1.02
 35.00  1.02
 35.70  1.02
 36.40  1.02
 37.10  1.03
 37.80  1.03
 38.50  1.03
 39.20  1.03
 39.90  1.03
 40.60  1.03
 41.30  1.03
 42.00  1.03
 42.70  1.03
 43.40  1.03
 44.10  1.03
 44.80  1.03
 45.50  1.03
 46.20  1.03
 46.90  1.03
 47.60  1.03
 48.30  1.04
 49.00  1.04
 49.70  1.04
 50.40  1.04
 51.10  1.04
 51.80  1.04
 52.50  1.04
 53.20  1.04
 53.90  1.04
 54.60  1.04
 55.30  1.04
 56.00  1.04
 56.70  1.04
 57.40  1.04
 58.10  1.05
 58.80  1.05
 59.50  1.05
 60.20  1.05
 60.90  1.05
 61.60  1.05
 62.30  1.05
 63.00  1.05
 63.70  1.05
 64.40  1.05
 65.10  1.05
 65.80  1.06
 66.50  1.06
 67.20  1.06
 67.90  1.06
 68.60  1.06
 69.30  1.06
 70.00  1.06
 70.70  1.06
 71.40  1.06
 72.10  1.06
 72.80  1.06
 73.50  1.07
 74.20  1.07
 74.90  1.07
 75.60  1.07
 76.30  1.07
 77.00  1.07
 77.70  1.07
 78.40  1.07
 79.10  1.07
 79.80  1.08
 80.50  1.08
 81.20  1.08
 81.90  1.08
 82.60  1.08
 83.30  1.08
 84.00  1.08
 84.70  1.08
 85.40  1.08
 86.10  1.09
 86.80  1.09
 87.50  1.09
 88.20  1.09
 88.90  1.09
 89.60  1.09
 90.30  1.09
 91.00  1.09
 91.70  1.10
 92.40  1.10
 93.10  1.10
 93.80  1.10
 94.50  1.10
 95.20  1.10
 95.90  1.10
 96.60  1.11
 97.30  1.11
 98.00  1.11
 98.70  1.11
 99.40  1.11
 100.10  1.11
 100.80  1.11
 101.50  1.12
 102.20  1.12
 102.90  1.12
 103.60  1.12
 104.30  1.12
 105.00  1.12
 105.70  1.12
 106.40  1.13
 107.10  1.13
 107.80  1.13
 108.50  1.13
 109.20  1.13
 109.90  1.13
 110.60  1.13
 111.30  1.14
 112.00  1.14
 112.70  1.14
 113.40  1.14
 114.10  1.14
 114.80  1.14
 115.50  1.15
 116.20  1.15
 116.90  1.15
 117.60  1.15
 118.30  1.15
 119.00  1.15
 119.70  1.16
 120.40  1.16
 121.10  1.16
 121.80  1.16
 122.50  1.16
 123.20  1.17
 123.90  1.17
 124.60  1.17
 125.30  1.17
 126.00  1.17
 126.70  1.17
 127.40  1.18
 128.10  1.18
 128.80  1.18
 129.50  1.18
 130.20  1.18
 130.90  1.19
 131.60  1.19
 132.30  1.19
 133.00  1.19
 133.70  1.19
 134.40  1.20
 135.10  1.20
 135.80  1.20
 136.50  1.20
 137.20  1.20
 137.90  1.21
 138.60  1.21
 139.30  1.21
 140.00  1.21
 140.70  1.21
 141.40  1.22
 142.10  1.22
 142.80  1.22
 143.50  1.22
 144.20  1.22
 144.90  1.23
 145.60  1.23
 146.30  1.23
 147.00  1.23
 147.70  1.23
 148.40  1.24
 149.10  1.24
 149.80  1.24
 150.50  1.24
 151.20  1.25
 151.90  1.25
 152.60  1.25
 153.30  1.25
 154.00  1.25
 154.70  1.26
 155.40  1.26
 156.10  1.26
 156.80  1.26
 157.50  1.27
 158.20  1.27
 158.90  1.27
 159.60  1.27
 160.30  1.27
 161.00  1.28
 161.70  1.28
 162.40  1.28
 163.10  1.28
 163.80  1.29
 164.50  1.29
 165.20  1.29
 165.90  1.29
 166.60  1.30
 167.30  1.30
 168.00  1.30
 168.70  1.30
 169.40  1.31
 170.10  1.31
 170.80  1.31
 171.50  1.31
 172.20  1.31
 172.90  1.32
 173.60  1.32
 174.30  1.32
 175.00  1.32
 175.70  1.33
 176.40  1.33
 177.10  1.33
 177.80  1.33
 178.50  1.34
 179.20  1.34
 179.90  1.34
 180.60  1.34
 181.30  1.35
 182.00  1.35
 182.70  1.35
 183.40  1.35
 184.10  1.36
 184.80  1.36
 185.50  1.36
 186.20  1.36
 186.90  1.37
 187.60  1.37
 188.30  1.37
 189.00  1.38
 189.70  1.38
 190.40  1.38
 191.10  1.38
 191.80  1.39
 192.50  1.39
 193.20  1.39
 193.90  1.39
 194.60  1.40
 195.30  1.40
 196.00  1.40
 196.70  1.40
 197.40  1.41
 198.10  1.41
 198.80  1.41
 199.50  1.41
 200.20  1.42
 200.90  1.42
 201.60  1.42
 202.30  1.43
 203.00  1.43
 203.70  1.43
 204.40  1.43
 205.10  1.44
 205.80  1.44
 206.50  1.44
 207.20  1.44
 207.90  1.45
 208.60  1.45
 209.30  1.45
 210.00  1.46
 210.70  1.46
 211.40  1.46
 212.10  1.46
 212.80  1.47
 213.50  1.47
 214.20  1.47
 214.90  1.47
 215.60  1.48
 216.30  1.48
 217.00  1.48
 217.70  1.49
 218.40  1.49
 219.10  1.49
 219.80  1.49
 220.50  1.50
 221.20  1.50
 221.90  1.50
 222.60  1.51
 223.30  1.51
 224.00  1.51
 224.70  1.51
 225.40  1.52
 226.10  1.52
 226.80  1.52
 227.50  1.52
 228.20  1.53
 228.90  1.53
 229.60  1.53
 230.30  1.54
 231.00  1.54
 231.70  1.54
 232.40  1.54
 233.10  1.55
 233.80  1.55
 234.50  1.55
 235.20  1.56
 235.90  1.56
 236.60  1.56
 237.30  1.56
 238.00  1.57
 238.70  1.57
 239.40  1.57
 240.10  1.58
 240.80  1.58
 241.50  1.58
 242.20  1.58
 242.90  1.59
 243.60  1.59
 244.30  1.59
 245.00  1.60
 245.70  1.60
 246.40  1.60
 247.10  1.60
 247.80  1.61
 248.50  1.61
 249.20  1.61
 249.90  1.62
 250.60  1.62
 251.30  1.62
 252.00  1.63
 252.70  1.63
 253.40  1.63
 254.10  1.63
 254.80  1.64
 255.50  1.64
 256.20  1.64
 256.90  1.65
 257.60  1.65
 258.30  1.65
 259.00  1.65
 259.70  1.66
 260.40  1.66
 261.10  1.66
 261.80  1.67
 262.50  1.67
 263.20  1.67
 263.90  1.67
 264.60  1.68
 265.30  1.68
 266.00  1.68
 266.70  1.69
 267.40  1.69
 268.10  1.69
 268.80  1.70
 269.50  1.70
 270.20  1.70
 270.90  1.70
 271.60  1.71
 272.30  1.71
 273.00  1.71
 273.70  1.72
 274.40  1.72
 275.10  1.72
 275.80  1.72
 276.50  1.73
 277.20  1.73
 277.90  1.73
 278.60  1.74
 279.30  1.74
 280.00  1.74
 280.70  1.74
 281.40  1.75
 282.10  1.75
 282.80  1.75
 283.50  1.76
 284.20  1.76
 284.90  1.76
 285.60  1.77
 286.30  1.77
 287.00  1.77
 287.70  1.77
 288.40  1.78
 289.10  1.78
 289.80  1.78
 290.50  1.79
 291.20  1.79
 291.90  1.79
 292.60  1.79
 293.30  1.80
 294.00  1.80
 294.70  1.80
 295.40  1.81
 296.10  1.81
 296.80  1.81
 297.50  1.82
 298.20  1.82
 298.90  1.82
 299.60  1.82
 300.30  1.83
 301.00  1.83
 301.70  1.83
 302.40  1.84
 303.10  1.84
 303.80  1.84
 304.50  1.84
 305.20  1.85
 305.90  1.85
 306.60  1.85
 307.30  1.86
 308.00  1.86
 308.70  1.86
 309.40  1.86
 310.10  1.87
 310.80  1.87
 311.50  1.87
 312.20  1.88
 312.90  1.88
 313.60  1.88
 314.30  1.88
 315.00  1.89
 315.70  1.89
 316.40  1.89
 317.10  1.90
 317.80  1.90
 318.50  1.90
 319.20  1.91
 319.90  1.91
 320.60  1.91
 321.30  1.91
 322.00  1.92
 322.70  1.92
 323.40  1.92
 324.10  1.93
 324.80  1.93
 325.50  1.93
 326.20  1.93
 326.90  1.94
 327.60  1.94
 328.30  1.94
 329.00  1.95
 329.70  1.95
 330.40  1.95
 331.10  1.95
 331.80  1.96
 332.50  1.96
 333.20  1.96
 333.90  1.97
 334.60  1.97
 335.30  1.97
 336.00  1.97
 336.70  1.98
 337.40  1.98
 338.10  1.98
 338.80  1.98
 339.50  1.99
 340.20  1.99
 340.90  1.99
 341.60  2.00
 342.30  2.00
 343.00  2.00
 343.70  2.00
 344.40  2.01
 345.10  2.01
 345.80  2.01
 346.50  2.02
 347.20  2.02
 347.90  2.02
 348.60  2.02
 349.30  2.03
 350.00  2.03
 350.70  2.03
 351.40  2.04
 352.10  2.04
 352.80  2.04
 353.50  2.04
 354.20  2.05
 354.90  2.05
 355.60  2.05
 356.30  2.06
 357.00  2.06
 357.70  2.06
 358.40  2.06
 359.10  2.07
 359.80  2.07
 360.50  2.07
 361.20  2.08
 361.90  2.08
 362.60  2.08
 363.30  2.08
 364.00  2.09
 364.70  2.09
 365.40  2.09
 366.10  2.09
 366.80  2.10
 367.50  2.10
 368.20  2.10
 368.90  2.11
 369.60  2.11
 370.30  2.11
 371.00  2.11
 371.70  2.12
 372.40  2.12
 373.10  2.12
 373.80  2.12
 374.50  2.13
 375.20  2.13
 375.90  2.13
 376.60  2.14
 377.30  2.14
 378.00  2.14
 378.70  2.14
 379.40  2.15
 380.10  2.15
 380.80  2.15
 381.50  2.15
 382.20  2.16
 382.90  2.16
 383.60  2.16
 384.30  2.16
 385.00  2.17
 385.70  2.17
 386.40  2.17
 387.10  2.18
 387.80  2.18
 388.50  2.18
 389.20  2.18
 389.90  2.19
 390.60  2.19
 391.30  2.19
 392.00  2.19
 392.70  2.20
 393.40  2.20
 394.10  2.20
 394.80  2.20
 395.50  2.21
 396.20  2.21
 396.90  2.21
 397.60  2.22
 398.30  2.22
 399.00  2.22
 399.70  2.22
 400.40  2.23
 401.10  2.23
 401.80  2.23
 402.50  2.23
 403.20  2.24
 403.90  2.24
 404.60  2.24
 405.30  2.24
 406.00  2.25
 406.70  2.25
 407.40  2.25
 408.10  2.25
 408.80  2.26
 409.50  2.26
 410.20  2.26
 410.90  2.26
 411.60  2.27
 412.30  2.27
 413.00  2.27
 413.70  2.27
 414.40  2.28
 415.10  2.28
 415.80  2.28
 416.50  2.28
 417.20  2.29
 417.90  2.29
 418.60  2.29
 419.30  2.29
 420.00  2.30
 420.70  2.30
 421.40  2.30
 422.10  2.30
 422.80  2.31
 423.50  2.31
 424.20  2.31
 424.90  2.31
 425.60  2.32
 426.30  2.32
 427.00  2.32
 427.70  2.32
 428.40  2.33
 429.10  2.33
 429.80  2.33
 430.50  2.33
 431.20  2.34
 431.90  2.34
 432.60  2.34
 433.30  2.34
 434.00  2.35
 434.70  2.35
 435.40  2.35
 436.10  2.35
 436.80  2.35
 437.50  2.36
 438.20  2.36
 438.90  2.36
 439.60  2.36
 440.30  2.37
 441.00  2.37
 441.70  2.37
 442.40  2.37
 443.10  2.38
 443.80  2.38
 444.50  2.38
 445.20  2.38
 445.90  2.39
 446.60  2.39
 447.30  2.39
 448.00  2.39
 448.70  2.39
 449.40  2.40
 450.10  2.40
 450.80  2.40
 451.50  2.40
 452.20  2.41
 452.90  2.41
 453.60  2.41
 454.30  2.41
 455.00  2.42
 455.70  2.42
 456.40  2.42
 457.10  2.42
 457.80  2.42
 458.50  2.43
 459.20  2.43
 459.90  2.43
 460.60  2.43
 461.30  2.44
 462.00  2.44
 462.70  2.44
 463.40  2.44
 464.10  2.45
 464.80  2.45
 465.50  2.45
 466.20  2.45
 466.90  2.45
 467.60  2.46
 468.30  2.46
 469.00  2.46
 469.70  2.46
 470.40  2.46
 471.10  2.47
 471.80  2.47
 472.50  2.47
 473.20  2.47
 473.90  2.48
 474.60  2.48
 475.30  2.48
 476.00  2.48
 476.70  2.48
 477.40  2.49
 478.10  2.49
 478.80  2.49
 479.50  2.49
 480.20  2.50
 480.90  2.50
 481.60  2.50
 482.30  2.50
 483.00  2.50
 483.70  2.51
 484.40  2.51
 485.10  2.51
 485.80  2.51
 486.50  2.51
 487.20  2.52
 487.90  2.52
 488.60  2.52
 489.30  2.52
 490.00  2.52
 490.70  2.53
 491.40  2.53
 492.10  2.53
 492.80  2.53
 493.50  2.54
 494.20  2.54
 494.90  2.54
 495.60  2.54
 496.30  2.54
 497.00  2.55
 497.70  2.55
 498.40  2.55
 499.10  2.55
 499.80  2.55
 500.50  2.56
 501.20  2.56
 501.90  2.56
 502.60  2.56
 503.30  2.56
 504.00  2.57
 504.70  2.57
 505.40  2.57
 506.10  2.57
 506.80  2.57
 507.50  2.58
 508.20  2.58
 508.90  2.58
 509.60  2.58
 510.30  2.58
 511.00  2.59
 511.70  2.59
 512.40  2.59
 513.10  2.59
 513.80  2.59
 514.50  2.60
 515.20  2.60
 515.90  2.60
 516.60  2.60
 517.30  2.60
 518.00  2.60
 518.70  2.61
 519.40  2.61
 520.10  2.61
 520.80  2.61
 521.50  2.61
 522.20  2.62
 522.90  2.62
 523.60  2.62
 524.30  2.62
 525.00  2.62
 525.70  2.63
 526.40  2.63
 527.10  2.63
 527.80  2.63
 528.50  2.63
 529.20  2.64
 529.90  2.64
 530.60  2.64
 531.30  2.64
 532.00  2.64
 532.70  2.64
 533.40  2.65
 534.10  2.65
 534.80  2.65
 535.50  2.65
 536.20  2.65
 536.90  2.66
 537.60  2.66
 538.30  2.66
 539.00  2.66
 539.70  2.66
 540.40  2.66
 541.10  2.67
 541.80  2.67
 542.50  2.67
 543.20  2.67
 543.90  2.67
 544.60  2.67
 545.30  2.68
 546.00  2.68
 546.70  2.68
 547.40  2.68
 548.10  2.68
 548.80  2.69
 549.50  2.69
 550.20  2.69
 550.90  2.69
 551.60  2.69
 552.30  2.69
 553.00  2.70
 553.70  2.70
 554.40  2.70
 555.10  2.70
 555.80  2.70
 556.50  2.70
 557.20  2.71
 557.90  2.71
 558.60  2.71
 559.30  2.71
 560.00  2.71
 560.70  2.71
 561.40  2.72
 562.10  2.72
 562.80  2.72
 563.50  2.72
 564.20  2.72
 564.90  2.72
 565.60  2.73
 566.30  2.73
 567.00  2.73
 567.70  2.73
 568.40  2.73
 569.10  2.73
 569.80  2.74
 570.50  2.74
 571.20  2.74
 571.90  2.74
 572.60  2.74
 573.30  2.74
 574.00  2.75
 574.70  2.75
 575.40  2.75
 576.10  2.75
 576.80  2.75
 577.50  2.75
 578.20  2.76
 578.90  2.76
 579.60  2.76
 580.30  2.76
 581.00  2.76
 581.70  2.76
 582.40  2.76
 583.10  2.77
 583.80  2.77
 584.50  2.77
 585.20  2.77
 585.90  2.77
 586.60  2.77
 587.30  2.78
 588.00  2.78
 588.70  2.78
 589.40  2.78
 590.10  2.78
 590.80  2.78
 591.50  2.79
 592.20  2.79
 592.90  2.79
 593.60  2.79
 594.30  2.79
 595.00  2.79
 595.70  2.79
 596.40  2.80
 597.10  2.80
 597.80  2.80
 598.50  2.80
 599.20  2.80
 599.90  2.80
 600.60  2.80
 601.30  2.81
 602.00  2.81
 602.70  2.81
 603.40  2.81
 604.10  2.81
 604.80  2.81
 605.50  2.81
 606.20  2.82
 606.90  2.82
 607.60  2.82
 608.30  2.82
 609.00  2.82
 609.70  2.82
 610.40  2.82
 611.10  2.83
 611.80  2.83
 612.50  2.83
 613.20  2.83
 613.90  2.83
 614.60  2.83
 615.30  2.83
 616.00  2.84
 616.70  2.84
 617.40  2.84
 618.10  2.84
 618.80  2.84
 619.50  2.84
 620.20  2.84
 620.90  2.85
 621.60  2.85
 622.30  2.85
 623.00  2.85
 623.70  2.85
 624.40  2.85
 625.10  2.85
 625.80  2.86
 626.50  2.86
 627.20  2.86
 627.90  2.86
 628.60  2.86
 629.30  2.86
 630.00  2.86
 630.70  2.86
 631.40  2.87
 632.10  2.87
 632.80  2.87
 633.50  2.87
 634.20  2.87
 634.90  2.87
 635.60  2.87
 636.30  2.88
 637.00  2.88
 637.70  2.88
 638.40  2.88
 639.10  2.88
 639.80  2.88
 640.50  2.88
 641.20  2.88
 641.90  2.89
 642.60  2.89
 643.30  2.89
 644.00  2.89
 644.70  2.89
 645.40  2.89
 646.10  2.89
 646.80  2.89
 647.50  2.90
 648.20  2.90
 648.90  2.90
 649.60  2.90
 650.30  2.90
 651.00  2.90
 651.70  2.90
 652.40  2.90
 653.10  2.91
 653.80  2.91
 654.50  2.91
 655.20  2.91
 655.90  2.91
 656.60  2.91
 657.30  2.91
 658.00  2.91
 658.70  2.92
 659.40  2.92
 660.10  2.92
 660.80  2.92
 661.50  2.92
 662.20  2.92
 662.90  2.92
 663.60  2.92
 664.30  2.92
 665.00  2.93
 665.70  2.93
 666.40  2.93
 667.10  2.93
 667.80  2.93
 668.50  2.93
 669.20  2.93
 669.90  2.93
 670.60  2.94
 671.30  2.94
 672.00  2.94
 672.70  2.94
 673.40  2.94
 674.10  2.94
 674.80  2.94
 675.50  2.94
 676.20  2.94
 676.90  2.95
 677.60  2.95
 678.30  2.95
 679.00  2.95
 679.70  2.95
 680.40  2.95
 681.10  2.95
 681.80  2.95
 682.50  2.95
 683.20  2.96
 683.90  2.96
 684.60  2.96
 685.30  2.96
 686.00  2.96
 686.70  2.96
 687.40  2.96
 688.10  2.96
 688.80  2.96
 689.50  2.96
 690.20  2.97
 690.90  2.97
 691.60  2.97
 692.30  2.97
 693.00  2.97
 693.70  2.97
 694.40  2.97
 695.10  2.97
 695.80  2.97
 696.50  2.98
 697.20  2.98
 697.90  2.98
 698.60  2.98
 699.30  2.98
 700.00  2.98
 700.70  2.98
 701.40  2.98
 702.10  2.98
 702.80  2.98
 703.50  2.99
 704.20  2.99
 704.90  2.99
 705.60  2.99
 706.30  2.99
 707.00  2.99
 707.70  2.99
 708.40  2.99
 709.10  2.99
 709.80  2.99
 710.50  3.00
 711.20  3.00
 711.90  3.00
 712.60  3.00
 713.30  3.00
 714.00  3.00
 714.70  3.00
 715.40  3.00
 716.10  3.00
 716.80  3.00
 717.50  3.01
 718.20  3.01
 718.90  3.01
 719.60  3.01
 720.30  3.01
 721.00  3.01
 721.70  3.01
 722.40  3.01
 723.10  3.01
 723.80  3.01
 724.50  3.02
 725.20  3.02
 725.90  3.02
 726.60  3.02
 727.30  3.02
 728.00  3.02
 728.70  3.02
 729.40  3.02
 730.10  3.02
 730.80  3.02
 731.50  3.02
 732.20  3.03
 732.90  3.03
 733.60  3.03
 734.30  3.03
 735.00  3.03
 735.70  3.03
 736.40  3.03
 737.10  3.03
 737.80  3.03
 738.50  3.03
 739.20  3.03
 739.90  3.04
 740.60  3.04
 741.30  3.04
 742.00  3.04
 742.70  3.04
 743.40  3.04
 744.10  3.04
 744.80  3.04
 745.50  3.04
 746.20  3.04
 746.90  3.04
 747.60  3.04
 748.30  3.05
 749.00  3.05
 749.70  3.05
 750.40  3.05
 751.10  3.05
 751.80  3.05
 752.50  3.05
 753.20  3.05
 753.90  3.05
 754.60  3.05
 755.30  3.05
 756.00  3.05
 756.70  3.06
 757.40  3.06
 758.10  3.06
 758.80  3.06
 759.50  3.06
 760.20  3.06
 760.90  3.06
 761.60  3.06
 762.30  3.06
 763.00  3.06
 763.70  3.06
 764.40  3.06
 765.10  3.07
 765.80  3.07
 766.50  3.07
 767.20  3.07
 767.90  3.07
 768.60  3.07
 769.30  3.07
 770.00  3.07
 770.70  3.07
 771.40  3.07
 772.10  3.07
 772.80  3.07
 773.50  3.07
 774.20  3.08
 774.90  3.08
 775.60  3.08
 776.30  3.08
 777.00  3.08
 777.70  3.08
 778.40  3.08
 779.10  3.08
 779.80  3.08
 780.50  3.08
 781.20  3.08
 781.90  3.08
 782.60  3.08
 783.30  3.09
 784.00  3.09
 784.70  3.09
 785.40  3.09
 786.10  3.09
 786.80  3.09
 787.50  3.09
 788.20  3.09
 788.90  3.09
 789.60  3.09
 790.30  3.09
 791.00  3.09
 791.70  3.09
 792.40  3.09
 793.10  3.10
 793.80  3.10
 794.50  3.10
 795.20  3.10
 795.90  3.10
 796.60  3.10
 797.30  3.10
 798.00  3.10
 798.70  3.10
 799.40  3.10
 800.10  3.10
 800.80  3.10
 801.50  3.10
 802.20  3.10
 802.90  3.11
 803.60  3.11
 804.30  3.11
 805.00  3.11
 805.70  3.11
 806.40  3.11
 807.10  3.11
 807.80  3.11
 808.50  3.11
 809.20  3.11
 809.90  3.11
 810.60  3.11
 811.30  3.11
 812.00  3.11
 812.70  3.11
 813.40  3.12
 814.10  3.12
 814.80  3.12
 815.50  3.12
 816.20  3.12
 816.90  3.12
 817.60  3.12
 818.30  3.12
 819.00  3.12
 819.70  3.12
 820.40  3.12
 821.10  3.12
 821.80  3.12
 822.50  3.12
 823.20  3.12
 823.90  3.13
 824.60  3.13
 825.30  3.13
 826.00  3.13
 826.70  3.13
 827.40  3.13
 828.10  3.13
 828.80  3.13
 829.50  3.13
 830.20  3.13
 830.90  3.13
 831.60  3.13
 832.30  3.13
 833.00  3.13
 833.70  3.13
 834.40  3.13
 835.10  3.13
 835.80  3.14
 836.50  3.14
 837.20  3.14
 837.90  3.14
 838.60  3.14
 839.30  3.14
 840.00  3.14
 840.70  3.14
 841.40  3.14
 842.10  3.14
 842.80  3.14
 843.50  3.14
 844.20  3.14
 844.90  3.14
 845.60  3.14
 846.30  3.14
 847.00  3.14
 847.70  3.15
 848.40  3.15
 849.10  3.15
 849.80  3.15
 850.50  3.15
 851.20  3.15
 851.90  3.15
 852.60  3.15
 853.30  3.15
 854.00  3.15
 854.70  3.15
 855.40  3.15
 856.10  3.15
 856.80  3.15
 857.50  3.15
 858.20  3.15
 858.90  3.15
 859.60  3.15
 860.30  3.16
 861.00  3.16
 861.70  3.16
 862.40  3.16
 863.10  3.16
 863.80  3.16
 864.50  3.16
 865.20  3.16
 865.90  3.16
 866.60  3.16
 867.30  3.16
 868.00  3.16
 868.70  3.16
 869.40  3.16
 870.10  3.16
 870.80  3.16
 871.50  3.16
 872.20  3.16
 872.90  3.17
 873.60  3.17
 874.30  3.17
 875.00  3.17
 875.70  3.17
 876.40  3.17
 877.10  3.17
 877.80  3.17
 878.50  3.17
 879.20  3.17
 879.90  3.17
 880.60  3.17
 881.30  3.17
 882.00  3.17
 882.70  3.17
 883.40  3.17
 884.10  3.17
 884.80  3.17
 885.50  3.17
 886.20  3.17
 886.90  3.17
 887.60  3.18
 888.30  3.18
 889.00  3.18
 889.70  3.18
 890.40  3.18
 891.10  3.18
 891.80  3.18
 892.50  3.18
 893.20  3.18
 893.90  3.18
 894.60  3.18
 895.30  3.18
 896.00  3.18
 896.70  3.18
 897.40  3.18
 898.10  3.18
 898.80  3.18
 899.50  3.18
 900.20  3.18
 900.90  3.18
 901.60  3.18
 902.30  3.19
 903.00  3.19
 903.70  3.19
 904.40  3.19
 905.10  3.19
 905.80  3.19
 906.50  3.19
 907.20  3.19
 907.90  3.19
 908.60  3.19
 909.30  3.19
 910.00  3.19
 910.70  3.19
 911.40  3.19
 912.10  3.19
 912.80  3.19
 913.50  3.19
 914.20  3.19
 914.90  3.19
 915.60  3.19
 916.30  3.19
 917.00  3.19
 917.70  3.19
 918.40  3.20
 919.10  3.20
 919.80  3.20
 920.50  3.20
 921.20  3.20
 921.90  3.20
 922.60  3.20
 923.30  3.20
 924.00  3.20
 924.70  3.20
 925.40  3.20
 926.10  3.20
 926.80  3.20
 927.50  3.20
 928.20  3.20
 928.90  3.20
 929.60  3.20
 930.30  3.20
 931.00  3.20
 931.70  3.20
 932.40  3.20
 933.10  3.20
 933.80  3.20
 934.50  3.20
 935.20  3.21
 935.90  3.21
 936.60  3.21
 937.30  3.21
 938.00  3.21
 938.70  3.21
 939.40  3.21
 940.10  3.21
 940.80  3.21
 941.50  3.21
 942.20  3.21
 942.90  3.21
 943.60  3.21
 944.30  3.21
 945.00  3.21
 945.70  3.21
 946.40  3.21
 947.10  3.21
 947.80  3.21
 948.50  3.21
 949.20  3.21
 949.90  3.21
 950.60  3.21
 951.30  3.21
 952.00  3.21
 952.70  3.21
 953.40  3.22
 954.10  3.22
 954.80  3.22
 955.50  3.22
 956.20  3.22
 956.90  3.22
 957.60  3.22
 958.30  3.22
 959.00  3.22
 959.70  3.22
 960.40  3.22
 961.10  3.22
 961.80  3.22
 962.50  3.22
 963.20  3.22
 963.90  3.22
 964.60  3.22
 965.30  3.22
 966.00  3.22
 966.70  3.22
 967.40  3.22
 968.10  3.22
 968.80  3.22
 969.50  3.22
 970.20  3.22
 970.90  3.22
 971.60  3.22
 972.30  3.22
 973.00  3.22
 973.70  3.23
 974.40  3.23
 975.10  3.23
 975.80  3.23
 976.50  3.23
 977.20  3.23
 977.90  3.23
 978.60  3.23
 979.30  3.23
 980.00  3.23
 980.70  3.23
 981.40  3.23
 982.10  3.23
 982.80  3.23
 983.50  3.23
 984.20  3.23
 984.90  3.23
 985.60  3.23
 986.30  3.23
 987.00  3.23
 987.70  3.23
 988.40  3.23
 989.10  3.23
 989.80  3.23
 990.50  3.23
 991.20  3.23
 991.90  3.23
 992.60  3.23
 993.30  3.23
 994.00  3.23
 994.70  3.23
 995.40  3.24
 996.10  3.24
 996.80  3.24
 997.50  3.24
 998.20  3.24
 998.90  3.24
 999.60  3.24
 1000.30  3.24
 1001.00  3.24
 1001.70  3.24
 1002.40  3.24
 1003.10  3.24
 1003.80  3.24
 1004.50  3.24
 1005.20  3.24
 1005.90  3.24
 1006.60  3.24
 1007.30  3.24
 1008.00  3.24
 1008.70  3.24
 1009.40  3.24
 1010.10  3.24
 1010.80  3.24
 1011.50  3.24
 1012.20  3.24
 1012.90  3.24
 1013.60  3.24
 1014.30  3.24
 1015.00  3.24
 1015.70  3.24
 1016.40  3.24
 1017.10  3.24
 1017.80  3.24
 1018.50  3.24
 1019.20  3.24
 1019.90  3.25
 1020.60  3.25
 1021.30  3.25
 1022.00  3.25
 1022.70  3.25
 1023.40  3.25
 1024.10  3.25
 1024.80  3.25
 1025.50  3.25
 1026.20  3.25
 1026.90  3.25
 1027.60  3.25
 1028.30  3.25
 1029.00  3.25
 1029.70  3.25
 1030.40  3.25
 1031.10  3.25
 1031.80  3.25
 1032.50  3.25
 1033.20  3.25
 1033.90  3.25
 1034.60  3.25
 1035.30  3.25
 1036.00  3.25
 1036.70  3.25
 1037.40  3.25
 1038.10  3.25
 1038.80  3.25
 1039.50  3.25
 1040.20  3.25
 1040.90  3.25
 1041.60  3.25
 1042.30  3.25
 1043.00  3.25
 1043.70  3.25
 1044.40  3.25
 1045.10  3.25
 1045.80  3.25
 1046.50  3.25
 1047.20  3.26
 1047.90  3.26
 1048.60  3.26
 1049.30  3.26
 1050.00  3.26
 1050.70  3.26
 1051.40  3.26
 1052.10  3.26
 1052.80  3.26
 1053.50  3.26
 1054.20  3.26
 1054.90  3.26
 1055.60  3.26
 1056.30  3.26
 1057.00  3.26
 1057.70  3.26
 1058.40  3.26
 1059.10  3.26
 1059.80  3.26
 1060.50  3.26
 1061.20  3.26
 1061.90  3.26
 1062.60  3.26
 1063.30  3.26
 1064.00  3.26
 1064.70  3.26
 1065.40  3.26
 1066.10  3.26
 1066.80  3.26
 1067.50  3.26
 1068.20  3.26
 1068.90  3.26
 1069.60  3.26
 1070.30  3.26
 1071.00  3.26
 1071.70  3.26
 1072.40  3.26
 1073.10  3.26
 1073.80  3.26
 1074.50  3.26
 1075.20  3.26
 1075.90  3.26
 1076.60  3.26
 1077.30  3.26
 1078.00  3.26
 1078.70  3.27
 1079.40  3.27
 1080.10  3.27
 1080.80  3.27
 1081.50  3.27
 1082.20  3.27
 1082.90  3.27
 1083.60  3.27
 1084.30  3.27
 1085.00  3.27
 1085.70  3.27
 1086.40  3.27
 1087.10  3.27
 1087.80  3.27
 1088.50  3.27
 1089.20  3.27
 1089.90  3.27
 1090.60  3.27
 1091.30  3.27
 1092.00  3.27
 1092.70  3.27
 1093.40  3.27
 1094.10  3.27
 1094.80  3.27
 1095.50  3.27
 1096.20  3.27
 1096.90  3.27
 1097.60  3.27
 1098.30  3.27
 1099.00  3.27
 1099.70  3.27
 1100.40  3.27
 1101.10  3.27
 1101.80  3.27
 1102.50  3.27
 1103.20  3.27
 1103.90  3.27
 1104.60  3.27
 1105.30  3.27
 1106.00  3.27
 1106.70  3.27
 1107.40  3.27
 1108.10  3.27
 1108.80  3.27
 1109.50  3.27
 1110.20  3.27
 1110.90  3.27
 1111.60  3.27
 1112.30  3.27
 1113.00  3.27
 1113.70  3.27
 1114.40  3.28
 1115.10  3.28
 1115.80  3.28
 1116.50  3.28
 1117.20  3.28
 1117.90  3.28
 1118.60  3.28
 1119.30  3.28
 1120.00  3.28
 1120.70  3.28
 1121.40  3.28
 1122.10  3.28
 1122.80  3.28
 1123.50  3.28
 1124.20  3.28
 1124.90  3.28
 1125.60  3.28
 1126.30  3.28
 1127.00  3.28
 1127.70  3.28
 1128.40  3.28
 1129.10  3.28
 1129.80  3.28
 1130.50  3.28
 1131.20  3.28
 1131.90  3.28
 1132.60  3.28
 1133.30  3.28
 1134.00  3.28
 1134.70  3.28
 1135.40  3.28
 1136.10  3.28
 1136.80  3.28
 1137.50  3.28
 1138.20  3.28
 1138.90  3.28
 1139.60  3.28
 1140.30  3.28
 1141.00  3.28
 1141.70  3.28
 1142.40  3.28
 1143.10  3.28
 1143.80  3.28
 1144.50  3.28
 1145.20  3.28
 1145.90  3.28
 1146.60  3.28
 1147.30  3.28
 1148.00  3.28
 1148.70  3.28
 1149.40  3.28
 1150.10  3.28
 1150.80  3.28
 1151.50  3.28
 1152.20  3.28
 1152.90  3.28
 1153.60  3.28
 1154.30  3.28
 1155.00  3.28
 1155.70  3.28
 1156.40  3.28
 1157.10  3.28
 1157.80  3.29
 1158.50  3.29
 1159.20  3.29
 1159.90  3.29
 1160.60  3.29
 1161.30  3.29
 1162.00  3.29
 1162.70  3.29
 1163.40  3.29
 1164.10  3.29
 1164.80  3.29
 1165.50  3.29
 1166.20  3.29
 1166.90  3.29
 1167.60  3.29
 1168.30  3.29
 1169.00  3.29
 1169.70  3.29
 1170.40  3.29
 1171.10  3.29
 1171.80  3.29
 1172.50  3.29
 1173.20  3.29
 1173.90  3.29
 1174.60  3.29
 1175.30  3.29
 1176.00  3.29
 1176.70  3.29
 1177.40  3.29
 1178.10  3.29
 1178.80  3.29
 1179.50  3.29
 1180.20  3.29
 1180.90  3.29
 1181.60  3.29
 1182.30  3.29
 1183.00  3.29
 1183.70  3.29
 1184.40  3.29
 1185.10  3.29
 1185.80  3.29
 1186.50  3.29
 1187.20  3.29
 1187.90  3.29
 1188.60  3.29
 1189.30  3.29
 1190.00  3.29
 1190.70  3.29
 1191.40  3.29
 1192.10  3.29
 1192.80  3.29
 1193.50  3.29
 1194.20  3.29
 1194.90  3.29
 1195.60  3.29
 1196.30  3.29
 1197.00  3.29
 1197.70  3.29
 1198.40  3.29
 1199.10  3.29
 1199.80  3.29
 1200.50  3.29
 1201.20  3.29
 1201.90  3.29
 1202.60  3.29
 1203.30  3.29
 1204.00  3.29
 1204.70  3.29
 1205.40  3.29
 1206.10  3.29
 1206.80  3.29
 1207.50  3.29
 1208.20  3.29
 1208.90  3.29
 1209.60  3.29
 1210.30  3.29
 1211.00  3.29
 1211.70  3.29
 1212.40  3.30
 1213.10  3.30
 1213.80  3.30
 1214.50  3.30
 1215.20  3.30
 1215.90  3.30
 1216.60  3.30
 1217.30  3.30
 1218.00  3.30
 1218.70  3.30
 1219.40  3.30
 1220.10  3.30
 1220.80  3.30
 1221.50  3.30
 1222.20  3.30
 1222.90  3.30
 1223.60  3.30
 1224.30  3.30
 1225.00  3.30
 1225.70  3.30
 1226.40  3.30
 1227.10  3.30
 1227.80  3.30
 1228.50  3.30
 1229.20  3.30
 1229.90  3.30
 1230.60  3.30
 1231.30  3.30
 1232.00  3.30
 1232.70  3.30
 1233.40  3.30
 1234.10  3.30
 1234.80  3.30
 1235.50  3.30
 1236.20  3.30
 1236.90  3.30
 1237.60  3.30
 1238.30  3.30
 1239.00  3.30
 1239.70  3.30
 1240.40  3.30
 1241.10  3.30
 1241.80  3.30
 1242.50  3.30
 1243.20  3.30
 1243.90  3.30
 1244.60  3.30
 1245.30  3.30
 1246.00  3.30
 1246.70  3.30
 1247.40  3.30
 1248.10  3.30
 1248.80  3.30
 1249.50  3.30
 1250.20  3.30
 1250.90  3.30
 1251.60  3.30
 1252.30  3.30
 1253.00  3.30
 1253.70  3.30
 1254.40  3.30
 1255.10  3.30
 1255.80  3.30
 1256.50  3.30
 1257.20  3.30
 1257.90  3.30
 1258.60  3.30
 1259.30  3.30
 1260.00  3.30
 1260.70  3.30
 1261.40  3.30
 1262.10  3.30
 1262.80  3.30
 1263.50  3.30
 1264.20  3.30
 1264.90  3.30
 1265.60  3.30
 1266.30  3.30
 1267.00  3.30
 1267.70  3.30
 1268.40  3.30
 1269.10  3.30
 1269.80  3.30
 1270.50  3.30
 1271.20  3.30
 1271.90  3.30
 1272.60  3.30
 1273.30  3.30
 1274.00  3.30
 1274.70  3.30
 1275.40  3.30
 1276.10  3.30
 1276.80  3.30
 1277.50  3.30
 1278.20  3.30
 1278.90  3.30
 1279.60  3.30
 1280.30  3.30
 1281.00  3.30
 1281.70  3.30
 1282.40  3.30
 1283.10  3.30
 1283.80  3.30
 1284.50  3.30
 1285.20  3.31
 1285.90  3.31
 1286.60  3.31
 1287.30  3.31
 1288.00  3.31
 1288.70  3.31
 1289.40  3.31
 1290.10  3.31
 1290.80  3.31
 1291.50  3.31
 1292.20  3.31
 1292.90  3.31
 1293.60  3.31
 1294.30  3.31
 1295.00  3.31
 1295.70  3.31
 1296.40  3.31
 1297.10  3.31
 1297.80  3.31
 1298.50  3.31
 1299.20  3.31
 1299.90  3.31
 1300.60  3.31
 1301.30  3.31
 1302.00  3.31
 1302.70  3.31
 1303.40  3.31
 1304.10  3.31
 1304.80  3.31
 1305.50  3.31
 1306.20  3.31
 1306.90  3.31
 1307.60  3.31
 1308.30  3.31
 1309.00  3.31
 1309.70  3.31
 1310.40  3.31
 1311.10  3.31
 1311.80  3.31
 1312.50  3.31
 1313.20  3.31
 1313.90  3.31
 1314.60  3.31
 1315.30  3.31
 1316.00  3.31
 1316.70  3.31
 1317.40  3.31
 1318.10  3.31
 1318.80  3.31
 1319.50  3.31
 1320.20  3.31
 1320.90  3.31
 1321.60  3.31
 1322.30  3.31
 1323.00  3.31
 1323.70  3.31
 1324.40  3.31
 1325.10  3.31
 1325.80  3.31
 1326.50  3.31
 1327.20  3.31
 1327.90  3.31
 1328.60  3.31
 1329.30  3.31
 1330.00  3.31
 1330.70  3.31
 1331.40  3.31
 1332.10  3.31
 1332.80  3.31
 1333.50  3.31
 1334.20  3.31
 1334.90  3.31
 1335.60  3.31
 1336.30  3.31
 1337.00  3.31
 1337.70  3.31
 1338.40  3.31
 1339.10  3.31
 1339.80  3.31
 1340.50  3.31
 1341.20  3.31
 1341.90  3.31
 1342.60  3.31
 1343.30  3.31
 1344.00  3.31
 1344.70  3.31
 1345.40  3.31
 1346.10  3.31
 1346.80  3.31
 1347.50  3.31
 1348.20  3.31
 1348.90  3.31
 1349.60  3.31
 1350.30  3.31
 1351.00  3.31
 1351.70  3.31
 1352.40  3.31
 1353.10  3.31
 1353.80  3.31
 1354.50  3.31
 1355.20  3.31
 1355.90  3.31
 1356.60  3.31
 1357.30  3.31
 1358.00  3.31
 1358.70  3.31
 1359.40  3.31
 1360.10  3.31
 1360.80  3.31
 1361.50  3.31
 1362.20  3.31
 1362.90  3.31
 1363.60  3.31
 1364.30  3.31
 1365.00  3.31
 1365.70  3.31
 1366.40  3.31
 1367.10  3.31
 1367.80  3.31
 1368.50  3.31
 1369.20  3.31
 1369.90  3.31
 1370.60  3.31
 1371.30  3.31
 1372.00  3.31
 1372.70  3.31
 1373.40  3.31
 1374.10  3.31
 1374.80  3.31
 1375.50  3.31
 1376.20  3.31
 1376.90  3.31
 1377.60  3.31
 1378.30  3.31
 1379.00  3.31
 1379.70  3.31
 1380.40  3.31
 1381.10  3.31
 1381.80  3.31
 1382.50  3.31
 1383.20  3.31
 1383.90  3.31
 1384.60  3.31
 1385.30  3.31
 1386.00  3.31
 1386.70  3.31
 1387.40  3.31
 1388.10  3.31
 1388.80  3.31
 1389.50  3.31
 1390.20  3.31
 1390.90  3.31
 1391.60  3.31
 1392.30  3.31
 1393.00  3.31
 1393.70  3.31
 1394.40  3.31
 1395.10  3.31
 1395.80  3.31
 1396.50  3.31
 1397.20  3.32
 1397.90  3.32
 1398.60  3.32
 1399.30  3.32
 1400.00  3.32
 1400.70  3.32
 1401.40  3.32
 1402.10  3.32
 1402.80  3.32
 1403.50  3.32
 1404.20  3.32
 1404.90  3.32
 1405.60  3.32
 1406.30  3.32
 1407.00  3.32
 1407.70  3.32
 1408.40  3.32
 1409.10  3.32
 1409.80  3.32
 1410.50  3.32
 1411.20  3.32
 1411.90  3.32
 1412.60  3.32
 1413.30  3.32
 1414.00  3.32
 1414.70  3.32
 1415.40  3.32
 1416.10  3.32
 1416.80  3.32
 1417.50  3.32
 1418.20  3.32
 1418.90  3.32
 1419.60  3.32
 1420.30  3.32
 1421.00  3.32
 1421.70  3.32
 1422.40  3.32
 1423.10  3.32
 1423.80  3.32
 1424.50  3.32
 1425.20  3.32
 1425.90  3.32
 1426.60  3.32
 1427.30  3.32
 1428.00  3.32
 1428.70  3.32
 1429.40  3.32
 1430.10  3.32
 1430.80  3.32
 1431.50  3.32
 1432.20  3.32
 1432.90  3.32
 1433.60  3.32
 1434.30  3.32
 1435.00  3.32
 1435.70  3.32
 1436.40  3.32
 1437.10  3.32
 1437.80  3.32
 1438.50  3.32
 1439.20  3.32
 1439.90  3.32
 1440.60  3.32
 1441.30  3.32
 1442.00  3.32
 1442.70  3.32
 1443.40  3.32
 1444.10  3.32
 1444.80  3.32
 1445.50  3.32
 1446.20  3.32
 1446.90  3.32
 1447.60  3.32
 1448.30  3.32
 1449.00  3.32
 1449.70  3.32
 1450.40  3.32
 1451.10  3.32
 1451.80  3.32
 1452.50  3.32
 1453.20  3.32
 1453.90  3.32
 1454.60  3.32
 1455.30  3.32
 1456.00  3.32
 1456.70  3.32
 1457.40  3.32
 1458.10  3.32
 1458.80  3.32
 1459.50  3.32
 1460.20  3.32
 1460.90  3.32
 1461.60  3.32
 1462.30  3.32
 1463.00  3.32
 1463.70  3.32
 1464.40  3.32
 1465.10  3.32
 1465.80  3.32
 1466.50  3.32
 1467.20  3.32
 1467.90  3.32
 1468.60  3.32
 1469.30  3.32
 1470.00  3.32
 1470.70  3.32
 1471.40  3.32
 1472.10  3.32
 1472.80  3.32
 1473.50  3.32
 1474.20  3.32
 1474.90  3.32
 1475.60  3.32
 1476.30  3.32
 1477.00  3.32
 1477.70  3.32
 1478.40  3.32
 1479.10  3.32
 1479.80  3.32
 1480.50  3.32
 1481.20  3.32
 1481.90  3.32
 1482.60  3.32
 1483.30  3.32
 1484.00  3.32
 1484.70  3.32
 1485.40  3.32
 1486.10  3.32
 1486.80  3.32
 1487.50  3.32
 1488.20  3.32
 1488.90  3.32
 1489.60  3.32
 1490.30  3.32
 1491.00  3.32
 1491.70  3.32
 1492.40  3.32
 1493.10  3.32
 1493.80  3.32
 1494.50  3.32
 1495.20  3.32
 1495.90  3.32
 1496.60  3.32
 1497.30  3.32
 1498.00  3.32
 1498.70  3.32
 1499.40  3.32
 1500.10  3.32
 1500.80  3.32
 1501.50  3.32
 1502.20  3.32
 1502.90  3.32
 1503.60  3.32
 1504.30  3.32
 1505.00  3.32
 1505.70  3.32
 1506.40  3.32
 1507.10  3.32
 1507.80  3.32
 1508.50  3.32
 1509.20  3.32
 1509.90  3.32
 1510.60  3.32
 1511.30  3.32
 1512.00  3.32
 1512.70  3.32
 1513.40  3.32
 1514.10  3.32
 1514.80  3.32
 1515.50  3.32
 1516.20  3.32
 1516.90  3.32
 1517.60  3.32
 1518.30  3.32
 1519.00  3.32
 1519.70  3.32
 1520.40  3.32
 1521.10  3.32
 1521.80  3.32
 1522.50  3.32
 1523.20  3.32
 1523.90  3.32
 1524.60  3.32
 1525.30  3.32
 1526.00  3.32
 1526.70  3.32
 1527.40  3.32
 1528.10  3.32
 1528.80  3.32
 1529.50  3.32
 1530.20  3.32
 1530.90  3.32
 1531.60  3.32
 1532.30  3.32
 1533.00  3.32
 1533.70  3.32
 1534.40  3.32
 1535.10  3.32
 1535.80  3.32
 1536.50  3.32
 1537.20  3.32
 1537.90  3.32
 1538.60  3.32
 1539.30  3.32
 1540.00  3.32
 1540.70  3.32
 1541.40  3.32
 1542.10  3.32
 1542.80  3.32
 1543.50  3.32
 1544.20  3.32
 1544.90  3.32
 1545.60  3.32
 1546.30  3.32
 1547.00  3.32
 1547.70  3.32
 1548.40  3.32
 1549.10  3.32
 1549.80  3.32
 1550.50  3.32
 1551.20  3.32
 1551.90  3.32
 1552.60  3.32
 1553.30  3.32
 1554.00  3.32
 1554.70  3.32
 1555.40  3.32
 1556.10  3.32
 1556.80  3.32
 1557.50  3.32
 1558.20  3.32
 1558.90  3.32
 1559.60  3.32
 1560.30  3.32
 1561.00  3.32
 1561.70  3.32
 1562.40  3.32
 1563.10  3.32
 1563.80  3.32
 1564.50  3.32
 1565.20  3.32
 1565.90  3.32
 1566.60  3.32
 1567.30  3.32
 1568.00  3.32
 1568.70  3.32
 1569.40  3.32
 1570.10  3.32
 1570.80  3.32
 1571.50  3.32
 1572.20  3.32
 1572.90  3.32
 1573.60  3.32
 1574.30  3.32
 1575.00  3.32
 1575.70  3.32
 1576.40  3.32
 1577.10  3.32
 1577.80  3.32
 1578.50  3.32
 1579.20  3.32
 1579.90  3.32
 1580.60  3.32
 1581.30  3.32
 1582.00  3.32
 1582.70  3.32
 1583.40  3.32
 1584.10  3.32
 1584.80  3.32
 1585.50  3.32
 1586.20  3.32
 1586.90  3.32
 1587.60  3.32
 1588.30  3.32
 1589.00  3.32
 1589.70  3.32
 1590.40  3.32
 1591.10  3.32
 1591.80  3.32
 1592.50  3.32
 1593.20  3.32
 1593.90  3.32
 1594.60  3.32
 1595.30  3.32
 1596.00  3.32
 1596.70  3.32
 1597.40  3.32
 1598.10  3.32
 1598.80  3.32
 1599.50  3.32
 1600.20  3.32
 1600.90  3.32
 1601.60  3.32
 1602.30  3.32
 1603.00  3.32
 1603.70  3.32
 1604.40  3.32
 1605.10  3.32
 1605.80  3.32
 1606.50  3.32
 1607.20  3.32
 1607.90  3.32
 1608.60  3.32
 1609.30  3.32
 1610.00  3.32
 1610.70  3.32
 1611.40  3.32
 1612.10  3.32
 1612.80  3.32
 1613.50  3.32
 1614.20  3.32
 1614.90  3.32
 1615.60  3.32
 1616.30  3.32
 1617.00  3.32
 1617.70  3.32
 1618.40  3.32
 1619.10  3.32
 1619.80  3.32
 1620.50  3.32
 1621.20  3.32
 1621.90  3.32
 1622.60  3.32
 1623.30  3.32
 1624.00  3.32
 1624.70  3.32
 1625.40  3.32
 1626.10  3.32
 1626.80  3.32
 1627.50  3.32
 1628.20  3.32
 1628.90  3.32
 1629.60  3.32
 1630.30  3.32
 1631.00  3.32
 1631.70  3.32
 1632.40  3.32
 1633.10  3.32
 1633.80  3.32
 1634.50  3.32
 1635.20  3.32
 1635.90  3.32
 1636.60  3.32
 1637.30  3.32
 1638.00  3.32
 1638.70  3.32
 1639.40  3.32
 1640.10  3.32
 1640.80  3.32
 1641.50  3.32
 1642.20  3.32
 1642.90  3.32
 1643.60  3.32
 1644.30  3.32
 1645.00  3.32
 1645.70  3.32
 1646.40  3.32
 1647.10  3.32
 1647.80  3.32
 1648.50  3.32
 1649.20  3.32
 1649.90  3.32
 1650.60  3.32
 1651.30  3.32
 1652.00  3.32
 1652.70  3.32
 1653.40  3.32
 1654.10  3.32
 1654.80  3.32
 1655.50  3.32
 1656.20  3.32
 1656.90  3.32
 1657.60  3.32
 1658.30  3.32
 1659.00  3.32
 1659.70  3.32
 1660.40  3.32
 1661.10  3.32
 1661.80  3.32
 1662.50  3.32
 1663.20  3.32
 1663.90  3.32
 1664.60  3.32
 1665.30  3.33
 1666.00  3.33
 1666.70  3.33
 1667.40  3.33
 1668.10  3.33
 1668.80  3.33
 1669.50  3.33
 1670.20  3.33
 1670.90  3.33
 1671.60  3.33
 1672.30  3.33
 1673.00  3.33
 1673.70  3.33
 1674.40  3.33
 1675.10  3.33
 1675.80  3.33
 1676.50  3.33
 1677.20  3.33
 1677.90  3.33
 1678.60  3.33
 1679.30  3.33
 1680.00  3.33
 1680.70  3.33
 1681.40  3.33
 1682.10  3.33
 1682.80  3.33
 1683.50  3.33
 1684.20  3.33
 1684.90  3.33
 1685.60  3.33
 1686.30  3.33
 1687.00  3.33
 1687.70  3.33
 1688.40  3.33
 1689.10  3.33
 1689.80  3.33
 1690.50  3.33
 1691.20  3.33
 1691.90  3.33
 1692.60  3.33
 1693.30  3.33
 1694.00  3.33
 1694.70  3.33
 1695.40  3.33
 1696.10  3.33
 1696.80  3.33
 1697.50  3.33
 1698.20  3.33
 1698.90  3.33
 1699.60  3.33
 1700.30  3.33
 1701.00  3.33
 1701.70  3.33
 1702.40  3.33
 1703.10  3.33
 1703.80  3.33
 1704.50  3.33
 1705.20  3.33
 1705.90  3.33
 1706.60  3.33
 1707.30  3.33
 1708.00  3.33
 1708.70  3.33
 1709.40  3.33
 1710.10  3.33
 1710.80  3.33
 1711.50  3.33
 1712.20  3.33
 1712.90  3.33
 1713.60  3.33
 1714.30  3.33
 1715.00  3.33
 1715.70  3.33
 1716.40  3.33
 1717.10  3.33
 1717.80  3.33
 1718.50  3.33
 1719.20  3.33
 1719.90  3.33
 1720.60  3.33
 1721.30  3.33
 1722.00  3.33
 1722.70  3.33
 1723.40  3.33
 1724.10  3.33
 1724.80  3.33
 1725.50  3.33
 1726.20  3.33
 1726.90  3.33
 1727.60  3.33
 1728.30  3.33
 1729.00  3.33
 1729.70  3.33
 1730.40  3.33
 1731.10  3.33
 1731.80  3.33
 1732.50  3.33
 1733.20  3.33
 1733.90  3.33
 1734.60  3.33
 1735.30  3.33
 1736.00  3.33
 1736.70  3.33
 1737.40  3.33
 1738.10  3.33
 1738.80  3.33
 1739.50  3.33
 1740.20  3.33
 1740.90  3.33
 1741.60  3.33
 1742.30  3.33
 1743.00  3.33
 1743.70  3.33
 1744.40  3.33
 1745.10  3.33
 1745.80  3.33
 1746.50  3.33
 1747.20  3.33
 1747.90  3.33
 1748.60  3.33
 1749.30  3.33
 1750.00  3.33
 1750.70  3.33
 1751.40  3.33
 1752.10  3.33
 1752.80  3.33
 1753.50  3.33
 1754.20  3.33
 1754.90  3.33
 1755.60  3.33
 1756.30  3.33
 1757.00  3.33
 1757.70  3.33
 1758.40  3.33
 1759.10  3.33
 1759.80  3.33
 1760.50  3.33
 1761.20  3.33
 1761.90  3.33
 1762.60  3.33
 1763.30  3.33
 1764.00  3.33
 1764.70  3.33
 1765.40  3.33
 1766.10  3.33
 1766.80  3.33
 1767.50  3.33
 1768.20  3.33
 1768.90  3.33
 1769.60  3.33
 1770.30  3.33
 1771.00  3.33
 1771.70  3.33
 1772.40  3.33
 1773.10  3.33
 1773.80  3.33
 1774.50  3.33
 1775.20  3.33
 1775.90  3.33
 1776.60  3.33
 1777.30  3.33
 1778.00  3.33
 1778.70  3.33
 1779.40  3.33
 1780.10  3.33
 1780.80  3.33
 1781.50  3.33
 1782.20  3.33
 1782.90  3.33
 1783.60  3.33
 1784.30  3.33
 1785.00  3.33
 1785.70  3.33
 1786.40  3.33
 1787.10  3.33
 1787.80  3.33
 1788.50  3.33
 1789.20  3.33
 1789.90  3.33
 1790.60  3.33
 1791.30  3.33
 1792.00  3.33
 1792.70  3.33
 1793.40  3.33
 1794.10  3.33
 1794.80  3.33
 1795.50  3.33
 1796.20  3.33
 1796.90  3.33
 1797.60  3.33
 1798.30  3.33
 1799.00  3.33
 1799.70  3.33
 1800.40  3.33
 1801.10  3.33
 1801.80  3.33
 1802.50  3.33
 1803.20  3.33
 1803.90  3.33
 1804.60  3.33
 1805.30  3.33
 1806.00  3.33
 1806.70  3.33
 1807.40  3.33
 1808.10  3.33
 1808.80  3.33
 1809.50  3.33
 1810.20  3.33
 1810.90  3.33
 1811.60  3.33
 1812.30  3.33
 1813.00  3.33
 1813.70  3.33
 1814.40  3.33
 1815.10  3.33
 1815.80  3.33
 1816.50  3.33
 1817.20  3.33
 1817.90  3.33
 1818.60  3.33
 1819.30  3.33
 1820.00  3.33
 1820.70  3.33
 1821.40  3.33
 1822.10  3.33
 1822.80  3.33
 1823.50  3.33
 1824.20  3.33
 1824.90  3.33
 1825.60  3.33
 1826.30  3.33
 1827.00  3.33
 1827.70  3.33
 1828.40  3.33
 1829.10  3.33
 1829.80  3.33
 1830.50  3.33
 1831.20  3.33
 1831.90  3.33
 1832.60  3.33
 1833.30  3.33
 1834.00  3.33
 1834.70  3.33
 1835.40  3.33
 1836.10  3.33
 1836.80  3.33
 1837.50  3.33
 1838.20  3.33
 1838.90  3.33
 1839.60  3.33
 1840.30  3.33
 1841.00  3.33
 1841.70  3.33
 1842.40  3.33
 1843.10  3.33
 1843.80  3.33
 1844.50  3.33
 1845.20  3.33
 1845.90  3.33
 1846.60  3.33
 1847.30  3.33
 1848.00  3.33
 1848.70  3.33
 1849.40  3.33
 1850.10  3.33
 1850.80  3.33
 1851.50  3.33
 1852.20  3.33
 1852.90  3.33
 1853.60  3.33
 1854.30  3.33
 1855.00  3.33
 1855.70  3.33
 1856.40  3.33
 1857.10  3.33
 1857.80  3.33
 1858.50  3.33
 1859.20  3.33
 1859.90  3.33
 1860.60  3.33
 1861.30  3.33
 1862.00  3.33
 1862.70  3.33
 1863.40  3.33
 1864.10  3.33
 1864.80  3.33
 1865.50  3.33
 1866.20  3.33
 1866.90  3.33
 1867.60  3.33
 1868.30  3.33
 1869.00  3.33
 1869.70  3.33
 1870.40  3.33
 1871.10  3.33
 1871.80  3.33
 1872.50  3.33
 1873.20  3.33
 1873.90  3.33
 1874.60  3.33
 1875.30  3.33
 1876.00  3.33
 1876.70  3.33
 1877.40  3.33
 1878.10  3.33
 1878.80  3.33
 1879.50  3.33
 1880.20  3.33
 1880.90  3.33
 1881.60  3.33
 1882.30  3.33
 1883.00  3.33
 1883.70  3.33
 1884.40  3.33
 1885.10  3.33
 1885.80  3.33
 1886.50  3.33
 1887.20  3.33
 1887.90  3.33
 1888.60  3.33
 1889.30  3.33
 1890.00  3.33
 1890.70  3.33
 1891.40  3.33
 1892.10  3.33
 1892.80  3.33
 1893.50  3.33
 1894.20  3.33
 1894.90  3.33
 1895.60  3.33
 1896.30  3.33
 1897.00  3.33
 1897.70  3.33
 1898.40  3.33
 1899.10  3.33
 1899.80  3.33
 1900.50  3.33
 1901.20  3.33
 1901.90  3.33
 1902.60  3.33
 1903.30  3.33
 1904.00  3.33
 1904.70  3.33
 1905.40  3.33
 1906.10  3.33
 1906.80  3.33
 1907.50  3.33
 1908.20  3.33
 1908.90  3.33
 1909.60  3.33
 1910.30  3.33
 1911.00  3.33
 1911.70  3.33
 1912.40  3.33
 1913.10  3.33
 1913.80  3.33
 1914.50  3.33
 1915.20  3.33
 1915.90  3.33
 1916.60  3.33
 1917.30  3.33
 1918.00  3.33
 1918.70  3.33
 1919.40  3.33
 1920.10  3.33
 1920.80  3.33
 1921.50  3.33
 1922.20  3.33
 1922.90  3.33
 1923.60  3.33
 1924.30  3.33
 1925.00  3.33
 1925.70  3.33
 1926.40  3.33
 1927.10  3.33
 1927.80  3.33
 1928.50  3.33
 1929.20  3.33
 1929.90  3.33
 1930.60  3.33
 1931.30  3.33
 1932.00  3.33
 1932.70  3.33
 1933.40  3.33
 1934.10  3.33
 1934.80  3.33
 1935.50  3.33
 1936.20  3.33
 1936.90  3.33
 1937.60  3.33
 1938.30  3.33
 1939.00  3.33
 1939.70  3.33
 1940.40  3.33
 1941.10  3.33
 1941.80  3.33
 1942.50  3.33
 1943.20  3.33
 1943.90  3.33
 1944.60  3.33
 1945.30  3.33
 1946.00  3.33
 1946.70  3.33
 1947.40  3.33
 1948.10  3.33
 1948.80  3.33
 1949.50  3.33
 1950.20  3.33
 1950.90  3.33
 1951.60  3.33
 1952.30  3.33
 1953.00  3.33
 1953.70  3.33
 1954.40  3.33
 1955.10  3.33
 1955.80  3.33
 1956.50  3.33
 1957.20  3.33
 1957.90  3.33
 1958.60  3.33
 1959.30  3.33
 1960.00  3.33
 1960.70  3.33
 1961.40  3.33
 1962.10  3.33
 1962.80  3.33
 1963.50  3.33
 1964.20  3.33
 1964.90  3.33
 1965.60  3.33
 1966.30  3.33
 1967.00  3.33
 1967.70  3.33
 1968.40  3.33
 1969.10  3.33
 1969.80  3.33
 1970.50  3.33
 1971.20  3.33
 1971.90  3.33
 1972.60  3.33
 1973.30  3.33
 1974.00  3.33
 1974.70  3.33
 1975.40  3.33
 1976.10  3.33
 1976.80  3.33
 1977.50  3.33
 1978.20  3.33
 1978.90  3.33
 1979.60  3.33
 1980.30  3.33
 1981.00  3.33
 1981.70  3.33
 1982.40  3.33
 1983.10  3.33
 1983.80  3.33
 1984.50  3.33
 1985.20  3.33
 1985.90  3.33
 1986.60  3.33
 1987.30  3.33
 1988.00  3.33
 1988.70  3.33
 1989.40  3.33
 1990.10  3.33
 1990.80  3.33
 1991.50  3.33
 1992.20  3.33
 1992.90  3.33
 1993.60  3.33
 1994.30  3.33
 1995.00  3.33
 1995.70  3.33
 1996.40  3.33
 1997.10  3.33
 1997.80  3.33
 1998.50  3.33
 1999.20  3.33
 1999.90  3.33
 2000.60  3.33
 2001.30  3.33
 2002.00  3.33
 2002.70  3.33
 2003.40  3.33
 2004.10  3.33
 2004.80  3.33
 2005.50  3.33
 2006.20  3.33
 2006.90  3.33
 2007.60  3.33
 2008.30  3.33
 2009.00  3.33
 2009.70  3.33
 2010.40  3.33
 2011.10  3.33
 2011.80  3.33
 2012.50  3.33
 2013.20  3.33
 2013.90  3.33
 2014.60  3.33
 2015.30  3.33
 2016.00  3.33
 2016.70  3.33
 2017.40  3.33
 2018.10  3.33
 2018.80  3.33
 2019.50  3.33
 2020.20  3.33
 2020.90  3.33
 2021.60  3.33
 2022.30  3.33
 2023.00  3.33
 2023.70  3.33
 2024.40  3.33
 2025.10  3.33
 2025.80  3.33
 2026.50  3.33
 2027.20  3.33
 2027.90  3.33
 2028.60  3.33
 2029.30  3.33
 2030.00  3.33
 2030.70  3.33
 2031.40  3.33
 2032.10  3.33
 2032.80  3.33
 2033.50  3.33
 2034.20  3.33
 2034.90  3.33
 2035.60  3.33
 2036.30  3.33
 2037.00  3.33
 2037.70  3.33
 2038.40  3.33
 2039.10  3.33
 2039.80  3.33
 2040.50  3.33
 2041.20  3.33
 2041.90  3.33
 2042.60  3.33
 2043.30  3.33
 2044.00  3.33
 2044.70  3.33
 2045.40  3.33
 2046.10  3.33
 2046.80  3.33
 2047.50  3.33
 2048.20  3.33
 2048.90  3.33
 2049.60  3.33
 2050.30  3.33
 2051.00  3.33
 2051.70  3.33
 2052.40  3.33
 2053.10  3.33
 2053.80  3.33
 2054.50  3.33
 2055.20  3.33
 2055.90  3.33
 2056.60  3.33
 2057.30  3.33
 2058.00  3.33
 2058.70  3.33
 2059.40  3.33
 2060.10  3.33
 2060.80  3.33
 2061.50  3.33
 2062.20  3.33
 2062.90  3.33
 2063.60  3.33
 2064.30  3.33
 2065.00  3.33
 2065.70  3.33
 2066.40  3.33
 2067.10  3.33
 2067.80  3.33
 2068.50  3.33
 2069.20  3.33
 2069.90  3.33
 2070.60  3.33
 2071.30  3.33
 2072.00  3.33
 2072.70  3.33
 2073.40  3.33
 2074.10  3.33
 2074.80  3.33
 2075.50  3.33
 2076.20  3.33
 2076.90  3.33
 2077.60  3.33
 2078.30  3.33
 2079.00  3.33
 2079.70  3.33
 2080.40  3.33
 2081.10  3.33
 2081.80  3.33
 2082.50  3.33
 2083.20  3.33
 2083.90  3.33
 2084.60  3.33
 2085.30  3.33
 2086.00  3.33
 2086.70  3.33
 2087.40  3.33
 2088.10  3.33
 2088.80  3.33
 2089.50  3.33
 2090.20  3.33
 2090.90  3.33
 2091.60  3.33
 2092.30  3.33
 2093.00  3.33
 2093.70  3.33
 2094.40  3.33
 2095.10  3.33
 2095.80  3.33
 2096.50  3.33
 2097.20  3.33
 2097.90  3.33
 2098.60  3.33
 2099.30  3.33
 2100.00  3.33
 2100.70  3.33
 2101.40  3.33
 2102.10  3.33
 2102.80  3.33
 2103.50  3.33
 2104.20  3.33
 2104.90  3.33
 2105.60  3.33
 2106.30  3.33
 2107.00  3.33
 2107.70  3.33
 2108.40  3.33
 2109.10  3.33
 2109.80  3.33
 2110.50  3.33
 2111.20  3.33
 2111.90  3.33
 2112.60  3.33
 2113.30  3.33
 2114.00  3.33
 2114.70  3.33
 2115.40  3.33
 2116.10  3.33
 2116.80  3.33
 2117.50  3.33
 2118.20  3.33
 2118.90  3.33
 2119.60  3.33
 2120.30  3.33
 2121.00  3.33
 2121.70  3.33
 2122.40  3.33
 2123.10  3.33
 2123.80  3.33
 2124.50  3.33
 2125.20  3.33
 2125.90  3.33
 2126.60  3.33
 2127.30  3.33
 2128.00  3.33
 2128.70  3.33
 2129.40  3.33
 2130.10  3.33
 2130.80  3.33
 2131.50  3.33
 2132.20  3.33
 2132.90  3.33
 2133.60  3.33
 2134.30  3.33
 2135.00  3.33
 2135.70  3.33
 2136.40  3.33
 2137.10  3.33
 2137.80  3.33
 2138.50  3.33
 2139.20  3.33
 2139.90  3.33
 2140.60  3.33
 2141.30  3.33
 2142.00  3.33
 2142.70  3.33
 2143.40  3.33
 2144.10  3.33
 2144.80  3.33
 2145.50  3.33
 2146.20  3.33
 2146.90  3.33
 2147.60  3.33
 2148.30  3.33
 2149.00  3.33
 2149.70  3.33
 2150.40  3.33
 2151.10  3.33
 2151.80  3.33
 2152.50  3.33
 2153.20  3.33
 2153.90  3.33
 2154.60  3.33
 2155.30  3.33
 2156.00  3.33
 2156.70  3.33
 2157.40  3.33
 2158.10  3.33
 2158.80  3.33
 2159.50  3.33
 2160.20  3.33
 2160.90  3.33
 2161.60  3.33
 2162.30  3.33
 2163.00  3.33
 2163.70  3.33
 2164.40  3.33
 2165.10  3.33
 2165.80  3.33
 2166.50  3.33
 2167.20  3.33
 2167.90  3.33
 2168.60  3.33
 2169.30  3.33
 2170.00  3.33
 2170.70  3.33
 2171.40  3.33
 2172.10  3.33
 2172.80  3.33
 2173.50  3.33
 2174.20  3.33
 2174.90  3.33
 2175.60  3.33
 2176.30  3.33
 2177.00  3.33
 2177.70  3.33
 2178.40  3.33
 2179.10  3.33
 2179.80  3.33
 2180.50  3.33
 2181.20  3.33
 2181.90  3.33
 2182.60  3.33
 2183.30  3.33
 2184.00  3.33
 2184.70  3.33
 2185.40  3.33
 2186.10  3.33
 2186.80  3.33
 2187.50  3.33
 2188.20  3.33
 2188.90  3.33
 2189.60  3.33
 2190.30  3.33
 2191.00  3.33
 2191.70  3.33
 2192.40  3.33
 2193.10  3.33
 2193.80  3.33
 2194.50  3.33
 2195.20  3.33
 2195.90  3.33
 2196.60  3.33
 2197.30  3.33
 2198.00  3.33
 2198.70  3.33
 2199.40  3.33
 2200.10  3.33
 2200.80  3.33
 2201.50  3.33
 2202.20  3.33
 2202.90  3.33
 2203.60  3.33
 2204.30  3.33
 2205.00  3.33
 2205.70  3.33
 2206.40  3.33
 2207.10  3.33
 2207.80  3.33
 2208.50  3.33
 2209.20  3.33
 2209.90  3.33
 2210.60  3.33
 2211.30  3.33
 2212.00  3.33
 2212.70  3.33
 2213.40  3.33
 2214.10  3.33
 2214.80  3.33
 2215.50  3.33
 2216.20  3.33
 2216.90  3.33
 2217.60  3.33
 2218.30  3.33
 2219.00  3.33
 2219.70  3.33
 2220.40  3.33
 2221.10  3.33
 2221.80  3.33
 2222.50  3.33
 2223.20  3.33
 2223.90  3.33
 2224.60  3.33
 2225.30  3.33
 2226.00  3.33
 2226.70  3.33
 2227.40  3.33
 2228.10  3.33
 2228.80  3.33
 2229.50  3.33
 2230.20  3.33
 2230.90  3.33
 2231.60  3.33
 2232.30  3.33
 2233.00  3.33
 2233.70  3.33
 2234.40  3.33
 2235.10  3.33
 2235.80  3.33
 2236.50  3.33
 2237.20  3.33
 2237.90  3.33
 2238.60  3.33
 2239.30  3.33
 2240.00  3.33
 2240.70  3.33
 2241.40  3.33
 2242.10  3.33
 2242.80  3.33
 2243.50  3.33
 2244.20  3.33
 2244.90  3.33
 2245.60  3.33
 2246.30  3.33
 2247.00  3.33
 2247.70  3.33
 2248.40  3.33
 2249.10  3.33
 2249.80  3.33
 2250.50  3.33
 2251.20  3.33
 2251.90  3.33
 2252.60  3.33
 2253.30  3.33
 2254.00  3.33
 2254.70  3.33
 2255.40  3.33
 2256.10  3.33
 2256.80  3.33
 2257.50  3.33
 2258.20  3.33
 2258.90  3.33
 2259.60  3.33
 2260.30  3.33
 2261.00  3.33
 2261.70  3.33
 2262.40  3.33
 2263.10  3.33
 2263.80  3.33
 2264.50  3.33
 2265.20  3.33
 2265.90  3.33
 2266.60  3.33
 2267.30  3.33
 2268.00  3.33
 2268.70  3.33
 2269.40  3.33
 2270.10  3.33
 2270.80  3.33
 2271.50  3.33
 2272.20  3.33
 2272.90  3.33
 2273.60  3.33
 2274.30  3.33
 2275.00  3.33
 2275.70  3.33
 2276.40  3.33
 2277.10  3.33
 2277.80  3.33
 2278.50  3.33
 2279.20  3.33
 2279.90  3.33
 2280.60  3.33
 2281.30  3.33
 2282.00  3.33
 2282.70  3.33
 2283.40  3.33
 2284.10  3.33
 2284.80  3.33
 2285.50  3.33
 2286.20  3.33
 2286.90  3.33
 2287.60  3.33
 2288.30  3.33
 2289.00  3.33
 2289.70  3.33
 2290.40  3.33
 2291.10  3.33
 2291.80  3.33
 2292.50  3.33
 2293.20  3.33
 2293.90  3.33
 2294.60  3.33
 2295.30  3.33
 2296.00  3.33
 2296.70  3.33
 2297.40  3.33
 2298.10  3.33
 2298.80  3.33
 2299.50  3.33
 2300.20  3.33
 2300.90  3.33
 2301.60  3.33
 2302.30  3.33
 2303.00  3.33
 2303.70  3.33
 2304.40  3.33
 2305.10  3.33
 2305.80  3.33
 2306.50  3.33
 2307.20  3.33
 2307.90  3.33
 2308.60  3.33
 2309.30  3.33
 2310.00  3.33
 2310.70  3.33
 2311.40  3.33
 2312.10  3.33
 2312.80  3.33
 2313.50  3.33
 2314.20  3.33
 2314.90  3.33
 2315.60  3.33
 2316.30  3.33
 2317.00  3.33
 2317.70  3.33
 2318.40  3.33
 2319.10  3.33
 2319.80  3.33
 2320.50  3.33
 2321.20  3.33
 2321.90  3.33
 2322.60  3.33
 2323.30  3.33
 2324.00  3.33
 2324.70  3.33
 2325.40  3.33
 2326.10  3.33
 2326.80  3.33
 2327.50  3.33
 2328.20  3.33
 2328.90  3.33
 2329.60  3.33
 2330.30  3.33
 2331.00  3.33
 2331.70  3.33
 2332.40  3.33
 2333.10  3.33
 2333.80  3.33
 2334.50  3.33
 2335.20  3.33
 2335.90  3.33
 2336.60  3.33
 2337.30  3.33
 2338.00  3.33
 2338.70  3.33
 2339.40  3.33
 2340.10  3.33
 2340.80  3.33
 2341.50  3.33
 2342.20  3.33
 2342.90  3.33
 2343.60  3.33
 2344.30  3.33
 2345.00  3.33
 2345.70  3.33
 2346.40  3.33
 2347.10  3.33
 2347.80  3.33
 2348.50  3.33
 2349.20  3.33
 2349.90  3.33
 2350.60  3.33
 2351.30  3.33
 2352.00  3.33
 2352.70  3.33
 2353.40  3.33
 2354.10  3.33
 2354.80  3.33
 2355.50  3.33
 2356.20  3.33
 2356.90  3.33
 2357.60  3.33
 2358.30  3.33
 2359.00  3.33
 2359.70  3.33
 2360.40  3.33
 2361.10  3.33
 2361.80  3.33
 2362.50  3.33
 2363.20  3.33
 2363.90  3.33
 2364.60  3.33
 2365.30  3.33
 2366.00  3.33
 2366.70  3.33
 2367.40  3.33
 2368.10  3.33
 2368.80  3.33
 2369.50  3.33
 2370.20  3.33
 2370.90  3.33
 2371.60  3.33
 2372.30  3.33
 2373.00  3.33
 2373.70  3.33
 2374.40  3.33
 2375.10  3.33
 2375.80  3.33
 2376.50  3.33
 2377.20  3.33
 2377.90  3.33
 2378.60  3.33
 2379.30  3.33
 2380.00  3.33
 2380.70  3.33
 2381.40  3.33
 2382.10  3.33
 2382.80  3.33
 2383.50  3.33
 2384.20  3.33
 2384.90  3.33
 2385.60  3.33
 2386.30  3.33
 2387.00  3.33
 2387.70  3.33
 2388.40  3.33
 2389.10  3.33
 2389.80  3.33
 2390.50  3.33
 2391.20  3.33
 2391.90  3.33
 2392.60  3.33
 2393.30  3.33
 2394.00  3.33
 2394.70  3.33
 2395.40  3.33
 2396.10  3.33
 2396.80  3.33
 2397.50  3.33
 2398.20  3.33
 2398.90  3.33
 2399.60  3.33
 2400.30  3.33
 2401.00  3.33
 2401.70  3.33
 2402.40  3.33
 2403.10  3.33
 2403.80  3.33
 2404.50  3.33
 2405.20  3.33
 2405.90  3.33
 2406.60  3.33
 2407.30  3.33
 2408.00  3.33
 2408.70  3.33
 2409.40  3.33
 2410.10  3.33
 2410.80  3.33
 2411.50  3.33
 2412.20  3.33
 2412.90  3.33
 2413.60  3.33
 2414.30  3.33
 2415.00  3.33
 2415.70  3.33
 2416.40  3.33
 2417.10  3.33
 2417.80  3.33
 2418.50  3.33
 2419.20  3.33
 2419.90  3.33
 2420.60  3.33
 2421.30  3.33
 2422.00  3.33
 2422.70  3.33
 2423.40  3.33
 2424.10  3.33
 2424.80  3.33
 2425.50  3.33
 2426.20  3.33
 2426.90  3.33
 2427.60  3.33
 2428.30  3.33
 2429.00  3.33
 2429.70  3.33
 2430.40  3.33
 2431.10  3.33
 2431.80  3.33
 2432.50  3.33
 2433.20  3.33
 2433.90  3.33
 2434.60  3.33
 2435.30  3.33
 2436.00  3.33
 2436.70  3.33
 2437.40  3.33
 2438.10  3.33
 2438.80  3.33
 2439.50  3.33
 2440.20  3.33
 2440.90  3.33
 2441.60  3.33
 2442.30  3.33
 2443.00  3.33
 2443.70  3.33
 2444.40  3.33
 2445.10  3.33
 2445.80  3.33
 2446.50  3.33
 2447.20  3.33
 2447.90  3.33
 2448.60  3.33
 2449.30  3.33
 2450.00  3.33
 2450.70  3.33
 2451.40  3.33
 2452.10  3.33
 2452.80  3.33
 2453.50  3.33
 2454.20  3.33
 2454.90  3.33
 2455.60  3.33
 2456.30  3.33
 2457.00  3.33
 2457.70  3.33
 2458.40  3.33
 2459.10  3.33
 2459.80  3.33
 2460.50  3.33
 2461.20  3.33
 2461.90  3.33
 2462.60  3.33
 2463.30  3.33
 2464.00  3.33
 2464.70  3.33
 2465.40  3.33
 2466.10  3.33
 2466.80  3.33
 2467.50  3.33
 2468.20  3.33
 2468.90  3.33
 2469.60  3.33
 2470.30  3.33
 2471.00  3.33
 2471.70  3.33
 2472.40  3.33
 2473.10  3.33
 2473.80  3.33
 2474.50  3.33
 2475.20  3.33
 2475.90  3.33
 2476.60  3.33
 2477.30  3.33
 2478.00  3.33
 2478.70  3.33
 2479.40  3.33
 2480.10  3.33
 2480.80  3.33
 2481.50  3.33
 2482.20  3.33
 2482.90  3.33
 2483.60  3.33
 2484.30  3.33
 2485.00  3.33
 2485.70  3.33
 2486.40  3.33
 2487.10  3.33
 2487.80  3.33
 2488.50  3.33
 2489.20  3.33
 2489.90  3.33
 2490.60  3.33
 2491.30  3.33
 2492.00  3.33
 2492.70  3.33
 2493.40  3.33
 2494.10  3.33
 2494.80  3.33
 2495.50  3.33
 2496.20  3.33
 2496.90  3.33
 2497.60  3.33
 2498.30  3.33
 2499.00  3.33
 2499.70  3.33
 2500.40  3.33
 2501.10  3.33
 2501.80  3.33
 2502.50  3.33
 2503.20  3.33
 2503.90  3.33
 2504.60  3.33
 2505.30  3.33
 2506.00  3.33
 2506.70  3.33
 2507.40  3.33
 2508.10  3.33
 2508.80  3.33
 2509.50  3.33
 2510.20  3.33
 2510.90  3.33
 2511.60  3.33
 2512.30  3.33
 2513.00  3.33
 2513.70  3.33
 2514.40  3.33
 2515.10  3.33
 2515.80  3.33
 2516.50  3.33
 2517.20  3.33
 2517.90  3.33
 2518.60  3.33
 2519.30  3.33
 2520.00  3.33
 2520.70  3.33
 2521.40  3.33
 2522.10  3.33
 2522.80  3.33
 2523.50  3.33
 2524.20  3.33
 2524.90  3.33
 2525.60  3.33
 2526.30  3.33
 2527.00  3.33
 2527.70  3.33
 2528.40  3.33
 2529.10  3.33
 2529.80  3.33
 2530.50  3.33
 2531.20  3.33
 2531.90  3.33
 2532.60  3.33
 2533.30  3.33
 2534.00  3.33
 2534.70  3.33
 2535.40  3.33
 2536.10  3.33
 2536.80  3.33
 2537.50  3.33
 2538.20  3.33
 2538.90  3.33
 2539.60  3.33
 2540.30  3.33
 2541.00  3.33
 2541.70  3.33
 2542.40  3.33
 2543.10  3.33
 2543.80  3.33
 2544.50  3.33
 2545.20  3.33
 2545.90  3.33
 2546.60  3.33
 2547.30  3.33
 2548.00  3.33
 2548.70  3.33
 2549.40  3.33
 2550.10  3.33
 2550.80  3.33
 2551.50  3.33
 2552.20  3.33
 2552.90  3.33
 2553.60  3.33
 2554.30  3.33
 2555.00  3.33
 2555.70  3.33
 2556.40  3.33
 2557.10  3.33
 2557.80  3.33
 2558.50  3.33
 2559.20  3.33
 2559.90  3.33
 2560.60  3.33
 2561.30  3.33
 2562.00  3.33
 2562.70  3.33
 2563.40  3.33
 2564.10  3.33
 2564.80  3.33
 2565.50  3.33
 2566.20  3.33
 2566.90  3.33
 2567.60  3.33
 2568.30  3.33
 2569.00  3.33
 2569.70  3.33
 2570.40  3.33
 2571.10  3.33
 2571.80  3.33
 2572.50  3.33
 2573.20  3.33
 2573.90  3.33
 2574.60  3.33
 2575.30  3.33
 2576.00  3.33
 2576.70  3.33
 2577.40  3.33
 2578.10  3.33
 2578.80  3.33
 2579.50  3.33
 2580.20  3.33
 2580.90  3.33
 2581.60  3.33
 2582.30  3.33
 2583.00  3.33
 2583.70  3.33
 2584.40  3.33
 2585.10  3.33
 2585.80  3.33
 2586.50  3.33
 2587.20  3.33
 2587.90  3.33
 2588.60  3.33
 2589.30  3.33
 2590.00  3.33
 2590.70  3.33
 2591.40  3.33
 2592.10  3.33
 2592.80  3.33
 2593.50  3.33
 2594.20  3.33
 2594.90  3.33
 2595.60  3.33
 2596.30  3.33
 2597.00  3.33
 2597.70  3.33
 2598.40  3.33
 2599.10  3.33
 2599.80  3.33
 2600.50  3.33
 2601.20  3.33
 2601.90  3.33
 2602.60  3.33
 2603.30  3.33
 2604.00  3.33
 2604.70  3.33
 2605.40  3.33
 2606.10  3.33
 2606.80  3.33
 2607.50  3.33
 2608.20  3.33
 2608.90  3.33
 2609.60  3.33
 2610.30  3.33
 2611.00  3.33
 2611.70  3.33
 2612.40  3.33
 2613.10  3.33
 2613.80  3.33
 2614.50  3.33
 2615.20  3.33
 2615.90  3.33
 2616.60  3.33
 2617.30  3.33
 2618.00  3.33
 2618.70  3.33
 2619.40  3.33
 2620.10  3.33
 2620.80  3.33
 2621.50  3.33
 2622.20  3.33
 2622.90  3.33
 2623.60  3.33
 2624.30  3.33
 2625.00  3.33
 2625.70  3.33
 2626.40  3.33
 2627.10  3.33
 2627.80  3.33
 2628.50  3.33
 2629.20  3.33
 2629.90  3.33
 2630.60  3.33
 2631.30  3.33
 2632.00  3.33
 2632.70  3.33
 2633.40  3.33
 2634.10  3.33
 2634.80  3.33
 2635.50  3.33
 2636.20  3.33
 2636.90  3.33
 2637.60  3.33
 2638.30  3.33
 2639.00  3.33
 2639.70  3.33
 2640.40  3.33
 2641.10  3.33
 2641.80  3.33
 2642.50  3.33
 2643.20  3.33
 2643.90  3.33
 2644.60  3.33
 2645.30  3.33
 2646.00  3.33
 2646.70  3.33
 2647.40  3.33
 2648.10  3.33
 2648.80  3.33
 2649.50  3.33
 2650.20  3.33
 2650.90  3.33
 2651.60  3.33
 2652.30  3.33
 2653.00  3.33
 2653.70  3.33
 2654.40  3.33
 2655.10  3.33
 2655.80  3.33
 2656.50  3.33
 2657.20  3.33
 2657.90  3.33
 2658.60  3.33
 2659.30  3.33
 2660.00  3.33
 2660.70  3.33
 2661.40  3.33
 2662.10  3.33
 2662.80  3.33
 2663.50  3.33
 2664.20  3.33
 2664.90  3.33
 2665.60  3.33
 2666.30  3.33
 2667.00  3.33
 2667.70  3.33
 2668.40  3.33
 2669.10  3.33
 2669.80  3.33
 2670.50  3.33
 2671.20  3.33
 2671.90  3.33
 2672.60  3.33
 2673.30  3.33
 2674.00  3.33
 2674.70  3.33
 2675.40  3.33
 2676.10  3.33
 2676.80  3.33
 2677.50  3.33
 2678.20  3.33
 2678.90  3.33
 2679.60  3.33
 2680.30  3.33
 2681.00  3.33
 2681.70  3.33
 2682.40  3.33
 2683.10  3.33
 2683.80  3.33
 2684.50  3.33
 2685.20  3.33
 2685.90  3.33
 2686.60  3.33
 2687.30  3.33
 2688.00  3.33
 2688.70  3.33
 2689.40  3.33
 2690.10  3.33
 2690.80  3.33
 2691.50  3.33
 2692.20  3.33
 2692.90  3.33
 2693.60  3.33
 2694.30  3.33
 2695.00  3.33
 2695.70  3.33
 2696.40  3.33
 2697.10  3.33
 2697.80  3.33
 2698.50  3.33
 2699.20  3.33
 2699.90  3.33
 2700.60  3.33
 2701.30  3.33
 2702.00  3.33
 2702.70  3.33
 2703.40  3.33
 2704.10  3.33
 2704.80  3.33
 2705.50  3.33
 2706.20  3.33
 2706.90  3.33
 2707.60  3.33
 2708.30  3.33
 2709.00  3.33
 2709.70  3.33
 2710.40  3.33
 2711.10  3.33
 2711.80  3.33
 2712.50  3.33
 2713.20  3.33
 2713.90  3.33
 2714.60  3.33
 2715.30  3.33
 2716.00  3.33
 2716.70  3.33
 2717.40  3.33
 2718.10  3.33
 2718.80  3.33
 2719.50  3.33
 2720.20  3.33
 2720.90  3.33
 2721.60  3.33
 2722.30  3.33
 2723.00  3.33
 2723.70  3.33
 2724.40  3.33
 2725.10  3.33
 2725.80  3.33
 2726.50  3.33
 2727.20  3.33
 2727.90  3.33
 2728.60  3.33
 2729.30  3.33
 2730.00  3.33
 2730.70  3.33
 2731.40  3.33
 2732.10  3.33
 2732.80  3.33
 2733.50  3.33
 2734.20  3.33
 2734.90  3.33
 2735.60  3.33
 2736.30  3.33
 2737.00  3.33
 2737.70  3.33
 2738.40  3.33
 2739.10  3.33
 2739.80  3.33
 2740.50  3.33
 2741.20  3.33
 2741.90  3.33
 2742.60  3.33
 2743.30  3.33
 2744.00  3.33
 2744.70  3.33
 2745.40  3.33
 2746.10  3.33
 2746.80  3.33
 2747.50  3.33
 2748.20  3.33
 2748.90  3.33
 2749.60  3.33
 2750.30  3.33
 2751.00  3.33
 2751.70  3.33
 2752.40  3.33
 2753.10  3.33
 2753.80  3.33
 2754.50  3.33
 2755.20  3.33
 2755.90  3.33
 2756.60  3.33
 2757.30  3.33
 2758.00  3.33
 2758.70  3.33
 2759.40  3.33
 2760.10  3.33
 2760.80  3.33
 2761.50  3.33
 2762.20  3.33
 2762.90  3.33
 2763.60  3.33
 2764.30  3.33
 2765.00  3.33
 2765.70  3.33
 2766.40  3.33
 2767.10  3.33
 2767.80  3.33
 2768.50  3.33
 2769.20  3.33
 2769.90  3.33
 2770.60  3.33
 2771.30  3.33
 2772.00  3.33
 2772.70  3.33
 2773.40  3.33
 2774.10  3.33
 2774.80  3.33
 2775.50  3.33
 2776.20  3.33
 2776.90  3.33
 2777.60  3.33
 2778.30  3.33
 2779.00  3.33
 2779.70  3.33
 2780.40  3.33
 2781.10  3.33
 2781.80  3.33
 2782.50  3.33
 2783.20  3.33
 2783.90  3.33
 2784.60  3.33
 2785.30  3.33
 2786.00  3.33
 2786.70  3.33
 2787.40  3.33
 2788.10  3.33
 2788.80  3.33
 2789.50  3.33
 2790.20  3.33
 2790.90  3.33
 2791.60  3.33
 2792.30  3.33
 2793.00  3.33
 2793.70  3.33
 2794.40  3.33
 2795.10  3.33
 2795.80  3.33
 2796.50  3.33
 2797.20  3.33
 2797.90  3.33
 2798.60  3.33
 2799.30  3.33
 2800.00  3.33
 2800.70  3.33
 2801.40  3.33
 2802.10  3.33
 2802.80  3.33
 2803.50  3.33
 2804.20  3.33
 2804.90  3.33
 2805.60  3.33
 2806.30  3.33
 2807.00  3.33
 2807.70  3.33
 2808.40  3.33
 2809.10  3.33
 2809.80  3.33
 2810.50  3.33
 2811.20  3.33
 2811.90  3.33
 2812.60  3.33
 2813.30  3.33
 2814.00  3.33
 2814.70  3.33
 2815.40  3.33
 2816.10  3.33
 2816.80  3.33
 2817.50  3.33
 2818.20  3.33
 2818.90  3.33
 2819.60  3.33
 2820.30  3.33
 2821.00  3.33
 2821.70  3.33
 2822.40  3.33
 2823.10  3.33
 2823.80  3.33
 2824.50  3.33
 2825.20  3.33
 2825.90  3.33
 2826.60  3.33
 2827.30  3.33
 2828.00  3.33
 2828.70  3.33
 2829.40  3.33
 2830.10  3.33
 2830.80  3.33
 2831.50  3.33
 2832.20  3.33
 2832.90  3.33
 2833.60  3.33
 2834.30  3.33
 2835.00  3.33
 2835.70  3.33
 2836.40  3.33
 2837.10  3.33
 2837.80  3.33
 2838.50  3.33
 2839.20  3.33
 2839.90  3.33
 2840.60  3.33
 2841.30  3.33
 2842.00  3.33
 2842.70  3.33
 2843.40  3.33
 2844.10  3.33
 2844.80  3.33
 2845.50  3.33
 2846.20  3.33
 2846.90  3.33
 2847.60  3.33
 2848.30  3.33
 2849.00  3.33
 2849.70  3.33
 2850.40  3.33
 2851.10  3.33
 2851.80  3.33
 2852.50  3.33
 2853.20  3.33
 2853.90  3.33
 2854.60  3.33
 2855.30  3.33
 2856.00  3.33
 2856.70  3.33
 2857.40  3.33
 2858.10  3.33
 2858.80  3.33
 2859.50  3.33
 2860.20  3.33
 2860.90  3.33
 2861.60  3.33
 2862.30  3.33
 2863.00  3.33
 2863.70  3.33
 2864.40  3.33
 2865.10  3.33
 2865.80  3.33
 2866.50  3.33
 2867.20  3.33
 2867.90  3.33
 2868.60  3.33
 2869.30  3.33
 2870.00  3.33
 2870.70  3.33
 2871.40  3.33
 2872.10  3.33
 2872.80  3.33
 2873.50  3.33
 2874.20  3.33
 2874.90  3.33
 2875.60  3.33
 2876.30  3.33
 2877.00  3.33
 2877.70  3.33
 2878.40  3.33
 2879.10  3.33
 2879.80  3.33
 2880.50  3.33
 2881.20  3.33
 2881.90  3.33
 2882.60  3.33
 2883.30  3.33
 2884.00  3.33
 2884.70  3.33
 2885.40  3.33
 2886.10  3.33
 2886.80  3.33
 2887.50  3.33
 2888.20  3.33
 2888.90  3.33
 2889.60  3.33
 2890.30  3.33
 2891.00  3.33
 2891.70  3.33
 2892.40  3.33
 2893.10  3.33
 2893.80  3.33
 2894.50  3.33
 2895.20  3.33
 2895.90  3.33
 2896.60  3.33
 2897.30  3.33
 2898.00  3.33
 2898.70  3.33
 2899.40  3.33
 2900.10  3.33
 2900.80  3.33
 2901.50  3.33
 2902.20  3.33
 2902.90  3.33
 2903.60  3.33
 2904.30  3.33
 2905.00  3.33
 2905.70  3.33
 2906.40  3.33
 2907.10  3.33
 2907.80  3.33
 2908.50  3.33
 2909.20  3.33
 2909.90  3.33
 2910.60  3.33
 2911.30  3.33
 2912.00  3.33
 2912.70  3.33
 2913.40  3.33
 2914.10  3.33
 2914.80  3.33
 2915.50  3.33
 2916.20  3.33
 2916.90  3.33
 2917.60  3.33
 2918.30  3.33
 2919.00  3.33
 2919.70  3.33
 2920.40  3.33
 2921.10  3.33
 2921.80  3.33
 2922.50  3.33
 2923.20  3.33
 2923.90  3.33
 2924.60  3.33
 2925.30  3.33
 2926.00  3.33
 2926.70  3.33
 2927.40  3.33
 2928.10  3.33
 2928.80  3.33
 2929.50  3.33
 2930.20  3.33
 2930.90  3.33
 2931.60  3.33
 2932.30  3.33
 2933.00  3.33
 2933.70  3.33
 2934.40  3.33
 2935.10  3.33
 2935.80  3.33
 2936.50  3.33
 2937.20  3.33
 2937.90  3.33
 2938.60  3.33
 2939.30  3.33
 2940.00  3.33
 2940.70  3.33
 2941.40  3.33
 2942.10  3.33
 2942.80  3.33
 2943.50  3.33
 2944.20  3.33
 2944.90  3.33
 2945.60  3.33
 2946.30  3.33
 2947.00  3.33
 2947.70  3.33
 2948.40  3.33
 2949.10  3.33
 2949.80  3.33
 2950.50  3.33
 2951.20  3.33
 2951.90  3.33
 2952.60  3.33
 2953.30  3.33
 2954.00  3.33
 2954.70  3.33
 2955.40  3.33
 2956.10  3.33
 2956.80  3.33
 2957.50  3.33
 2958.20  3.33
 2958.90  3.33
 2959.60  3.33
 2960.30  3.33
 2961.00  3.33
 2961.70  3.33
 2962.40  3.33
 2963.10  3.33
 2963.80  3.33
 2964.50  3.33
 2965.20  3.33
 2965.90  3.33
 2966.60  3.33
 2967.30  3.33
 2968.00  3.33
 2968.70  3.33
 2969.40  3.33
 2970.10  3.33
 2970.80  3.33
 2971.50  3.33
 2972.20  3.33
 2972.90  3.33
 2973.60  3.33
 2974.30  3.33
 2975.00  3.33
 2975.70  3.33
 2976.40  3.33
 2977.10  3.33
 2977.80  3.33
 2978.50  3.33
 2979.20  3.33
 2979.90  3.33
 2980.60  3.33
 2981.30  3.33
 2982.00  3.33
 2982.70  3.33
 2983.40  3.33
 2984.10  3.33
 2984.80  3.33
 2985.50  3.33
 2986.20  3.33
 2986.90  3.33
 2987.60  3.33
 2988.30  3.33
 2989.00  3.33
 2989.70  3.33
 2990.40  3.33
 2991.10  3.33
 2991.80  3.33
 2992.50  3.33
 2993.20  3.33
 2993.90  3.33
 2994.60  3.33
 2995.30  3.33
 2996.00  3.33
 2996.70  3.33
 2997.40  3.33
 2998.10  3.33
 2998.80  3.33
 2999.50  3.33
