#Navio B MarAd
#Manobra de Curva Giro
#
#Eta 
#
#temp      rot 
 0.00  1.00
 0.70  1.00
 1.40  1.00
 2.10  1.00
 2.80  1.00
 3.50  1.00
 4.20  1.00
 4.90  1.00
 5.60  1.00
 6.30  1.00
 7.00  1.00
 7.70  1.00
 8.40  1.00
 9.10  1.01
 9.80  1.01
 10.50  1.01
 11.20  1.01
 11.90  1.01
 12.60  1.01
 13.30  1.01
 14.00  1.01
 14.70  1.01
 15.40  1.01
 16.10  1.01
 16.80  1.01
 17.50  1.01
 18.20  1.01
 18.90  1.01
 19.60  1.01
 20.30  1.01
 21.00  1.01
 21.70  1.01
 22.40  1.02
 23.10  1.02
 23.80  1.02
 24.50  1.02
 25.20  1.02
 25.90  1.02
 26.60  1.02
 27.30  1.02
 28.00  1.02
 28.70  1.02
 29.40  1.02
 30.10  1.02
 30.80  1.02
 31.50  1.02
 32.20  1.02
 32.90  1.02
 33.60  1.02
 34.30  1.03
 35.00  1.03
 35.70  1.03
 36.40  1.03
 37.10  1.03
 37.80  1.03
 38.50  1.03
 39.20  1.03
 39.90  1.03
 40.60  1.03
 41.30  1.03
 42.00  1.03
 42.70  1.03
 43.40  1.03
 44.10  1.03
 44.80  1.04
 45.50  1.04
 46.20  1.04
 46.90  1.04
 47.60  1.04
 48.30  1.04
 49.00  1.04
 49.70  1.04
 50.40  1.04
 51.10  1.04
 51.80  1.04
 52.50  1.04
 53.20  1.05
 53.90  1.05
 54.60  1.05
 55.30  1.05
 56.00  1.05
 56.70  1.05
 57.40  1.05
 58.10  1.05
 58.80  1.05
 59.50  1.05
 60.20  1.05
 60.90  1.06
 61.60  1.06
 62.30  1.06
 63.00  1.06
 63.70  1.06
 64.40  1.06
 65.10  1.06
 65.80  1.06
 66.50  1.06
 67.20  1.06
 67.90  1.07
 68.60  1.07
 69.30  1.07
 70.00  1.07
 70.70  1.07
 71.40  1.07
 72.10  1.07
 72.80  1.07
 73.50  1.07
 74.20  1.08
 74.90  1.08
 75.60  1.08
 76.30  1.08
 77.00  1.08
 77.70  1.08
 78.40  1.08
 79.10  1.08
 79.80  1.09
 80.50  1.09
 81.20  1.09
 81.90  1.09
 82.60  1.09
 83.30  1.09
 84.00  1.09
 84.70  1.10
 85.40  1.10
 86.10  1.10
 86.80  1.10
 87.50  1.10
 88.20  1.10
 88.90  1.10
 89.60  1.11
 90.30  1.11
 91.00  1.11
 91.70  1.11
 92.40  1.11
 93.10  1.11
 93.80  1.11
 94.50  1.12
 95.20  1.12
 95.90  1.12
 96.60  1.12
 97.30  1.12
 98.00  1.12
 98.70  1.13
 99.40  1.13
 100.10  1.13
 100.80  1.13
 101.50  1.13
 102.20  1.13
 102.90  1.14
 103.60  1.14
 104.30  1.14
 105.00  1.14
 105.70  1.14
 106.40  1.15
 107.10  1.15
 107.80  1.15
 108.50  1.15
 109.20  1.15
 109.90  1.15
 110.60  1.16
 111.30  1.16
 112.00  1.16
 112.70  1.16
 113.40  1.16
 114.10  1.17
 114.80  1.17
 115.50  1.17
 116.20  1.17
 116.90  1.17
 117.60  1.18
 118.30  1.18
 119.00  1.18
 119.70  1.18
 120.40  1.18
 121.10  1.19
 121.80  1.19
 122.50  1.19
 123.20  1.19
 123.90  1.19
 124.60  1.20
 125.30  1.20
 126.00  1.20
 126.70  1.20
 127.40  1.21
 128.10  1.21
 128.80  1.21
 129.50  1.21
 130.20  1.21
 130.90  1.22
 131.60  1.22
 132.30  1.22
 133.00  1.22
 133.70  1.23
 134.40  1.23
 135.10  1.23
 135.80  1.23
 136.50  1.24
 137.20  1.24
 137.90  1.24
 138.60  1.24
 139.30  1.24
 140.00  1.25
 140.70  1.25
 141.40  1.25
 142.10  1.25
 142.80  1.26
 143.50  1.26
 144.20  1.26
 144.90  1.26
 145.60  1.27
 146.30  1.27
 147.00  1.27
 147.70  1.27
 148.40  1.28
 149.10  1.28
 149.80  1.28
 150.50  1.28
 151.20  1.29
 151.90  1.29
 152.60  1.29
 153.30  1.30
 154.00  1.30
 154.70  1.30
 155.40  1.30
 156.10  1.31
 156.80  1.31
 157.50  1.31
 158.20  1.31
 158.90  1.32
 159.60  1.32
 160.30  1.32
 161.00  1.32
 161.70  1.33
 162.40  1.33
 163.10  1.33
 163.80  1.34
 164.50  1.34
 165.20  1.34
 165.90  1.34
 166.60  1.35
 167.30  1.35
 168.00  1.35
 168.70  1.36
 169.40  1.36
 170.10  1.36
 170.80  1.36
 171.50  1.37
 172.20  1.37
 172.90  1.37
 173.60  1.38
 174.30  1.38
 175.00  1.38
 175.70  1.38
 176.40  1.39
 177.10  1.39
 177.80  1.39
 178.50  1.40
 179.20  1.40
 179.90  1.40
 180.60  1.41
 181.30  1.41
 182.00  1.41
 182.70  1.41
 183.40  1.42
 184.10  1.42
 184.80  1.42
 185.50  1.43
 186.20  1.43
 186.90  1.43
 187.60  1.44
 188.30  1.44
 189.00  1.44
 189.70  1.45
 190.40  1.45
 191.10  1.45
 191.80  1.45
 192.50  1.46
 193.20  1.46
 193.90  1.46
 194.60  1.47
 195.30  1.47
 196.00  1.47
 196.70  1.48
 197.40  1.48
 198.10  1.48
 198.80  1.49
 199.50  1.49
 200.20  1.49
 200.90  1.50
 201.60  1.50
 202.30  1.50
 203.00  1.51
 203.70  1.51
 204.40  1.51
 205.10  1.51
 205.80  1.52
 206.50  1.52
 207.20  1.52
 207.90  1.53
 208.60  1.53
 209.30  1.53
 210.00  1.54
 210.70  1.54
 211.40  1.54
 212.10  1.55
 212.80  1.55
 213.50  1.55
 214.20  1.56
 214.90  1.56
 215.60  1.56
 216.30  1.57
 217.00  1.57
 217.70  1.57
 218.40  1.58
 219.10  1.58
 219.80  1.58
 220.50  1.59
 221.20  1.59
 221.90  1.59
 222.60  1.60
 223.30  1.60
 224.00  1.60
 224.70  1.61
 225.40  1.61
 226.10  1.61
 226.80  1.62
 227.50  1.62
 228.20  1.62
 228.90  1.63
 229.60  1.63
 230.30  1.63
 231.00  1.64
 231.70  1.64
 232.40  1.64
 233.10  1.65
 233.80  1.65
 234.50  1.65
 235.20  1.66
 235.90  1.66
 236.60  1.67
 237.30  1.67
 238.00  1.67
 238.70  1.68
 239.40  1.68
 240.10  1.68
 240.80  1.69
 241.50  1.69
 242.20  1.69
 242.90  1.70
 243.60  1.70
 244.30  1.70
 245.00  1.71
 245.70  1.71
 246.40  1.71
 247.10  1.72
 247.80  1.72
 248.50  1.72
 249.20  1.73
 249.90  1.73
 250.60  1.73
 251.30  1.74
 252.00  1.74
 252.70  1.74
 253.40  1.75
 254.10  1.75
 254.80  1.76
 255.50  1.76
 256.20  1.76
 256.90  1.77
 257.60  1.77
 258.30  1.77
 259.00  1.78
 259.70  1.78
 260.40  1.78
 261.10  1.79
 261.80  1.79
 262.50  1.79
 263.20  1.80
 263.90  1.80
 264.60  1.80
 265.30  1.81
 266.00  1.81
 266.70  1.81
 267.40  1.82
 268.10  1.82
 268.80  1.83
 269.50  1.83
 270.20  1.83
 270.90  1.84
 271.60  1.84
 272.30  1.84
 273.00  1.85
 273.70  1.85
 274.40  1.85
 275.10  1.86
 275.80  1.86
 276.50  1.86
 277.20  1.87
 277.90  1.87
 278.60  1.87
 279.30  1.88
 280.00  1.88
 280.70  1.88
 281.40  1.89
 282.10  1.89
 282.80  1.90
 283.50  1.90
 284.20  1.90
 284.90  1.91
 285.60  1.91
 286.30  1.91
 287.00  1.92
 287.70  1.92
 288.40  1.92
 289.10  1.93
 289.80  1.93
 290.50  1.93
 291.20  1.94
 291.90  1.94
 292.60  1.94
 293.30  1.95
 294.00  1.95
 294.70  1.96
 295.40  1.96
 296.10  1.96
 296.80  1.97
 297.50  1.97
 298.20  1.97
 298.90  1.98
 299.60  1.98
 300.30  1.98
 301.00  1.99
 301.70  1.99
 302.40  1.99
 303.10  2.00
 303.80  2.00
 304.50  2.00
 305.20  2.01
 305.90  2.01
 306.60  2.01
 307.30  2.02
 308.00  2.02
 308.70  2.03
 309.40  2.03
 310.10  2.03
 310.80  2.04
 311.50  2.04
 312.20  2.04
 312.90  2.05
 313.60  2.05
 314.30  2.05
 315.00  2.06
 315.70  2.06
 316.40  2.06
 317.10  2.07
 317.80  2.07
 318.50  2.07
 319.20  2.08
 319.90  2.08
 320.60  2.08
 321.30  2.09
 322.00  2.09
 322.70  2.10
 323.40  2.10
 324.10  2.10
 324.80  2.11
 325.50  2.11
 326.20  2.11
 326.90  2.12
 327.60  2.12
 328.30  2.12
 329.00  2.13
 329.70  2.13
 330.40  2.13
 331.10  2.14
 331.80  2.14
 332.50  2.14
 333.20  2.15
 333.90  2.15
 334.60  2.15
 335.30  2.16
 336.00  2.16
 336.70  2.16
 337.40  2.17
 338.10  2.17
 338.80  2.17
 339.50  2.18
 340.20  2.18
 340.90  2.18
 341.60  2.19
 342.30  2.19
 343.00  2.19
 343.70  2.20
 344.40  2.20
 345.10  2.20
 345.80  2.21
 346.50  2.21
 347.20  2.22
 347.90  2.22
 348.60  2.22
 349.30  2.23
 350.00  2.23
 350.70  2.23
 351.40  2.24
 352.10  2.24
 352.80  2.24
 353.50  2.25
 354.20  2.25
 354.90  2.25
 355.60  2.26
 356.30  2.26
 357.00  2.26
 357.70  2.27
 358.40  2.27
 359.10  2.27
 359.80  2.28
 360.50  2.28
 361.20  2.28
 361.90  2.29
 362.60  2.29
 363.30  2.29
 364.00  2.29
 364.70  2.30
 365.40  2.30
 366.10  2.30
 366.80  2.31
 367.50  2.31
 368.20  2.31
 368.90  2.32
 369.60  2.32
 370.30  2.32
 371.00  2.33
 371.70  2.33
 372.40  2.33
 373.10  2.34
 373.80  2.34
 374.50  2.34
 375.20  2.35
 375.90  2.35
 376.60  2.35
 377.30  2.36
 378.00  2.36
 378.70  2.36
 379.40  2.37
 380.10  2.37
 380.80  2.37
 381.50  2.38
 382.20  2.38
 382.90  2.38
 383.60  2.39
 384.30  2.39
 385.00  2.39
 385.70  2.39
 386.40  2.40
 387.10  2.40
 387.80  2.40
 388.50  2.41
 389.20  2.41
 389.90  2.41
 390.60  2.42
 391.30  2.42
 392.00  2.42
 392.70  2.43
 393.40  2.43
 394.10  2.43
 394.80  2.44
 395.50  2.44
 396.20  2.44
 396.90  2.44
 397.60  2.45
 398.30  2.45
 399.00  2.45
 399.70  2.46
 400.40  2.46
 401.10  2.46
 401.80  2.47
 402.50  2.47
 403.20  2.47
 403.90  2.48
 404.60  2.48
 405.30  2.48
 406.00  2.48
 406.70  2.49
 407.40  2.49
 408.10  2.49
 408.80  2.50
 409.50  2.50
 410.20  2.50
 410.90  2.51
 411.60  2.51
 412.30  2.51
 413.00  2.51
 413.70  2.52
 414.40  2.52
 415.10  2.52
 415.80  2.53
 416.50  2.53
 417.20  2.53
 417.90  2.54
 418.60  2.54
 419.30  2.54
 420.00  2.54
 420.70  2.55
 421.40  2.55
 422.10  2.55
 422.80  2.56
 423.50  2.56
 424.20  2.56
 424.90  2.56
 425.60  2.57
 426.30  2.57
 427.00  2.57
 427.70  2.58
 428.40  2.58
 429.10  2.58
 429.80  2.58
 430.50  2.59
 431.20  2.59
 431.90  2.59
 432.60  2.60
 433.30  2.60
 434.00  2.60
 434.70  2.60
 435.40  2.61
 436.10  2.61
 436.80  2.61
 437.50  2.62
 438.20  2.62
 438.90  2.62
 439.60  2.62
 440.30  2.63
 441.00  2.63
 441.70  2.63
 442.40  2.64
 443.10  2.64
 443.80  2.64
 444.50  2.64
 445.20  2.65
 445.90  2.65
 446.60  2.65
 447.30  2.66
 448.00  2.66
 448.70  2.66
 449.40  2.66
 450.10  2.67
 450.80  2.67
 451.50  2.67
 452.20  2.67
 452.90  2.68
 453.60  2.68
 454.30  2.68
 455.00  2.68
 455.70  2.69
 456.40  2.69
 457.10  2.69
 457.80  2.70
 458.50  2.70
 459.20  2.70
 459.90  2.70
 460.60  2.71
 461.30  2.71
 462.00  2.71
 462.70  2.71
 463.40  2.72
 464.10  2.72
 464.80  2.72
 465.50  2.72
 466.20  2.73
 466.90  2.73
 467.60  2.73
 468.30  2.74
 469.00  2.74
 469.70  2.74
 470.40  2.74
 471.10  2.75
 471.80  2.75
 472.50  2.75
 473.20  2.75
 473.90  2.76
 474.60  2.76
 475.30  2.76
 476.00  2.76
 476.70  2.77
 477.40  2.77
 478.10  2.77
 478.80  2.77
 479.50  2.78
 480.20  2.78
 480.90  2.78
 481.60  2.78
 482.30  2.79
 483.00  2.79
 483.70  2.79
 484.40  2.79
 485.10  2.80
 485.80  2.80
 486.50  2.80
 487.20  2.80
 487.90  2.81
 488.60  2.81
 489.30  2.81
 490.00  2.81
 490.70  2.82
 491.40  2.82
 492.10  2.82
 492.80  2.82
 493.50  2.83
 494.20  2.83
 494.90  2.83
 495.60  2.83
 496.30  2.83
 497.00  2.84
 497.70  2.84
 498.40  2.84
 499.10  2.84
 499.80  2.85
 500.50  2.85
 501.20  2.85
 501.90  2.85
 502.60  2.86
 503.30  2.86
 504.00  2.86
 504.70  2.86
 505.40  2.87
 506.10  2.87
 506.80  2.87
 507.50  2.87
 508.20  2.87
 508.90  2.88
 509.60  2.88
 510.30  2.88
 511.00  2.88
 511.70  2.89
 512.40  2.89
 513.10  2.89
 513.80  2.89
 514.50  2.90
 515.20  2.90
 515.90  2.90
 516.60  2.90
 517.30  2.90
 518.00  2.91
 518.70  2.91
 519.40  2.91
 520.10  2.91
 520.80  2.92
 521.50  2.92
 522.20  2.92
 522.90  2.92
 523.60  2.92
 524.30  2.93
 525.00  2.93
 525.70  2.93
 526.40  2.93
 527.10  2.94
 527.80  2.94
 528.50  2.94
 529.20  2.94
 529.90  2.94
 530.60  2.95
 531.30  2.95
 532.00  2.95
 532.70  2.95
 533.40  2.95
 534.10  2.96
 534.80  2.96
 535.50  2.96
 536.20  2.96
 536.90  2.97
 537.60  2.97
 538.30  2.97
 539.00  2.97
 539.70  2.97
 540.40  2.98
 541.10  2.98
 541.80  2.98
 542.50  2.98
 543.20  2.98
 543.90  2.99
 544.60  2.99
 545.30  2.99
 546.00  2.99
 546.70  2.99
 547.40  3.00
 548.10  3.00
 548.80  3.00
 549.50  3.00
 550.20  3.00
 550.90  3.01
 551.60  3.01
 552.30  3.01
 553.00  3.01
 553.70  3.01
 554.40  3.02
 555.10  3.02
 555.80  3.02
 556.50  3.02
 557.20  3.02
 557.90  3.03
 558.60  3.03
 559.30  3.03
 560.00  3.03
 560.70  3.03
 561.40  3.04
 562.10  3.04
 562.80  3.04
 563.50  3.04
 564.20  3.04
 564.90  3.05
 565.60  3.05
 566.30  3.05
 567.00  3.05
 567.70  3.05
 568.40  3.06
 569.10  3.06
 569.80  3.06
 570.50  3.06
 571.20  3.06
 571.90  3.06
 572.60  3.07
 573.30  3.07
 574.00  3.07
 574.70  3.07
 575.40  3.07
 576.10  3.08
 576.80  3.08
 577.50  3.08
 578.20  3.08
 578.90  3.08
 579.60  3.08
 580.30  3.09
 581.00  3.09
 581.70  3.09
 582.40  3.09
 583.10  3.09
 583.80  3.10
 584.50  3.10
 585.20  3.10
 585.90  3.10
 586.60  3.10
 587.30  3.10
 588.00  3.11
 588.70  3.11
 589.40  3.11
 590.10  3.11
 590.80  3.11
 591.50  3.12
 592.20  3.12
 592.90  3.12
 593.60  3.12
 594.30  3.12
 595.00  3.12
 595.70  3.13
 596.40  3.13
 597.10  3.13
 597.80  3.13
 598.50  3.13
 599.20  3.13
 599.90  3.14
 600.60  3.14
 601.30  3.14
 602.00  3.14
 602.70  3.14
 603.40  3.14
 604.10  3.15
 604.80  3.15
 605.50  3.15
 606.20  3.15
 606.90  3.15
 607.60  3.15
 608.30  3.16
 609.00  3.16
 609.70  3.16
 610.40  3.16
 611.10  3.16
 611.80  3.16
 612.50  3.17
 613.20  3.17
 613.90  3.17
 614.60  3.17
 615.30  3.17
 616.00  3.17
 616.70  3.18
 617.40  3.18
 618.10  3.18
 618.80  3.18
 619.50  3.18
 620.20  3.18
 620.90  3.18
 621.60  3.19
 622.30  3.19
 623.00  3.19
 623.70  3.19
 624.40  3.19
 625.10  3.19
 625.80  3.20
 626.50  3.20
 627.20  3.20
 627.90  3.20
 628.60  3.20
 629.30  3.20
 630.00  3.20
 630.70  3.21
 631.40  3.21
 632.10  3.21
 632.80  3.21
 633.50  3.21
 634.20  3.21
 634.90  3.22
 635.60  3.22
 636.30  3.22
 637.00  3.22
 637.70  3.22
 638.40  3.22
 639.10  3.22
 639.80  3.23
 640.50  3.23
 641.20  3.23
 641.90  3.23
 642.60  3.23
 643.30  3.23
 644.00  3.23
 644.70  3.24
 645.40  3.24
 646.10  3.24
 646.80  3.24
 647.50  3.24
 648.20  3.24
 648.90  3.24
 649.60  3.25
 650.30  3.25
 651.00  3.25
 651.70  3.25
 652.40  3.25
 653.10  3.25
 653.80  3.25
 654.50  3.26
 655.20  3.26
 655.90  3.26
 656.60  3.26
 657.30  3.26
 658.00  3.26
 658.70  3.26
 659.40  3.27
 660.10  3.27
 660.80  3.27
 661.50  3.27
 662.20  3.27
 662.90  3.27
 663.60  3.27
 664.30  3.27
 665.00  3.28
 665.70  3.28
 666.40  3.28
 667.10  3.28
 667.80  3.28
 668.50  3.28
 669.20  3.28
 669.90  3.29
 670.60  3.29
 671.30  3.29
 672.00  3.29
 672.70  3.29
 673.40  3.29
 674.10  3.29
 674.80  3.29
 675.50  3.30
 676.20  3.30
 676.90  3.30
 677.60  3.30
 678.30  3.30
 679.00  3.30
 679.70  3.30
 680.40  3.30
 681.10  3.31
 681.80  3.31
 682.50  3.31
 683.20  3.31
 683.90  3.31
 684.60  3.31
 685.30  3.31
 686.00  3.31
 686.70  3.32
 687.40  3.32
 688.10  3.32
 688.80  3.32
 689.50  3.32
 690.20  3.32
 690.90  3.32
 691.60  3.32
 692.30  3.33
 693.00  3.33
 693.70  3.33
 694.40  3.33
 695.10  3.33
 695.80  3.33
 696.50  3.33
 697.20  3.33
 697.90  3.34
 698.60  3.34
 699.30  3.34
 700.00  3.34
 700.70  3.34
 701.40  3.34
 702.10  3.34
 702.80  3.34
 703.50  3.34
 704.20  3.35
 704.90  3.35
 705.60  3.35
 706.30  3.35
 707.00  3.35
 707.70  3.35
 708.40  3.35
 709.10  3.35
 709.80  3.35
 710.50  3.36
 711.20  3.36
 711.90  3.36
 712.60  3.36
 713.30  3.36
 714.00  3.36
 714.70  3.36
 715.40  3.36
 716.10  3.36
 716.80  3.37
 717.50  3.37
 718.20  3.37
 718.90  3.37
 719.60  3.37
 720.30  3.37
 721.00  3.37
 721.70  3.37
 722.40  3.37
 723.10  3.38
 723.80  3.38
 724.50  3.38
 725.20  3.38
 725.90  3.38
 726.60  3.38
 727.30  3.38
 728.00  3.38
 728.70  3.38
 729.40  3.38
 730.10  3.39
 730.80  3.39
 731.50  3.39
 732.20  3.39
 732.90  3.39
 733.60  3.39
 734.30  3.39
 735.00  3.39
 735.70  3.39
 736.40  3.40
 737.10  3.40
 737.80  3.40
 738.50  3.40
 739.20  3.40
 739.90  3.40
 740.60  3.40
 741.30  3.40
 742.00  3.40
 742.70  3.40
 743.40  3.40
 744.10  3.41
 744.80  3.41
 745.50  3.41
 746.20  3.41
 746.90  3.41
 747.60  3.41
 748.30  3.41
 749.00  3.41
 749.70  3.41
 750.40  3.41
 751.10  3.42
 751.80  3.42
 752.50  3.42
 753.20  3.42
 753.90  3.42
 754.60  3.42
 755.30  3.42
 756.00  3.42
 756.70  3.42
 757.40  3.42
 758.10  3.42
 758.80  3.43
 759.50  3.43
 760.20  3.43
 760.90  3.43
 761.60  3.43
 762.30  3.43
 763.00  3.43
 763.70  3.43
 764.40  3.43
 765.10  3.43
 765.80  3.43
 766.50  3.44
 767.20  3.44
 767.90  3.44
 768.60  3.44
 769.30  3.44
 770.00  3.44
 770.70  3.44
 771.40  3.44
 772.10  3.44
 772.80  3.44
 773.50  3.44
 774.20  3.45
 774.90  3.45
 775.60  3.45
 776.30  3.45
 777.00  3.45
 777.70  3.45
 778.40  3.45
 779.10  3.45
 779.80  3.45
 780.50  3.45
 781.20  3.45
 781.90  3.45
 782.60  3.46
 783.30  3.46
 784.00  3.46
 784.70  3.46
 785.40  3.46
 786.10  3.46
 786.80  3.46
 787.50  3.46
 788.20  3.46
 788.90  3.46
 789.60  3.46
 790.30  3.46
 791.00  3.47
 791.70  3.47
 792.40  3.47
 793.10  3.47
 793.80  3.47
 794.50  3.47
 795.20  3.47
 795.90  3.47
 796.60  3.47
 797.30  3.47
 798.00  3.47
 798.70  3.47
 799.40  3.47
 800.10  3.48
 800.80  3.48
 801.50  3.48
 802.20  3.48
 802.90  3.48
 803.60  3.48
 804.30  3.48
 805.00  3.48
 805.70  3.48
 806.40  3.48
 807.10  3.48
 807.80  3.48
 808.50  3.48
 809.20  3.49
 809.90  3.49
 810.60  3.49
 811.30  3.49
 812.00  3.49
 812.70  3.49
 813.40  3.49
 814.10  3.49
 814.80  3.49
 815.50  3.49
 816.20  3.49
 816.90  3.49
 817.60  3.49
 818.30  3.50
 819.00  3.50
 819.70  3.50
 820.40  3.50
 821.10  3.50
 821.80  3.50
 822.50  3.50
 823.20  3.50
 823.90  3.50
 824.60  3.50
 825.30  3.50
 826.00  3.50
 826.70  3.50
 827.40  3.50
 828.10  3.51
 828.80  3.51
 829.50  3.51
 830.20  3.51
 830.90  3.51
 831.60  3.51
 832.30  3.51
 833.00  3.51
 833.70  3.51
 834.40  3.51
 835.10  3.51
 835.80  3.51
 836.50  3.51
 837.20  3.51
 837.90  3.51
 838.60  3.52
 839.30  3.52
 840.00  3.52
 840.70  3.52
 841.40  3.52
 842.10  3.52
 842.80  3.52
 843.50  3.52
 844.20  3.52
 844.90  3.52
 845.60  3.52
 846.30  3.52
 847.00  3.52
 847.70  3.52
 848.40  3.52
 849.10  3.52
 849.80  3.53
 850.50  3.53
 851.20  3.53
 851.90  3.53
 852.60  3.53
 853.30  3.53
 854.00  3.53
 854.70  3.53
 855.40  3.53
 856.10  3.53
 856.80  3.53
 857.50  3.53
 858.20  3.53
 858.90  3.53
 859.60  3.53
 860.30  3.53
 861.00  3.54
 861.70  3.54
 862.40  3.54
 863.10  3.54
 863.80  3.54
 864.50  3.54
 865.20  3.54
 865.90  3.54
 866.60  3.54
 867.30  3.54
 868.00  3.54
 868.70  3.54
 869.40  3.54
 870.10  3.54
 870.80  3.54
 871.50  3.54
 872.20  3.54
 872.90  3.55
 873.60  3.55
 874.30  3.55
 875.00  3.55
 875.70  3.55
 876.40  3.55
 877.10  3.55
 877.80  3.55
 878.50  3.55
 879.20  3.55
 879.90  3.55
 880.60  3.55
 881.30  3.55
 882.00  3.55
 882.70  3.55
 883.40  3.55
 884.10  3.55
 884.80  3.55
 885.50  3.56
 886.20  3.56
 886.90  3.56
 887.60  3.56
 888.30  3.56
 889.00  3.56
 889.70  3.56
 890.40  3.56
 891.10  3.56
 891.80  3.56
 892.50  3.56
 893.20  3.56
 893.90  3.56
 894.60  3.56
 895.30  3.56
 896.00  3.56
 896.70  3.56
 897.40  3.56
 898.10  3.56
 898.80  3.57
 899.50  3.57
 900.20  3.57
 900.90  3.57
 901.60  3.57
 902.30  3.57
 903.00  3.57
 903.70  3.57
 904.40  3.57
 905.10  3.57
 905.80  3.57
 906.50  3.57
 907.20  3.57
 907.90  3.57
 908.60  3.57
 909.30  3.57
 910.00  3.57
 910.70  3.57
 911.40  3.57
 912.10  3.57
 912.80  3.57
 913.50  3.58
 914.20  3.58
 914.90  3.58
 915.60  3.58
 916.30  3.58
 917.00  3.58
 917.70  3.58
 918.40  3.58
 919.10  3.58
 919.80  3.58
 920.50  3.58
 921.20  3.58
 921.90  3.58
 922.60  3.58
 923.30  3.58
 924.00  3.58
 924.70  3.58
 925.40  3.58
 926.10  3.58
 926.80  3.58
 927.50  3.58
 928.20  3.59
 928.90  3.59
 929.60  3.59
 930.30  3.59
 931.00  3.59
 931.70  3.59
 932.40  3.59
 933.10  3.59
 933.80  3.59
 934.50  3.59
 935.20  3.59
 935.90  3.59
 936.60  3.59
 937.30  3.59
 938.00  3.59
 938.70  3.59
 939.40  3.59
 940.10  3.59
 940.80  3.59
 941.50  3.59
 942.20  3.59
 942.90  3.59
 943.60  3.59
 944.30  3.59
 945.00  3.60
 945.70  3.60
 946.40  3.60
 947.10  3.60
 947.80  3.60
 948.50  3.60
 949.20  3.60
 949.90  3.60
 950.60  3.60
 951.30  3.60
 952.00  3.60
 952.70  3.60
 953.40  3.60
 954.10  3.60
 954.80  3.60
 955.50  3.60
 956.20  3.60
 956.90  3.60
 957.60  3.60
 958.30  3.60
 959.00  3.60
 959.70  3.60
 960.40  3.60
 961.10  3.60
 961.80  3.60
 962.50  3.61
 963.20  3.61
 963.90  3.61
 964.60  3.61
 965.30  3.61
 966.00  3.61
 966.70  3.61
 967.40  3.61
 968.10  3.61
 968.80  3.61
 969.50  3.61
 970.20  3.61
 970.90  3.61
 971.60  3.61
 972.30  3.61
 973.00  3.61
 973.70  3.61
 974.40  3.61
 975.10  3.61
 975.80  3.61
 976.50  3.61
 977.20  3.61
 977.90  3.61
 978.60  3.61
 979.30  3.61
 980.00  3.61
 980.70  3.61
 981.40  3.62
 982.10  3.62
 982.80  3.62
 983.50  3.62
 984.20  3.62
 984.90  3.62
 985.60  3.62
 986.30  3.62
 987.00  3.62
 987.70  3.62
 988.40  3.62
 989.10  3.62
 989.80  3.62
 990.50  3.62
 991.20  3.62
 991.90  3.62
 992.60  3.62
 993.30  3.62
 994.00  3.62
 994.70  3.62
 995.40  3.62
 996.10  3.62
 996.80  3.62
 997.50  3.62
 998.20  3.62
 998.90  3.62
 999.60  3.62
 1000.30  3.62
 1001.00  3.62
 1001.70  3.63
 1002.40  3.63
 1003.10  3.63
 1003.80  3.63
 1004.50  3.63
 1005.20  3.63
 1005.90  3.63
 1006.60  3.63
 1007.30  3.63
 1008.00  3.63
 1008.70  3.63
 1009.40  3.63
 1010.10  3.63
 1010.80  3.63
 1011.50  3.63
 1012.20  3.63
 1012.90  3.63
 1013.60  3.63
 1014.30  3.63
 1015.00  3.63
 1015.70  3.63
 1016.40  3.63
 1017.10  3.63
 1017.80  3.63
 1018.50  3.63
 1019.20  3.63
 1019.90  3.63
 1020.60  3.63
 1021.30  3.63
 1022.00  3.63
 1022.70  3.63
 1023.40  3.63
 1024.10  3.63
 1024.80  3.64
 1025.50  3.64
 1026.20  3.64
 1026.90  3.64
 1027.60  3.64
 1028.30  3.64
 1029.00  3.64
 1029.70  3.64
 1030.40  3.64
 1031.10  3.64
 1031.80  3.64
 1032.50  3.64
 1033.20  3.64
 1033.90  3.64
 1034.60  3.64
 1035.30  3.64
 1036.00  3.64
 1036.70  3.64
 1037.40  3.64
 1038.10  3.64
 1038.80  3.64
 1039.50  3.64
 1040.20  3.64
 1040.90  3.64
 1041.60  3.64
 1042.30  3.64
 1043.00  3.64
 1043.70  3.64
 1044.40  3.64
 1045.10  3.64
 1045.80  3.64
 1046.50  3.64
 1047.20  3.64
 1047.90  3.64
 1048.60  3.64
 1049.30  3.64
 1050.00  3.65
 1050.70  3.65
 1051.40  3.65
 1052.10  3.65
 1052.80  3.65
 1053.50  3.65
 1054.20  3.65
 1054.90  3.65
 1055.60  3.65
 1056.30  3.65
 1057.00  3.65
 1057.70  3.65
 1058.40  3.65
 1059.10  3.65
 1059.80  3.65
 1060.50  3.65
 1061.20  3.65
 1061.90  3.65
 1062.60  3.65
 1063.30  3.65
 1064.00  3.65
 1064.70  3.65
 1065.40  3.65
 1066.10  3.65
 1066.80  3.65
 1067.50  3.65
 1068.20  3.65
 1068.90  3.65
 1069.60  3.65
 1070.30  3.65
 1071.00  3.65
 1071.70  3.65
 1072.40  3.65
 1073.10  3.65
 1073.80  3.65
 1074.50  3.65
 1075.20  3.65
 1075.90  3.65
 1076.60  3.65
 1077.30  3.65
 1078.00  3.65
 1078.70  3.65
 1079.40  3.66
 1080.10  3.66
 1080.80  3.66
 1081.50  3.66
 1082.20  3.66
 1082.90  3.66
 1083.60  3.66
 1084.30  3.66
 1085.00  3.66
 1085.70  3.66
 1086.40  3.66
 1087.10  3.66
 1087.80  3.66
 1088.50  3.66
 1089.20  3.66
 1089.90  3.66
 1090.60  3.66
 1091.30  3.66
 1092.00  3.66
 1092.70  3.66
 1093.40  3.66
 1094.10  3.66
 1094.80  3.66
 1095.50  3.66
 1096.20  3.66
 1096.90  3.66
 1097.60  3.66
 1098.30  3.66
 1099.00  3.66
 1099.70  3.66
 1100.40  3.66
 1101.10  3.66
 1101.80  3.66
 1102.50  3.66
 1103.20  3.66
 1103.90  3.66
 1104.60  3.66
 1105.30  3.66
 1106.00  3.66
 1106.70  3.66
 1107.40  3.66
 1108.10  3.66
 1108.80  3.66
 1109.50  3.66
 1110.20  3.66
 1110.90  3.66
 1111.60  3.66
 1112.30  3.67
 1113.00  3.67
 1113.70  3.67
 1114.40  3.67
 1115.10  3.67
 1115.80  3.67
 1116.50  3.67
 1117.20  3.67
 1117.90  3.67
 1118.60  3.67
 1119.30  3.67
 1120.00  3.67
 1120.70  3.67
 1121.40  3.67
 1122.10  3.67
 1122.80  3.67
 1123.50  3.67
 1124.20  3.67
 1124.90  3.67
 1125.60  3.67
 1126.30  3.67
 1127.00  3.67
 1127.70  3.67
 1128.40  3.67
 1129.10  3.67
 1129.80  3.67
 1130.50  3.67
 1131.20  3.67
 1131.90  3.67
 1132.60  3.67
 1133.30  3.67
 1134.00  3.67
 1134.70  3.67
 1135.40  3.67
 1136.10  3.67
 1136.80  3.67
 1137.50  3.67
 1138.20  3.67
 1138.90  3.67
 1139.60  3.67
 1140.30  3.67
 1141.00  3.67
 1141.70  3.67
 1142.40  3.67
 1143.10  3.67
 1143.80  3.67
 1144.50  3.67
 1145.20  3.67
 1145.90  3.67
 1146.60  3.67
 1147.30  3.67
 1148.00  3.67
 1148.70  3.67
 1149.40  3.67
 1150.10  3.67
 1150.80  3.67
 1151.50  3.67
 1152.20  3.68
 1152.90  3.68
 1153.60  3.68
 1154.30  3.68
 1155.00  3.68
 1155.70  3.68
 1156.40  3.68
 1157.10  3.68
 1157.80  3.68
 1158.50  3.68
 1159.20  3.68
 1159.90  3.68
 1160.60  3.68
 1161.30  3.68
 1162.00  3.68
 1162.70  3.68
 1163.40  3.68
 1164.10  3.68
 1164.80  3.68
 1165.50  3.68
 1166.20  3.68
 1166.90  3.68
 1167.60  3.68
 1168.30  3.68
 1169.00  3.68
 1169.70  3.68
 1170.40  3.68
 1171.10  3.68
 1171.80  3.68
 1172.50  3.68
 1173.20  3.68
 1173.90  3.68
 1174.60  3.68
 1175.30  3.68
 1176.00  3.68
 1176.70  3.68
 1177.40  3.68
 1178.10  3.68
 1178.80  3.68
 1179.50  3.68
 1180.20  3.68
 1180.90  3.68
 1181.60  3.68
 1182.30  3.68
 1183.00  3.68
 1183.70  3.68
 1184.40  3.68
 1185.10  3.68
 1185.80  3.68
 1186.50  3.68
 1187.20  3.68
 1187.90  3.68
 1188.60  3.68
 1189.30  3.68
 1190.00  3.68
 1190.70  3.68
 1191.40  3.68
 1192.10  3.68
 1192.80  3.68
 1193.50  3.68
 1194.20  3.68
 1194.90  3.68
 1195.60  3.68
 1196.30  3.68
 1197.00  3.68
 1197.70  3.68
 1198.40  3.68
 1199.10  3.68
 1199.80  3.68
 1200.50  3.69
 1201.20  3.69
 1201.90  3.69
 1202.60  3.69
 1203.30  3.69
 1204.00  3.69
 1204.70  3.69
 1205.40  3.69
 1206.10  3.69
 1206.80  3.69
 1207.50  3.69
 1208.20  3.69
 1208.90  3.69
 1209.60  3.69
 1210.30  3.69
 1211.00  3.69
 1211.70  3.69
 1212.40  3.69
 1213.10  3.69
 1213.80  3.69
 1214.50  3.69
 1215.20  3.69
 1215.90  3.69
 1216.60  3.69
 1217.30  3.69
 1218.00  3.69
 1218.70  3.69
 1219.40  3.69
 1220.10  3.69
 1220.80  3.69
 1221.50  3.69
 1222.20  3.69
 1222.90  3.69
 1223.60  3.69
 1224.30  3.69
 1225.00  3.69
 1225.70  3.69
 1226.40  3.69
 1227.10  3.69
 1227.80  3.69
 1228.50  3.69
 1229.20  3.69
 1229.90  3.69
 1230.60  3.69
 1231.30  3.69
 1232.00  3.69
 1232.70  3.69
 1233.40  3.69
 1234.10  3.69
 1234.80  3.69
 1235.50  3.69
 1236.20  3.69
 1236.90  3.69
 1237.60  3.69
 1238.30  3.69
 1239.00  3.69
 1239.70  3.69
 1240.40  3.69
 1241.10  3.69
 1241.80  3.69
 1242.50  3.69
 1243.20  3.69
 1243.90  3.69
 1244.60  3.69
 1245.30  3.69
 1246.00  3.69
 1246.70  3.69
 1247.40  3.69
 1248.10  3.69
 1248.80  3.69
 1249.50  3.69
 1250.20  3.69
 1250.90  3.69
 1251.60  3.69
 1252.30  3.69
 1253.00  3.69
 1253.70  3.69
 1254.40  3.69
 1255.10  3.69
 1255.80  3.69
 1256.50  3.69
 1257.20  3.69
 1257.90  3.69
 1258.60  3.69
 1259.30  3.69
 1260.00  3.69
 1260.70  3.69
 1261.40  3.69
 1262.10  3.69
 1262.80  3.70
 1263.50  3.70
 1264.20  3.70
 1264.90  3.70
 1265.60  3.70
 1266.30  3.70
 1267.00  3.70
 1267.70  3.70
 1268.40  3.70
 1269.10  3.70
 1269.80  3.70
 1270.50  3.70
 1271.20  3.70
 1271.90  3.70
 1272.60  3.70
 1273.30  3.70
 1274.00  3.70
 1274.70  3.70
 1275.40  3.70
 1276.10  3.70
 1276.80  3.70
 1277.50  3.70
 1278.20  3.70
 1278.90  3.70
 1279.60  3.70
 1280.30  3.70
 1281.00  3.70
 1281.70  3.70
 1282.40  3.70
 1283.10  3.70
 1283.80  3.70
 1284.50  3.70
 1285.20  3.70
 1285.90  3.70
 1286.60  3.70
 1287.30  3.70
 1288.00  3.70
 1288.70  3.70
 1289.40  3.70
 1290.10  3.70
 1290.80  3.70
 1291.50  3.70
 1292.20  3.70
 1292.90  3.70
 1293.60  3.70
 1294.30  3.70
 1295.00  3.70
 1295.70  3.70
 1296.40  3.70
 1297.10  3.70
 1297.80  3.70
 1298.50  3.70
 1299.20  3.70
 1299.90  3.70
 1300.60  3.70
 1301.30  3.70
 1302.00  3.70
 1302.70  3.70
 1303.40  3.70
 1304.10  3.70
 1304.80  3.70
 1305.50  3.70
 1306.20  3.70
 1306.90  3.70
 1307.60  3.70
 1308.30  3.70
 1309.00  3.70
 1309.70  3.70
 1310.40  3.70
 1311.10  3.70
 1311.80  3.70
 1312.50  3.70
 1313.20  3.70
 1313.90  3.70
 1314.60  3.70
 1315.30  3.70
 1316.00  3.70
 1316.70  3.70
 1317.40  3.70
 1318.10  3.70
 1318.80  3.70
 1319.50  3.70
 1320.20  3.70
 1320.90  3.70
 1321.60  3.70
 1322.30  3.70
 1323.00  3.70
 1323.70  3.70
 1324.40  3.70
 1325.10  3.70
 1325.80  3.70
 1326.50  3.70
 1327.20  3.70
 1327.90  3.70
 1328.60  3.70
 1329.30  3.70
 1330.00  3.70
 1330.70  3.70
 1331.40  3.70
 1332.10  3.70
 1332.80  3.70
 1333.50  3.70
 1334.20  3.70
 1334.90  3.70
 1335.60  3.70
 1336.30  3.70
 1337.00  3.70
 1337.70  3.70
 1338.40  3.70
 1339.10  3.70
 1339.80  3.70
 1340.50  3.70
 1341.20  3.70
 1341.90  3.70
 1342.60  3.70
 1343.30  3.70
 1344.00  3.70
 1344.70  3.70
 1345.40  3.70
 1346.10  3.70
 1346.80  3.70
 1347.50  3.70
 1348.20  3.70
 1348.90  3.70
 1349.60  3.70
 1350.30  3.70
 1351.00  3.70
 1351.70  3.70
 1352.40  3.71
 1353.10  3.71
 1353.80  3.71
 1354.50  3.71
 1355.20  3.71
 1355.90  3.71
 1356.60  3.71
 1357.30  3.71
 1358.00  3.71
 1358.70  3.71
 1359.40  3.71
 1360.10  3.71
 1360.80  3.71
 1361.50  3.71
 1362.20  3.71
 1362.90  3.71
 1363.60  3.71
 1364.30  3.71
 1365.00  3.71
 1365.70  3.71
 1366.40  3.71
 1367.10  3.71
 1367.80  3.71
 1368.50  3.71
 1369.20  3.71
 1369.90  3.71
 1370.60  3.71
 1371.30  3.71
 1372.00  3.71
 1372.70  3.71
 1373.40  3.71
 1374.10  3.71
 1374.80  3.71
 1375.50  3.71
 1376.20  3.71
 1376.90  3.71
 1377.60  3.71
 1378.30  3.71
 1379.00  3.71
 1379.70  3.71
 1380.40  3.71
 1381.10  3.71
 1381.80  3.71
 1382.50  3.71
 1383.20  3.71
 1383.90  3.71
 1384.60  3.71
 1385.30  3.71
 1386.00  3.71
 1386.70  3.71
 1387.40  3.71
 1388.10  3.71
 1388.80  3.71
 1389.50  3.71
 1390.20  3.71
 1390.90  3.71
 1391.60  3.71
 1392.30  3.71
 1393.00  3.71
 1393.70  3.71
 1394.40  3.71
 1395.10  3.71
 1395.80  3.71
 1396.50  3.71
 1397.20  3.71
 1397.90  3.71
 1398.60  3.71
 1399.30  3.71
 1400.00  3.71
 1400.70  3.71
 1401.40  3.71
 1402.10  3.71
 1402.80  3.71
 1403.50  3.71
 1404.20  3.71
 1404.90  3.71
 1405.60  3.71
 1406.30  3.71
 1407.00  3.71
 1407.70  3.71
 1408.40  3.71
 1409.10  3.71
 1409.80  3.71
 1410.50  3.71
 1411.20  3.71
 1411.90  3.71
 1412.60  3.71
 1413.30  3.71
 1414.00  3.71
 1414.70  3.71
 1415.40  3.71
 1416.10  3.71
 1416.80  3.71
 1417.50  3.71
 1418.20  3.71
 1418.90  3.71
 1419.60  3.71
 1420.30  3.71
 1421.00  3.71
 1421.70  3.71
 1422.40  3.71
 1423.10  3.71
 1423.80  3.71
 1424.50  3.71
 1425.20  3.71
 1425.90  3.71
 1426.60  3.71
 1427.30  3.71
 1428.00  3.71
 1428.70  3.71
 1429.40  3.71
 1430.10  3.71
 1430.80  3.71
 1431.50  3.71
 1432.20  3.71
 1432.90  3.71
 1433.60  3.71
 1434.30  3.71
 1435.00  3.71
 1435.70  3.71
 1436.40  3.71
 1437.10  3.71
 1437.80  3.71
 1438.50  3.71
 1439.20  3.71
 1439.90  3.71
 1440.60  3.71
 1441.30  3.71
 1442.00  3.71
 1442.70  3.71
 1443.40  3.71
 1444.10  3.71
 1444.80  3.71
 1445.50  3.71
 1446.20  3.71
 1446.90  3.71
 1447.60  3.71
 1448.30  3.71
 1449.00  3.71
 1449.70  3.71
 1450.40  3.71
 1451.10  3.71
 1451.80  3.71
 1452.50  3.71
 1453.20  3.71
 1453.90  3.71
 1454.60  3.71
 1455.30  3.71
 1456.00  3.71
 1456.70  3.71
 1457.40  3.71
 1458.10  3.71
 1458.80  3.71
 1459.50  3.71
 1460.20  3.71
 1460.90  3.71
 1461.60  3.71
 1462.30  3.71
 1463.00  3.71
 1463.70  3.71
 1464.40  3.71
 1465.10  3.71
 1465.80  3.71
 1466.50  3.71
 1467.20  3.71
 1467.90  3.71
 1468.60  3.71
 1469.30  3.71
 1470.00  3.71
 1470.70  3.71
 1471.40  3.71
 1472.10  3.71
 1472.80  3.71
 1473.50  3.71
 1474.20  3.71
 1474.90  3.71
 1475.60  3.71
 1476.30  3.71
 1477.00  3.71
 1477.70  3.71
 1478.40  3.71
 1479.10  3.71
 1479.80  3.71
 1480.50  3.71
 1481.20  3.71
 1481.90  3.71
 1482.60  3.71
 1483.30  3.71
 1484.00  3.71
 1484.70  3.71
 1485.40  3.71
 1486.10  3.71
 1486.80  3.71
 1487.50  3.71
 1488.20  3.71
 1488.90  3.71
 1489.60  3.71
 1490.30  3.71
 1491.00  3.71
 1491.70  3.71
 1492.40  3.71
 1493.10  3.71
 1493.80  3.71
 1494.50  3.71
 1495.20  3.71
 1495.90  3.71
 1496.60  3.71
 1497.30  3.71
 1498.00  3.71
 1498.70  3.71
 1499.40  3.71
 1500.10  3.71
 1500.80  3.71
 1501.50  3.71
 1502.20  3.71
 1502.90  3.71
 1503.60  3.71
 1504.30  3.71
 1505.00  3.71
 1505.70  3.71
 1506.40  3.71
 1507.10  3.71
 1507.80  3.71
 1508.50  3.71
 1509.20  3.71
 1509.90  3.71
 1510.60  3.71
 1511.30  3.71
 1512.00  3.71
 1512.70  3.71
 1513.40  3.71
 1514.10  3.72
 1514.80  3.72
 1515.50  3.72
 1516.20  3.72
 1516.90  3.72
 1517.60  3.72
 1518.30  3.72
 1519.00  3.72
 1519.70  3.72
 1520.40  3.72
 1521.10  3.72
 1521.80  3.72
 1522.50  3.72
 1523.20  3.72
 1523.90  3.72
 1524.60  3.72
 1525.30  3.72
 1526.00  3.72
 1526.70  3.72
 1527.40  3.72
 1528.10  3.72
 1528.80  3.72
 1529.50  3.72
 1530.20  3.72
 1530.90  3.72
 1531.60  3.72
 1532.30  3.72
 1533.00  3.72
 1533.70  3.72
 1534.40  3.72
 1535.10  3.72
 1535.80  3.72
 1536.50  3.72
 1537.20  3.72
 1537.90  3.72
 1538.60  3.72
 1539.30  3.72
 1540.00  3.72
 1540.70  3.72
 1541.40  3.72
 1542.10  3.72
 1542.80  3.72
 1543.50  3.72
 1544.20  3.72
 1544.90  3.72
 1545.60  3.72
 1546.30  3.72
 1547.00  3.72
 1547.70  3.72
 1548.40  3.72
 1549.10  3.72
 1549.80  3.72
 1550.50  3.72
 1551.20  3.72
 1551.90  3.72
 1552.60  3.72
 1553.30  3.72
 1554.00  3.72
 1554.70  3.72
 1555.40  3.72
 1556.10  3.72
 1556.80  3.72
 1557.50  3.72
 1558.20  3.72
 1558.90  3.72
 1559.60  3.72
 1560.30  3.72
 1561.00  3.72
 1561.70  3.72
 1562.40  3.72
 1563.10  3.72
 1563.80  3.72
 1564.50  3.72
 1565.20  3.72
 1565.90  3.72
 1566.60  3.72
 1567.30  3.72
 1568.00  3.72
 1568.70  3.72
 1569.40  3.72
 1570.10  3.72
 1570.80  3.72
 1571.50  3.72
 1572.20  3.72
 1572.90  3.72
 1573.60  3.72
 1574.30  3.72
 1575.00  3.72
 1575.70  3.72
 1576.40  3.72
 1577.10  3.72
 1577.80  3.72
 1578.50  3.72
 1579.20  3.72
 1579.90  3.72
 1580.60  3.72
 1581.30  3.72
 1582.00  3.72
 1582.70  3.72
 1583.40  3.72
 1584.10  3.72
 1584.80  3.72
 1585.50  3.72
 1586.20  3.72
 1586.90  3.72
 1587.60  3.72
 1588.30  3.72
 1589.00  3.72
 1589.70  3.72
 1590.40  3.72
 1591.10  3.72
 1591.80  3.72
 1592.50  3.72
 1593.20  3.72
 1593.90  3.72
 1594.60  3.72
 1595.30  3.72
 1596.00  3.72
 1596.70  3.72
 1597.40  3.72
 1598.10  3.72
 1598.80  3.72
 1599.50  3.72
 1600.20  3.72
 1600.90  3.72
 1601.60  3.72
 1602.30  3.72
 1603.00  3.72
 1603.70  3.72
 1604.40  3.72
 1605.10  3.72
 1605.80  3.72
 1606.50  3.72
 1607.20  3.72
 1607.90  3.72
 1608.60  3.72
 1609.30  3.72
 1610.00  3.72
 1610.70  3.72
 1611.40  3.72
 1612.10  3.72
 1612.80  3.72
 1613.50  3.72
 1614.20  3.72
 1614.90  3.72
 1615.60  3.72
 1616.30  3.72
 1617.00  3.72
 1617.70  3.72
 1618.40  3.72
 1619.10  3.72
 1619.80  3.72
 1620.50  3.72
 1621.20  3.72
 1621.90  3.72
 1622.60  3.72
 1623.30  3.72
 1624.00  3.72
 1624.70  3.72
 1625.40  3.72
 1626.10  3.72
 1626.80  3.72
 1627.50  3.72
 1628.20  3.72
 1628.90  3.72
 1629.60  3.72
 1630.30  3.72
 1631.00  3.72
 1631.70  3.72
 1632.40  3.72
 1633.10  3.72
 1633.80  3.72
 1634.50  3.72
 1635.20  3.72
 1635.90  3.72
 1636.60  3.72
 1637.30  3.72
 1638.00  3.72
 1638.70  3.72
 1639.40  3.72
 1640.10  3.72
 1640.80  3.72
 1641.50  3.72
 1642.20  3.72
 1642.90  3.72
 1643.60  3.72
 1644.30  3.72
 1645.00  3.72
 1645.70  3.72
 1646.40  3.72
 1647.10  3.72
 1647.80  3.72
 1648.50  3.72
 1649.20  3.72
 1649.90  3.72
 1650.60  3.72
 1651.30  3.72
 1652.00  3.72
 1652.70  3.72
 1653.40  3.72
 1654.10  3.72
 1654.80  3.72
 1655.50  3.72
 1656.20  3.72
 1656.90  3.72
 1657.60  3.72
 1658.30  3.72
 1659.00  3.72
 1659.70  3.72
 1660.40  3.72
 1661.10  3.72
 1661.80  3.72
 1662.50  3.72
 1663.20  3.72
 1663.90  3.72
 1664.60  3.72
 1665.30  3.72
 1666.00  3.72
 1666.70  3.72
 1667.40  3.72
 1668.10  3.72
 1668.80  3.72
 1669.50  3.72
 1670.20  3.72
 1670.90  3.72
 1671.60  3.72
 1672.30  3.72
 1673.00  3.72
 1673.70  3.72
 1674.40  3.72
 1675.10  3.72
 1675.80  3.72
 1676.50  3.72
 1677.20  3.72
 1677.90  3.72
 1678.60  3.72
 1679.30  3.72
 1680.00  3.72
 1680.70  3.72
 1681.40  3.72
 1682.10  3.72
 1682.80  3.72
 1683.50  3.72
 1684.20  3.72
 1684.90  3.72
 1685.60  3.72
 1686.30  3.72
 1687.00  3.72
 1687.70  3.72
 1688.40  3.72
 1689.10  3.72
 1689.80  3.72
 1690.50  3.72
 1691.20  3.72
 1691.90  3.72
 1692.60  3.72
 1693.30  3.72
 1694.00  3.72
 1694.70  3.72
 1695.40  3.72
 1696.10  3.72
 1696.80  3.72
 1697.50  3.72
 1698.20  3.72
 1698.90  3.72
 1699.60  3.72
 1700.30  3.72
 1701.00  3.72
 1701.70  3.72
 1702.40  3.72
 1703.10  3.72
 1703.80  3.72
 1704.50  3.72
 1705.20  3.72
 1705.90  3.72
 1706.60  3.72
 1707.30  3.72
 1708.00  3.72
 1708.70  3.72
 1709.40  3.72
 1710.10  3.72
 1710.80  3.72
 1711.50  3.72
 1712.20  3.72
 1712.90  3.72
 1713.60  3.72
 1714.30  3.72
 1715.00  3.72
 1715.70  3.72
 1716.40  3.72
 1717.10  3.72
 1717.80  3.72
 1718.50  3.72
 1719.20  3.72
 1719.90  3.72
 1720.60  3.72
 1721.30  3.72
 1722.00  3.72
 1722.70  3.72
 1723.40  3.72
 1724.10  3.72
 1724.80  3.72
 1725.50  3.72
 1726.20  3.72
 1726.90  3.72
 1727.60  3.72
 1728.30  3.72
 1729.00  3.72
 1729.70  3.72
 1730.40  3.72
 1731.10  3.72
 1731.80  3.72
 1732.50  3.72
 1733.20  3.72
 1733.90  3.72
 1734.60  3.72
 1735.30  3.72
 1736.00  3.72
 1736.70  3.72
 1737.40  3.72
 1738.10  3.72
 1738.80  3.72
 1739.50  3.72
 1740.20  3.72
 1740.90  3.72
 1741.60  3.72
 1742.30  3.72
 1743.00  3.72
 1743.70  3.72
 1744.40  3.72
 1745.10  3.72
 1745.80  3.72
 1746.50  3.72
 1747.20  3.72
 1747.90  3.72
 1748.60  3.72
 1749.30  3.72
 1750.00  3.72
 1750.70  3.72
 1751.40  3.72
 1752.10  3.72
 1752.80  3.72
 1753.50  3.72
 1754.20  3.72
 1754.90  3.72
 1755.60  3.72
 1756.30  3.72
 1757.00  3.72
 1757.70  3.72
 1758.40  3.72
 1759.10  3.72
 1759.80  3.72
 1760.50  3.72
 1761.20  3.72
 1761.90  3.72
 1762.60  3.72
 1763.30  3.72
 1764.00  3.72
 1764.70  3.72
 1765.40  3.72
 1766.10  3.72
 1766.80  3.72
 1767.50  3.72
 1768.20  3.72
 1768.90  3.72
 1769.60  3.72
 1770.30  3.72
 1771.00  3.72
 1771.70  3.72
 1772.40  3.72
 1773.10  3.72
 1773.80  3.72
 1774.50  3.72
 1775.20  3.72
 1775.90  3.72
 1776.60  3.72
 1777.30  3.72
 1778.00  3.72
 1778.70  3.72
 1779.40  3.72
 1780.10  3.72
 1780.80  3.72
 1781.50  3.72
 1782.20  3.72
 1782.90  3.72
 1783.60  3.72
 1784.30  3.72
 1785.00  3.72
 1785.70  3.72
 1786.40  3.72
 1787.10  3.72
 1787.80  3.72
 1788.50  3.72
 1789.20  3.72
 1789.90  3.72
 1790.60  3.72
 1791.30  3.72
 1792.00  3.72
 1792.70  3.72
 1793.40  3.72
 1794.10  3.72
 1794.80  3.72
 1795.50  3.72
 1796.20  3.72
 1796.90  3.72
 1797.60  3.72
 1798.30  3.72
 1799.00  3.72
 1799.70  3.72
 1800.40  3.72
 1801.10  3.72
 1801.80  3.72
 1802.50  3.72
 1803.20  3.72
 1803.90  3.72
 1804.60  3.72
 1805.30  3.72
 1806.00  3.72
 1806.70  3.72
 1807.40  3.72
 1808.10  3.72
 1808.80  3.72
 1809.50  3.72
 1810.20  3.72
 1810.90  3.72
 1811.60  3.72
 1812.30  3.72
 1813.00  3.72
 1813.70  3.72
 1814.40  3.72
 1815.10  3.72
 1815.80  3.72
 1816.50  3.72
 1817.20  3.72
 1817.90  3.72
 1818.60  3.72
 1819.30  3.72
 1820.00  3.72
 1820.70  3.72
 1821.40  3.72
 1822.10  3.72
 1822.80  3.72
 1823.50  3.72
 1824.20  3.72
 1824.90  3.72
 1825.60  3.72
 1826.30  3.72
 1827.00  3.72
 1827.70  3.72
 1828.40  3.72
 1829.10  3.72
 1829.80  3.72
 1830.50  3.72
 1831.20  3.72
 1831.90  3.72
 1832.60  3.72
 1833.30  3.72
 1834.00  3.72
 1834.70  3.72
 1835.40  3.72
 1836.10  3.72
 1836.80  3.72
 1837.50  3.72
 1838.20  3.72
 1838.90  3.72
 1839.60  3.72
 1840.30  3.72
 1841.00  3.72
 1841.70  3.72
 1842.40  3.72
 1843.10  3.72
 1843.80  3.72
 1844.50  3.72
 1845.20  3.72
 1845.90  3.72
 1846.60  3.72
 1847.30  3.72
 1848.00  3.72
 1848.70  3.72
 1849.40  3.72
 1850.10  3.72
 1850.80  3.72
 1851.50  3.72
 1852.20  3.72
 1852.90  3.72
 1853.60  3.72
 1854.30  3.72
 1855.00  3.72
 1855.70  3.72
 1856.40  3.72
 1857.10  3.72
 1857.80  3.72
 1858.50  3.72
 1859.20  3.72
 1859.90  3.72
 1860.60  3.72
 1861.30  3.72
 1862.00  3.72
 1862.70  3.72
 1863.40  3.72
 1864.10  3.72
 1864.80  3.72
 1865.50  3.72
 1866.20  3.72
 1866.90  3.72
 1867.60  3.72
 1868.30  3.72
 1869.00  3.72
 1869.70  3.72
 1870.40  3.72
 1871.10  3.72
 1871.80  3.72
 1872.50  3.72
 1873.20  3.72
 1873.90  3.72
 1874.60  3.72
 1875.30  3.72
 1876.00  3.72
 1876.70  3.72
 1877.40  3.72
 1878.10  3.72
 1878.80  3.72
 1879.50  3.72
 1880.20  3.72
 1880.90  3.72
 1881.60  3.72
 1882.30  3.72
 1883.00  3.72
 1883.70  3.72
 1884.40  3.72
 1885.10  3.72
 1885.80  3.72
 1886.50  3.72
 1887.20  3.72
 1887.90  3.72
 1888.60  3.72
 1889.30  3.72
 1890.00  3.72
 1890.70  3.72
 1891.40  3.72
 1892.10  3.72
 1892.80  3.72
 1893.50  3.72
 1894.20  3.72
 1894.90  3.72
 1895.60  3.72
 1896.30  3.72
 1897.00  3.72
 1897.70  3.72
 1898.40  3.72
 1899.10  3.72
 1899.80  3.72
 1900.50  3.72
 1901.20  3.72
 1901.90  3.72
 1902.60  3.72
 1903.30  3.72
 1904.00  3.72
 1904.70  3.72
 1905.40  3.72
 1906.10  3.72
 1906.80  3.72
 1907.50  3.72
 1908.20  3.72
 1908.90  3.72
 1909.60  3.72
 1910.30  3.72
 1911.00  3.72
 1911.70  3.72
 1912.40  3.72
 1913.10  3.72
 1913.80  3.72
 1914.50  3.72
 1915.20  3.72
 1915.90  3.72
 1916.60  3.72
 1917.30  3.72
 1918.00  3.72
 1918.70  3.72
 1919.40  3.72
 1920.10  3.72
 1920.80  3.72
 1921.50  3.72
 1922.20  3.72
 1922.90  3.72
 1923.60  3.72
 1924.30  3.72
 1925.00  3.72
 1925.70  3.72
 1926.40  3.72
 1927.10  3.72
 1927.80  3.72
 1928.50  3.72
 1929.20  3.72
 1929.90  3.72
 1930.60  3.72
 1931.30  3.72
 1932.00  3.72
 1932.70  3.72
 1933.40  3.72
 1934.10  3.72
 1934.80  3.72
 1935.50  3.72
 1936.20  3.72
 1936.90  3.72
 1937.60  3.72
 1938.30  3.72
 1939.00  3.72
 1939.70  3.72
 1940.40  3.72
 1941.10  3.72
 1941.80  3.72
 1942.50  3.72
 1943.20  3.72
 1943.90  3.72
 1944.60  3.72
 1945.30  3.72
 1946.00  3.72
 1946.70  3.72
 1947.40  3.72
 1948.10  3.72
 1948.80  3.72
 1949.50  3.72
 1950.20  3.72
 1950.90  3.72
 1951.60  3.72
 1952.30  3.72
 1953.00  3.72
 1953.70  3.72
 1954.40  3.72
 1955.10  3.72
 1955.80  3.72
 1956.50  3.72
 1957.20  3.72
 1957.90  3.72
 1958.60  3.72
 1959.30  3.72
 1960.00  3.72
 1960.70  3.72
 1961.40  3.72
 1962.10  3.72
 1962.80  3.72
 1963.50  3.72
 1964.20  3.72
 1964.90  3.72
 1965.60  3.72
 1966.30  3.72
 1967.00  3.72
 1967.70  3.72
 1968.40  3.72
 1969.10  3.72
 1969.80  3.72
 1970.50  3.72
 1971.20  3.72
 1971.90  3.72
 1972.60  3.72
 1973.30  3.72
 1974.00  3.72
 1974.70  3.72
 1975.40  3.72
 1976.10  3.72
 1976.80  3.72
 1977.50  3.72
 1978.20  3.72
 1978.90  3.72
 1979.60  3.72
 1980.30  3.72
 1981.00  3.72
 1981.70  3.72
 1982.40  3.72
 1983.10  3.72
 1983.80  3.72
 1984.50  3.72
 1985.20  3.72
 1985.90  3.72
 1986.60  3.72
 1987.30  3.72
 1988.00  3.72
 1988.70  3.72
 1989.40  3.72
 1990.10  3.72
 1990.80  3.72
 1991.50  3.72
 1992.20  3.72
 1992.90  3.72
 1993.60  3.72
 1994.30  3.72
 1995.00  3.72
 1995.70  3.72
 1996.40  3.72
 1997.10  3.72
 1997.80  3.72
 1998.50  3.72
 1999.20  3.72
 1999.90  3.72
 2000.60  3.72
 2001.30  3.72
 2002.00  3.72
 2002.70  3.72
 2003.40  3.72
 2004.10  3.72
 2004.80  3.72
 2005.50  3.72
 2006.20  3.72
 2006.90  3.72
 2007.60  3.72
 2008.30  3.72
 2009.00  3.72
 2009.70  3.72
 2010.40  3.72
 2011.10  3.72
 2011.80  3.72
 2012.50  3.72
 2013.20  3.72
 2013.90  3.72
 2014.60  3.72
 2015.30  3.72
 2016.00  3.72
 2016.70  3.72
 2017.40  3.72
 2018.10  3.72
 2018.80  3.72
 2019.50  3.72
 2020.20  3.72
 2020.90  3.72
 2021.60  3.72
 2022.30  3.72
 2023.00  3.72
 2023.70  3.72
 2024.40  3.72
 2025.10  3.72
 2025.80  3.72
 2026.50  3.72
 2027.20  3.72
 2027.90  3.72
 2028.60  3.72
 2029.30  3.72
 2030.00  3.72
 2030.70  3.72
 2031.40  3.72
 2032.10  3.72
 2032.80  3.72
 2033.50  3.72
 2034.20  3.72
 2034.90  3.72
 2035.60  3.72
 2036.30  3.72
 2037.00  3.72
 2037.70  3.72
 2038.40  3.72
 2039.10  3.72
 2039.80  3.72
 2040.50  3.72
 2041.20  3.72
 2041.90  3.72
 2042.60  3.72
 2043.30  3.72
 2044.00  3.72
 2044.70  3.72
 2045.40  3.72
 2046.10  3.72
 2046.80  3.72
 2047.50  3.72
 2048.20  3.72
 2048.90  3.72
 2049.60  3.72
 2050.30  3.72
 2051.00  3.72
 2051.70  3.72
 2052.40  3.72
 2053.10  3.72
 2053.80  3.72
 2054.50  3.72
 2055.20  3.72
 2055.90  3.72
 2056.60  3.72
 2057.30  3.72
 2058.00  3.72
 2058.70  3.72
 2059.40  3.72
 2060.10  3.72
 2060.80  3.72
 2061.50  3.72
 2062.20  3.72
 2062.90  3.72
 2063.60  3.72
 2064.30  3.72
 2065.00  3.72
 2065.70  3.72
 2066.40  3.72
 2067.10  3.72
 2067.80  3.72
 2068.50  3.72
 2069.20  3.72
 2069.90  3.72
 2070.60  3.72
 2071.30  3.72
 2072.00  3.72
 2072.70  3.72
 2073.40  3.72
 2074.10  3.72
 2074.80  3.72
 2075.50  3.72
 2076.20  3.72
 2076.90  3.72
 2077.60  3.72
 2078.30  3.72
 2079.00  3.72
 2079.70  3.72
 2080.40  3.72
 2081.10  3.72
 2081.80  3.72
 2082.50  3.72
 2083.20  3.72
 2083.90  3.72
 2084.60  3.72
 2085.30  3.72
 2086.00  3.72
 2086.70  3.72
 2087.40  3.72
 2088.10  3.72
 2088.80  3.72
 2089.50  3.72
 2090.20  3.72
 2090.90  3.72
 2091.60  3.72
 2092.30  3.72
 2093.00  3.72
 2093.70  3.72
 2094.40  3.72
 2095.10  3.72
 2095.80  3.72
 2096.50  3.72
 2097.20  3.72
 2097.90  3.72
 2098.60  3.72
 2099.30  3.72
 2100.00  3.72
 2100.70  3.72
 2101.40  3.72
 2102.10  3.72
 2102.80  3.72
 2103.50  3.72
 2104.20  3.72
 2104.90  3.72
 2105.60  3.72
 2106.30  3.72
 2107.00  3.72
 2107.70  3.72
 2108.40  3.72
 2109.10  3.72
 2109.80  3.72
 2110.50  3.72
 2111.20  3.72
 2111.90  3.72
 2112.60  3.72
 2113.30  3.72
 2114.00  3.72
 2114.70  3.72
 2115.40  3.72
 2116.10  3.72
 2116.80  3.72
 2117.50  3.72
 2118.20  3.72
 2118.90  3.72
 2119.60  3.72
 2120.30  3.72
 2121.00  3.72
 2121.70  3.72
 2122.40  3.72
 2123.10  3.72
 2123.80  3.72
 2124.50  3.72
 2125.20  3.72
 2125.90  3.72
 2126.60  3.72
 2127.30  3.72
 2128.00  3.72
 2128.70  3.72
 2129.40  3.72
 2130.10  3.72
 2130.80  3.72
 2131.50  3.72
 2132.20  3.72
 2132.90  3.72
 2133.60  3.72
 2134.30  3.72
 2135.00  3.72
 2135.70  3.72
 2136.40  3.72
 2137.10  3.72
 2137.80  3.72
 2138.50  3.72
 2139.20  3.72
 2139.90  3.72
 2140.60  3.72
 2141.30  3.72
 2142.00  3.72
 2142.70  3.72
 2143.40  3.72
 2144.10  3.72
 2144.80  3.72
 2145.50  3.72
 2146.20  3.72
 2146.90  3.72
 2147.60  3.72
 2148.30  3.72
 2149.00  3.72
 2149.70  3.72
 2150.40  3.72
 2151.10  3.72
 2151.80  3.72
 2152.50  3.72
 2153.20  3.72
 2153.90  3.72
 2154.60  3.72
 2155.30  3.72
 2156.00  3.72
 2156.70  3.72
 2157.40  3.72
 2158.10  3.72
 2158.80  3.72
 2159.50  3.72
 2160.20  3.72
 2160.90  3.72
 2161.60  3.72
 2162.30  3.72
 2163.00  3.72
 2163.70  3.72
 2164.40  3.72
 2165.10  3.72
 2165.80  3.72
 2166.50  3.72
 2167.20  3.72
 2167.90  3.72
 2168.60  3.72
 2169.30  3.72
 2170.00  3.72
 2170.70  3.72
 2171.40  3.72
 2172.10  3.72
 2172.80  3.72
 2173.50  3.72
 2174.20  3.72
 2174.90  3.72
 2175.60  3.72
 2176.30  3.72
 2177.00  3.72
 2177.70  3.72
 2178.40  3.72
 2179.10  3.72
 2179.80  3.72
 2180.50  3.72
 2181.20  3.72
 2181.90  3.72
 2182.60  3.72
 2183.30  3.72
 2184.00  3.72
 2184.70  3.72
 2185.40  3.72
 2186.10  3.72
 2186.80  3.72
 2187.50  3.72
 2188.20  3.72
 2188.90  3.72
 2189.60  3.72
 2190.30  3.72
 2191.00  3.72
 2191.70  3.72
 2192.40  3.72
 2193.10  3.72
 2193.80  3.72
 2194.50  3.72
 2195.20  3.72
 2195.90  3.72
 2196.60  3.72
 2197.30  3.72
 2198.00  3.72
 2198.70  3.72
 2199.40  3.72
 2200.10  3.72
 2200.80  3.72
 2201.50  3.72
 2202.20  3.72
 2202.90  3.72
 2203.60  3.72
 2204.30  3.72
 2205.00  3.72
 2205.70  3.72
 2206.40  3.72
 2207.10  3.72
 2207.80  3.72
 2208.50  3.72
 2209.20  3.72
 2209.90  3.72
 2210.60  3.72
 2211.30  3.72
 2212.00  3.72
 2212.70  3.72
 2213.40  3.72
 2214.10  3.72
 2214.80  3.72
 2215.50  3.72
 2216.20  3.72
 2216.90  3.72
 2217.60  3.72
 2218.30  3.72
 2219.00  3.72
 2219.70  3.72
 2220.40  3.72
 2221.10  3.72
 2221.80  3.72
 2222.50  3.72
 2223.20  3.72
 2223.90  3.72
 2224.60  3.72
 2225.30  3.72
 2226.00  3.72
 2226.70  3.72
 2227.40  3.72
 2228.10  3.72
 2228.80  3.72
 2229.50  3.72
 2230.20  3.72
 2230.90  3.72
 2231.60  3.72
 2232.30  3.72
 2233.00  3.72
 2233.70  3.72
 2234.40  3.72
 2235.10  3.72
 2235.80  3.72
 2236.50  3.72
 2237.20  3.72
 2237.90  3.72
 2238.60  3.72
 2239.30  3.72
 2240.00  3.72
 2240.70  3.72
 2241.40  3.72
 2242.10  3.72
 2242.80  3.72
 2243.50  3.72
 2244.20  3.72
 2244.90  3.72
 2245.60  3.72
 2246.30  3.72
 2247.00  3.72
 2247.70  3.72
 2248.40  3.72
 2249.10  3.72
 2249.80  3.72
 2250.50  3.72
 2251.20  3.72
 2251.90  3.72
 2252.60  3.72
 2253.30  3.72
 2254.00  3.72
 2254.70  3.72
 2255.40  3.72
 2256.10  3.72
 2256.80  3.72
 2257.50  3.72
 2258.20  3.72
 2258.90  3.72
 2259.60  3.72
 2260.30  3.72
 2261.00  3.72
 2261.70  3.72
 2262.40  3.72
 2263.10  3.72
 2263.80  3.72
 2264.50  3.72
 2265.20  3.72
 2265.90  3.72
 2266.60  3.72
 2267.30  3.72
 2268.00  3.72
 2268.70  3.72
 2269.40  3.72
 2270.10  3.72
 2270.80  3.72
 2271.50  3.72
 2272.20  3.72
 2272.90  3.72
 2273.60  3.72
 2274.30  3.72
 2275.00  3.72
 2275.70  3.72
 2276.40  3.72
 2277.10  3.72
 2277.80  3.72
 2278.50  3.72
 2279.20  3.72
 2279.90  3.72
 2280.60  3.72
 2281.30  3.72
 2282.00  3.72
 2282.70  3.72
 2283.40  3.72
 2284.10  3.72
 2284.80  3.72
 2285.50  3.72
 2286.20  3.72
 2286.90  3.72
 2287.60  3.72
 2288.30  3.72
 2289.00  3.72
 2289.70  3.72
 2290.40  3.72
 2291.10  3.72
 2291.80  3.72
 2292.50  3.72
 2293.20  3.72
 2293.90  3.72
 2294.60  3.72
 2295.30  3.72
 2296.00  3.72
 2296.70  3.72
 2297.40  3.72
 2298.10  3.72
 2298.80  3.72
 2299.50  3.72
 2300.20  3.72
 2300.90  3.72
 2301.60  3.72
 2302.30  3.72
 2303.00  3.72
 2303.70  3.72
 2304.40  3.72
 2305.10  3.72
 2305.80  3.72
 2306.50  3.72
 2307.20  3.72
 2307.90  3.72
 2308.60  3.72
 2309.30  3.72
 2310.00  3.72
 2310.70  3.72
 2311.40  3.72
 2312.10  3.72
 2312.80  3.72
 2313.50  3.72
 2314.20  3.72
 2314.90  3.72
 2315.60  3.72
 2316.30  3.72
 2317.00  3.72
 2317.70  3.72
 2318.40  3.72
 2319.10  3.72
 2319.80  3.72
 2320.50  3.72
 2321.20  3.72
 2321.90  3.72
 2322.60  3.72
 2323.30  3.72
 2324.00  3.72
 2324.70  3.72
 2325.40  3.72
 2326.10  3.72
 2326.80  3.72
 2327.50  3.72
 2328.20  3.72
 2328.90  3.72
 2329.60  3.72
 2330.30  3.72
 2331.00  3.72
 2331.70  3.72
 2332.40  3.72
 2333.10  3.72
 2333.80  3.72
 2334.50  3.72
 2335.20  3.72
 2335.90  3.72
 2336.60  3.72
 2337.30  3.72
 2338.00  3.72
 2338.70  3.72
 2339.40  3.72
 2340.10  3.72
 2340.80  3.72
 2341.50  3.72
 2342.20  3.72
 2342.90  3.72
 2343.60  3.72
 2344.30  3.72
 2345.00  3.72
 2345.70  3.72
 2346.40  3.72
 2347.10  3.72
 2347.80  3.72
 2348.50  3.72
 2349.20  3.72
 2349.90  3.72
 2350.60  3.72
 2351.30  3.72
 2352.00  3.72
 2352.70  3.72
 2353.40  3.72
 2354.10  3.72
 2354.80  3.72
 2355.50  3.72
 2356.20  3.72
 2356.90  3.72
 2357.60  3.72
 2358.30  3.72
 2359.00  3.72
 2359.70  3.72
 2360.40  3.72
 2361.10  3.72
 2361.80  3.72
 2362.50  3.72
 2363.20  3.72
 2363.90  3.72
 2364.60  3.72
 2365.30  3.72
 2366.00  3.72
 2366.70  3.72
 2367.40  3.72
 2368.10  3.72
 2368.80  3.72
 2369.50  3.72
 2370.20  3.72
 2370.90  3.72
 2371.60  3.72
 2372.30  3.72
 2373.00  3.72
 2373.70  3.72
 2374.40  3.72
 2375.10  3.72
 2375.80  3.72
 2376.50  3.72
 2377.20  3.72
 2377.90  3.72
 2378.60  3.72
 2379.30  3.72
 2380.00  3.72
 2380.70  3.72
 2381.40  3.72
 2382.10  3.72
 2382.80  3.72
 2383.50  3.72
 2384.20  3.72
 2384.90  3.72
 2385.60  3.72
 2386.30  3.72
 2387.00  3.72
 2387.70  3.72
 2388.40  3.72
 2389.10  3.72
 2389.80  3.72
 2390.50  3.72
 2391.20  3.72
 2391.90  3.72
 2392.60  3.72
 2393.30  3.72
 2394.00  3.72
 2394.70  3.72
 2395.40  3.72
 2396.10  3.72
 2396.80  3.72
 2397.50  3.72
 2398.20  3.72
 2398.90  3.72
 2399.60  3.72
 2400.30  3.72
 2401.00  3.72
 2401.70  3.72
 2402.40  3.72
 2403.10  3.72
 2403.80  3.72
 2404.50  3.72
 2405.20  3.72
 2405.90  3.72
 2406.60  3.72
 2407.30  3.72
 2408.00  3.72
 2408.70  3.72
 2409.40  3.72
 2410.10  3.72
 2410.80  3.72
 2411.50  3.72
 2412.20  3.72
 2412.90  3.72
 2413.60  3.72
 2414.30  3.72
 2415.00  3.72
 2415.70  3.72
 2416.40  3.72
 2417.10  3.72
 2417.80  3.72
 2418.50  3.72
 2419.20  3.72
 2419.90  3.72
 2420.60  3.72
 2421.30  3.72
 2422.00  3.72
 2422.70  3.72
 2423.40  3.72
 2424.10  3.72
 2424.80  3.72
 2425.50  3.72
 2426.20  3.72
 2426.90  3.72
 2427.60  3.72
 2428.30  3.72
 2429.00  3.72
 2429.70  3.72
 2430.40  3.72
 2431.10  3.72
 2431.80  3.72
 2432.50  3.72
 2433.20  3.72
 2433.90  3.72
 2434.60  3.72
 2435.30  3.72
 2436.00  3.72
 2436.70  3.72
 2437.40  3.72
 2438.10  3.72
 2438.80  3.72
 2439.50  3.72
 2440.20  3.72
 2440.90  3.72
 2441.60  3.72
 2442.30  3.72
 2443.00  3.72
 2443.70  3.72
 2444.40  3.72
 2445.10  3.72
 2445.80  3.72
 2446.50  3.72
 2447.20  3.72
 2447.90  3.72
 2448.60  3.72
 2449.30  3.72
 2450.00  3.72
 2450.70  3.72
 2451.40  3.72
 2452.10  3.72
 2452.80  3.72
 2453.50  3.72
 2454.20  3.72
 2454.90  3.72
 2455.60  3.72
 2456.30  3.72
 2457.00  3.72
 2457.70  3.72
 2458.40  3.72
 2459.10  3.72
 2459.80  3.72
 2460.50  3.72
 2461.20  3.72
 2461.90  3.72
 2462.60  3.72
 2463.30  3.72
 2464.00  3.72
 2464.70  3.72
 2465.40  3.72
 2466.10  3.72
 2466.80  3.72
 2467.50  3.72
 2468.20  3.72
 2468.90  3.72
 2469.60  3.72
 2470.30  3.72
 2471.00  3.72
 2471.70  3.72
 2472.40  3.72
 2473.10  3.72
 2473.80  3.72
 2474.50  3.72
 2475.20  3.72
 2475.90  3.72
 2476.60  3.72
 2477.30  3.72
 2478.00  3.72
 2478.70  3.72
 2479.40  3.72
 2480.10  3.72
 2480.80  3.72
 2481.50  3.72
 2482.20  3.72
 2482.90  3.72
 2483.60  3.72
 2484.30  3.72
 2485.00  3.72
 2485.70  3.72
 2486.40  3.72
 2487.10  3.72
 2487.80  3.72
 2488.50  3.72
 2489.20  3.72
 2489.90  3.72
 2490.60  3.72
 2491.30  3.72
 2492.00  3.72
 2492.70  3.72
 2493.40  3.72
 2494.10  3.72
 2494.80  3.72
 2495.50  3.72
 2496.20  3.72
 2496.90  3.72
 2497.60  3.72
 2498.30  3.72
 2499.00  3.72
 2499.70  3.72
 2500.40  3.72
 2501.10  3.72
 2501.80  3.72
 2502.50  3.72
 2503.20  3.72
 2503.90  3.72
 2504.60  3.72
 2505.30  3.72
 2506.00  3.72
 2506.70  3.72
 2507.40  3.72
 2508.10  3.72
 2508.80  3.72
 2509.50  3.72
 2510.20  3.72
 2510.90  3.72
 2511.60  3.72
 2512.30  3.72
 2513.00  3.72
 2513.70  3.72
 2514.40  3.72
 2515.10  3.72
 2515.80  3.72
 2516.50  3.72
 2517.20  3.72
 2517.90  3.72
 2518.60  3.72
 2519.30  3.72
 2520.00  3.72
 2520.70  3.72
 2521.40  3.72
 2522.10  3.72
 2522.80  3.72
 2523.50  3.72
 2524.20  3.72
 2524.90  3.72
 2525.60  3.72
 2526.30  3.72
 2527.00  3.72
 2527.70  3.72
 2528.40  3.72
 2529.10  3.72
 2529.80  3.72
 2530.50  3.72
 2531.20  3.72
 2531.90  3.72
 2532.60  3.72
 2533.30  3.72
 2534.00  3.72
 2534.70  3.72
 2535.40  3.72
 2536.10  3.72
 2536.80  3.72
 2537.50  3.72
 2538.20  3.72
 2538.90  3.72
 2539.60  3.72
 2540.30  3.72
 2541.00  3.72
 2541.70  3.72
 2542.40  3.72
 2543.10  3.72
 2543.80  3.72
 2544.50  3.72
 2545.20  3.72
 2545.90  3.72
 2546.60  3.72
 2547.30  3.72
 2548.00  3.72
 2548.70  3.72
 2549.40  3.72
 2550.10  3.72
 2550.80  3.72
 2551.50  3.72
 2552.20  3.72
 2552.90  3.72
 2553.60  3.72
 2554.30  3.72
 2555.00  3.72
 2555.70  3.72
 2556.40  3.72
 2557.10  3.72
 2557.80  3.72
 2558.50  3.72
 2559.20  3.72
 2559.90  3.72
 2560.60  3.72
 2561.30  3.72
 2562.00  3.72
 2562.70  3.72
 2563.40  3.72
 2564.10  3.72
 2564.80  3.72
 2565.50  3.72
 2566.20  3.72
 2566.90  3.72
 2567.60  3.72
 2568.30  3.72
 2569.00  3.72
 2569.70  3.72
 2570.40  3.72
 2571.10  3.72
 2571.80  3.72
 2572.50  3.72
 2573.20  3.72
 2573.90  3.72
 2574.60  3.72
 2575.30  3.72
 2576.00  3.72
 2576.70  3.72
 2577.40  3.72
 2578.10  3.72
 2578.80  3.72
 2579.50  3.72
 2580.20  3.72
 2580.90  3.72
 2581.60  3.72
 2582.30  3.72
 2583.00  3.72
 2583.70  3.72
 2584.40  3.72
 2585.10  3.72
 2585.80  3.72
 2586.50  3.72
 2587.20  3.72
 2587.90  3.72
 2588.60  3.72
 2589.30  3.72
 2590.00  3.72
 2590.70  3.72
 2591.40  3.72
 2592.10  3.72
 2592.80  3.72
 2593.50  3.72
 2594.20  3.72
 2594.90  3.72
 2595.60  3.72
 2596.30  3.72
 2597.00  3.72
 2597.70  3.72
 2598.40  3.72
 2599.10  3.72
 2599.80  3.72
 2600.50  3.72
 2601.20  3.72
 2601.90  3.72
 2602.60  3.72
 2603.30  3.72
 2604.00  3.72
 2604.70  3.72
 2605.40  3.72
 2606.10  3.72
 2606.80  3.72
 2607.50  3.72
 2608.20  3.72
 2608.90  3.72
 2609.60  3.72
 2610.30  3.72
 2611.00  3.72
 2611.70  3.72
 2612.40  3.72
 2613.10  3.72
 2613.80  3.72
 2614.50  3.72
 2615.20  3.72
 2615.90  3.72
 2616.60  3.72
 2617.30  3.72
 2618.00  3.72
 2618.70  3.72
 2619.40  3.72
 2620.10  3.72
 2620.80  3.72
 2621.50  3.72
 2622.20  3.72
 2622.90  3.72
 2623.60  3.72
 2624.30  3.72
 2625.00  3.72
 2625.70  3.72
 2626.40  3.72
 2627.10  3.72
 2627.80  3.72
 2628.50  3.72
 2629.20  3.72
 2629.90  3.72
 2630.60  3.72
 2631.30  3.72
 2632.00  3.72
 2632.70  3.72
 2633.40  3.72
 2634.10  3.72
 2634.80  3.72
 2635.50  3.72
 2636.20  3.72
 2636.90  3.72
 2637.60  3.72
 2638.30  3.72
 2639.00  3.72
 2639.70  3.72
 2640.40  3.72
 2641.10  3.72
 2641.80  3.72
 2642.50  3.72
 2643.20  3.72
 2643.90  3.72
 2644.60  3.72
 2645.30  3.72
 2646.00  3.72
 2646.70  3.72
 2647.40  3.72
 2648.10  3.72
 2648.80  3.72
 2649.50  3.72
 2650.20  3.72
 2650.90  3.72
 2651.60  3.72
 2652.30  3.72
 2653.00  3.72
 2653.70  3.72
 2654.40  3.72
 2655.10  3.72
 2655.80  3.72
 2656.50  3.72
 2657.20  3.72
 2657.90  3.72
 2658.60  3.72
 2659.30  3.72
 2660.00  3.72
 2660.70  3.72
 2661.40  3.72
 2662.10  3.72
 2662.80  3.72
 2663.50  3.72
 2664.20  3.72
 2664.90  3.72
 2665.60  3.72
 2666.30  3.72
 2667.00  3.72
 2667.70  3.72
 2668.40  3.72
 2669.10  3.72
 2669.80  3.72
 2670.50  3.72
 2671.20  3.72
 2671.90  3.72
 2672.60  3.72
 2673.30  3.72
 2674.00  3.72
 2674.70  3.72
 2675.40  3.72
 2676.10  3.72
 2676.80  3.72
 2677.50  3.72
 2678.20  3.72
 2678.90  3.72
 2679.60  3.72
 2680.30  3.72
 2681.00  3.72
 2681.70  3.72
 2682.40  3.72
 2683.10  3.72
 2683.80  3.72
 2684.50  3.72
 2685.20  3.72
 2685.90  3.72
 2686.60  3.72
 2687.30  3.72
 2688.00  3.72
 2688.70  3.72
 2689.40  3.72
 2690.10  3.72
 2690.80  3.72
 2691.50  3.72
 2692.20  3.72
 2692.90  3.72
 2693.60  3.72
 2694.30  3.72
 2695.00  3.72
 2695.70  3.72
 2696.40  3.72
 2697.10  3.72
 2697.80  3.72
 2698.50  3.72
 2699.20  3.72
 2699.90  3.72
 2700.60  3.72
 2701.30  3.72
 2702.00  3.72
 2702.70  3.72
 2703.40  3.72
 2704.10  3.72
 2704.80  3.72
 2705.50  3.72
 2706.20  3.72
 2706.90  3.72
 2707.60  3.72
 2708.30  3.72
 2709.00  3.72
 2709.70  3.72
 2710.40  3.72
 2711.10  3.72
 2711.80  3.72
 2712.50  3.72
 2713.20  3.72
 2713.90  3.72
 2714.60  3.72
 2715.30  3.72
 2716.00  3.72
 2716.70  3.72
 2717.40  3.72
 2718.10  3.72
 2718.80  3.72
 2719.50  3.72
 2720.20  3.72
 2720.90  3.72
 2721.60  3.72
 2722.30  3.72
 2723.00  3.72
 2723.70  3.72
 2724.40  3.72
 2725.10  3.72
 2725.80  3.72
 2726.50  3.72
 2727.20  3.72
 2727.90  3.72
 2728.60  3.72
 2729.30  3.72
 2730.00  3.72
 2730.70  3.72
 2731.40  3.72
 2732.10  3.72
 2732.80  3.72
 2733.50  3.72
 2734.20  3.72
 2734.90  3.72
 2735.60  3.72
 2736.30  3.72
 2737.00  3.72
 2737.70  3.72
 2738.40  3.72
 2739.10  3.72
 2739.80  3.72
 2740.50  3.72
 2741.20  3.72
 2741.90  3.72
 2742.60  3.72
 2743.30  3.72
 2744.00  3.72
 2744.70  3.72
 2745.40  3.72
 2746.10  3.72
 2746.80  3.72
 2747.50  3.72
 2748.20  3.72
 2748.90  3.72
 2749.60  3.72
 2750.30  3.72
 2751.00  3.72
 2751.70  3.72
 2752.40  3.72
 2753.10  3.72
 2753.80  3.72
 2754.50  3.72
 2755.20  3.72
 2755.90  3.72
 2756.60  3.72
 2757.30  3.72
 2758.00  3.72
 2758.70  3.72
 2759.40  3.72
 2760.10  3.72
 2760.80  3.72
 2761.50  3.72
 2762.20  3.72
 2762.90  3.72
 2763.60  3.72
 2764.30  3.72
 2765.00  3.72
 2765.70  3.72
 2766.40  3.72
 2767.10  3.72
 2767.80  3.72
 2768.50  3.72
 2769.20  3.72
 2769.90  3.72
 2770.60  3.72
 2771.30  3.72
 2772.00  3.72
 2772.70  3.72
 2773.40  3.72
 2774.10  3.72
 2774.80  3.72
 2775.50  3.72
 2776.20  3.72
 2776.90  3.72
 2777.60  3.72
 2778.30  3.72
 2779.00  3.72
 2779.70  3.72
 2780.40  3.72
 2781.10  3.72
 2781.80  3.72
 2782.50  3.72
 2783.20  3.72
 2783.90  3.72
 2784.60  3.72
 2785.30  3.72
 2786.00  3.72
 2786.70  3.72
 2787.40  3.72
 2788.10  3.72
 2788.80  3.72
 2789.50  3.72
 2790.20  3.72
 2790.90  3.72
 2791.60  3.72
 2792.30  3.72
 2793.00  3.72
 2793.70  3.72
 2794.40  3.72
 2795.10  3.72
 2795.80  3.72
 2796.50  3.72
 2797.20  3.72
 2797.90  3.72
 2798.60  3.72
 2799.30  3.72
 2800.00  3.72
 2800.70  3.72
 2801.40  3.72
 2802.10  3.72
 2802.80  3.72
 2803.50  3.72
 2804.20  3.72
 2804.90  3.72
 2805.60  3.72
 2806.30  3.72
 2807.00  3.72
 2807.70  3.72
 2808.40  3.72
 2809.10  3.72
 2809.80  3.72
 2810.50  3.72
 2811.20  3.72
 2811.90  3.72
 2812.60  3.72
 2813.30  3.72
 2814.00  3.72
 2814.70  3.72
 2815.40  3.72
 2816.10  3.72
 2816.80  3.72
 2817.50  3.72
 2818.20  3.72
 2818.90  3.72
 2819.60  3.72
 2820.30  3.72
 2821.00  3.72
 2821.70  3.72
 2822.40  3.72
 2823.10  3.72
 2823.80  3.72
 2824.50  3.72
 2825.20  3.72
 2825.90  3.72
 2826.60  3.72
 2827.30  3.72
 2828.00  3.72
 2828.70  3.72
 2829.40  3.72
 2830.10  3.72
 2830.80  3.72
 2831.50  3.72
 2832.20  3.72
 2832.90  3.72
 2833.60  3.72
 2834.30  3.72
 2835.00  3.72
 2835.70  3.72
 2836.40  3.72
 2837.10  3.72
 2837.80  3.72
 2838.50  3.72
 2839.20  3.72
 2839.90  3.72
 2840.60  3.72
 2841.30  3.72
 2842.00  3.72
 2842.70  3.72
 2843.40  3.72
 2844.10  3.72
 2844.80  3.72
 2845.50  3.72
 2846.20  3.72
 2846.90  3.72
 2847.60  3.72
 2848.30  3.72
 2849.00  3.72
 2849.70  3.72
 2850.40  3.72
 2851.10  3.72
 2851.80  3.72
 2852.50  3.72
 2853.20  3.72
 2853.90  3.72
 2854.60  3.72
 2855.30  3.72
 2856.00  3.72
 2856.70  3.72
 2857.40  3.72
 2858.10  3.72
 2858.80  3.72
 2859.50  3.72
 2860.20  3.72
 2860.90  3.72
 2861.60  3.72
 2862.30  3.72
 2863.00  3.72
 2863.70  3.72
 2864.40  3.72
 2865.10  3.72
 2865.80  3.72
 2866.50  3.72
 2867.20  3.72
 2867.90  3.72
 2868.60  3.72
 2869.30  3.72
 2870.00  3.72
 2870.70  3.72
 2871.40  3.72
 2872.10  3.72
 2872.80  3.72
 2873.50  3.72
 2874.20  3.72
 2874.90  3.72
 2875.60  3.72
 2876.30  3.72
 2877.00  3.72
 2877.70  3.72
 2878.40  3.72
 2879.10  3.72
 2879.80  3.72
 2880.50  3.72
 2881.20  3.72
 2881.90  3.72
 2882.60  3.72
 2883.30  3.72
 2884.00  3.72
 2884.70  3.72
 2885.40  3.72
 2886.10  3.72
 2886.80  3.72
 2887.50  3.72
 2888.20  3.72
 2888.90  3.72
 2889.60  3.72
 2890.30  3.72
 2891.00  3.72
 2891.70  3.72
 2892.40  3.72
 2893.10  3.72
 2893.80  3.72
 2894.50  3.72
 2895.20  3.72
 2895.90  3.72
 2896.60  3.72
 2897.30  3.72
 2898.00  3.72
 2898.70  3.72
 2899.40  3.72
 2900.10  3.72
 2900.80  3.72
 2901.50  3.72
 2902.20  3.72
 2902.90  3.72
 2903.60  3.72
 2904.30  3.72
 2905.00  3.72
 2905.70  3.72
 2906.40  3.72
 2907.10  3.72
 2907.80  3.72
 2908.50  3.72
 2909.20  3.72
 2909.90  3.72
 2910.60  3.72
 2911.30  3.72
 2912.00  3.72
 2912.70  3.72
 2913.40  3.72
 2914.10  3.72
 2914.80  3.72
 2915.50  3.72
 2916.20  3.72
 2916.90  3.72
 2917.60  3.72
 2918.30  3.72
 2919.00  3.72
 2919.70  3.72
 2920.40  3.72
 2921.10  3.72
 2921.80  3.72
 2922.50  3.72
 2923.20  3.72
 2923.90  3.72
 2924.60  3.72
 2925.30  3.72
 2926.00  3.72
 2926.70  3.72
 2927.40  3.72
 2928.10  3.72
 2928.80  3.72
 2929.50  3.72
 2930.20  3.72
 2930.90  3.72
 2931.60  3.72
 2932.30  3.72
 2933.00  3.72
 2933.70  3.72
 2934.40  3.72
 2935.10  3.72
 2935.80  3.72
 2936.50  3.72
 2937.20  3.72
 2937.90  3.72
 2938.60  3.72
 2939.30  3.72
 2940.00  3.72
 2940.70  3.72
 2941.40  3.72
 2942.10  3.72
 2942.80  3.72
 2943.50  3.72
 2944.20  3.72
 2944.90  3.72
 2945.60  3.72
 2946.30  3.72
 2947.00  3.72
 2947.70  3.72
 2948.40  3.72
 2949.10  3.72
 2949.80  3.72
 2950.50  3.72
 2951.20  3.72
 2951.90  3.72
 2952.60  3.72
 2953.30  3.72
 2954.00  3.72
 2954.70  3.72
 2955.40  3.72
 2956.10  3.72
 2956.80  3.72
 2957.50  3.72
 2958.20  3.72
 2958.90  3.72
 2959.60  3.72
 2960.30  3.72
 2961.00  3.72
 2961.70  3.72
 2962.40  3.72
 2963.10  3.72
 2963.80  3.72
 2964.50  3.72
 2965.20  3.72
 2965.90  3.72
 2966.60  3.72
 2967.30  3.72
 2968.00  3.72
 2968.70  3.72
 2969.40  3.72
 2970.10  3.72
 2970.80  3.72
 2971.50  3.72
 2972.20  3.72
 2972.90  3.72
 2973.60  3.72
 2974.30  3.72
 2975.00  3.72
 2975.70  3.72
 2976.40  3.72
 2977.10  3.72
 2977.80  3.72
 2978.50  3.72
 2979.20  3.72
 2979.90  3.72
 2980.60  3.72
 2981.30  3.72
 2982.00  3.72
 2982.70  3.72
 2983.40  3.72
 2984.10  3.72
 2984.80  3.72
 2985.50  3.72
 2986.20  3.72
 2986.90  3.72
 2987.60  3.72
 2988.30  3.72
 2989.00  3.72
 2989.70  3.72
 2990.40  3.72
 2991.10  3.72
 2991.80  3.72
 2992.50  3.72
 2993.20  3.72
 2993.90  3.72
 2994.60  3.72
 2995.30  3.72
 2996.00  3.72
 2996.70  3.72
 2997.40  3.72
 2998.10  3.72
 2998.80  3.72
 2999.50  3.72
