#Navio B MarAd
#Manobra de Curva Giro
#
#Eta 
#
#temp      rot 
 0.00  1.00
 0.70  1.00
 1.40  1.00
 2.10  1.00
 2.80  1.00
 3.50  1.00
 4.20  1.00
 4.90  1.00
 5.60  1.00
 6.30  1.00
 7.00  1.00
 7.70  1.00
 8.40  1.00
 9.10  1.00
 9.80  1.01
 10.50  1.01
 11.20  1.01
 11.90  1.01
 12.60  1.01
 13.30  1.01
 14.00  1.01
 14.70  1.01
 15.40  1.01
 16.10  1.01
 16.80  1.01
 17.50  1.01
 18.20  1.01
 18.90  1.01
 19.60  1.01
 20.30  1.01
 21.00  1.01
 21.70  1.01
 22.40  1.01
 23.10  1.01
 23.80  1.01
 24.50  1.02
 25.20  1.02
 25.90  1.02
 26.60  1.02
 27.30  1.02
 28.00  1.02
 28.70  1.02
 29.40  1.02
 30.10  1.02
 30.80  1.02
 31.50  1.02
 32.20  1.02
 32.90  1.02
 33.60  1.02
 34.30  1.02
 35.00  1.02
 35.70  1.02
 36.40  1.02
 37.10  1.02
 37.80  1.03
 38.50  1.03
 39.20  1.03
 39.90  1.03
 40.60  1.03
 41.30  1.03
 42.00  1.03
 42.70  1.03
 43.40  1.03
 44.10  1.03
 44.80  1.03
 45.50  1.03
 46.20  1.03
 46.90  1.03
 47.60  1.03
 48.30  1.03
 49.00  1.04
 49.70  1.04
 50.40  1.04
 51.10  1.04
 51.80  1.04
 52.50  1.04
 53.20  1.04
 53.90  1.04
 54.60  1.04
 55.30  1.04
 56.00  1.04
 56.70  1.04
 57.40  1.04
 58.10  1.04
 58.80  1.05
 59.50  1.05
 60.20  1.05
 60.90  1.05
 61.60  1.05
 62.30  1.05
 63.00  1.05
 63.70  1.05
 64.40  1.05
 65.10  1.05
 65.80  1.05
 66.50  1.05
 67.20  1.06
 67.90  1.06
 68.60  1.06
 69.30  1.06
 70.00  1.06
 70.70  1.06
 71.40  1.06
 72.10  1.06
 72.80  1.06
 73.50  1.06
 74.20  1.06
 74.90  1.07
 75.60  1.07
 76.30  1.07
 77.00  1.07
 77.70  1.07
 78.40  1.07
 79.10  1.07
 79.80  1.07
 80.50  1.07
 81.20  1.07
 81.90  1.07
 82.60  1.08
 83.30  1.08
 84.00  1.08
 84.70  1.08
 85.40  1.08
 86.10  1.08
 86.80  1.08
 87.50  1.08
 88.20  1.08
 88.90  1.09
 89.60  1.09
 90.30  1.09
 91.00  1.09
 91.70  1.09
 92.40  1.09
 93.10  1.09
 93.80  1.09
 94.50  1.09
 95.20  1.10
 95.90  1.10
 96.60  1.10
 97.30  1.10
 98.00  1.10
 98.70  1.10
 99.40  1.10
 100.10  1.10
 100.80  1.11
 101.50  1.11
 102.20  1.11
 102.90  1.11
 103.60  1.11
 104.30  1.11
 105.00  1.11
 105.70  1.11
 106.40  1.12
 107.10  1.12
 107.80  1.12
 108.50  1.12
 109.20  1.12
 109.90  1.12
 110.60  1.12
 111.30  1.13
 112.00  1.13
 112.70  1.13
 113.40  1.13
 114.10  1.13
 114.80  1.13
 115.50  1.13
 116.20  1.14
 116.90  1.14
 117.60  1.14
 118.30  1.14
 119.00  1.14
 119.70  1.14
 120.40  1.14
 121.10  1.15
 121.80  1.15
 122.50  1.15
 123.20  1.15
 123.90  1.15
 124.60  1.15
 125.30  1.15
 126.00  1.16
 126.70  1.16
 127.40  1.16
 128.10  1.16
 128.80  1.16
 129.50  1.16
 130.20  1.17
 130.90  1.17
 131.60  1.17
 132.30  1.17
 133.00  1.17
 133.70  1.17
 134.40  1.18
 135.10  1.18
 135.80  1.18
 136.50  1.18
 137.20  1.18
 137.90  1.18
 138.60  1.19
 139.30  1.19
 140.00  1.19
 140.70  1.19
 141.40  1.19
 142.10  1.19
 142.80  1.20
 143.50  1.20
 144.20  1.20
 144.90  1.20
 145.60  1.20
 146.30  1.20
 147.00  1.21
 147.70  1.21
 148.40  1.21
 149.10  1.21
 149.80  1.21
 150.50  1.22
 151.20  1.22
 151.90  1.22
 152.60  1.22
 153.30  1.22
 154.00  1.22
 154.70  1.23
 155.40  1.23
 156.10  1.23
 156.80  1.23
 157.50  1.23
 158.20  1.24
 158.90  1.24
 159.60  1.24
 160.30  1.24
 161.00  1.24
 161.70  1.25
 162.40  1.25
 163.10  1.25
 163.80  1.25
 164.50  1.25
 165.20  1.25
 165.90  1.26
 166.60  1.26
 167.30  1.26
 168.00  1.26
 168.70  1.26
 169.40  1.27
 170.10  1.27
 170.80  1.27
 171.50  1.27
 172.20  1.27
 172.90  1.28
 173.60  1.28
 174.30  1.28
 175.00  1.28
 175.70  1.28
 176.40  1.29
 177.10  1.29
 177.80  1.29
 178.50  1.29
 179.20  1.29
 179.90  1.30
 180.60  1.30
 181.30  1.30
 182.00  1.30
 182.70  1.31
 183.40  1.31
 184.10  1.31
 184.80  1.31
 185.50  1.31
 186.20  1.32
 186.90  1.32
 187.60  1.32
 188.30  1.32
 189.00  1.32
 189.70  1.33
 190.40  1.33
 191.10  1.33
 191.80  1.33
 192.50  1.33
 193.20  1.34
 193.90  1.34
 194.60  1.34
 195.30  1.34
 196.00  1.35
 196.70  1.35
 197.40  1.35
 198.10  1.35
 198.80  1.35
 199.50  1.36
 200.20  1.36
 200.90  1.36
 201.60  1.36
 202.30  1.37
 203.00  1.37
 203.70  1.37
 204.40  1.37
 205.10  1.37
 205.80  1.38
 206.50  1.38
 207.20  1.38
 207.90  1.38
 208.60  1.38
 209.30  1.39
 210.00  1.39
 210.70  1.39
 211.40  1.39
 212.10  1.40
 212.80  1.40
 213.50  1.40
 214.20  1.40
 214.90  1.41
 215.60  1.41
 216.30  1.41
 217.00  1.41
 217.70  1.41
 218.40  1.42
 219.10  1.42
 219.80  1.42
 220.50  1.42
 221.20  1.43
 221.90  1.43
 222.60  1.43
 223.30  1.43
 224.00  1.43
 224.70  1.44
 225.40  1.44
 226.10  1.44
 226.80  1.44
 227.50  1.45
 228.20  1.45
 228.90  1.45
 229.60  1.45
 230.30  1.46
 231.00  1.46
 231.70  1.46
 232.40  1.46
 233.10  1.47
 233.80  1.47
 234.50  1.47
 235.20  1.47
 235.90  1.47
 236.60  1.48
 237.30  1.48
 238.00  1.48
 238.70  1.48
 239.40  1.49
 240.10  1.49
 240.80  1.49
 241.50  1.49
 242.20  1.50
 242.90  1.50
 243.60  1.50
 244.30  1.50
 245.00  1.51
 245.70  1.51
 246.40  1.51
 247.10  1.51
 247.80  1.51
 248.50  1.52
 249.20  1.52
 249.90  1.52
 250.60  1.52
 251.30  1.53
 252.00  1.53
 252.70  1.53
 253.40  1.53
 254.10  1.54
 254.80  1.54
 255.50  1.54
 256.20  1.54
 256.90  1.55
 257.60  1.55
 258.30  1.55
 259.00  1.55
 259.70  1.56
 260.40  1.56
 261.10  1.56
 261.80  1.56
 262.50  1.56
 263.20  1.57
 263.90  1.57
 264.60  1.57
 265.30  1.57
 266.00  1.58
 266.70  1.58
 267.40  1.58
 268.10  1.58
 268.80  1.59
 269.50  1.59
 270.20  1.59
 270.90  1.59
 271.60  1.60
 272.30  1.60
 273.00  1.60
 273.70  1.60
 274.40  1.61
 275.10  1.61
 275.80  1.61
 276.50  1.61
 277.20  1.62
 277.90  1.62
 278.60  1.62
 279.30  1.62
 280.00  1.63
 280.70  1.63
 281.40  1.63
 282.10  1.63
 282.80  1.63
 283.50  1.64
 284.20  1.64
 284.90  1.64
 285.60  1.64
 286.30  1.65
 287.00  1.65
 287.70  1.65
 288.40  1.65
 289.10  1.66
 289.80  1.66
 290.50  1.66
 291.20  1.66
 291.90  1.67
 292.60  1.67
 293.30  1.67
 294.00  1.67
 294.70  1.68
 295.40  1.68
 296.10  1.68
 296.80  1.68
 297.50  1.69
 298.20  1.69
 298.90  1.69
 299.60  1.69
 300.30  1.70
 301.00  1.70
 301.70  1.70
 302.40  1.70
 303.10  1.70
 303.80  1.71
 304.50  1.71
 305.20  1.71
 305.90  1.71
 306.60  1.72
 307.30  1.72
 308.00  1.72
 308.70  1.72
 309.40  1.73
 310.10  1.73
 310.80  1.73
 311.50  1.73
 312.20  1.74
 312.90  1.74
 313.60  1.74
 314.30  1.74
 315.00  1.75
 315.70  1.75
 316.40  1.75
 317.10  1.75
 317.80  1.76
 318.50  1.76
 319.20  1.76
 319.90  1.76
 320.60  1.77
 321.30  1.77
 322.00  1.77
 322.70  1.77
 323.40  1.77
 324.10  1.78
 324.80  1.78
 325.50  1.78
 326.20  1.78
 326.90  1.79
 327.60  1.79
 328.30  1.79
 329.00  1.79
 329.70  1.80
 330.40  1.80
 331.10  1.80
 331.80  1.80
 332.50  1.81
 333.20  1.81
 333.90  1.81
 334.60  1.81
 335.30  1.82
 336.00  1.82
 336.70  1.82
 337.40  1.82
 338.10  1.83
 338.80  1.83
 339.50  1.83
 340.20  1.83
 340.90  1.83
 341.60  1.84
 342.30  1.84
 343.00  1.84
 343.70  1.84
 344.40  1.85
 345.10  1.85
 345.80  1.85
 346.50  1.85
 347.20  1.86
 347.90  1.86
 348.60  1.86
 349.30  1.86
 350.00  1.87
 350.70  1.87
 351.40  1.87
 352.10  1.87
 352.80  1.88
 353.50  1.88
 354.20  1.88
 354.90  1.88
 355.60  1.88
 356.30  1.89
 357.00  1.89
 357.70  1.89
 358.40  1.89
 359.10  1.90
 359.80  1.90
 360.50  1.90
 361.20  1.90
 361.90  1.91
 362.60  1.91
 363.30  1.91
 364.00  1.91
 364.70  1.91
 365.40  1.92
 366.10  1.92
 366.80  1.92
 367.50  1.92
 368.20  1.93
 368.90  1.93
 369.60  1.93
 370.30  1.93
 371.00  1.94
 371.70  1.94
 372.40  1.94
 373.10  1.94
 373.80  1.95
 374.50  1.95
 375.20  1.95
 375.90  1.95
 376.60  1.95
 377.30  1.96
 378.00  1.96
 378.70  1.96
 379.40  1.96
 380.10  1.97
 380.80  1.97
 381.50  1.97
 382.20  1.97
 382.90  1.97
 383.60  1.98
 384.30  1.98
 385.00  1.98
 385.70  1.98
 386.40  1.99
 387.10  1.99
 387.80  1.99
 388.50  1.99
 389.20  2.00
 389.90  2.00
 390.60  2.00
 391.30  2.00
 392.00  2.00
 392.70  2.01
 393.40  2.01
 394.10  2.01
 394.80  2.01
 395.50  2.02
 396.20  2.02
 396.90  2.02
 397.60  2.02
 398.30  2.03
 399.00  2.03
 399.70  2.03
 400.40  2.03
 401.10  2.03
 401.80  2.04
 402.50  2.04
 403.20  2.04
 403.90  2.04
 404.60  2.05
 405.30  2.05
 406.00  2.05
 406.70  2.05
 407.40  2.05
 408.10  2.06
 408.80  2.06
 409.50  2.06
 410.20  2.06
 410.90  2.07
 411.60  2.07
 412.30  2.07
 413.00  2.07
 413.70  2.07
 414.40  2.08
 415.10  2.08
 415.80  2.08
 416.50  2.08
 417.20  2.09
 417.90  2.09
 418.60  2.09
 419.30  2.09
 420.00  2.09
 420.70  2.10
 421.40  2.10
 422.10  2.10
 422.80  2.10
 423.50  2.11
 424.20  2.11
 424.90  2.11
 425.60  2.11
 426.30  2.11
 427.00  2.12
 427.70  2.12
 428.40  2.12
 429.10  2.12
 429.80  2.13
 430.50  2.13
 431.20  2.13
 431.90  2.13
 432.60  2.13
 433.30  2.14
 434.00  2.14
 434.70  2.14
 435.40  2.14
 436.10  2.14
 436.80  2.15
 437.50  2.15
 438.20  2.15
 438.90  2.15
 439.60  2.16
 440.30  2.16
 441.00  2.16
 441.70  2.16
 442.40  2.16
 443.10  2.17
 443.80  2.17
 444.50  2.17
 445.20  2.17
 445.90  2.17
 446.60  2.18
 447.30  2.18
 448.00  2.18
 448.70  2.18
 449.40  2.18
 450.10  2.19
 450.80  2.19
 451.50  2.19
 452.20  2.19
 452.90  2.20
 453.60  2.20
 454.30  2.20
 455.00  2.20
 455.70  2.20
 456.40  2.21
 457.10  2.21
 457.80  2.21
 458.50  2.21
 459.20  2.21
 459.90  2.22
 460.60  2.22
 461.30  2.22
 462.00  2.22
 462.70  2.22
 463.40  2.23
 464.10  2.23
 464.80  2.23
 465.50  2.23
 466.20  2.23
 466.90  2.24
 467.60  2.24
 468.30  2.24
 469.00  2.24
 469.70  2.24
 470.40  2.25
 471.10  2.25
 471.80  2.25
 472.50  2.25
 473.20  2.25
 473.90  2.26
 474.60  2.26
 475.30  2.26
 476.00  2.26
 476.70  2.26
 477.40  2.27
 478.10  2.27
 478.80  2.27
 479.50  2.27
 480.20  2.27
 480.90  2.28
 481.60  2.28
 482.30  2.28
 483.00  2.28
 483.70  2.28
 484.40  2.29
 485.10  2.29
 485.80  2.29
 486.50  2.29
 487.20  2.29
 487.90  2.30
 488.60  2.30
 489.30  2.30
 490.00  2.30
 490.70  2.30
 491.40  2.31
 492.10  2.31
 492.80  2.31
 493.50  2.31
 494.20  2.31
 494.90  2.31
 495.60  2.32
 496.30  2.32
 497.00  2.32
 497.70  2.32
 498.40  2.32
 499.10  2.33
 499.80  2.33
 500.50  2.33
 501.20  2.33
 501.90  2.33
 502.60  2.34
 503.30  2.34
 504.00  2.34
 504.70  2.34
 505.40  2.34
 506.10  2.35
 506.80  2.35
 507.50  2.35
 508.20  2.35
 508.90  2.35
 509.60  2.35
 510.30  2.36
 511.00  2.36
 511.70  2.36
 512.40  2.36
 513.10  2.36
 513.80  2.37
 514.50  2.37
 515.20  2.37
 515.90  2.37
 516.60  2.37
 517.30  2.37
 518.00  2.38
 518.70  2.38
 519.40  2.38
 520.10  2.38
 520.80  2.38
 521.50  2.39
 522.20  2.39
 522.90  2.39
 523.60  2.39
 524.30  2.39
 525.00  2.39
 525.70  2.40
 526.40  2.40
 527.10  2.40
 527.80  2.40
 528.50  2.40
 529.20  2.41
 529.90  2.41
 530.60  2.41
 531.30  2.41
 532.00  2.41
 532.70  2.41
 533.40  2.42
 534.10  2.42
 534.80  2.42
 535.50  2.42
 536.20  2.42
 536.90  2.42
 537.60  2.43
 538.30  2.43
 539.00  2.43
 539.70  2.43
 540.40  2.43
 541.10  2.43
 541.80  2.44
 542.50  2.44
 543.20  2.44
 543.90  2.44
 544.60  2.44
 545.30  2.44
 546.00  2.45
 546.70  2.45
 547.40  2.45
 548.10  2.45
 548.80  2.45
 549.50  2.46
 550.20  2.46
 550.90  2.46
 551.60  2.46
 552.30  2.46
 553.00  2.46
 553.70  2.47
 554.40  2.47
 555.10  2.47
 555.80  2.47
 556.50  2.47
 557.20  2.47
 557.90  2.48
 558.60  2.48
 559.30  2.48
 560.00  2.48
 560.70  2.48
 561.40  2.48
 562.10  2.48
 562.80  2.49
 563.50  2.49
 564.20  2.49
 564.90  2.49
 565.60  2.49
 566.30  2.49
 567.00  2.50
 567.70  2.50
 568.40  2.50
 569.10  2.50
 569.80  2.50
 570.50  2.50
 571.20  2.51
 571.90  2.51
 572.60  2.51
 573.30  2.51
 574.00  2.51
 574.70  2.51
 575.40  2.52
 576.10  2.52
 576.80  2.52
 577.50  2.52
 578.20  2.52
 578.90  2.52
 579.60  2.52
 580.30  2.53
 581.00  2.53
 581.70  2.53
 582.40  2.53
 583.10  2.53
 583.80  2.53
 584.50  2.54
 585.20  2.54
 585.90  2.54
 586.60  2.54
 587.30  2.54
 588.00  2.54
 588.70  2.54
 589.40  2.55
 590.10  2.55
 590.80  2.55
 591.50  2.55
 592.20  2.55
 592.90  2.55
 593.60  2.56
 594.30  2.56
 595.00  2.56
 595.70  2.56
 596.40  2.56
 597.10  2.56
 597.80  2.56
 598.50  2.57
 599.20  2.57
 599.90  2.57
 600.60  2.57
 601.30  2.57
 602.00  2.57
 602.70  2.57
 603.40  2.58
 604.10  2.58
 604.80  2.58
 605.50  2.58
 606.20  2.58
 606.90  2.58
 607.60  2.58
 608.30  2.59
 609.00  2.59
 609.70  2.59
 610.40  2.59
 611.10  2.59
 611.80  2.59
 612.50  2.59
 613.20  2.60
 613.90  2.60
 614.60  2.60
 615.30  2.60
 616.00  2.60
 616.70  2.60
 617.40  2.60
 618.10  2.61
 618.80  2.61
 619.50  2.61
 620.20  2.61
 620.90  2.61
 621.60  2.61
 622.30  2.61
 623.00  2.62
 623.70  2.62
 624.40  2.62
 625.10  2.62
 625.80  2.62
 626.50  2.62
 627.20  2.62
 627.90  2.63
 628.60  2.63
 629.30  2.63
 630.00  2.63
 630.70  2.63
 631.40  2.63
 632.10  2.63
 632.80  2.64
 633.50  2.64
 634.20  2.64
 634.90  2.64
 635.60  2.64
 636.30  2.64
 637.00  2.64
 637.70  2.64
 638.40  2.65
 639.10  2.65
 639.80  2.65
 640.50  2.65
 641.20  2.65
 641.90  2.65
 642.60  2.65
 643.30  2.65
 644.00  2.66
 644.70  2.66
 645.40  2.66
 646.10  2.66
 646.80  2.66
 647.50  2.66
 648.20  2.66
 648.90  2.67
 649.60  2.67
 650.30  2.67
 651.00  2.67
 651.70  2.67
 652.40  2.67
 653.10  2.67
 653.80  2.67
 654.50  2.68
 655.20  2.68
 655.90  2.68
 656.60  2.68
 657.30  2.68
 658.00  2.68
 658.70  2.68
 659.40  2.68
 660.10  2.69
 660.80  2.69
 661.50  2.69
 662.20  2.69
 662.90  2.69
 663.60  2.69
 664.30  2.69
 665.00  2.69
 665.70  2.70
 666.40  2.70
 667.10  2.70
 667.80  2.70
 668.50  2.70
 669.20  2.70
 669.90  2.70
 670.60  2.70
 671.30  2.71
 672.00  2.71
 672.70  2.71
 673.40  2.71
 674.10  2.71
 674.80  2.71
 675.50  2.71
 676.20  2.71
 676.90  2.71
 677.60  2.72
 678.30  2.72
 679.00  2.72
 679.70  2.72
 680.40  2.72
 681.10  2.72
 681.80  2.72
 682.50  2.72
 683.20  2.73
 683.90  2.73
 684.60  2.73
 685.30  2.73
 686.00  2.73
 686.70  2.73
 687.40  2.73
 688.10  2.73
 688.80  2.73
 689.50  2.74
 690.20  2.74
 690.90  2.74
 691.60  2.74
 692.30  2.74
 693.00  2.74
 693.70  2.74
 694.40  2.74
 695.10  2.74
 695.80  2.75
 696.50  2.75
 697.20  2.75
 697.90  2.75
 698.60  2.75
 699.30  2.75
 700.00  2.75
 700.70  2.75
 701.40  2.75
 702.10  2.76
 702.80  2.76
 703.50  2.76
 704.20  2.76
 704.90  2.76
 705.60  2.76
 706.30  2.76
 707.00  2.76
 707.70  2.76
 708.40  2.77
 709.10  2.77
 709.80  2.77
 710.50  2.77
 711.20  2.77
 711.90  2.77
 712.60  2.77
 713.30  2.77
 714.00  2.77
 714.70  2.78
 715.40  2.78
 716.10  2.78
 716.80  2.78
 717.50  2.78
 718.20  2.78
 718.90  2.78
 719.60  2.78
 720.30  2.78
 721.00  2.78
 721.70  2.79
 722.40  2.79
 723.10  2.79
 723.80  2.79
 724.50  2.79
 725.20  2.79
 725.90  2.79
 726.60  2.79
 727.30  2.79
 728.00  2.80
 728.70  2.80
 729.40  2.80
 730.10  2.80
 730.80  2.80
 731.50  2.80
 732.20  2.80
 732.90  2.80
 733.60  2.80
 734.30  2.80
 735.00  2.81
 735.70  2.81
 736.40  2.81
 737.10  2.81
 737.80  2.81
 738.50  2.81
 739.20  2.81
 739.90  2.81
 740.60  2.81
 741.30  2.81
 742.00  2.81
 742.70  2.82
 743.40  2.82
 744.10  2.82
 744.80  2.82
 745.50  2.82
 746.20  2.82
 746.90  2.82
 747.60  2.82
 748.30  2.82
 749.00  2.82
 749.70  2.83
 750.40  2.83
 751.10  2.83
 751.80  2.83
 752.50  2.83
 753.20  2.83
 753.90  2.83
 754.60  2.83
 755.30  2.83
 756.00  2.83
 756.70  2.83
 757.40  2.84
 758.10  2.84
 758.80  2.84
 759.50  2.84
 760.20  2.84
 760.90  2.84
 761.60  2.84
 762.30  2.84
 763.00  2.84
 763.70  2.84
 764.40  2.84
 765.10  2.85
 765.80  2.85
 766.50  2.85
 767.20  2.85
 767.90  2.85
 768.60  2.85
 769.30  2.85
 770.00  2.85
 770.70  2.85
 771.40  2.85
 772.10  2.85
 772.80  2.86
 773.50  2.86
 774.20  2.86
 774.90  2.86
 775.60  2.86
 776.30  2.86
 777.00  2.86
 777.70  2.86
 778.40  2.86
 779.10  2.86
 779.80  2.86
 780.50  2.87
 781.20  2.87
 781.90  2.87
 782.60  2.87
 783.30  2.87
 784.00  2.87
 784.70  2.87
 785.40  2.87
 786.10  2.87
 786.80  2.87
 787.50  2.87
 788.20  2.87
 788.90  2.88
 789.60  2.88
 790.30  2.88
 791.00  2.88
 791.70  2.88
 792.40  2.88
 793.10  2.88
 793.80  2.88
 794.50  2.88
 795.20  2.88
 795.90  2.88
 796.60  2.88
 797.30  2.89
 798.00  2.89
 798.70  2.89
 799.40  2.89
 800.10  2.89
 800.80  2.89
 801.50  2.89
 802.20  2.89
 802.90  2.89
 803.60  2.89
 804.30  2.89
 805.00  2.89
 805.70  2.89
 806.40  2.90
 807.10  2.90
 807.80  2.90
 808.50  2.90
 809.20  2.90
 809.90  2.90
 810.60  2.90
 811.30  2.90
 812.00  2.90
 812.70  2.90
 813.40  2.90
 814.10  2.90
 814.80  2.91
 815.50  2.91
 816.20  2.91
 816.90  2.91
 817.60  2.91
 818.30  2.91
 819.00  2.91
 819.70  2.91
 820.40  2.91
 821.10  2.91
 821.80  2.91
 822.50  2.91
 823.20  2.91
 823.90  2.91
 824.60  2.92
 825.30  2.92
 826.00  2.92
 826.70  2.92
 827.40  2.92
 828.10  2.92
 828.80  2.92
 829.50  2.92
 830.20  2.92
 830.90  2.92
 831.60  2.92
 832.30  2.92
 833.00  2.92
 833.70  2.93
 834.40  2.93
 835.10  2.93
 835.80  2.93
 836.50  2.93
 837.20  2.93
 837.90  2.93
 838.60  2.93
 839.30  2.93
 840.00  2.93
 840.70  2.93
 841.40  2.93
 842.10  2.93
 842.80  2.93
 843.50  2.94
 844.20  2.94
 844.90  2.94
 845.60  2.94
 846.30  2.94
 847.00  2.94
 847.70  2.94
 848.40  2.94
 849.10  2.94
 849.80  2.94
 850.50  2.94
 851.20  2.94
 851.90  2.94
 852.60  2.94
 853.30  2.94
 854.00  2.95
 854.70  2.95
 855.40  2.95
 856.10  2.95
 856.80  2.95
 857.50  2.95
 858.20  2.95
 858.90  2.95
 859.60  2.95
 860.30  2.95
 861.00  2.95
 861.70  2.95
 862.40  2.95
 863.10  2.95
 863.80  2.95
 864.50  2.96
 865.20  2.96
 865.90  2.96
 866.60  2.96
 867.30  2.96
 868.00  2.96
 868.70  2.96
 869.40  2.96
 870.10  2.96
 870.80  2.96
 871.50  2.96
 872.20  2.96
 872.90  2.96
 873.60  2.96
 874.30  2.96
 875.00  2.96
 875.70  2.97
 876.40  2.97
 877.10  2.97
 877.80  2.97
 878.50  2.97
 879.20  2.97
 879.90  2.97
 880.60  2.97
 881.30  2.97
 882.00  2.97
 882.70  2.97
 883.40  2.97
 884.10  2.97
 884.80  2.97
 885.50  2.97
 886.20  2.97
 886.90  2.98
 887.60  2.98
 888.30  2.98
 889.00  2.98
 889.70  2.98
 890.40  2.98
 891.10  2.98
 891.80  2.98
 892.50  2.98
 893.20  2.98
 893.90  2.98
 894.60  2.98
 895.30  2.98
 896.00  2.98
 896.70  2.98
 897.40  2.98
 898.10  2.98
 898.80  2.99
 899.50  2.99
 900.20  2.99
 900.90  2.99
 901.60  2.99
 902.30  2.99
 903.00  2.99
 903.70  2.99
 904.40  2.99
 905.10  2.99
 905.80  2.99
 906.50  2.99
 907.20  2.99
 907.90  2.99
 908.60  2.99
 909.30  2.99
 910.00  2.99
 910.70  2.99
 911.40  3.00
 912.10  3.00
 912.80  3.00
 913.50  3.00
 914.20  3.00
 914.90  3.00
 915.60  3.00
 916.30  3.00
 917.00  3.00
 917.70  3.00
 918.40  3.00
 919.10  3.00
 919.80  3.00
 920.50  3.00
 921.20  3.00
 921.90  3.00
 922.60  3.00
 923.30  3.00
 924.00  3.01
 924.70  3.01
 925.40  3.01
 926.10  3.01
 926.80  3.01
 927.50  3.01
 928.20  3.01
 928.90  3.01
 929.60  3.01
 930.30  3.01
 931.00  3.01
 931.70  3.01
 932.40  3.01
 933.10  3.01
 933.80  3.01
 934.50  3.01
 935.20  3.01
 935.90  3.01
 936.60  3.01
 937.30  3.01
 938.00  3.02
 938.70  3.02
 939.40  3.02
 940.10  3.02
 940.80  3.02
 941.50  3.02
 942.20  3.02
 942.90  3.02
 943.60  3.02
 944.30  3.02
 945.00  3.02
 945.70  3.02
 946.40  3.02
 947.10  3.02
 947.80  3.02
 948.50  3.02
 949.20  3.02
 949.90  3.02
 950.60  3.02
 951.30  3.02
 952.00  3.03
 952.70  3.03
 953.40  3.03
 954.10  3.03
 954.80  3.03
 955.50  3.03
 956.20  3.03
 956.90  3.03
 957.60  3.03
 958.30  3.03
 959.00  3.03
 959.70  3.03
 960.40  3.03
 961.10  3.03
 961.80  3.03
 962.50  3.03
 963.20  3.03
 963.90  3.03
 964.60  3.03
 965.30  3.03
 966.00  3.03
 966.70  3.03
 967.40  3.04
 968.10  3.04
 968.80  3.04
 969.50  3.04
 970.20  3.04
 970.90  3.04
 971.60  3.04
 972.30  3.04
 973.00  3.04
 973.70  3.04
 974.40  3.04
 975.10  3.04
 975.80  3.04
 976.50  3.04
 977.20  3.04
 977.90  3.04
 978.60  3.04
 979.30  3.04
 980.00  3.04
 980.70  3.04
 981.40  3.04
 982.10  3.04
 982.80  3.05
 983.50  3.05
 984.20  3.05
 984.90  3.05
 985.60  3.05
 986.30  3.05
 987.00  3.05
 987.70  3.05
 988.40  3.05
 989.10  3.05
 989.80  3.05
 990.50  3.05
 991.20  3.05
 991.90  3.05
 992.60  3.05
 993.30  3.05
 994.00  3.05
 994.70  3.05
 995.40  3.05
 996.10  3.05
 996.80  3.05
 997.50  3.05
 998.20  3.05
 998.90  3.05
 999.60  3.06
 1000.30  3.06
 1001.00  3.06
 1001.70  3.06
 1002.40  3.06
 1003.10  3.06
 1003.80  3.06
 1004.50  3.06
 1005.20  3.06
 1005.90  3.06
 1006.60  3.06
 1007.30  3.06
 1008.00  3.06
 1008.70  3.06
 1009.40  3.06
 1010.10  3.06
 1010.80  3.06
 1011.50  3.06
 1012.20  3.06
 1012.90  3.06
 1013.60  3.06
 1014.30  3.06
 1015.00  3.06
 1015.70  3.06
 1016.40  3.06
 1017.10  3.06
 1017.80  3.07
 1018.50  3.07
 1019.20  3.07
 1019.90  3.07
 1020.60  3.07
 1021.30  3.07
 1022.00  3.07
 1022.70  3.07
 1023.40  3.07
 1024.10  3.07
 1024.80  3.07
 1025.50  3.07
 1026.20  3.07
 1026.90  3.07
 1027.60  3.07
 1028.30  3.07
 1029.00  3.07
 1029.70  3.07
 1030.40  3.07
 1031.10  3.07
 1031.80  3.07
 1032.50  3.07
 1033.20  3.07
 1033.90  3.07
 1034.60  3.07
 1035.30  3.07
 1036.00  3.07
 1036.70  3.08
 1037.40  3.08
 1038.10  3.08
 1038.80  3.08
 1039.50  3.08
 1040.20  3.08
 1040.90  3.08
 1041.60  3.08
 1042.30  3.08
 1043.00  3.08
 1043.70  3.08
 1044.40  3.08
 1045.10  3.08
 1045.80  3.08
 1046.50  3.08
 1047.20  3.08
 1047.90  3.08
 1048.60  3.08
 1049.30  3.08
 1050.00  3.08
 1050.70  3.08
 1051.40  3.08
 1052.10  3.08
 1052.80  3.08
 1053.50  3.08
 1054.20  3.08
 1054.90  3.08
 1055.60  3.08
 1056.30  3.08
 1057.00  3.08
 1057.70  3.09
 1058.40  3.09
 1059.10  3.09
 1059.80  3.09
 1060.50  3.09
 1061.20  3.09
 1061.90  3.09
 1062.60  3.09
 1063.30  3.09
 1064.00  3.09
 1064.70  3.09
 1065.40  3.09
 1066.10  3.09
 1066.80  3.09
 1067.50  3.09
 1068.20  3.09
 1068.90  3.09
 1069.60  3.09
 1070.30  3.09
 1071.00  3.09
 1071.70  3.09
 1072.40  3.09
 1073.10  3.09
 1073.80  3.09
 1074.50  3.09
 1075.20  3.09
 1075.90  3.09
 1076.60  3.09
 1077.30  3.09
 1078.00  3.09
 1078.70  3.09
 1079.40  3.10
 1080.10  3.10
 1080.80  3.10
 1081.50  3.10
 1082.20  3.10
 1082.90  3.10
 1083.60  3.10
 1084.30  3.10
 1085.00  3.10
 1085.70  3.10
 1086.40  3.10
 1087.10  3.10
 1087.80  3.10
 1088.50  3.10
 1089.20  3.10
 1089.90  3.10
 1090.60  3.10
 1091.30  3.10
 1092.00  3.10
 1092.70  3.10
 1093.40  3.10
 1094.10  3.10
 1094.80  3.10
 1095.50  3.10
 1096.20  3.10
 1096.90  3.10
 1097.60  3.10
 1098.30  3.10
 1099.00  3.10
 1099.70  3.10
 1100.40  3.10
 1101.10  3.10
 1101.80  3.10
 1102.50  3.10
 1103.20  3.10
 1103.90  3.11
 1104.60  3.11
 1105.30  3.11
 1106.00  3.11
 1106.70  3.11
 1107.40  3.11
 1108.10  3.11
 1108.80  3.11
 1109.50  3.11
 1110.20  3.11
 1110.90  3.11
 1111.60  3.11
 1112.30  3.11
 1113.00  3.11
 1113.70  3.11
 1114.40  3.11
 1115.10  3.11
 1115.80  3.11
 1116.50  3.11
 1117.20  3.11
 1117.90  3.11
 1118.60  3.11
 1119.30  3.11
 1120.00  3.11
 1120.70  3.11
 1121.40  3.11
 1122.10  3.11
 1122.80  3.11
 1123.50  3.11
 1124.20  3.11
 1124.90  3.11
 1125.60  3.11
 1126.30  3.11
 1127.00  3.11
 1127.70  3.11
 1128.40  3.11
 1129.10  3.11
 1129.80  3.11
 1130.50  3.12
 1131.20  3.12
 1131.90  3.12
 1132.60  3.12
 1133.30  3.12
 1134.00  3.12
 1134.70  3.12
 1135.40  3.12
 1136.10  3.12
 1136.80  3.12
 1137.50  3.12
 1138.20  3.12
 1138.90  3.12
 1139.60  3.12
 1140.30  3.12
 1141.00  3.12
 1141.70  3.12
 1142.40  3.12
 1143.10  3.12
 1143.80  3.12
 1144.50  3.12
 1145.20  3.12
 1145.90  3.12
 1146.60  3.12
 1147.30  3.12
 1148.00  3.12
 1148.70  3.12
 1149.40  3.12
 1150.10  3.12
 1150.80  3.12
 1151.50  3.12
 1152.20  3.12
 1152.90  3.12
 1153.60  3.12
 1154.30  3.12
 1155.00  3.12
 1155.70  3.12
 1156.40  3.12
 1157.10  3.12
 1157.80  3.12
 1158.50  3.12
 1159.20  3.12
 1159.90  3.13
 1160.60  3.13
 1161.30  3.13
 1162.00  3.13
 1162.70  3.13
 1163.40  3.13
 1164.10  3.13
 1164.80  3.13
 1165.50  3.13
 1166.20  3.13
 1166.90  3.13
 1167.60  3.13
 1168.30  3.13
 1169.00  3.13
 1169.70  3.13
 1170.40  3.13
 1171.10  3.13
 1171.80  3.13
 1172.50  3.13
 1173.20  3.13
 1173.90  3.13
 1174.60  3.13
 1175.30  3.13
 1176.00  3.13
 1176.70  3.13
 1177.40  3.13
 1178.10  3.13
 1178.80  3.13
 1179.50  3.13
 1180.20  3.13
 1180.90  3.13
 1181.60  3.13
 1182.30  3.13
 1183.00  3.13
 1183.70  3.13
 1184.40  3.13
 1185.10  3.13
 1185.80  3.13
 1186.50  3.13
 1187.20  3.13
 1187.90  3.13
 1188.60  3.13
 1189.30  3.13
 1190.00  3.13
 1190.70  3.13
 1191.40  3.13
 1192.10  3.13
 1192.80  3.13
 1193.50  3.14
 1194.20  3.14
 1194.90  3.14
 1195.60  3.14
 1196.30  3.14
 1197.00  3.14
 1197.70  3.14
 1198.40  3.14
 1199.10  3.14
 1199.80  3.14
 1200.50  3.14
 1201.20  3.14
 1201.90  3.14
 1202.60  3.14
 1203.30  3.14
 1204.00  3.14
 1204.70  3.14
 1205.40  3.14
 1206.10  3.14
 1206.80  3.14
 1207.50  3.14
 1208.20  3.14
 1208.90  3.14
 1209.60  3.14
 1210.30  3.14
 1211.00  3.14
 1211.70  3.14
 1212.40  3.14
 1213.10  3.14
 1213.80  3.14
 1214.50  3.14
 1215.20  3.14
 1215.90  3.14
 1216.60  3.14
 1217.30  3.14
 1218.00  3.14
 1218.70  3.14
 1219.40  3.14
 1220.10  3.14
 1220.80  3.14
 1221.50  3.14
 1222.20  3.14
 1222.90  3.14
 1223.60  3.14
 1224.30  3.14
 1225.00  3.14
 1225.70  3.14
 1226.40  3.14
 1227.10  3.14
 1227.80  3.14
 1228.50  3.14
 1229.20  3.14
 1229.90  3.14
 1230.60  3.14
 1231.30  3.15
 1232.00  3.15
 1232.70  3.15
 1233.40  3.15
 1234.10  3.15
 1234.80  3.15
 1235.50  3.15
 1236.20  3.15
 1236.90  3.15
 1237.60  3.15
 1238.30  3.15
 1239.00  3.15
 1239.70  3.15
 1240.40  3.15
 1241.10  3.15
 1241.80  3.15
 1242.50  3.15
 1243.20  3.15
 1243.90  3.15
 1244.60  3.15
 1245.30  3.15
 1246.00  3.15
 1246.70  3.15
 1247.40  3.15
 1248.10  3.15
 1248.80  3.15
 1249.50  3.15
 1250.20  3.15
 1250.90  3.15
 1251.60  3.15
 1252.30  3.15
 1253.00  3.15
 1253.70  3.15
 1254.40  3.15
 1255.10  3.15
 1255.80  3.15
 1256.50  3.15
 1257.20  3.15
 1257.90  3.15
 1258.60  3.15
 1259.30  3.15
 1260.00  3.15
 1260.70  3.15
 1261.40  3.15
 1262.10  3.15
 1262.80  3.15
 1263.50  3.15
 1264.20  3.15
 1264.90  3.15
 1265.60  3.15
 1266.30  3.15
 1267.00  3.15
 1267.70  3.15
 1268.40  3.15
 1269.10  3.15
 1269.80  3.15
 1270.50  3.15
 1271.20  3.15
 1271.90  3.15
 1272.60  3.15
 1273.30  3.15
 1274.00  3.15
 1274.70  3.15
 1275.40  3.15
 1276.10  3.16
 1276.80  3.16
 1277.50  3.16
 1278.20  3.16
 1278.90  3.16
 1279.60  3.16
 1280.30  3.16
 1281.00  3.16
 1281.70  3.16
 1282.40  3.16
 1283.10  3.16
 1283.80  3.16
 1284.50  3.16
 1285.20  3.16
 1285.90  3.16
 1286.60  3.16
 1287.30  3.16
 1288.00  3.16
 1288.70  3.16
 1289.40  3.16
 1290.10  3.16
 1290.80  3.16
 1291.50  3.16
 1292.20  3.16
 1292.90  3.16
 1293.60  3.16
 1294.30  3.16
 1295.00  3.16
 1295.70  3.16
 1296.40  3.16
 1297.10  3.16
 1297.80  3.16
 1298.50  3.16
 1299.20  3.16
 1299.90  3.16
 1300.60  3.16
 1301.30  3.16
 1302.00  3.16
 1302.70  3.16
 1303.40  3.16
 1304.10  3.16
 1304.80  3.16
 1305.50  3.16
 1306.20  3.16
 1306.90  3.16
 1307.60  3.16
 1308.30  3.16
 1309.00  3.16
 1309.70  3.16
 1310.40  3.16
 1311.10  3.16
 1311.80  3.16
 1312.50  3.16
 1313.20  3.16
 1313.90  3.16
 1314.60  3.16
 1315.30  3.16
 1316.00  3.16
 1316.70  3.16
 1317.40  3.16
 1318.10  3.16
 1318.80  3.16
 1319.50  3.16
 1320.20  3.16
 1320.90  3.16
 1321.60  3.16
 1322.30  3.16
 1323.00  3.16
 1323.70  3.16
 1324.40  3.16
 1325.10  3.16
 1325.80  3.16
 1326.50  3.16
 1327.20  3.16
 1327.90  3.16
 1328.60  3.16
 1329.30  3.16
 1330.00  3.17
 1330.70  3.17
 1331.40  3.17
 1332.10  3.17
 1332.80  3.17
 1333.50  3.17
 1334.20  3.17
 1334.90  3.17
 1335.60  3.17
 1336.30  3.17
 1337.00  3.17
 1337.70  3.17
 1338.40  3.17
 1339.10  3.17
 1339.80  3.17
 1340.50  3.17
 1341.20  3.17
 1341.90  3.17
 1342.60  3.17
 1343.30  3.17
 1344.00  3.17
 1344.70  3.17
 1345.40  3.17
 1346.10  3.17
 1346.80  3.17
 1347.50  3.17
 1348.20  3.17
 1348.90  3.17
 1349.60  3.17
 1350.30  3.17
 1351.00  3.17
 1351.70  3.17
 1352.40  3.17
 1353.10  3.17
 1353.80  3.17
 1354.50  3.17
 1355.20  3.17
 1355.90  3.17
 1356.60  3.17
 1357.30  3.17
 1358.00  3.17
 1358.70  3.17
 1359.40  3.17
 1360.10  3.17
 1360.80  3.17
 1361.50  3.17
 1362.20  3.17
 1362.90  3.17
 1363.60  3.17
 1364.30  3.17
 1365.00  3.17
 1365.70  3.17
 1366.40  3.17
 1367.10  3.17
 1367.80  3.17
 1368.50  3.17
 1369.20  3.17
 1369.90  3.17
 1370.60  3.17
 1371.30  3.17
 1372.00  3.17
 1372.70  3.17
 1373.40  3.17
 1374.10  3.17
 1374.80  3.17
 1375.50  3.17
 1376.20  3.17
 1376.90  3.17
 1377.60  3.17
 1378.30  3.17
 1379.00  3.17
 1379.70  3.17
 1380.40  3.17
 1381.10  3.17
 1381.80  3.17
 1382.50  3.17
 1383.20  3.17
 1383.90  3.17
 1384.60  3.17
 1385.30  3.17
 1386.00  3.17
 1386.70  3.17
 1387.40  3.17
 1388.10  3.17
 1388.80  3.17
 1389.50  3.17
 1390.20  3.17
 1390.90  3.17
 1391.60  3.17
 1392.30  3.17
 1393.00  3.17
 1393.70  3.17
 1394.40  3.17
 1395.10  3.17
 1395.80  3.17
 1396.50  3.17
 1397.20  3.17
 1397.90  3.17
 1398.60  3.18
 1399.30  3.18
 1400.00  3.18
 1400.70  3.18
 1401.40  3.18
 1402.10  3.18
 1402.80  3.18
 1403.50  3.18
 1404.20  3.18
 1404.90  3.18
 1405.60  3.18
 1406.30  3.18
 1407.00  3.18
 1407.70  3.18
 1408.40  3.18
 1409.10  3.18
 1409.80  3.18
 1410.50  3.18
 1411.20  3.18
 1411.90  3.18
 1412.60  3.18
 1413.30  3.18
 1414.00  3.18
 1414.70  3.18
 1415.40  3.18
 1416.10  3.18
 1416.80  3.18
 1417.50  3.18
 1418.20  3.18
 1418.90  3.18
 1419.60  3.18
 1420.30  3.18
 1421.00  3.18
 1421.70  3.18
 1422.40  3.18
 1423.10  3.18
 1423.80  3.18
 1424.50  3.18
 1425.20  3.18
 1425.90  3.18
 1426.60  3.18
 1427.30  3.18
 1428.00  3.18
 1428.70  3.18
 1429.40  3.18
 1430.10  3.18
 1430.80  3.18
 1431.50  3.18
 1432.20  3.18
 1432.90  3.18
 1433.60  3.18
 1434.30  3.18
 1435.00  3.18
 1435.70  3.18
 1436.40  3.18
 1437.10  3.18
 1437.80  3.18
 1438.50  3.18
 1439.20  3.18
 1439.90  3.18
 1440.60  3.18
 1441.30  3.18
 1442.00  3.18
 1442.70  3.18
 1443.40  3.18
 1444.10  3.18
 1444.80  3.18
 1445.50  3.18
 1446.20  3.18
 1446.90  3.18
 1447.60  3.18
 1448.30  3.18
 1449.00  3.18
 1449.70  3.18
 1450.40  3.18
 1451.10  3.18
 1451.80  3.18
 1452.50  3.18
 1453.20  3.18
 1453.90  3.18
 1454.60  3.18
 1455.30  3.18
 1456.00  3.18
 1456.70  3.18
 1457.40  3.18
 1458.10  3.18
 1458.80  3.18
 1459.50  3.18
 1460.20  3.18
 1460.90  3.18
 1461.60  3.18
 1462.30  3.18
 1463.00  3.18
 1463.70  3.18
 1464.40  3.18
 1465.10  3.18
 1465.80  3.18
 1466.50  3.18
 1467.20  3.18
 1467.90  3.18
 1468.60  3.18
 1469.30  3.18
 1470.00  3.18
 1470.70  3.18
 1471.40  3.18
 1472.10  3.18
 1472.80  3.18
 1473.50  3.18
 1474.20  3.18
 1474.90  3.18
 1475.60  3.18
 1476.30  3.18
 1477.00  3.18
 1477.70  3.18
 1478.40  3.18
 1479.10  3.18
 1479.80  3.18
 1480.50  3.18
 1481.20  3.18
 1481.90  3.18
 1482.60  3.18
 1483.30  3.18
 1484.00  3.18
 1484.70  3.18
 1485.40  3.18
 1486.10  3.18
 1486.80  3.18
 1487.50  3.18
 1488.20  3.18
 1488.90  3.18
 1489.60  3.18
 1490.30  3.18
 1491.00  3.19
 1491.70  3.19
 1492.40  3.19
 1493.10  3.19
 1493.80  3.19
 1494.50  3.19
 1495.20  3.19
 1495.90  3.19
 1496.60  3.19
 1497.30  3.19
 1498.00  3.19
 1498.70  3.19
 1499.40  3.19
 1500.10  3.19
 1500.80  3.19
 1501.50  3.19
 1502.20  3.19
 1502.90  3.19
 1503.60  3.19
 1504.30  3.19
 1505.00  3.19
 1505.70  3.19
 1506.40  3.19
 1507.10  3.19
 1507.80  3.19
 1508.50  3.19
 1509.20  3.19
 1509.90  3.19
 1510.60  3.19
 1511.30  3.19
 1512.00  3.19
 1512.70  3.19
 1513.40  3.19
 1514.10  3.19
 1514.80  3.19
 1515.50  3.19
 1516.20  3.19
 1516.90  3.19
 1517.60  3.19
 1518.30  3.19
 1519.00  3.19
 1519.70  3.19
 1520.40  3.19
 1521.10  3.19
 1521.80  3.19
 1522.50  3.19
 1523.20  3.19
 1523.90  3.19
 1524.60  3.19
 1525.30  3.19
 1526.00  3.19
 1526.70  3.19
 1527.40  3.19
 1528.10  3.19
 1528.80  3.19
 1529.50  3.19
 1530.20  3.19
 1530.90  3.19
 1531.60  3.19
 1532.30  3.19
 1533.00  3.19
 1533.70  3.19
 1534.40  3.19
 1535.10  3.19
 1535.80  3.19
 1536.50  3.19
 1537.20  3.19
 1537.90  3.19
 1538.60  3.19
 1539.30  3.19
 1540.00  3.19
 1540.70  3.19
 1541.40  3.19
 1542.10  3.19
 1542.80  3.19
 1543.50  3.19
 1544.20  3.19
 1544.90  3.19
 1545.60  3.19
 1546.30  3.19
 1547.00  3.19
 1547.70  3.19
 1548.40  3.19
 1549.10  3.19
 1549.80  3.19
 1550.50  3.19
 1551.20  3.19
 1551.90  3.19
 1552.60  3.19
 1553.30  3.19
 1554.00  3.19
 1554.70  3.19
 1555.40  3.19
 1556.10  3.19
 1556.80  3.19
 1557.50  3.19
 1558.20  3.19
 1558.90  3.19
 1559.60  3.19
 1560.30  3.19
 1561.00  3.19
 1561.70  3.19
 1562.40  3.19
 1563.10  3.19
 1563.80  3.19
 1564.50  3.19
 1565.20  3.19
 1565.90  3.19
 1566.60  3.19
 1567.30  3.19
 1568.00  3.19
 1568.70  3.19
 1569.40  3.19
 1570.10  3.19
 1570.80  3.19
 1571.50  3.19
 1572.20  3.19
 1572.90  3.19
 1573.60  3.19
 1574.30  3.19
 1575.00  3.19
 1575.70  3.19
 1576.40  3.19
 1577.10  3.19
 1577.80  3.19
 1578.50  3.19
 1579.20  3.19
 1579.90  3.19
 1580.60  3.19
 1581.30  3.19
 1582.00  3.19
 1582.70  3.19
 1583.40  3.19
 1584.10  3.19
 1584.80  3.19
 1585.50  3.19
 1586.20  3.19
 1586.90  3.19
 1587.60  3.19
 1588.30  3.19
 1589.00  3.19
 1589.70  3.19
 1590.40  3.19
 1591.10  3.19
 1591.80  3.19
 1592.50  3.19
 1593.20  3.19
 1593.90  3.19
 1594.60  3.19
 1595.30  3.19
 1596.00  3.19
 1596.70  3.19
 1597.40  3.19
 1598.10  3.19
 1598.80  3.19
 1599.50  3.19
 1600.20  3.19
 1600.90  3.19
 1601.60  3.19
 1602.30  3.19
 1603.00  3.19
 1603.70  3.19
 1604.40  3.19
 1605.10  3.19
 1605.80  3.19
 1606.50  3.19
 1607.20  3.19
 1607.90  3.19
 1608.60  3.19
 1609.30  3.19
 1610.00  3.19
 1610.70  3.19
 1611.40  3.19
 1612.10  3.19
 1612.80  3.19
 1613.50  3.19
 1614.20  3.19
 1614.90  3.19
 1615.60  3.19
 1616.30  3.19
 1617.00  3.19
 1617.70  3.19
 1618.40  3.19
 1619.10  3.19
 1619.80  3.19
 1620.50  3.19
 1621.20  3.19
 1621.90  3.19
 1622.60  3.19
 1623.30  3.19
 1624.00  3.19
 1624.70  3.19
 1625.40  3.19
 1626.10  3.19
 1626.80  3.19
 1627.50  3.19
 1628.20  3.19
 1628.90  3.19
 1629.60  3.19
 1630.30  3.19
 1631.00  3.19
 1631.70  3.19
 1632.40  3.19
 1633.10  3.19
 1633.80  3.19
 1634.50  3.19
 1635.20  3.19
 1635.90  3.19
 1636.60  3.19
 1637.30  3.19
 1638.00  3.19
 1638.70  3.19
 1639.40  3.20
 1640.10  3.20
 1640.80  3.20
 1641.50  3.20
 1642.20  3.20
 1642.90  3.20
 1643.60  3.20
 1644.30  3.20
 1645.00  3.20
 1645.70  3.20
 1646.40  3.20
 1647.10  3.20
 1647.80  3.20
 1648.50  3.20
 1649.20  3.20
 1649.90  3.20
 1650.60  3.20
 1651.30  3.20
 1652.00  3.20
 1652.70  3.20
 1653.40  3.20
 1654.10  3.20
 1654.80  3.20
 1655.50  3.20
 1656.20  3.20
 1656.90  3.20
 1657.60  3.20
 1658.30  3.20
 1659.00  3.20
 1659.70  3.20
 1660.40  3.20
 1661.10  3.20
 1661.80  3.20
 1662.50  3.20
 1663.20  3.20
 1663.90  3.20
 1664.60  3.20
 1665.30  3.20
 1666.00  3.20
 1666.70  3.20
 1667.40  3.20
 1668.10  3.20
 1668.80  3.20
 1669.50  3.20
 1670.20  3.20
 1670.90  3.20
 1671.60  3.20
 1672.30  3.20
 1673.00  3.20
 1673.70  3.20
 1674.40  3.20
 1675.10  3.20
 1675.80  3.20
 1676.50  3.20
 1677.20  3.20
 1677.90  3.20
 1678.60  3.20
 1679.30  3.20
 1680.00  3.20
 1680.70  3.20
 1681.40  3.20
 1682.10  3.20
 1682.80  3.20
 1683.50  3.20
 1684.20  3.20
 1684.90  3.20
 1685.60  3.20
 1686.30  3.20
 1687.00  3.20
 1687.70  3.20
 1688.40  3.20
 1689.10  3.20
 1689.80  3.20
 1690.50  3.20
 1691.20  3.20
 1691.90  3.20
 1692.60  3.20
 1693.30  3.20
 1694.00  3.20
 1694.70  3.20
 1695.40  3.20
 1696.10  3.20
 1696.80  3.20
 1697.50  3.20
 1698.20  3.20
 1698.90  3.20
 1699.60  3.20
 1700.30  3.20
 1701.00  3.20
 1701.70  3.20
 1702.40  3.20
 1703.10  3.20
 1703.80  3.20
 1704.50  3.20
 1705.20  3.20
 1705.90  3.20
 1706.60  3.20
 1707.30  3.20
 1708.00  3.20
 1708.70  3.20
 1709.40  3.20
 1710.10  3.20
 1710.80  3.20
 1711.50  3.20
 1712.20  3.20
 1712.90  3.20
 1713.60  3.20
 1714.30  3.20
 1715.00  3.20
 1715.70  3.20
 1716.40  3.20
 1717.10  3.20
 1717.80  3.20
 1718.50  3.20
 1719.20  3.20
 1719.90  3.20
 1720.60  3.20
 1721.30  3.20
 1722.00  3.20
 1722.70  3.20
 1723.40  3.20
 1724.10  3.20
 1724.80  3.20
 1725.50  3.20
 1726.20  3.20
 1726.90  3.20
 1727.60  3.20
 1728.30  3.20
 1729.00  3.20
 1729.70  3.20
 1730.40  3.20
 1731.10  3.20
 1731.80  3.20
 1732.50  3.20
 1733.20  3.20
 1733.90  3.20
 1734.60  3.20
 1735.30  3.20
 1736.00  3.20
 1736.70  3.20
 1737.40  3.20
 1738.10  3.20
 1738.80  3.20
 1739.50  3.20
 1740.20  3.20
 1740.90  3.20
 1741.60  3.20
 1742.30  3.20
 1743.00  3.20
 1743.70  3.20
 1744.40  3.20
 1745.10  3.20
 1745.80  3.20
 1746.50  3.20
 1747.20  3.20
 1747.90  3.20
 1748.60  3.20
 1749.30  3.20
 1750.00  3.20
 1750.70  3.20
 1751.40  3.20
 1752.10  3.20
 1752.80  3.20
 1753.50  3.20
 1754.20  3.20
 1754.90  3.20
 1755.60  3.20
 1756.30  3.20
 1757.00  3.20
 1757.70  3.20
 1758.40  3.20
 1759.10  3.20
 1759.80  3.20
 1760.50  3.20
 1761.20  3.20
 1761.90  3.20
 1762.60  3.20
 1763.30  3.20
 1764.00  3.20
 1764.70  3.20
 1765.40  3.20
 1766.10  3.20
 1766.80  3.20
 1767.50  3.20
 1768.20  3.20
 1768.90  3.20
 1769.60  3.20
 1770.30  3.20
 1771.00  3.20
 1771.70  3.20
 1772.40  3.20
 1773.10  3.20
 1773.80  3.20
 1774.50  3.20
 1775.20  3.20
 1775.90  3.20
 1776.60  3.20
 1777.30  3.20
 1778.00  3.20
 1778.70  3.20
 1779.40  3.20
 1780.10  3.20
 1780.80  3.20
 1781.50  3.20
 1782.20  3.20
 1782.90  3.20
 1783.60  3.20
 1784.30  3.20
 1785.00  3.20
 1785.70  3.20
 1786.40  3.20
 1787.10  3.20
 1787.80  3.20
 1788.50  3.20
 1789.20  3.20
 1789.90  3.20
 1790.60  3.20
 1791.30  3.20
 1792.00  3.20
 1792.70  3.20
 1793.40  3.20
 1794.10  3.20
 1794.80  3.20
 1795.50  3.20
 1796.20  3.20
 1796.90  3.20
 1797.60  3.20
 1798.30  3.20
 1799.00  3.20
 1799.70  3.20
 1800.40  3.20
 1801.10  3.20
 1801.80  3.20
 1802.50  3.20
 1803.20  3.20
 1803.90  3.20
 1804.60  3.20
 1805.30  3.20
 1806.00  3.20
 1806.70  3.20
 1807.40  3.20
 1808.10  3.20
 1808.80  3.20
 1809.50  3.20
 1810.20  3.20
 1810.90  3.20
 1811.60  3.20
 1812.30  3.20
 1813.00  3.20
 1813.70  3.20
 1814.40  3.20
 1815.10  3.20
 1815.80  3.20
 1816.50  3.20
 1817.20  3.20
 1817.90  3.20
 1818.60  3.20
 1819.30  3.20
 1820.00  3.20
 1820.70  3.20
 1821.40  3.20
 1822.10  3.20
 1822.80  3.20
 1823.50  3.20
 1824.20  3.20
 1824.90  3.20
 1825.60  3.20
 1826.30  3.20
 1827.00  3.20
 1827.70  3.20
 1828.40  3.20
 1829.10  3.20
 1829.80  3.20
 1830.50  3.20
 1831.20  3.20
 1831.90  3.20
 1832.60  3.20
 1833.30  3.20
 1834.00  3.20
 1834.70  3.20
 1835.40  3.20
 1836.10  3.20
 1836.80  3.20
 1837.50  3.20
 1838.20  3.20
 1838.90  3.20
 1839.60  3.20
 1840.30  3.20
 1841.00  3.20
 1841.70  3.20
 1842.40  3.20
 1843.10  3.20
 1843.80  3.20
 1844.50  3.20
 1845.20  3.20
 1845.90  3.20
 1846.60  3.20
 1847.30  3.20
 1848.00  3.20
 1848.70  3.20
 1849.40  3.20
 1850.10  3.20
 1850.80  3.20
 1851.50  3.20
 1852.20  3.20
 1852.90  3.20
 1853.60  3.20
 1854.30  3.20
 1855.00  3.20
 1855.70  3.20
 1856.40  3.20
 1857.10  3.20
 1857.80  3.20
 1858.50  3.20
 1859.20  3.20
 1859.90  3.20
 1860.60  3.20
 1861.30  3.20
 1862.00  3.20
 1862.70  3.20
 1863.40  3.20
 1864.10  3.20
 1864.80  3.20
 1865.50  3.20
 1866.20  3.20
 1866.90  3.20
 1867.60  3.20
 1868.30  3.20
 1869.00  3.20
 1869.70  3.20
 1870.40  3.20
 1871.10  3.20
 1871.80  3.20
 1872.50  3.20
 1873.20  3.20
 1873.90  3.20
 1874.60  3.20
 1875.30  3.20
 1876.00  3.20
 1876.70  3.20
 1877.40  3.20
 1878.10  3.20
 1878.80  3.20
 1879.50  3.20
 1880.20  3.20
 1880.90  3.20
 1881.60  3.20
 1882.30  3.20
 1883.00  3.20
 1883.70  3.20
 1884.40  3.20
 1885.10  3.20
 1885.80  3.20
 1886.50  3.20
 1887.20  3.20
 1887.90  3.20
 1888.60  3.20
 1889.30  3.20
 1890.00  3.20
 1890.70  3.20
 1891.40  3.20
 1892.10  3.20
 1892.80  3.20
 1893.50  3.20
 1894.20  3.20
 1894.90  3.20
 1895.60  3.20
 1896.30  3.20
 1897.00  3.20
 1897.70  3.20
 1898.40  3.20
 1899.10  3.20
 1899.80  3.20
 1900.50  3.20
 1901.20  3.20
 1901.90  3.20
 1902.60  3.20
 1903.30  3.20
 1904.00  3.20
 1904.70  3.20
 1905.40  3.20
 1906.10  3.20
 1906.80  3.20
 1907.50  3.20
 1908.20  3.20
 1908.90  3.20
 1909.60  3.20
 1910.30  3.20
 1911.00  3.20
 1911.70  3.20
 1912.40  3.20
 1913.10  3.20
 1913.80  3.20
 1914.50  3.20
 1915.20  3.20
 1915.90  3.20
 1916.60  3.20
 1917.30  3.20
 1918.00  3.20
 1918.70  3.20
 1919.40  3.20
 1920.10  3.20
 1920.80  3.20
 1921.50  3.20
 1922.20  3.20
 1922.90  3.20
 1923.60  3.20
 1924.30  3.20
 1925.00  3.20
 1925.70  3.20
 1926.40  3.20
 1927.10  3.20
 1927.80  3.20
 1928.50  3.20
 1929.20  3.20
 1929.90  3.20
 1930.60  3.20
 1931.30  3.20
 1932.00  3.20
 1932.70  3.20
 1933.40  3.20
 1934.10  3.20
 1934.80  3.20
 1935.50  3.20
 1936.20  3.20
 1936.90  3.20
 1937.60  3.20
 1938.30  3.20
 1939.00  3.20
 1939.70  3.20
 1940.40  3.20
 1941.10  3.20
 1941.80  3.20
 1942.50  3.20
 1943.20  3.20
 1943.90  3.20
 1944.60  3.20
 1945.30  3.20
 1946.00  3.20
 1946.70  3.20
 1947.40  3.20
 1948.10  3.20
 1948.80  3.20
 1949.50  3.20
 1950.20  3.20
 1950.90  3.20
 1951.60  3.20
 1952.30  3.20
 1953.00  3.20
 1953.70  3.20
 1954.40  3.20
 1955.10  3.20
 1955.80  3.20
 1956.50  3.20
 1957.20  3.20
 1957.90  3.20
 1958.60  3.20
 1959.30  3.20
 1960.00  3.20
 1960.70  3.20
 1961.40  3.20
 1962.10  3.20
 1962.80  3.20
 1963.50  3.20
 1964.20  3.20
 1964.90  3.20
 1965.60  3.20
 1966.30  3.20
 1967.00  3.20
 1967.70  3.20
 1968.40  3.20
 1969.10  3.20
 1969.80  3.20
 1970.50  3.20
 1971.20  3.20
 1971.90  3.20
 1972.60  3.20
 1973.30  3.20
 1974.00  3.20
 1974.70  3.20
 1975.40  3.20
 1976.10  3.20
 1976.80  3.20
 1977.50  3.20
 1978.20  3.20
 1978.90  3.20
 1979.60  3.20
 1980.30  3.20
 1981.00  3.20
 1981.70  3.20
 1982.40  3.20
 1983.10  3.20
 1983.80  3.20
 1984.50  3.20
 1985.20  3.20
 1985.90  3.20
 1986.60  3.20
 1987.30  3.20
 1988.00  3.20
 1988.70  3.20
 1989.40  3.20
 1990.10  3.20
 1990.80  3.20
 1991.50  3.20
 1992.20  3.20
 1992.90  3.20
 1993.60  3.20
 1994.30  3.20
 1995.00  3.20
 1995.70  3.20
 1996.40  3.20
 1997.10  3.20
 1997.80  3.20
 1998.50  3.20
 1999.20  3.20
 1999.90  3.20
 2000.60  3.20
 2001.30  3.20
 2002.00  3.20
 2002.70  3.20
 2003.40  3.20
 2004.10  3.20
 2004.80  3.20
 2005.50  3.20
 2006.20  3.20
 2006.90  3.20
 2007.60  3.20
 2008.30  3.20
 2009.00  3.20
 2009.70  3.20
 2010.40  3.20
 2011.10  3.20
 2011.80  3.20
 2012.50  3.20
 2013.20  3.20
 2013.90  3.20
 2014.60  3.20
 2015.30  3.20
 2016.00  3.20
 2016.70  3.20
 2017.40  3.20
 2018.10  3.20
 2018.80  3.20
 2019.50  3.20
 2020.20  3.20
 2020.90  3.20
 2021.60  3.20
 2022.30  3.20
 2023.00  3.20
 2023.70  3.20
 2024.40  3.20
 2025.10  3.20
 2025.80  3.20
 2026.50  3.20
 2027.20  3.20
 2027.90  3.20
 2028.60  3.20
 2029.30  3.20
 2030.00  3.20
 2030.70  3.20
 2031.40  3.20
 2032.10  3.20
 2032.80  3.20
 2033.50  3.20
 2034.20  3.20
 2034.90  3.20
 2035.60  3.20
 2036.30  3.20
 2037.00  3.20
 2037.70  3.20
 2038.40  3.20
 2039.10  3.20
 2039.80  3.20
 2040.50  3.20
 2041.20  3.20
 2041.90  3.20
 2042.60  3.20
 2043.30  3.20
 2044.00  3.20
 2044.70  3.20
 2045.40  3.21
 2046.10  3.21
 2046.80  3.21
 2047.50  3.21
 2048.20  3.21
 2048.90  3.21
 2049.60  3.21
 2050.30  3.21
 2051.00  3.21
 2051.70  3.21
 2052.40  3.21
 2053.10  3.21
 2053.80  3.21
 2054.50  3.21
 2055.20  3.21
 2055.90  3.21
 2056.60  3.21
 2057.30  3.21
 2058.00  3.21
 2058.70  3.21
 2059.40  3.21
 2060.10  3.21
 2060.80  3.21
 2061.50  3.21
 2062.20  3.21
 2062.90  3.21
 2063.60  3.21
 2064.30  3.21
 2065.00  3.21
 2065.70  3.21
 2066.40  3.21
 2067.10  3.21
 2067.80  3.21
 2068.50  3.21
 2069.20  3.21
 2069.90  3.21
 2070.60  3.21
 2071.30  3.21
 2072.00  3.21
 2072.70  3.21
 2073.40  3.21
 2074.10  3.21
 2074.80  3.21
 2075.50  3.21
 2076.20  3.21
 2076.90  3.21
 2077.60  3.21
 2078.30  3.21
 2079.00  3.21
 2079.70  3.21
 2080.40  3.21
 2081.10  3.21
 2081.80  3.21
 2082.50  3.21
 2083.20  3.21
 2083.90  3.21
 2084.60  3.21
 2085.30  3.21
 2086.00  3.21
 2086.70  3.21
 2087.40  3.21
 2088.10  3.21
 2088.80  3.21
 2089.50  3.21
 2090.20  3.21
 2090.90  3.21
 2091.60  3.21
 2092.30  3.21
 2093.00  3.21
 2093.70  3.21
 2094.40  3.21
 2095.10  3.21
 2095.80  3.21
 2096.50  3.21
 2097.20  3.21
 2097.90  3.21
 2098.60  3.21
 2099.30  3.21
 2100.00  3.21
 2100.70  3.21
 2101.40  3.21
 2102.10  3.21
 2102.80  3.21
 2103.50  3.21
 2104.20  3.21
 2104.90  3.21
 2105.60  3.21
 2106.30  3.21
 2107.00  3.21
 2107.70  3.21
 2108.40  3.21
 2109.10  3.21
 2109.80  3.21
 2110.50  3.21
 2111.20  3.21
 2111.90  3.21
 2112.60  3.21
 2113.30  3.21
 2114.00  3.21
 2114.70  3.21
 2115.40  3.21
 2116.10  3.21
 2116.80  3.21
 2117.50  3.21
 2118.20  3.21
 2118.90  3.21
 2119.60  3.21
 2120.30  3.21
 2121.00  3.21
 2121.70  3.21
 2122.40  3.21
 2123.10  3.21
 2123.80  3.21
 2124.50  3.21
 2125.20  3.21
 2125.90  3.21
 2126.60  3.21
 2127.30  3.21
 2128.00  3.21
 2128.70  3.21
 2129.40  3.21
 2130.10  3.21
 2130.80  3.21
 2131.50  3.21
 2132.20  3.21
 2132.90  3.21
 2133.60  3.21
 2134.30  3.21
 2135.00  3.21
 2135.70  3.21
 2136.40  3.21
 2137.10  3.21
 2137.80  3.21
 2138.50  3.21
 2139.20  3.21
 2139.90  3.21
 2140.60  3.21
 2141.30  3.21
 2142.00  3.21
 2142.70  3.21
 2143.40  3.21
 2144.10  3.21
 2144.80  3.21
 2145.50  3.21
 2146.20  3.21
 2146.90  3.21
 2147.60  3.21
 2148.30  3.21
 2149.00  3.21
 2149.70  3.21
 2150.40  3.21
 2151.10  3.21
 2151.80  3.21
 2152.50  3.21
 2153.20  3.21
 2153.90  3.21
 2154.60  3.21
 2155.30  3.21
 2156.00  3.21
 2156.70  3.21
 2157.40  3.21
 2158.10  3.21
 2158.80  3.21
 2159.50  3.21
 2160.20  3.21
 2160.90  3.21
 2161.60  3.21
 2162.30  3.21
 2163.00  3.21
 2163.70  3.21
 2164.40  3.21
 2165.10  3.21
 2165.80  3.21
 2166.50  3.21
 2167.20  3.21
 2167.90  3.21
 2168.60  3.21
 2169.30  3.21
 2170.00  3.21
 2170.70  3.21
 2171.40  3.21
 2172.10  3.21
 2172.80  3.21
 2173.50  3.21
 2174.20  3.21
 2174.90  3.21
 2175.60  3.21
 2176.30  3.21
 2177.00  3.21
 2177.70  3.21
 2178.40  3.21
 2179.10  3.21
 2179.80  3.21
 2180.50  3.21
 2181.20  3.21
 2181.90  3.21
 2182.60  3.21
 2183.30  3.21
 2184.00  3.21
 2184.70  3.21
 2185.40  3.21
 2186.10  3.21
 2186.80  3.21
 2187.50  3.21
 2188.20  3.21
 2188.90  3.21
 2189.60  3.21
 2190.30  3.21
 2191.00  3.21
 2191.70  3.21
 2192.40  3.21
 2193.10  3.21
 2193.80  3.21
 2194.50  3.21
 2195.20  3.21
 2195.90  3.21
 2196.60  3.21
 2197.30  3.21
 2198.00  3.21
 2198.70  3.21
 2199.40  3.21
 2200.10  3.21
 2200.80  3.21
 2201.50  3.21
 2202.20  3.21
 2202.90  3.21
 2203.60  3.21
 2204.30  3.21
 2205.00  3.21
 2205.70  3.21
 2206.40  3.21
 2207.10  3.21
 2207.80  3.21
 2208.50  3.21
 2209.20  3.21
 2209.90  3.21
 2210.60  3.21
 2211.30  3.21
 2212.00  3.21
 2212.70  3.21
 2213.40  3.21
 2214.10  3.21
 2214.80  3.21
 2215.50  3.21
 2216.20  3.21
 2216.90  3.21
 2217.60  3.21
 2218.30  3.21
 2219.00  3.21
 2219.70  3.21
 2220.40  3.21
 2221.10  3.21
 2221.80  3.21
 2222.50  3.21
 2223.20  3.21
 2223.90  3.21
 2224.60  3.21
 2225.30  3.21
 2226.00  3.21
 2226.70  3.21
 2227.40  3.21
 2228.10  3.21
 2228.80  3.21
 2229.50  3.21
 2230.20  3.21
 2230.90  3.21
 2231.60  3.21
 2232.30  3.21
 2233.00  3.21
 2233.70  3.21
 2234.40  3.21
 2235.10  3.21
 2235.80  3.21
 2236.50  3.21
 2237.20  3.21
 2237.90  3.21
 2238.60  3.21
 2239.30  3.21
 2240.00  3.21
 2240.70  3.21
 2241.40  3.21
 2242.10  3.21
 2242.80  3.21
 2243.50  3.21
 2244.20  3.21
 2244.90  3.21
 2245.60  3.21
 2246.30  3.21
 2247.00  3.21
 2247.70  3.21
 2248.40  3.21
 2249.10  3.21
 2249.80  3.21
 2250.50  3.21
 2251.20  3.21
 2251.90  3.21
 2252.60  3.21
 2253.30  3.21
 2254.00  3.21
 2254.70  3.21
 2255.40  3.21
 2256.10  3.21
 2256.80  3.21
 2257.50  3.21
 2258.20  3.21
 2258.90  3.21
 2259.60  3.21
 2260.30  3.21
 2261.00  3.21
 2261.70  3.21
 2262.40  3.21
 2263.10  3.21
 2263.80  3.21
 2264.50  3.21
 2265.20  3.21
 2265.90  3.21
 2266.60  3.21
 2267.30  3.21
 2268.00  3.21
 2268.70  3.21
 2269.40  3.21
 2270.10  3.21
 2270.80  3.21
 2271.50  3.21
 2272.20  3.21
 2272.90  3.21
 2273.60  3.21
 2274.30  3.21
 2275.00  3.21
 2275.70  3.21
 2276.40  3.21
 2277.10  3.21
 2277.80  3.21
 2278.50  3.21
 2279.20  3.21
 2279.90  3.21
 2280.60  3.21
 2281.30  3.21
 2282.00  3.21
 2282.70  3.21
 2283.40  3.21
 2284.10  3.21
 2284.80  3.21
 2285.50  3.21
 2286.20  3.21
 2286.90  3.21
 2287.60  3.21
 2288.30  3.21
 2289.00  3.21
 2289.70  3.21
 2290.40  3.21
 2291.10  3.21
 2291.80  3.21
 2292.50  3.21
 2293.20  3.21
 2293.90  3.21
 2294.60  3.21
 2295.30  3.21
 2296.00  3.21
 2296.70  3.21
 2297.40  3.21
 2298.10  3.21
 2298.80  3.21
 2299.50  3.21
 2300.20  3.21
 2300.90  3.21
 2301.60  3.21
 2302.30  3.21
 2303.00  3.21
 2303.70  3.21
 2304.40  3.21
 2305.10  3.21
 2305.80  3.21
 2306.50  3.21
 2307.20  3.21
 2307.90  3.21
 2308.60  3.21
 2309.30  3.21
 2310.00  3.21
 2310.70  3.21
 2311.40  3.21
 2312.10  3.21
 2312.80  3.21
 2313.50  3.21
 2314.20  3.21
 2314.90  3.21
 2315.60  3.21
 2316.30  3.21
 2317.00  3.21
 2317.70  3.21
 2318.40  3.21
 2319.10  3.21
 2319.80  3.21
 2320.50  3.21
 2321.20  3.21
 2321.90  3.21
 2322.60  3.21
 2323.30  3.21
 2324.00  3.21
 2324.70  3.21
 2325.40  3.21
 2326.10  3.21
 2326.80  3.21
 2327.50  3.21
 2328.20  3.21
 2328.90  3.21
 2329.60  3.21
 2330.30  3.21
 2331.00  3.21
 2331.70  3.21
 2332.40  3.21
 2333.10  3.21
 2333.80  3.21
 2334.50  3.21
 2335.20  3.21
 2335.90  3.21
 2336.60  3.21
 2337.30  3.21
 2338.00  3.21
 2338.70  3.21
 2339.40  3.21
 2340.10  3.21
 2340.80  3.21
 2341.50  3.21
 2342.20  3.21
 2342.90  3.21
 2343.60  3.21
 2344.30  3.21
 2345.00  3.21
 2345.70  3.21
 2346.40  3.21
 2347.10  3.21
 2347.80  3.21
 2348.50  3.21
 2349.20  3.21
 2349.90  3.21
 2350.60  3.21
 2351.30  3.21
 2352.00  3.21
 2352.70  3.21
 2353.40  3.21
 2354.10  3.21
 2354.80  3.21
 2355.50  3.21
 2356.20  3.21
 2356.90  3.21
 2357.60  3.21
 2358.30  3.21
 2359.00  3.21
 2359.70  3.21
 2360.40  3.21
 2361.10  3.21
 2361.80  3.21
 2362.50  3.21
 2363.20  3.21
 2363.90  3.21
 2364.60  3.21
 2365.30  3.21
 2366.00  3.21
 2366.70  3.21
 2367.40  3.21
 2368.10  3.21
 2368.80  3.21
 2369.50  3.21
 2370.20  3.21
 2370.90  3.21
 2371.60  3.21
 2372.30  3.21
 2373.00  3.21
 2373.70  3.21
 2374.40  3.21
 2375.10  3.21
 2375.80  3.21
 2376.50  3.21
 2377.20  3.21
 2377.90  3.21
 2378.60  3.21
 2379.30  3.21
 2380.00  3.21
 2380.70  3.21
 2381.40  3.21
 2382.10  3.21
 2382.80  3.21
 2383.50  3.21
 2384.20  3.21
 2384.90  3.21
 2385.60  3.21
 2386.30  3.21
 2387.00  3.21
 2387.70  3.21
 2388.40  3.21
 2389.10  3.21
 2389.80  3.21
 2390.50  3.21
 2391.20  3.21
 2391.90  3.21
 2392.60  3.21
 2393.30  3.21
 2394.00  3.21
 2394.70  3.21
 2395.40  3.21
 2396.10  3.21
 2396.80  3.21
 2397.50  3.21
 2398.20  3.21
 2398.90  3.21
 2399.60  3.21
 2400.30  3.21
 2401.00  3.21
 2401.70  3.21
 2402.40  3.21
 2403.10  3.21
 2403.80  3.21
 2404.50  3.21
 2405.20  3.21
 2405.90  3.21
 2406.60  3.21
 2407.30  3.21
 2408.00  3.21
 2408.70  3.21
 2409.40  3.21
 2410.10  3.21
 2410.80  3.21
 2411.50  3.21
 2412.20  3.21
 2412.90  3.21
 2413.60  3.21
 2414.30  3.21
 2415.00  3.21
 2415.70  3.21
 2416.40  3.21
 2417.10  3.21
 2417.80  3.21
 2418.50  3.21
 2419.20  3.21
 2419.90  3.21
 2420.60  3.21
 2421.30  3.21
 2422.00  3.21
 2422.70  3.21
 2423.40  3.21
 2424.10  3.21
 2424.80  3.21
 2425.50  3.21
 2426.20  3.21
 2426.90  3.21
 2427.60  3.21
 2428.30  3.21
 2429.00  3.21
 2429.70  3.21
 2430.40  3.21
 2431.10  3.21
 2431.80  3.21
 2432.50  3.21
 2433.20  3.21
 2433.90  3.21
 2434.60  3.21
 2435.30  3.21
 2436.00  3.21
 2436.70  3.21
 2437.40  3.21
 2438.10  3.21
 2438.80  3.21
 2439.50  3.21
 2440.20  3.21
 2440.90  3.21
 2441.60  3.21
 2442.30  3.21
 2443.00  3.21
 2443.70  3.21
 2444.40  3.21
 2445.10  3.21
 2445.80  3.21
 2446.50  3.21
 2447.20  3.21
 2447.90  3.21
 2448.60  3.21
 2449.30  3.21
 2450.00  3.21
 2450.70  3.21
 2451.40  3.21
 2452.10  3.21
 2452.80  3.21
 2453.50  3.21
 2454.20  3.21
 2454.90  3.21
 2455.60  3.21
 2456.30  3.21
 2457.00  3.21
 2457.70  3.21
 2458.40  3.21
 2459.10  3.21
 2459.80  3.21
 2460.50  3.21
 2461.20  3.21
 2461.90  3.21
 2462.60  3.21
 2463.30  3.21
 2464.00  3.21
 2464.70  3.21
 2465.40  3.21
 2466.10  3.21
 2466.80  3.21
 2467.50  3.21
 2468.20  3.21
 2468.90  3.21
 2469.60  3.21
 2470.30  3.21
 2471.00  3.21
 2471.70  3.21
 2472.40  3.21
 2473.10  3.21
 2473.80  3.21
 2474.50  3.21
 2475.20  3.21
 2475.90  3.21
 2476.60  3.21
 2477.30  3.21
 2478.00  3.21
 2478.70  3.21
 2479.40  3.21
 2480.10  3.21
 2480.80  3.21
 2481.50  3.21
 2482.20  3.21
 2482.90  3.21
 2483.60  3.21
 2484.30  3.21
 2485.00  3.21
 2485.70  3.21
 2486.40  3.21
 2487.10  3.21
 2487.80  3.21
 2488.50  3.21
 2489.20  3.21
 2489.90  3.21
 2490.60  3.21
 2491.30  3.21
 2492.00  3.21
 2492.70  3.21
 2493.40  3.21
 2494.10  3.21
 2494.80  3.21
 2495.50  3.21
 2496.20  3.21
 2496.90  3.21
 2497.60  3.21
 2498.30  3.21
 2499.00  3.21
 2499.70  3.21
 2500.40  3.21
 2501.10  3.21
 2501.80  3.21
 2502.50  3.21
 2503.20  3.21
 2503.90  3.21
 2504.60  3.21
 2505.30  3.21
 2506.00  3.21
 2506.70  3.21
 2507.40  3.21
 2508.10  3.21
 2508.80  3.21
 2509.50  3.21
 2510.20  3.21
 2510.90  3.21
 2511.60  3.21
 2512.30  3.21
 2513.00  3.21
 2513.70  3.21
 2514.40  3.21
 2515.10  3.21
 2515.80  3.21
 2516.50  3.21
 2517.20  3.21
 2517.90  3.21
 2518.60  3.21
 2519.30  3.21
 2520.00  3.21
 2520.70  3.21
 2521.40  3.21
 2522.10  3.21
 2522.80  3.21
 2523.50  3.21
 2524.20  3.21
 2524.90  3.21
 2525.60  3.21
 2526.30  3.21
 2527.00  3.21
 2527.70  3.21
 2528.40  3.21
 2529.10  3.21
 2529.80  3.21
 2530.50  3.21
 2531.20  3.21
 2531.90  3.21
 2532.60  3.21
 2533.30  3.21
 2534.00  3.21
 2534.70  3.21
 2535.40  3.21
 2536.10  3.21
 2536.80  3.21
 2537.50  3.21
 2538.20  3.21
 2538.90  3.21
 2539.60  3.21
 2540.30  3.21
 2541.00  3.21
 2541.70  3.21
 2542.40  3.21
 2543.10  3.21
 2543.80  3.21
 2544.50  3.21
 2545.20  3.21
 2545.90  3.21
 2546.60  3.21
 2547.30  3.21
 2548.00  3.21
 2548.70  3.21
 2549.40  3.21
 2550.10  3.21
 2550.80  3.21
 2551.50  3.21
 2552.20  3.21
 2552.90  3.21
 2553.60  3.21
 2554.30  3.21
 2555.00  3.21
 2555.70  3.21
 2556.40  3.21
 2557.10  3.21
 2557.80  3.21
 2558.50  3.21
 2559.20  3.21
 2559.90  3.21
 2560.60  3.21
 2561.30  3.21
 2562.00  3.21
 2562.70  3.21
 2563.40  3.21
 2564.10  3.21
 2564.80  3.21
 2565.50  3.21
 2566.20  3.21
 2566.90  3.21
 2567.60  3.21
 2568.30  3.21
 2569.00  3.21
 2569.70  3.21
 2570.40  3.21
 2571.10  3.21
 2571.80  3.21
 2572.50  3.21
 2573.20  3.21
 2573.90  3.21
 2574.60  3.21
 2575.30  3.21
 2576.00  3.21
 2576.70  3.21
 2577.40  3.21
 2578.10  3.21
 2578.80  3.21
 2579.50  3.21
 2580.20  3.21
 2580.90  3.21
 2581.60  3.21
 2582.30  3.21
 2583.00  3.21
 2583.70  3.21
 2584.40  3.21
 2585.10  3.21
 2585.80  3.21
 2586.50  3.21
 2587.20  3.21
 2587.90  3.21
 2588.60  3.21
 2589.30  3.21
 2590.00  3.21
 2590.70  3.21
 2591.40  3.21
 2592.10  3.21
 2592.80  3.21
 2593.50  3.21
 2594.20  3.21
 2594.90  3.21
 2595.60  3.21
 2596.30  3.21
 2597.00  3.21
 2597.70  3.21
 2598.40  3.21
 2599.10  3.21
 2599.80  3.21
 2600.50  3.21
 2601.20  3.21
 2601.90  3.21
 2602.60  3.21
 2603.30  3.21
 2604.00  3.21
 2604.70  3.21
 2605.40  3.21
 2606.10  3.21
 2606.80  3.21
 2607.50  3.21
 2608.20  3.21
 2608.90  3.21
 2609.60  3.21
 2610.30  3.21
 2611.00  3.21
 2611.70  3.21
 2612.40  3.21
 2613.10  3.21
 2613.80  3.21
 2614.50  3.21
 2615.20  3.21
 2615.90  3.21
 2616.60  3.21
 2617.30  3.21
 2618.00  3.21
 2618.70  3.21
 2619.40  3.21
 2620.10  3.21
 2620.80  3.21
 2621.50  3.21
 2622.20  3.21
 2622.90  3.21
 2623.60  3.21
 2624.30  3.21
 2625.00  3.21
 2625.70  3.21
 2626.40  3.21
 2627.10  3.21
 2627.80  3.21
 2628.50  3.21
 2629.20  3.21
 2629.90  3.21
 2630.60  3.21
 2631.30  3.21
 2632.00  3.21
 2632.70  3.21
 2633.40  3.21
 2634.10  3.21
 2634.80  3.21
 2635.50  3.21
 2636.20  3.21
 2636.90  3.21
 2637.60  3.21
 2638.30  3.21
 2639.00  3.21
 2639.70  3.21
 2640.40  3.21
 2641.10  3.21
 2641.80  3.21
 2642.50  3.21
 2643.20  3.21
 2643.90  3.21
 2644.60  3.21
 2645.30  3.21
 2646.00  3.21
 2646.70  3.21
 2647.40  3.21
 2648.10  3.21
 2648.80  3.21
 2649.50  3.21
 2650.20  3.21
 2650.90  3.21
 2651.60  3.21
 2652.30  3.21
 2653.00  3.21
 2653.70  3.21
 2654.40  3.21
 2655.10  3.21
 2655.80  3.21
 2656.50  3.21
 2657.20  3.21
 2657.90  3.21
 2658.60  3.21
 2659.30  3.21
 2660.00  3.21
 2660.70  3.21
 2661.40  3.21
 2662.10  3.21
 2662.80  3.21
 2663.50  3.21
 2664.20  3.21
 2664.90  3.21
 2665.60  3.21
 2666.30  3.21
 2667.00  3.21
 2667.70  3.21
 2668.40  3.21
 2669.10  3.21
 2669.80  3.21
 2670.50  3.21
 2671.20  3.21
 2671.90  3.21
 2672.60  3.21
 2673.30  3.21
 2674.00  3.21
 2674.70  3.21
 2675.40  3.21
 2676.10  3.21
 2676.80  3.21
 2677.50  3.21
 2678.20  3.21
 2678.90  3.21
 2679.60  3.21
 2680.30  3.21
 2681.00  3.21
 2681.70  3.21
 2682.40  3.21
 2683.10  3.21
 2683.80  3.21
 2684.50  3.21
 2685.20  3.21
 2685.90  3.21
 2686.60  3.21
 2687.30  3.21
 2688.00  3.21
 2688.70  3.21
 2689.40  3.21
 2690.10  3.21
 2690.80  3.21
 2691.50  3.21
 2692.20  3.21
 2692.90  3.21
 2693.60  3.21
 2694.30  3.21
 2695.00  3.21
 2695.70  3.21
 2696.40  3.21
 2697.10  3.21
 2697.80  3.21
 2698.50  3.21
 2699.20  3.21
 2699.90  3.21
 2700.60  3.21
 2701.30  3.21
 2702.00  3.21
 2702.70  3.21
 2703.40  3.21
 2704.10  3.21
 2704.80  3.21
 2705.50  3.21
 2706.20  3.21
 2706.90  3.21
 2707.60  3.21
 2708.30  3.21
 2709.00  3.21
 2709.70  3.21
 2710.40  3.21
 2711.10  3.21
 2711.80  3.21
 2712.50  3.21
 2713.20  3.21
 2713.90  3.21
 2714.60  3.21
 2715.30  3.21
 2716.00  3.21
 2716.70  3.21
 2717.40  3.21
 2718.10  3.21
 2718.80  3.21
 2719.50  3.21
 2720.20  3.21
 2720.90  3.21
 2721.60  3.21
 2722.30  3.21
 2723.00  3.21
 2723.70  3.21
 2724.40  3.21
 2725.10  3.21
 2725.80  3.21
 2726.50  3.21
 2727.20  3.21
 2727.90  3.21
 2728.60  3.21
 2729.30  3.21
 2730.00  3.21
 2730.70  3.21
 2731.40  3.21
 2732.10  3.21
 2732.80  3.21
 2733.50  3.21
 2734.20  3.21
 2734.90  3.21
 2735.60  3.21
 2736.30  3.21
 2737.00  3.21
 2737.70  3.21
 2738.40  3.21
 2739.10  3.21
 2739.80  3.21
 2740.50  3.21
 2741.20  3.21
 2741.90  3.21
 2742.60  3.21
 2743.30  3.21
 2744.00  3.21
 2744.70  3.21
 2745.40  3.21
 2746.10  3.21
 2746.80  3.21
 2747.50  3.21
 2748.20  3.21
 2748.90  3.21
 2749.60  3.21
 2750.30  3.21
 2751.00  3.21
 2751.70  3.21
 2752.40  3.21
 2753.10  3.21
 2753.80  3.21
 2754.50  3.21
 2755.20  3.21
 2755.90  3.21
 2756.60  3.21
 2757.30  3.21
 2758.00  3.21
 2758.70  3.21
 2759.40  3.21
 2760.10  3.21
 2760.80  3.21
 2761.50  3.21
 2762.20  3.21
 2762.90  3.21
 2763.60  3.21
 2764.30  3.21
 2765.00  3.21
 2765.70  3.21
 2766.40  3.21
 2767.10  3.21
 2767.80  3.21
 2768.50  3.21
 2769.20  3.21
 2769.90  3.21
 2770.60  3.21
 2771.30  3.21
 2772.00  3.21
 2772.70  3.21
 2773.40  3.21
 2774.10  3.21
 2774.80  3.21
 2775.50  3.21
 2776.20  3.21
 2776.90  3.21
 2777.60  3.21
 2778.30  3.21
 2779.00  3.21
 2779.70  3.21
 2780.40  3.21
 2781.10  3.21
 2781.80  3.21
 2782.50  3.21
 2783.20  3.21
 2783.90  3.21
 2784.60  3.21
 2785.30  3.21
 2786.00  3.21
 2786.70  3.21
 2787.40  3.21
 2788.10  3.21
 2788.80  3.21
 2789.50  3.21
 2790.20  3.21
 2790.90  3.21
 2791.60  3.21
 2792.30  3.21
 2793.00  3.21
 2793.70  3.21
 2794.40  3.21
 2795.10  3.21
 2795.80  3.21
 2796.50  3.21
 2797.20  3.21
 2797.90  3.21
 2798.60  3.21
 2799.30  3.21
 2800.00  3.21
 2800.70  3.21
 2801.40  3.21
 2802.10  3.21
 2802.80  3.21
 2803.50  3.21
 2804.20  3.21
 2804.90  3.21
 2805.60  3.21
 2806.30  3.21
 2807.00  3.21
 2807.70  3.21
 2808.40  3.21
 2809.10  3.21
 2809.80  3.21
 2810.50  3.21
 2811.20  3.21
 2811.90  3.21
 2812.60  3.21
 2813.30  3.21
 2814.00  3.21
 2814.70  3.21
 2815.40  3.21
 2816.10  3.21
 2816.80  3.21
 2817.50  3.21
 2818.20  3.21
 2818.90  3.21
 2819.60  3.21
 2820.30  3.21
 2821.00  3.21
 2821.70  3.21
 2822.40  3.21
 2823.10  3.21
 2823.80  3.21
 2824.50  3.21
 2825.20  3.21
 2825.90  3.21
 2826.60  3.21
 2827.30  3.21
 2828.00  3.21
 2828.70  3.21
 2829.40  3.21
 2830.10  3.21
 2830.80  3.21
 2831.50  3.21
 2832.20  3.21
 2832.90  3.21
 2833.60  3.21
 2834.30  3.21
 2835.00  3.21
 2835.70  3.21
 2836.40  3.21
 2837.10  3.21
 2837.80  3.21
 2838.50  3.21
 2839.20  3.21
 2839.90  3.21
 2840.60  3.21
 2841.30  3.21
 2842.00  3.21
 2842.70  3.21
 2843.40  3.21
 2844.10  3.21
 2844.80  3.21
 2845.50  3.21
 2846.20  3.21
 2846.90  3.21
 2847.60  3.21
 2848.30  3.21
 2849.00  3.21
 2849.70  3.21
 2850.40  3.21
 2851.10  3.21
 2851.80  3.21
 2852.50  3.21
 2853.20  3.21
 2853.90  3.21
 2854.60  3.21
 2855.30  3.21
 2856.00  3.21
 2856.70  3.21
 2857.40  3.21
 2858.10  3.21
 2858.80  3.21
 2859.50  3.21
 2860.20  3.21
 2860.90  3.21
 2861.60  3.21
 2862.30  3.21
 2863.00  3.21
 2863.70  3.21
 2864.40  3.21
 2865.10  3.21
 2865.80  3.21
 2866.50  3.21
 2867.20  3.21
 2867.90  3.21
 2868.60  3.21
 2869.30  3.21
 2870.00  3.21
 2870.70  3.21
 2871.40  3.21
 2872.10  3.21
 2872.80  3.21
 2873.50  3.21
 2874.20  3.21
 2874.90  3.21
 2875.60  3.21
 2876.30  3.21
 2877.00  3.21
 2877.70  3.21
 2878.40  3.21
 2879.10  3.21
 2879.80  3.21
 2880.50  3.21
 2881.20  3.21
 2881.90  3.21
 2882.60  3.21
 2883.30  3.21
 2884.00  3.21
 2884.70  3.21
 2885.40  3.21
 2886.10  3.21
 2886.80  3.21
 2887.50  3.21
 2888.20  3.21
 2888.90  3.21
 2889.60  3.21
 2890.30  3.21
 2891.00  3.21
 2891.70  3.21
 2892.40  3.21
 2893.10  3.21
 2893.80  3.21
 2894.50  3.21
 2895.20  3.21
 2895.90  3.21
 2896.60  3.21
 2897.30  3.21
 2898.00  3.21
 2898.70  3.21
 2899.40  3.21
 2900.10  3.21
 2900.80  3.21
 2901.50  3.21
 2902.20  3.21
 2902.90  3.21
 2903.60  3.21
 2904.30  3.21
 2905.00  3.21
 2905.70  3.21
 2906.40  3.21
 2907.10  3.21
 2907.80  3.21
 2908.50  3.21
 2909.20  3.21
 2909.90  3.21
 2910.60  3.21
 2911.30  3.21
 2912.00  3.21
 2912.70  3.21
 2913.40  3.21
 2914.10  3.21
 2914.80  3.21
 2915.50  3.21
 2916.20  3.21
 2916.90  3.21
 2917.60  3.21
 2918.30  3.21
 2919.00  3.21
 2919.70  3.21
 2920.40  3.21
 2921.10  3.21
 2921.80  3.21
 2922.50  3.21
 2923.20  3.21
 2923.90  3.21
 2924.60  3.21
 2925.30  3.21
 2926.00  3.21
 2926.70  3.21
 2927.40  3.21
 2928.10  3.21
 2928.80  3.21
 2929.50  3.21
 2930.20  3.21
 2930.90  3.21
 2931.60  3.21
 2932.30  3.21
 2933.00  3.21
 2933.70  3.21
 2934.40  3.21
 2935.10  3.21
 2935.80  3.21
 2936.50  3.21
 2937.20  3.21
 2937.90  3.21
 2938.60  3.21
 2939.30  3.21
 2940.00  3.21
 2940.70  3.21
 2941.40  3.21
 2942.10  3.21
 2942.80  3.21
 2943.50  3.21
 2944.20  3.21
 2944.90  3.21
 2945.60  3.21
 2946.30  3.21
 2947.00  3.21
 2947.70  3.21
 2948.40  3.21
 2949.10  3.21
 2949.80  3.21
 2950.50  3.21
 2951.20  3.21
 2951.90  3.21
 2952.60  3.21
 2953.30  3.21
 2954.00  3.21
 2954.70  3.21
 2955.40  3.21
 2956.10  3.21
 2956.80  3.21
 2957.50  3.21
 2958.20  3.21
 2958.90  3.21
 2959.60  3.21
 2960.30  3.21
 2961.00  3.21
 2961.70  3.21
 2962.40  3.21
 2963.10  3.21
 2963.80  3.21
 2964.50  3.21
 2965.20  3.21
 2965.90  3.21
 2966.60  3.21
 2967.30  3.21
 2968.00  3.21
 2968.70  3.21
 2969.40  3.21
 2970.10  3.21
 2970.80  3.21
 2971.50  3.21
 2972.20  3.21
 2972.90  3.21
 2973.60  3.21
 2974.30  3.21
 2975.00  3.21
 2975.70  3.21
 2976.40  3.21
 2977.10  3.21
 2977.80  3.21
 2978.50  3.21
 2979.20  3.21
 2979.90  3.21
 2980.60  3.21
 2981.30  3.21
 2982.00  3.21
 2982.70  3.21
 2983.40  3.21
 2984.10  3.21
 2984.80  3.21
 2985.50  3.21
 2986.20  3.21
 2986.90  3.21
 2987.60  3.21
 2988.30  3.21
 2989.00  3.21
 2989.70  3.21
 2990.40  3.21
 2991.10  3.21
 2991.80  3.21
 2992.50  3.21
 2993.20  3.21
 2993.90  3.21
 2994.60  3.21
 2995.30  3.21
 2996.00  3.21
 2996.70  3.21
 2997.40  3.21
 2998.10  3.21
 2998.80  3.21
 2999.50  3.21
