#Navio B MarAd
#Manobra de Curva Giro
#
#Beta 
#
#temp      rot 
 0.00  -0.00
 0.70  -0.00
 1.40  -0.00
 2.10  0.00
 2.80  0.00
 3.50  0.00
 4.20  0.00
 4.90  0.00
 5.60  0.01
 6.30  0.01
 7.00  0.01
 7.70  0.01
 8.40  0.01
 9.10  0.01
 9.80  0.01
 10.50  0.01
 11.20  0.01
 11.90  0.02
 12.60  0.02
 13.30  0.02
 14.00  0.02
 14.70  0.02
 15.40  0.02
 16.10  0.02
 16.80  0.02
 17.50  0.02
 18.20  0.03
 18.90  0.03
 19.60  0.03
 20.30  0.03
 21.00  0.03
 21.70  0.03
 22.40  0.03
 23.10  0.03
 23.80  0.04
 24.50  0.04
 25.20  0.04
 25.90  0.04
 26.60  0.04
 27.30  0.04
 28.00  0.04
 28.70  0.04
 29.40  0.05
 30.10  0.05
 30.80  0.05
 31.50  0.05
 32.20  0.05
 32.90  0.05
 33.60  0.05
 34.30  0.06
 35.00  0.06
 35.70  0.06
 36.40  0.06
 37.10  0.06
 37.80  0.06
 38.50  0.06
 39.20  0.06
 39.90  0.07
 40.60  0.07
 41.30  0.07
 42.00  0.07
 42.70  0.07
 43.40  0.07
 44.10  0.07
 44.80  0.08
 45.50  0.08
 46.20  0.08
 46.90  0.08
 47.60  0.08
 48.30  0.08
 49.00  0.08
 49.70  0.09
 50.40  0.09
 51.10  0.09
 51.80  0.09
 52.50  0.09
 53.20  0.09
 53.90  0.09
 54.60  0.10
 55.30  0.10
 56.00  0.10
 56.70  0.10
 57.40  0.10
 58.10  0.10
 58.80  0.11
 59.50  0.11
 60.20  0.11
 60.90  0.11
 61.60  0.11
 62.30  0.11
 63.00  0.11
 63.70  0.12
 64.40  0.12
 65.10  0.12
 65.80  0.12
 66.50  0.12
 67.20  0.12
 67.90  0.12
 68.60  0.13
 69.30  0.13
 70.00  0.13
 70.70  0.13
 71.40  0.13
 72.10  0.13
 72.80  0.13
 73.50  0.14
 74.20  0.14
 74.90  0.14
 75.60  0.14
 76.30  0.14
 77.00  0.14
 77.70  0.14
 78.40  0.15
 79.10  0.15
 79.80  0.15
 80.50  0.15
 81.20  0.15
 81.90  0.15
 82.60  0.15
 83.30  0.15
 84.00  0.16
 84.70  0.16
 85.40  0.16
 86.10  0.16
 86.80  0.16
 87.50  0.16
 88.20  0.16
 88.90  0.17
 89.60  0.17
 90.30  0.17
 91.00  0.17
 91.70  0.17
 92.40  0.17
 93.10  0.17
 93.80  0.17
 94.50  0.18
 95.20  0.18
 95.90  0.18
 96.60  0.18
 97.30  0.18
 98.00  0.18
 98.70  0.18
 99.40  0.19
 100.10  0.19
 100.80  0.19
 101.50  0.19
 102.20  0.19
 102.90  0.19
 103.60  0.19
 104.30  0.19
 105.00  0.20
 105.70  0.20
 106.40  0.20
 107.10  0.20
 107.80  0.20
 108.50  0.20
 109.20  0.20
 109.90  0.20
 110.60  0.21
 111.30  0.21
 112.00  0.21
 112.70  0.21
 113.40  0.21
 114.10  0.21
 114.80  0.21
 115.50  0.21
 116.20  0.21
 116.90  0.22
 117.60  0.22
 118.30  0.22
 119.00  0.22
 119.70  0.22
 120.40  0.22
 121.10  0.22
 121.80  0.22
 122.50  0.22
 123.20  0.23
 123.90  0.23
 124.60  0.23
 125.30  0.23
 126.00  0.23
 126.70  0.23
 127.40  0.23
 128.10  0.23
 128.80  0.23
 129.50  0.24
 130.20  0.24
 130.90  0.24
 131.60  0.24
 132.30  0.24
 133.00  0.24
 133.70  0.24
 134.40  0.24
 135.10  0.24
 135.80  0.25
 136.50  0.25
 137.20  0.25
 137.90  0.25
 138.60  0.25
 139.30  0.25
 140.00  0.25
 140.70  0.25
 141.40  0.25
 142.10  0.25
 142.80  0.26
 143.50  0.26
 144.20  0.26
 144.90  0.26
 145.60  0.26
 146.30  0.26
 147.00  0.26
 147.70  0.26
 148.40  0.26
 149.10  0.26
 149.80  0.26
 150.50  0.27
 151.20  0.27
 151.90  0.27
 152.60  0.27
 153.30  0.27
 154.00  0.27
 154.70  0.27
 155.40  0.27
 156.10  0.27
 156.80  0.27
 157.50  0.27
 158.20  0.28
 158.90  0.28
 159.60  0.28
 160.30  0.28
 161.00  0.28
 161.70  0.28
 162.40  0.28
 163.10  0.28
 163.80  0.28
 164.50  0.28
 165.20  0.28
 165.90  0.28
 166.60  0.29
 167.30  0.29
 168.00  0.29
 168.70  0.29
 169.40  0.29
 170.10  0.29
 170.80  0.29
 171.50  0.29
 172.20  0.29
 172.90  0.29
 173.60  0.29
 174.30  0.29
 175.00  0.29
 175.70  0.30
 176.40  0.30
 177.10  0.30
 177.80  0.30
 178.50  0.30
 179.20  0.30
 179.90  0.30
 180.60  0.30
 181.30  0.30
 182.00  0.30
 182.70  0.30
 183.40  0.30
 184.10  0.30
 184.80  0.31
 185.50  0.31
 186.20  0.31
 186.90  0.31
 187.60  0.31
 188.30  0.31
 189.00  0.31
 189.70  0.31
 190.40  0.31
 191.10  0.31
 191.80  0.31
 192.50  0.31
 193.20  0.31
 193.90  0.31
 194.60  0.31
 195.30  0.32
 196.00  0.32
 196.70  0.32
 197.40  0.32
 198.10  0.32
 198.80  0.32
 199.50  0.32
 200.20  0.32
 200.90  0.32
 201.60  0.32
 202.30  0.32
 203.00  0.32
 203.70  0.32
 204.40  0.32
 205.10  0.32
 205.80  0.32
 206.50  0.32
 207.20  0.33
 207.90  0.33
 208.60  0.33
 209.30  0.33
 210.00  0.33
 210.70  0.33
 211.40  0.33
 212.10  0.33
 212.80  0.33
 213.50  0.33
 214.20  0.33
 214.90  0.33
 215.60  0.33
 216.30  0.33
 217.00  0.33
 217.70  0.33
 218.40  0.33
 219.10  0.33
 219.80  0.34
 220.50  0.34
 221.20  0.34
 221.90  0.34
 222.60  0.34
 223.30  0.34
 224.00  0.34
 224.70  0.34
 225.40  0.34
 226.10  0.34
 226.80  0.34
 227.50  0.34
 228.20  0.34
 228.90  0.34
 229.60  0.34
 230.30  0.34
 231.00  0.34
 231.70  0.34
 232.40  0.34
 233.10  0.34
 233.80  0.35
 234.50  0.35
 235.20  0.35
 235.90  0.35
 236.60  0.35
 237.30  0.35
 238.00  0.35
 238.70  0.35
 239.40  0.35
 240.10  0.35
 240.80  0.35
 241.50  0.35
 242.20  0.35
 242.90  0.35
 243.60  0.35
 244.30  0.35
 245.00  0.35
 245.70  0.35
 246.40  0.35
 247.10  0.35
 247.80  0.35
 248.50  0.35
 249.20  0.35
 249.90  0.36
 250.60  0.36
 251.30  0.36
 252.00  0.36
 252.70  0.36
 253.40  0.36
 254.10  0.36
 254.80  0.36
 255.50  0.36
 256.20  0.36
 256.90  0.36
 257.60  0.36
 258.30  0.36
 259.00  0.36
 259.70  0.36
 260.40  0.36
 261.10  0.36
 261.80  0.36
 262.50  0.36
 263.20  0.36
 263.90  0.36
 264.60  0.36
 265.30  0.36
 266.00  0.36
 266.70  0.36
 267.40  0.36
 268.10  0.36
 268.80  0.37
 269.50  0.37
 270.20  0.37
 270.90  0.37
 271.60  0.37
 272.30  0.37
 273.00  0.37
 273.70  0.37
 274.40  0.37
 275.10  0.37
 275.80  0.37
 276.50  0.37
 277.20  0.37
 277.90  0.37
 278.60  0.37
 279.30  0.37
 280.00  0.37
 280.70  0.37
 281.40  0.37
 282.10  0.37
 282.80  0.37
 283.50  0.37
 284.20  0.37
 284.90  0.37
 285.60  0.37
 286.30  0.37
 287.00  0.37
 287.70  0.37
 288.40  0.37
 289.10  0.37
 289.80  0.37
 290.50  0.37
 291.20  0.37
 291.90  0.38
 292.60  0.38
 293.30  0.38
 294.00  0.38
 294.70  0.38
 295.40  0.38
 296.10  0.38
 296.80  0.38
 297.50  0.38
 298.20  0.38
 298.90  0.38
 299.60  0.38
 300.30  0.38
 301.00  0.38
 301.70  0.38
 302.40  0.38
 303.10  0.38
 303.80  0.38
 304.50  0.38
 305.20  0.38
 305.90  0.38
 306.60  0.38
 307.30  0.38
 308.00  0.38
 308.70  0.38
 309.40  0.38
 310.10  0.38
 310.80  0.38
 311.50  0.38
 312.20  0.38
 312.90  0.38
 313.60  0.38
 314.30  0.38
 315.00  0.38
 315.70  0.38
 316.40  0.38
 317.10  0.38
 317.80  0.38
 318.50  0.38
 319.20  0.38
 319.90  0.38
 320.60  0.39
 321.30  0.39
 322.00  0.39
 322.70  0.39
 323.40  0.39
 324.10  0.39
 324.80  0.39
 325.50  0.39
 326.20  0.39
 326.90  0.39
 327.60  0.39
 328.30  0.39
 329.00  0.39
 329.70  0.39
 330.40  0.39
 331.10  0.39
 331.80  0.39
 332.50  0.39
 333.20  0.39
 333.90  0.39
 334.60  0.39
 335.30  0.39
 336.00  0.39
 336.70  0.39
 337.40  0.39
 338.10  0.39
 338.80  0.39
 339.50  0.39
 340.20  0.39
 340.90  0.39
 341.60  0.39
 342.30  0.39
 343.00  0.39
 343.70  0.39
 344.40  0.39
 345.10  0.39
 345.80  0.39
 346.50  0.39
 347.20  0.39
 347.90  0.39
 348.60  0.39
 349.30  0.39
 350.00  0.39
 350.70  0.39
 351.40  0.39
 352.10  0.39
 352.80  0.39
 353.50  0.39
 354.20  0.39
 354.90  0.39
 355.60  0.39
 356.30  0.39
 357.00  0.39
 357.70  0.39
 358.40  0.39
 359.10  0.40
 359.80  0.40
 360.50  0.40
 361.20  0.40
 361.90  0.40
 362.60  0.40
 363.30  0.40
 364.00  0.40
 364.70  0.40
 365.40  0.40
 366.10  0.40
 366.80  0.40
 367.50  0.40
 368.20  0.40
 368.90  0.40
 369.60  0.40
 370.30  0.40
 371.00  0.40
 371.70  0.40
 372.40  0.40
 373.10  0.40
 373.80  0.40
 374.50  0.40
 375.20  0.40
 375.90  0.40
 376.60  0.40
 377.30  0.40
 378.00  0.40
 378.70  0.40
 379.40  0.40
 380.10  0.40
 380.80  0.40
 381.50  0.40
 382.20  0.40
 382.90  0.40
 383.60  0.40
 384.30  0.40
 385.00  0.40
 385.70  0.40
 386.40  0.40
 387.10  0.40
 387.80  0.40
 388.50  0.40
 389.20  0.40
 389.90  0.40
 390.60  0.40
 391.30  0.40
 392.00  0.40
 392.70  0.40
 393.40  0.40
 394.10  0.40
 394.80  0.40
 395.50  0.40
 396.20  0.40
 396.90  0.40
 397.60  0.40
 398.30  0.40
 399.00  0.40
 399.70  0.40
 400.40  0.40
 401.10  0.40
 401.80  0.40
 402.50  0.40
 403.20  0.40
 403.90  0.40
 404.60  0.40
 405.30  0.40
 406.00  0.40
 406.70  0.40
 407.40  0.40
 408.10  0.40
 408.80  0.40
 409.50  0.40
 410.20  0.40
 410.90  0.40
 411.60  0.40
 412.30  0.40
 413.00  0.40
 413.70  0.40
 414.40  0.40
 415.10  0.40
 415.80  0.40
 416.50  0.40
 417.20  0.40
 417.90  0.40
 418.60  0.40
 419.30  0.40
 420.00  0.40
 420.70  0.40
 421.40  0.40
 422.10  0.40
 422.80  0.40
 423.50  0.40
 424.20  0.40
 424.90  0.40
 425.60  0.40
 426.30  0.40
 427.00  0.41
 427.70  0.41
 428.40  0.41
 429.10  0.41
 429.80  0.41
 430.50  0.41
 431.20  0.41
 431.90  0.41
 432.60  0.41
 433.30  0.41
 434.00  0.41
 434.70  0.41
 435.40  0.41
 436.10  0.41
 436.80  0.41
 437.50  0.41
 438.20  0.41
 438.90  0.41
 439.60  0.41
 440.30  0.41
 441.00  0.41
 441.70  0.41
 442.40  0.41
 443.10  0.41
 443.80  0.41
 444.50  0.41
 445.20  0.41
 445.90  0.41
 446.60  0.41
 447.30  0.41
 448.00  0.41
 448.70  0.41
 449.40  0.41
 450.10  0.41
 450.80  0.41
 451.50  0.41
 452.20  0.41
 452.90  0.41
 453.60  0.41
 454.30  0.41
 455.00  0.41
 455.70  0.41
 456.40  0.41
 457.10  0.41
 457.80  0.41
 458.50  0.41
 459.20  0.41
 459.90  0.41
 460.60  0.41
 461.30  0.41
 462.00  0.41
 462.70  0.41
 463.40  0.41
 464.10  0.41
 464.80  0.41
 465.50  0.41
 466.20  0.41
 466.90  0.41
 467.60  0.41
 468.30  0.41
 469.00  0.41
 469.70  0.41
 470.40  0.41
 471.10  0.41
 471.80  0.41
 472.50  0.41
 473.20  0.41
 473.90  0.41
 474.60  0.41
 475.30  0.41
 476.00  0.41
 476.70  0.41
 477.40  0.41
 478.10  0.41
 478.80  0.41
 479.50  0.41
 480.20  0.41
 480.90  0.41
 481.60  0.41
 482.30  0.41
 483.00  0.41
 483.70  0.41
 484.40  0.41
 485.10  0.41
 485.80  0.41
 486.50  0.41
 487.20  0.41
 487.90  0.41
 488.60  0.41
 489.30  0.41
 490.00  0.41
 490.70  0.41
 491.40  0.41
 492.10  0.41
 492.80  0.41
 493.50  0.41
 494.20  0.41
 494.90  0.41
 495.60  0.41
 496.30  0.41
 497.00  0.41
 497.70  0.41
 498.40  0.41
 499.10  0.41
 499.80  0.41
 500.50  0.41
 501.20  0.41
 501.90  0.41
 502.60  0.41
 503.30  0.41
 504.00  0.41
 504.70  0.41
 505.40  0.41
 506.10  0.41
 506.80  0.41
 507.50  0.41
 508.20  0.41
 508.90  0.41
 509.60  0.41
 510.30  0.41
 511.00  0.41
 511.70  0.41
 512.40  0.41
 513.10  0.41
 513.80  0.41
 514.50  0.41
 515.20  0.41
 515.90  0.41
 516.60  0.41
 517.30  0.41
 518.00  0.41
 518.70  0.41
 519.40  0.41
 520.10  0.41
 520.80  0.41
 521.50  0.41
 522.20  0.41
 522.90  0.41
 523.60  0.41
 524.30  0.41
 525.00  0.41
 525.70  0.41
 526.40  0.41
 527.10  0.41
 527.80  0.41
 528.50  0.41
 529.20  0.41
 529.90  0.41
 530.60  0.41
 531.30  0.41
 532.00  0.41
 532.70  0.41
 533.40  0.41
 534.10  0.41
 534.80  0.41
 535.50  0.41
 536.20  0.41
 536.90  0.41
 537.60  0.41
 538.30  0.41
 539.00  0.41
 539.70  0.41
 540.40  0.41
 541.10  0.41
 541.80  0.41
 542.50  0.41
 543.20  0.41
 543.90  0.41
 544.60  0.41
 545.30  0.41
 546.00  0.41
 546.70  0.41
 547.40  0.41
 548.10  0.41
 548.80  0.41
 549.50  0.41
 550.20  0.41
 550.90  0.41
 551.60  0.41
 552.30  0.41
 553.00  0.41
 553.70  0.41
 554.40  0.41
 555.10  0.41
 555.80  0.41
 556.50  0.41
 557.20  0.41
 557.90  0.41
 558.60  0.41
 559.30  0.41
 560.00  0.41
 560.70  0.41
 561.40  0.41
 562.10  0.41
 562.80  0.41
 563.50  0.41
 564.20  0.41
 564.90  0.41
 565.60  0.41
 566.30  0.41
 567.00  0.41
 567.70  0.41
 568.40  0.41
 569.10  0.41
 569.80  0.41
 570.50  0.41
 571.20  0.41
 571.90  0.41
 572.60  0.41
 573.30  0.41
 574.00  0.41
 574.70  0.41
 575.40  0.41
 576.10  0.41
 576.80  0.41
 577.50  0.41
 578.20  0.41
 578.90  0.41
 579.60  0.41
 580.30  0.41
 581.00  0.41
 581.70  0.41
 582.40  0.41
 583.10  0.41
 583.80  0.41
 584.50  0.41
 585.20  0.41
 585.90  0.41
 586.60  0.41
 587.30  0.41
 588.00  0.41
 588.70  0.41
 589.40  0.41
 590.10  0.41
 590.80  0.41
 591.50  0.41
 592.20  0.41
 592.90  0.41
 593.60  0.41
 594.30  0.41
 595.00  0.41
 595.70  0.41
 596.40  0.41
 597.10  0.41
 597.80  0.41
 598.50  0.41
 599.20  0.41
 599.90  0.41
 600.60  0.41
 601.30  0.41
 602.00  0.41
 602.70  0.41
 603.40  0.41
 604.10  0.41
 604.80  0.41
 605.50  0.41
 606.20  0.41
 606.90  0.41
 607.60  0.41
 608.30  0.41
 609.00  0.41
 609.70  0.41
 610.40  0.41
 611.10  0.41
 611.80  0.41
 612.50  0.41
 613.20  0.41
 613.90  0.41
 614.60  0.41
 615.30  0.41
 616.00  0.41
 616.70  0.41
 617.40  0.41
 618.10  0.41
 618.80  0.41
 619.50  0.41
 620.20  0.41
 620.90  0.41
 621.60  0.41
 622.30  0.41
 623.00  0.41
 623.70  0.41
 624.40  0.41
 625.10  0.41
 625.80  0.41
 626.50  0.41
 627.20  0.41
 627.90  0.41
 628.60  0.41
 629.30  0.41
 630.00  0.41
 630.70  0.41
 631.40  0.41
 632.10  0.41
 632.80  0.41
 633.50  0.41
 634.20  0.41
 634.90  0.41
 635.60  0.41
 636.30  0.41
 637.00  0.41
 637.70  0.41
 638.40  0.41
 639.10  0.41
 639.80  0.41
 640.50  0.41
 641.20  0.41
 641.90  0.41
 642.60  0.41
 643.30  0.41
 644.00  0.41
 644.70  0.41
 645.40  0.41
 646.10  0.41
 646.80  0.41
 647.50  0.41
 648.20  0.41
 648.90  0.41
 649.60  0.41
 650.30  0.41
 651.00  0.41
 651.70  0.41
 652.40  0.41
 653.10  0.41
 653.80  0.41
 654.50  0.41
 655.20  0.41
 655.90  0.41
 656.60  0.41
 657.30  0.41
 658.00  0.41
 658.70  0.41
 659.40  0.41
 660.10  0.41
 660.80  0.41
 661.50  0.41
 662.20  0.41
 662.90  0.41
 663.60  0.41
 664.30  0.41
 665.00  0.41
 665.70  0.41
 666.40  0.41
 667.10  0.41
 667.80  0.41
 668.50  0.41
 669.20  0.41
 669.90  0.41
 670.60  0.41
 671.30  0.41
 672.00  0.41
 672.70  0.41
 673.40  0.41
 674.10  0.41
 674.80  0.41
 675.50  0.41
 676.20  0.41
 676.90  0.41
 677.60  0.41
 678.30  0.41
 679.00  0.41
 679.70  0.41
 680.40  0.41
 681.10  0.41
 681.80  0.41
 682.50  0.41
 683.20  0.41
 683.90  0.41
 684.60  0.41
 685.30  0.41
 686.00  0.41
 686.70  0.41
 687.40  0.41
 688.10  0.41
 688.80  0.41
 689.50  0.41
 690.20  0.41
 690.90  0.41
 691.60  0.41
 692.30  0.41
 693.00  0.41
 693.70  0.41
 694.40  0.41
 695.10  0.41
 695.80  0.41
 696.50  0.41
 697.20  0.41
 697.90  0.41
 698.60  0.41
 699.30  0.41
 700.00  0.41
 700.70  0.41
 701.40  0.41
 702.10  0.41
 702.80  0.41
 703.50  0.41
 704.20  0.41
 704.90  0.41
 705.60  0.41
 706.30  0.41
 707.00  0.41
 707.70  0.41
 708.40  0.41
 709.10  0.41
 709.80  0.41
 710.50  0.41
 711.20  0.41
 711.90  0.41
 712.60  0.41
 713.30  0.41
 714.00  0.41
 714.70  0.41
 715.40  0.41
 716.10  0.41
 716.80  0.41
 717.50  0.41
 718.20  0.41
 718.90  0.41
 719.60  0.41
 720.30  0.41
 721.00  0.41
 721.70  0.41
 722.40  0.41
 723.10  0.41
 723.80  0.41
 724.50  0.41
 725.20  0.41
 725.90  0.41
 726.60  0.41
 727.30  0.41
 728.00  0.41
 728.70  0.41
 729.40  0.41
 730.10  0.41
 730.80  0.41
 731.50  0.41
 732.20  0.41
 732.90  0.41
 733.60  0.41
 734.30  0.41
 735.00  0.41
 735.70  0.41
 736.40  0.41
 737.10  0.41
 737.80  0.41
 738.50  0.41
 739.20  0.41
 739.90  0.41
 740.60  0.41
 741.30  0.41
 742.00  0.41
 742.70  0.41
 743.40  0.41
 744.10  0.41
 744.80  0.41
 745.50  0.41
 746.20  0.41
 746.90  0.41
 747.60  0.41
 748.30  0.41
 749.00  0.41
 749.70  0.41
 750.40  0.41
 751.10  0.41
 751.80  0.41
 752.50  0.41
 753.20  0.41
 753.90  0.41
 754.60  0.41
 755.30  0.41
 756.00  0.41
 756.70  0.41
 757.40  0.41
 758.10  0.41
 758.80  0.41
 759.50  0.41
 760.20  0.41
 760.90  0.41
 761.60  0.41
 762.30  0.41
 763.00  0.41
 763.70  0.41
 764.40  0.41
 765.10  0.41
 765.80  0.41
 766.50  0.41
 767.20  0.41
 767.90  0.41
 768.60  0.41
 769.30  0.41
 770.00  0.41
 770.70  0.41
 771.40  0.41
 772.10  0.41
 772.80  0.41
 773.50  0.41
 774.20  0.41
 774.90  0.41
 775.60  0.41
 776.30  0.41
 777.00  0.41
 777.70  0.41
 778.40  0.41
 779.10  0.41
 779.80  0.41
 780.50  0.41
 781.20  0.41
 781.90  0.41
 782.60  0.41
 783.30  0.41
 784.00  0.41
 784.70  0.40
 785.40  0.40
 786.10  0.40
 786.80  0.40
 787.50  0.40
 788.20  0.40
 788.90  0.40
 789.60  0.40
 790.30  0.40
 791.00  0.40
 791.70  0.40
 792.40  0.40
 793.10  0.40
 793.80  0.40
 794.50  0.40
 795.20  0.40
 795.90  0.40
 796.60  0.40
 797.30  0.40
 798.00  0.40
 798.70  0.40
 799.40  0.40
 800.10  0.40
 800.80  0.40
 801.50  0.40
 802.20  0.40
 802.90  0.40
 803.60  0.40
 804.30  0.40
 805.00  0.40
 805.70  0.40
 806.40  0.40
 807.10  0.40
 807.80  0.40
 808.50  0.40
 809.20  0.40
 809.90  0.40
 810.60  0.40
 811.30  0.40
 812.00  0.40
 812.70  0.40
 813.40  0.40
 814.10  0.40
 814.80  0.40
 815.50  0.40
 816.20  0.40
 816.90  0.40
 817.60  0.40
 818.30  0.40
 819.00  0.40
 819.70  0.40
 820.40  0.40
 821.10  0.40
 821.80  0.40
 822.50  0.40
 823.20  0.40
 823.90  0.40
 824.60  0.40
 825.30  0.40
 826.00  0.40
 826.70  0.40
 827.40  0.40
 828.10  0.40
 828.80  0.40
 829.50  0.40
 830.20  0.40
 830.90  0.40
 831.60  0.40
 832.30  0.40
 833.00  0.40
 833.70  0.40
 834.40  0.40
 835.10  0.40
 835.80  0.40
 836.50  0.40
 837.20  0.40
 837.90  0.40
 838.60  0.40
 839.30  0.40
 840.00  0.40
 840.70  0.40
 841.40  0.40
 842.10  0.40
 842.80  0.40
 843.50  0.40
 844.20  0.40
 844.90  0.40
 845.60  0.40
 846.30  0.40
 847.00  0.40
 847.70  0.40
 848.40  0.40
 849.10  0.40
 849.80  0.40
 850.50  0.40
 851.20  0.40
 851.90  0.40
 852.60  0.40
 853.30  0.40
 854.00  0.40
 854.70  0.40
 855.40  0.40
 856.10  0.40
 856.80  0.40
 857.50  0.40
 858.20  0.40
 858.90  0.40
 859.60  0.40
 860.30  0.40
 861.00  0.40
 861.70  0.40
 862.40  0.40
 863.10  0.40
 863.80  0.40
 864.50  0.40
 865.20  0.40
 865.90  0.40
 866.60  0.40
 867.30  0.40
 868.00  0.40
 868.70  0.40
 869.40  0.40
 870.10  0.40
 870.80  0.40
 871.50  0.40
 872.20  0.40
 872.90  0.40
 873.60  0.40
 874.30  0.40
 875.00  0.40
 875.70  0.40
 876.40  0.40
 877.10  0.40
 877.80  0.40
 878.50  0.40
 879.20  0.40
 879.90  0.40
 880.60  0.40
 881.30  0.40
 882.00  0.40
 882.70  0.40
 883.40  0.40
 884.10  0.40
 884.80  0.40
 885.50  0.40
 886.20  0.40
 886.90  0.40
 887.60  0.40
 888.30  0.40
 889.00  0.40
 889.70  0.40
 890.40  0.40
 891.10  0.40
 891.80  0.40
 892.50  0.40
 893.20  0.40
 893.90  0.40
 894.60  0.40
 895.30  0.40
 896.00  0.40
 896.70  0.40
 897.40  0.40
 898.10  0.40
 898.80  0.40
 899.50  0.40
 900.20  0.40
 900.90  0.40
 901.60  0.40
 902.30  0.40
 903.00  0.40
 903.70  0.40
 904.40  0.40
 905.10  0.40
 905.80  0.40
 906.50  0.40
 907.20  0.40
 907.90  0.40
 908.60  0.40
 909.30  0.40
 910.00  0.40
 910.70  0.40
 911.40  0.40
 912.10  0.40
 912.80  0.40
 913.50  0.40
 914.20  0.40
 914.90  0.40
 915.60  0.40
 916.30  0.40
 917.00  0.40
 917.70  0.40
 918.40  0.40
 919.10  0.40
 919.80  0.40
 920.50  0.40
 921.20  0.40
 921.90  0.40
 922.60  0.40
 923.30  0.40
 924.00  0.40
 924.70  0.40
 925.40  0.40
 926.10  0.40
 926.80  0.40
 927.50  0.40
 928.20  0.40
 928.90  0.40
 929.60  0.40
 930.30  0.40
 931.00  0.40
 931.70  0.40
 932.40  0.40
 933.10  0.40
 933.80  0.40
 934.50  0.40
 935.20  0.40
 935.90  0.40
 936.60  0.40
 937.30  0.40
 938.00  0.40
 938.70  0.40
 939.40  0.40
 940.10  0.40
 940.80  0.40
 941.50  0.40
 942.20  0.40
 942.90  0.40
 943.60  0.40
 944.30  0.40
 945.00  0.40
 945.70  0.40
 946.40  0.40
 947.10  0.40
 947.80  0.40
 948.50  0.40
 949.20  0.40
 949.90  0.40
 950.60  0.40
 951.30  0.40
 952.00  0.40
 952.70  0.40
 953.40  0.40
 954.10  0.40
 954.80  0.40
 955.50  0.40
 956.20  0.40
 956.90  0.40
 957.60  0.40
 958.30  0.40
 959.00  0.40
 959.70  0.40
 960.40  0.40
 961.10  0.40
 961.80  0.40
 962.50  0.40
 963.20  0.40
 963.90  0.40
 964.60  0.40
 965.30  0.40
 966.00  0.40
 966.70  0.40
 967.40  0.40
 968.10  0.40
 968.80  0.40
 969.50  0.40
 970.20  0.40
 970.90  0.40
 971.60  0.40
 972.30  0.40
 973.00  0.40
 973.70  0.40
 974.40  0.40
 975.10  0.40
 975.80  0.40
 976.50  0.40
 977.20  0.40
 977.90  0.40
 978.60  0.40
 979.30  0.40
 980.00  0.40
 980.70  0.40
 981.40  0.40
 982.10  0.40
 982.80  0.40
 983.50  0.40
 984.20  0.40
 984.90  0.40
 985.60  0.40
 986.30  0.40
 987.00  0.40
 987.70  0.40
 988.40  0.40
 989.10  0.40
 989.80  0.40
 990.50  0.40
 991.20  0.40
 991.90  0.40
 992.60  0.40
 993.30  0.40
 994.00  0.40
 994.70  0.40
 995.40  0.40
 996.10  0.40
 996.80  0.40
 997.50  0.40
 998.20  0.40
 998.90  0.40
 999.60  0.40
 1000.30  0.40
 1001.00  0.40
 1001.70  0.40
 1002.40  0.40
 1003.10  0.40
 1003.80  0.40
 1004.50  0.40
 1005.20  0.40
 1005.90  0.40
 1006.60  0.40
 1007.30  0.40
 1008.00  0.40
 1008.70  0.40
 1009.40  0.40
 1010.10  0.40
 1010.80  0.40
 1011.50  0.40
 1012.20  0.40
 1012.90  0.40
 1013.60  0.40
 1014.30  0.40
 1015.00  0.40
 1015.70  0.40
 1016.40  0.40
 1017.10  0.40
 1017.80  0.40
 1018.50  0.40
 1019.20  0.40
 1019.90  0.40
 1020.60  0.40
 1021.30  0.40
 1022.00  0.40
 1022.70  0.40
 1023.40  0.40
 1024.10  0.40
 1024.80  0.40
 1025.50  0.40
 1026.20  0.40
 1026.90  0.40
 1027.60  0.40
 1028.30  0.40
 1029.00  0.40
 1029.70  0.40
 1030.40  0.40
 1031.10  0.40
 1031.80  0.40
 1032.50  0.40
 1033.20  0.40
 1033.90  0.40
 1034.60  0.40
 1035.30  0.40
 1036.00  0.40
 1036.70  0.40
 1037.40  0.40
 1038.10  0.40
 1038.80  0.40
 1039.50  0.40
 1040.20  0.40
 1040.90  0.40
 1041.60  0.40
 1042.30  0.40
 1043.00  0.40
 1043.70  0.40
 1044.40  0.40
 1045.10  0.40
 1045.80  0.40
 1046.50  0.40
 1047.20  0.40
 1047.90  0.40
 1048.60  0.40
 1049.30  0.40
 1050.00  0.40
 1050.70  0.40
 1051.40  0.40
 1052.10  0.40
 1052.80  0.40
 1053.50  0.40
 1054.20  0.40
 1054.90  0.40
 1055.60  0.40
 1056.30  0.40
 1057.00  0.40
 1057.70  0.40
 1058.40  0.40
 1059.10  0.40
 1059.80  0.40
 1060.50  0.40
 1061.20  0.40
 1061.90  0.40
 1062.60  0.40
 1063.30  0.40
 1064.00  0.40
 1064.70  0.40
 1065.40  0.40
 1066.10  0.40
 1066.80  0.40
 1067.50  0.40
 1068.20  0.40
 1068.90  0.40
 1069.60  0.40
 1070.30  0.40
 1071.00  0.40
 1071.70  0.40
 1072.40  0.40
 1073.10  0.40
 1073.80  0.40
 1074.50  0.40
 1075.20  0.40
 1075.90  0.40
 1076.60  0.40
 1077.30  0.40
 1078.00  0.40
 1078.70  0.40
 1079.40  0.40
 1080.10  0.40
 1080.80  0.40
 1081.50  0.40
 1082.20  0.40
 1082.90  0.40
 1083.60  0.40
 1084.30  0.40
 1085.00  0.40
 1085.70  0.40
 1086.40  0.40
 1087.10  0.40
 1087.80  0.40
 1088.50  0.40
 1089.20  0.40
 1089.90  0.40
 1090.60  0.40
 1091.30  0.40
 1092.00  0.40
 1092.70  0.40
 1093.40  0.40
 1094.10  0.40
 1094.80  0.40
 1095.50  0.40
 1096.20  0.40
 1096.90  0.40
 1097.60  0.40
 1098.30  0.40
 1099.00  0.40
 1099.70  0.40
 1100.40  0.40
 1101.10  0.40
 1101.80  0.40
 1102.50  0.40
 1103.20  0.40
 1103.90  0.40
 1104.60  0.40
 1105.30  0.40
 1106.00  0.40
 1106.70  0.40
 1107.40  0.40
 1108.10  0.40
 1108.80  0.40
 1109.50  0.40
 1110.20  0.40
 1110.90  0.40
 1111.60  0.40
 1112.30  0.40
 1113.00  0.40
 1113.70  0.40
 1114.40  0.40
 1115.10  0.40
 1115.80  0.40
 1116.50  0.40
 1117.20  0.40
 1117.90  0.40
 1118.60  0.40
 1119.30  0.40
 1120.00  0.40
 1120.70  0.40
 1121.40  0.40
 1122.10  0.40
 1122.80  0.40
 1123.50  0.40
 1124.20  0.40
 1124.90  0.40
 1125.60  0.40
 1126.30  0.40
 1127.00  0.40
 1127.70  0.40
 1128.40  0.40
 1129.10  0.40
 1129.80  0.40
 1130.50  0.40
 1131.20  0.40
 1131.90  0.40
 1132.60  0.40
 1133.30  0.40
 1134.00  0.40
 1134.70  0.40
 1135.40  0.40
 1136.10  0.40
 1136.80  0.40
 1137.50  0.40
 1138.20  0.40
 1138.90  0.40
 1139.60  0.40
 1140.30  0.40
 1141.00  0.40
 1141.70  0.40
 1142.40  0.40
 1143.10  0.40
 1143.80  0.40
 1144.50  0.40
 1145.20  0.40
 1145.90  0.40
 1146.60  0.40
 1147.30  0.40
 1148.00  0.40
 1148.70  0.40
 1149.40  0.40
 1150.10  0.40
 1150.80  0.40
 1151.50  0.40
 1152.20  0.40
 1152.90  0.40
 1153.60  0.40
 1154.30  0.40
 1155.00  0.40
 1155.70  0.40
 1156.40  0.40
 1157.10  0.40
 1157.80  0.40
 1158.50  0.40
 1159.20  0.40
 1159.90  0.40
 1160.60  0.40
 1161.30  0.40
 1162.00  0.40
 1162.70  0.40
 1163.40  0.40
 1164.10  0.40
 1164.80  0.40
 1165.50  0.40
 1166.20  0.40
 1166.90  0.40
 1167.60  0.40
 1168.30  0.40
 1169.00  0.40
 1169.70  0.40
 1170.40  0.40
 1171.10  0.40
 1171.80  0.40
 1172.50  0.40
 1173.20  0.40
 1173.90  0.40
 1174.60  0.40
 1175.30  0.40
 1176.00  0.40
 1176.70  0.40
 1177.40  0.40
 1178.10  0.40
 1178.80  0.40
 1179.50  0.40
 1180.20  0.40
 1180.90  0.40
 1181.60  0.40
 1182.30  0.40
 1183.00  0.40
 1183.70  0.40
 1184.40  0.40
 1185.10  0.40
 1185.80  0.40
 1186.50  0.40
 1187.20  0.40
 1187.90  0.40
 1188.60  0.40
 1189.30  0.40
 1190.00  0.40
 1190.70  0.40
 1191.40  0.40
 1192.10  0.40
 1192.80  0.40
 1193.50  0.40
 1194.20  0.40
 1194.90  0.40
 1195.60  0.40
 1196.30  0.40
 1197.00  0.40
 1197.70  0.40
 1198.40  0.40
 1199.10  0.40
 1199.80  0.40
 1200.50  0.40
 1201.20  0.40
 1201.90  0.40
 1202.60  0.40
 1203.30  0.40
 1204.00  0.40
 1204.70  0.40
 1205.40  0.40
 1206.10  0.40
 1206.80  0.40
 1207.50  0.40
 1208.20  0.40
 1208.90  0.40
 1209.60  0.40
 1210.30  0.40
 1211.00  0.40
 1211.70  0.40
 1212.40  0.40
 1213.10  0.40
 1213.80  0.40
 1214.50  0.40
 1215.20  0.40
 1215.90  0.40
 1216.60  0.40
 1217.30  0.40
 1218.00  0.40
 1218.70  0.40
 1219.40  0.40
 1220.10  0.40
 1220.80  0.40
 1221.50  0.40
 1222.20  0.40
 1222.90  0.40
 1223.60  0.40
 1224.30  0.40
 1225.00  0.40
 1225.70  0.40
 1226.40  0.40
 1227.10  0.40
 1227.80  0.40
 1228.50  0.40
 1229.20  0.40
 1229.90  0.40
 1230.60  0.40
 1231.30  0.40
 1232.00  0.40
 1232.70  0.40
 1233.40  0.40
 1234.10  0.40
 1234.80  0.40
 1235.50  0.40
 1236.20  0.40
 1236.90  0.40
 1237.60  0.40
 1238.30  0.40
 1239.00  0.40
 1239.70  0.40
 1240.40  0.40
 1241.10  0.40
 1241.80  0.40
 1242.50  0.40
 1243.20  0.40
 1243.90  0.40
 1244.60  0.40
 1245.30  0.40
 1246.00  0.40
 1246.70  0.40
 1247.40  0.40
 1248.10  0.40
 1248.80  0.40
 1249.50  0.40
 1250.20  0.40
 1250.90  0.40
 1251.60  0.40
 1252.30  0.40
 1253.00  0.40
 1253.70  0.40
 1254.40  0.40
 1255.10  0.40
 1255.80  0.40
 1256.50  0.40
 1257.20  0.40
 1257.90  0.40
 1258.60  0.40
 1259.30  0.40
 1260.00  0.40
 1260.70  0.40
 1261.40  0.40
 1262.10  0.40
 1262.80  0.40
 1263.50  0.40
 1264.20  0.40
 1264.90  0.40
 1265.60  0.40
 1266.30  0.40
 1267.00  0.40
 1267.70  0.40
 1268.40  0.40
 1269.10  0.40
 1269.80  0.40
 1270.50  0.40
 1271.20  0.40
 1271.90  0.40
 1272.60  0.40
 1273.30  0.40
 1274.00  0.40
 1274.70  0.40
 1275.40  0.40
 1276.10  0.40
 1276.80  0.40
 1277.50  0.40
 1278.20  0.40
 1278.90  0.40
 1279.60  0.40
 1280.30  0.40
 1281.00  0.40
 1281.70  0.40
 1282.40  0.40
 1283.10  0.40
 1283.80  0.40
 1284.50  0.40
 1285.20  0.40
 1285.90  0.40
 1286.60  0.40
 1287.30  0.40
 1288.00  0.40
 1288.70  0.40
 1289.40  0.40
 1290.10  0.40
 1290.80  0.40
 1291.50  0.40
 1292.20  0.40
 1292.90  0.40
 1293.60  0.40
 1294.30  0.40
 1295.00  0.40
 1295.70  0.40
 1296.40  0.40
 1297.10  0.40
 1297.80  0.40
 1298.50  0.40
 1299.20  0.40
 1299.90  0.40
 1300.60  0.40
 1301.30  0.40
 1302.00  0.40
 1302.70  0.40
 1303.40  0.40
 1304.10  0.40
 1304.80  0.40
 1305.50  0.40
 1306.20  0.40
 1306.90  0.40
 1307.60  0.40
 1308.30  0.40
 1309.00  0.40
 1309.70  0.40
 1310.40  0.40
 1311.10  0.40
 1311.80  0.40
 1312.50  0.40
 1313.20  0.40
 1313.90  0.40
 1314.60  0.40
 1315.30  0.40
 1316.00  0.40
 1316.70  0.40
 1317.40  0.40
 1318.10  0.40
 1318.80  0.40
 1319.50  0.40
 1320.20  0.40
 1320.90  0.40
 1321.60  0.40
 1322.30  0.40
 1323.00  0.40
 1323.70  0.40
 1324.40  0.40
 1325.10  0.40
 1325.80  0.40
 1326.50  0.40
 1327.20  0.40
 1327.90  0.40
 1328.60  0.40
 1329.30  0.40
 1330.00  0.40
 1330.70  0.40
 1331.40  0.40
 1332.10  0.40
 1332.80  0.40
 1333.50  0.40
 1334.20  0.40
 1334.90  0.40
 1335.60  0.40
 1336.30  0.40
 1337.00  0.40
 1337.70  0.40
 1338.40  0.40
 1339.10  0.40
 1339.80  0.40
 1340.50  0.40
 1341.20  0.40
 1341.90  0.40
 1342.60  0.40
 1343.30  0.40
 1344.00  0.40
 1344.70  0.40
 1345.40  0.40
 1346.10  0.40
 1346.80  0.40
 1347.50  0.40
 1348.20  0.40
 1348.90  0.40
 1349.60  0.40
 1350.30  0.40
 1351.00  0.40
 1351.70  0.40
 1352.40  0.40
 1353.10  0.40
 1353.80  0.40
 1354.50  0.40
 1355.20  0.40
 1355.90  0.40
 1356.60  0.40
 1357.30  0.40
 1358.00  0.40
 1358.70  0.40
 1359.40  0.40
 1360.10  0.40
 1360.80  0.40
 1361.50  0.40
 1362.20  0.40
 1362.90  0.40
 1363.60  0.40
 1364.30  0.40
 1365.00  0.40
 1365.70  0.40
 1366.40  0.40
 1367.10  0.40
 1367.80  0.40
 1368.50  0.40
 1369.20  0.40
 1369.90  0.40
 1370.60  0.40
 1371.30  0.40
 1372.00  0.40
 1372.70  0.40
 1373.40  0.40
 1374.10  0.40
 1374.80  0.40
 1375.50  0.40
 1376.20  0.40
 1376.90  0.40
 1377.60  0.40
 1378.30  0.40
 1379.00  0.40
 1379.70  0.40
 1380.40  0.40
 1381.10  0.40
 1381.80  0.40
 1382.50  0.40
 1383.20  0.40
 1383.90  0.40
 1384.60  0.40
 1385.30  0.40
 1386.00  0.40
 1386.70  0.40
 1387.40  0.40
 1388.10  0.40
 1388.80  0.40
 1389.50  0.40
 1390.20  0.40
 1390.90  0.40
 1391.60  0.40
 1392.30  0.40
 1393.00  0.40
 1393.70  0.40
 1394.40  0.40
 1395.10  0.40
 1395.80  0.40
 1396.50  0.40
 1397.20  0.40
 1397.90  0.40
 1398.60  0.40
 1399.30  0.40
 1400.00  0.40
 1400.70  0.40
 1401.40  0.40
 1402.10  0.40
 1402.80  0.40
 1403.50  0.40
 1404.20  0.40
 1404.90  0.40
 1405.60  0.40
 1406.30  0.40
 1407.00  0.40
 1407.70  0.40
 1408.40  0.40
 1409.10  0.40
 1409.80  0.40
 1410.50  0.40
 1411.20  0.40
 1411.90  0.40
 1412.60  0.40
 1413.30  0.40
 1414.00  0.40
 1414.70  0.40
 1415.40  0.40
 1416.10  0.40
 1416.80  0.40
 1417.50  0.40
 1418.20  0.40
 1418.90  0.40
 1419.60  0.40
 1420.30  0.40
 1421.00  0.40
 1421.70  0.40
 1422.40  0.40
 1423.10  0.40
 1423.80  0.40
 1424.50  0.40
 1425.20  0.40
 1425.90  0.40
 1426.60  0.40
 1427.30  0.40
 1428.00  0.40
 1428.70  0.40
 1429.40  0.40
 1430.10  0.40
 1430.80  0.40
 1431.50  0.40
 1432.20  0.40
 1432.90  0.40
 1433.60  0.40
 1434.30  0.40
 1435.00  0.40
 1435.70  0.40
 1436.40  0.40
 1437.10  0.40
 1437.80  0.40
 1438.50  0.40
 1439.20  0.40
 1439.90  0.40
 1440.60  0.40
 1441.30  0.40
 1442.00  0.40
 1442.70  0.40
 1443.40  0.40
 1444.10  0.40
 1444.80  0.40
 1445.50  0.40
 1446.20  0.40
 1446.90  0.40
 1447.60  0.40
 1448.30  0.40
 1449.00  0.40
 1449.70  0.40
 1450.40  0.40
 1451.10  0.40
 1451.80  0.40
 1452.50  0.40
 1453.20  0.40
 1453.90  0.40
 1454.60  0.40
 1455.30  0.40
 1456.00  0.40
 1456.70  0.40
 1457.40  0.40
 1458.10  0.40
 1458.80  0.40
 1459.50  0.40
 1460.20  0.40
 1460.90  0.40
 1461.60  0.40
 1462.30  0.40
 1463.00  0.40
 1463.70  0.40
 1464.40  0.40
 1465.10  0.40
 1465.80  0.40
 1466.50  0.40
 1467.20  0.40
 1467.90  0.40
 1468.60  0.40
 1469.30  0.40
 1470.00  0.40
 1470.70  0.40
 1471.40  0.40
 1472.10  0.40
 1472.80  0.40
 1473.50  0.40
 1474.20  0.40
 1474.90  0.40
 1475.60  0.40
 1476.30  0.40
 1477.00  0.40
 1477.70  0.40
 1478.40  0.40
 1479.10  0.40
 1479.80  0.40
 1480.50  0.40
 1481.20  0.40
 1481.90  0.40
 1482.60  0.40
 1483.30  0.40
 1484.00  0.40
 1484.70  0.40
 1485.40  0.40
 1486.10  0.40
 1486.80  0.40
 1487.50  0.40
 1488.20  0.40
 1488.90  0.40
 1489.60  0.40
 1490.30  0.40
 1491.00  0.40
 1491.70  0.40
 1492.40  0.40
 1493.10  0.40
 1493.80  0.40
 1494.50  0.40
 1495.20  0.40
 1495.90  0.40
 1496.60  0.40
 1497.30  0.40
 1498.00  0.40
 1498.70  0.40
 1499.40  0.40
 1500.10  0.40
 1500.80  0.40
 1501.50  0.40
 1502.20  0.40
 1502.90  0.40
 1503.60  0.40
 1504.30  0.40
 1505.00  0.40
 1505.70  0.40
 1506.40  0.40
 1507.10  0.40
 1507.80  0.40
 1508.50  0.40
 1509.20  0.40
 1509.90  0.40
 1510.60  0.40
 1511.30  0.40
 1512.00  0.40
 1512.70  0.40
 1513.40  0.40
 1514.10  0.40
 1514.80  0.40
 1515.50  0.40
 1516.20  0.40
 1516.90  0.40
 1517.60  0.40
 1518.30  0.40
 1519.00  0.40
 1519.70  0.40
 1520.40  0.40
 1521.10  0.40
 1521.80  0.40
 1522.50  0.40
 1523.20  0.40
 1523.90  0.40
 1524.60  0.40
 1525.30  0.40
 1526.00  0.40
 1526.70  0.40
 1527.40  0.40
 1528.10  0.40
 1528.80  0.40
 1529.50  0.40
 1530.20  0.40
 1530.90  0.40
 1531.60  0.40
 1532.30  0.40
 1533.00  0.40
 1533.70  0.40
 1534.40  0.40
 1535.10  0.40
 1535.80  0.40
 1536.50  0.40
 1537.20  0.40
 1537.90  0.40
 1538.60  0.40
 1539.30  0.40
 1540.00  0.40
 1540.70  0.40
 1541.40  0.40
 1542.10  0.40
 1542.80  0.40
 1543.50  0.40
 1544.20  0.40
 1544.90  0.40
 1545.60  0.40
 1546.30  0.40
 1547.00  0.40
 1547.70  0.40
 1548.40  0.40
 1549.10  0.40
 1549.80  0.40
 1550.50  0.40
 1551.20  0.40
 1551.90  0.40
 1552.60  0.40
 1553.30  0.40
 1554.00  0.40
 1554.70  0.40
 1555.40  0.40
 1556.10  0.40
 1556.80  0.40
 1557.50  0.40
 1558.20  0.40
 1558.90  0.40
 1559.60  0.40
 1560.30  0.40
 1561.00  0.40
 1561.70  0.40
 1562.40  0.40
 1563.10  0.40
 1563.80  0.40
 1564.50  0.40
 1565.20  0.40
 1565.90  0.40
 1566.60  0.40
 1567.30  0.40
 1568.00  0.40
 1568.70  0.40
 1569.40  0.40
 1570.10  0.40
 1570.80  0.40
 1571.50  0.40
 1572.20  0.40
 1572.90  0.40
 1573.60  0.40
 1574.30  0.40
 1575.00  0.40
 1575.70  0.40
 1576.40  0.40
 1577.10  0.40
 1577.80  0.40
 1578.50  0.40
 1579.20  0.40
 1579.90  0.40
 1580.60  0.40
 1581.30  0.40
 1582.00  0.40
 1582.70  0.40
 1583.40  0.40
 1584.10  0.40
 1584.80  0.40
 1585.50  0.40
 1586.20  0.40
 1586.90  0.40
 1587.60  0.40
 1588.30  0.40
 1589.00  0.40
 1589.70  0.40
 1590.40  0.40
 1591.10  0.40
 1591.80  0.40
 1592.50  0.40
 1593.20  0.40
 1593.90  0.40
 1594.60  0.40
 1595.30  0.40
 1596.00  0.40
 1596.70  0.40
 1597.40  0.40
 1598.10  0.40
 1598.80  0.40
 1599.50  0.40
 1600.20  0.40
 1600.90  0.40
 1601.60  0.40
 1602.30  0.40
 1603.00  0.40
 1603.70  0.40
 1604.40  0.40
 1605.10  0.40
 1605.80  0.40
 1606.50  0.40
 1607.20  0.40
 1607.90  0.40
 1608.60  0.40
 1609.30  0.40
 1610.00  0.40
 1610.70  0.40
 1611.40  0.40
 1612.10  0.40
 1612.80  0.40
 1613.50  0.40
 1614.20  0.40
 1614.90  0.40
 1615.60  0.40
 1616.30  0.40
 1617.00  0.40
 1617.70  0.40
 1618.40  0.40
 1619.10  0.40
 1619.80  0.40
 1620.50  0.40
 1621.20  0.40
 1621.90  0.40
 1622.60  0.40
 1623.30  0.40
 1624.00  0.40
 1624.70  0.40
 1625.40  0.40
 1626.10  0.40
 1626.80  0.40
 1627.50  0.40
 1628.20  0.40
 1628.90  0.40
 1629.60  0.40
 1630.30  0.40
 1631.00  0.40
 1631.70  0.40
 1632.40  0.40
 1633.10  0.40
 1633.80  0.40
 1634.50  0.40
 1635.20  0.40
 1635.90  0.40
 1636.60  0.40
 1637.30  0.40
 1638.00  0.40
 1638.70  0.40
 1639.40  0.40
 1640.10  0.40
 1640.80  0.40
 1641.50  0.40
 1642.20  0.40
 1642.90  0.40
 1643.60  0.40
 1644.30  0.40
 1645.00  0.40
 1645.70  0.40
 1646.40  0.40
 1647.10  0.40
 1647.80  0.40
 1648.50  0.40
 1649.20  0.40
 1649.90  0.40
 1650.60  0.40
 1651.30  0.40
 1652.00  0.40
 1652.70  0.40
 1653.40  0.40
 1654.10  0.40
 1654.80  0.40
 1655.50  0.40
 1656.20  0.40
 1656.90  0.40
 1657.60  0.40
 1658.30  0.40
 1659.00  0.40
 1659.70  0.40
 1660.40  0.40
 1661.10  0.40
 1661.80  0.40
 1662.50  0.40
 1663.20  0.40
 1663.90  0.40
 1664.60  0.40
 1665.30  0.40
 1666.00  0.40
 1666.70  0.40
 1667.40  0.40
 1668.10  0.40
 1668.80  0.40
 1669.50  0.40
 1670.20  0.40
 1670.90  0.40
 1671.60  0.40
 1672.30  0.40
 1673.00  0.40
 1673.70  0.40
 1674.40  0.40
 1675.10  0.40
 1675.80  0.40
 1676.50  0.40
 1677.20  0.40
 1677.90  0.40
 1678.60  0.40
 1679.30  0.40
 1680.00  0.40
 1680.70  0.40
 1681.40  0.40
 1682.10  0.40
 1682.80  0.40
 1683.50  0.40
 1684.20  0.40
 1684.90  0.40
 1685.60  0.40
 1686.30  0.40
 1687.00  0.40
 1687.70  0.40
 1688.40  0.40
 1689.10  0.40
 1689.80  0.40
 1690.50  0.40
 1691.20  0.40
 1691.90  0.40
 1692.60  0.40
 1693.30  0.40
 1694.00  0.40
 1694.70  0.40
 1695.40  0.40
 1696.10  0.40
 1696.80  0.40
 1697.50  0.40
 1698.20  0.40
 1698.90  0.40
 1699.60  0.40
 1700.30  0.40
 1701.00  0.40
 1701.70  0.40
 1702.40  0.40
 1703.10  0.40
 1703.80  0.40
 1704.50  0.40
 1705.20  0.40
 1705.90  0.40
 1706.60  0.40
 1707.30  0.40
 1708.00  0.40
 1708.70  0.40
 1709.40  0.40
 1710.10  0.40
 1710.80  0.40
 1711.50  0.40
 1712.20  0.40
 1712.90  0.40
 1713.60  0.40
 1714.30  0.40
 1715.00  0.40
 1715.70  0.40
 1716.40  0.40
 1717.10  0.40
 1717.80  0.40
 1718.50  0.40
 1719.20  0.40
 1719.90  0.40
 1720.60  0.40
 1721.30  0.40
 1722.00  0.40
 1722.70  0.40
 1723.40  0.40
 1724.10  0.40
 1724.80  0.40
 1725.50  0.40
 1726.20  0.40
 1726.90  0.40
 1727.60  0.40
 1728.30  0.40
 1729.00  0.40
 1729.70  0.40
 1730.40  0.40
 1731.10  0.40
 1731.80  0.40
 1732.50  0.40
 1733.20  0.40
 1733.90  0.40
 1734.60  0.40
 1735.30  0.40
 1736.00  0.40
 1736.70  0.40
 1737.40  0.40
 1738.10  0.40
 1738.80  0.40
 1739.50  0.40
 1740.20  0.40
 1740.90  0.40
 1741.60  0.40
 1742.30  0.40
 1743.00  0.40
 1743.70  0.40
 1744.40  0.40
 1745.10  0.40
 1745.80  0.40
 1746.50  0.40
 1747.20  0.40
 1747.90  0.40
 1748.60  0.40
 1749.30  0.40
 1750.00  0.40
 1750.70  0.40
 1751.40  0.40
 1752.10  0.40
 1752.80  0.40
 1753.50  0.40
 1754.20  0.40
 1754.90  0.40
 1755.60  0.40
 1756.30  0.40
 1757.00  0.40
 1757.70  0.40
 1758.40  0.40
 1759.10  0.40
 1759.80  0.40
 1760.50  0.40
 1761.20  0.40
 1761.90  0.40
 1762.60  0.40
 1763.30  0.40
 1764.00  0.40
 1764.70  0.40
 1765.40  0.40
 1766.10  0.40
 1766.80  0.40
 1767.50  0.40
 1768.20  0.40
 1768.90  0.40
 1769.60  0.40
 1770.30  0.40
 1771.00  0.40
 1771.70  0.40
 1772.40  0.40
 1773.10  0.40
 1773.80  0.40
 1774.50  0.40
 1775.20  0.40
 1775.90  0.40
 1776.60  0.40
 1777.30  0.40
 1778.00  0.40
 1778.70  0.40
 1779.40  0.40
 1780.10  0.40
 1780.80  0.40
 1781.50  0.40
 1782.20  0.40
 1782.90  0.40
 1783.60  0.40
 1784.30  0.40
 1785.00  0.40
 1785.70  0.40
 1786.40  0.40
 1787.10  0.40
 1787.80  0.40
 1788.50  0.40
 1789.20  0.40
 1789.90  0.40
 1790.60  0.40
 1791.30  0.40
 1792.00  0.40
 1792.70  0.40
 1793.40  0.40
 1794.10  0.40
 1794.80  0.40
 1795.50  0.40
 1796.20  0.40
 1796.90  0.40
 1797.60  0.40
 1798.30  0.40
 1799.00  0.40
 1799.70  0.40
 1800.40  0.40
 1801.10  0.40
 1801.80  0.40
 1802.50  0.40
 1803.20  0.40
 1803.90  0.40
 1804.60  0.40
 1805.30  0.40
 1806.00  0.40
 1806.70  0.40
 1807.40  0.40
 1808.10  0.40
 1808.80  0.40
 1809.50  0.40
 1810.20  0.40
 1810.90  0.40
 1811.60  0.40
 1812.30  0.40
 1813.00  0.40
 1813.70  0.40
 1814.40  0.40
 1815.10  0.40
 1815.80  0.40
 1816.50  0.40
 1817.20  0.40
 1817.90  0.40
 1818.60  0.40
 1819.30  0.40
 1820.00  0.40
 1820.70  0.40
 1821.40  0.40
 1822.10  0.40
 1822.80  0.40
 1823.50  0.40
 1824.20  0.40
 1824.90  0.40
 1825.60  0.40
 1826.30  0.40
 1827.00  0.40
 1827.70  0.40
 1828.40  0.40
 1829.10  0.40
 1829.80  0.40
 1830.50  0.40
 1831.20  0.40
 1831.90  0.40
 1832.60  0.40
 1833.30  0.40
 1834.00  0.40
 1834.70  0.40
 1835.40  0.40
 1836.10  0.40
 1836.80  0.40
 1837.50  0.40
 1838.20  0.40
 1838.90  0.40
 1839.60  0.40
 1840.30  0.40
 1841.00  0.40
 1841.70  0.40
 1842.40  0.40
 1843.10  0.40
 1843.80  0.40
 1844.50  0.40
 1845.20  0.40
 1845.90  0.40
 1846.60  0.40
 1847.30  0.40
 1848.00  0.40
 1848.70  0.40
 1849.40  0.40
 1850.10  0.40
 1850.80  0.40
 1851.50  0.40
 1852.20  0.40
 1852.90  0.40
 1853.60  0.40
 1854.30  0.40
 1855.00  0.40
 1855.70  0.40
 1856.40  0.40
 1857.10  0.40
 1857.80  0.40
 1858.50  0.40
 1859.20  0.40
 1859.90  0.40
 1860.60  0.40
 1861.30  0.40
 1862.00  0.40
 1862.70  0.40
 1863.40  0.40
 1864.10  0.40
 1864.80  0.40
 1865.50  0.40
 1866.20  0.40
 1866.90  0.40
 1867.60  0.40
 1868.30  0.40
 1869.00  0.40
 1869.70  0.40
 1870.40  0.40
 1871.10  0.40
 1871.80  0.40
 1872.50  0.40
 1873.20  0.40
 1873.90  0.40
 1874.60  0.40
 1875.30  0.40
 1876.00  0.40
 1876.70  0.40
 1877.40  0.40
 1878.10  0.40
 1878.80  0.40
 1879.50  0.40
 1880.20  0.40
 1880.90  0.40
 1881.60  0.40
 1882.30  0.40
 1883.00  0.40
 1883.70  0.40
 1884.40  0.40
 1885.10  0.40
 1885.80  0.40
 1886.50  0.40
 1887.20  0.40
 1887.90  0.40
 1888.60  0.40
 1889.30  0.40
 1890.00  0.40
 1890.70  0.40
 1891.40  0.40
 1892.10  0.40
 1892.80  0.40
 1893.50  0.40
 1894.20  0.40
 1894.90  0.40
 1895.60  0.40
 1896.30  0.40
 1897.00  0.40
 1897.70  0.40
 1898.40  0.40
 1899.10  0.40
 1899.80  0.40
 1900.50  0.40
 1901.20  0.40
 1901.90  0.40
 1902.60  0.40
 1903.30  0.40
 1904.00  0.40
 1904.70  0.40
 1905.40  0.40
 1906.10  0.40
 1906.80  0.40
 1907.50  0.40
 1908.20  0.40
 1908.90  0.40
 1909.60  0.40
 1910.30  0.40
 1911.00  0.40
 1911.70  0.40
 1912.40  0.40
 1913.10  0.40
 1913.80  0.40
 1914.50  0.40
 1915.20  0.40
 1915.90  0.40
 1916.60  0.40
 1917.30  0.40
 1918.00  0.40
 1918.70  0.40
 1919.40  0.40
 1920.10  0.40
 1920.80  0.40
 1921.50  0.40
 1922.20  0.40
 1922.90  0.40
 1923.60  0.40
 1924.30  0.40
 1925.00  0.40
 1925.70  0.40
 1926.40  0.40
 1927.10  0.40
 1927.80  0.40
 1928.50  0.40
 1929.20  0.40
 1929.90  0.40
 1930.60  0.40
 1931.30  0.40
 1932.00  0.40
 1932.70  0.40
 1933.40  0.40
 1934.10  0.40
 1934.80  0.40
 1935.50  0.40
 1936.20  0.40
 1936.90  0.40
 1937.60  0.40
 1938.30  0.40
 1939.00  0.40
 1939.70  0.40
 1940.40  0.40
 1941.10  0.40
 1941.80  0.40
 1942.50  0.40
 1943.20  0.40
 1943.90  0.40
 1944.60  0.40
 1945.30  0.40
 1946.00  0.40
 1946.70  0.40
 1947.40  0.40
 1948.10  0.40
 1948.80  0.40
 1949.50  0.40
 1950.20  0.40
 1950.90  0.40
 1951.60  0.40
 1952.30  0.40
 1953.00  0.40
 1953.70  0.40
 1954.40  0.40
 1955.10  0.40
 1955.80  0.40
 1956.50  0.40
 1957.20  0.40
 1957.90  0.40
 1958.60  0.40
 1959.30  0.40
 1960.00  0.40
 1960.70  0.40
 1961.40  0.40
 1962.10  0.40
 1962.80  0.40
 1963.50  0.40
 1964.20  0.40
 1964.90  0.40
 1965.60  0.40
 1966.30  0.40
 1967.00  0.40
 1967.70  0.40
 1968.40  0.40
 1969.10  0.40
 1969.80  0.40
 1970.50  0.40
 1971.20  0.40
 1971.90  0.40
 1972.60  0.40
 1973.30  0.40
 1974.00  0.40
 1974.70  0.40
 1975.40  0.40
 1976.10  0.40
 1976.80  0.40
 1977.50  0.40
 1978.20  0.40
 1978.90  0.40
 1979.60  0.40
 1980.30  0.40
 1981.00  0.40
 1981.70  0.40
 1982.40  0.40
 1983.10  0.40
 1983.80  0.40
 1984.50  0.40
 1985.20  0.40
 1985.90  0.40
 1986.60  0.40
 1987.30  0.40
 1988.00  0.40
 1988.70  0.40
 1989.40  0.40
 1990.10  0.40
 1990.80  0.40
 1991.50  0.40
 1992.20  0.40
 1992.90  0.40
 1993.60  0.40
 1994.30  0.40
 1995.00  0.40
 1995.70  0.40
 1996.40  0.40
 1997.10  0.40
 1997.80  0.40
 1998.50  0.40
 1999.20  0.40
 1999.90  0.40
 2000.60  0.40
 2001.30  0.40
 2002.00  0.40
 2002.70  0.40
 2003.40  0.40
 2004.10  0.40
 2004.80  0.40
 2005.50  0.40
 2006.20  0.40
 2006.90  0.40
 2007.60  0.40
 2008.30  0.40
 2009.00  0.40
 2009.70  0.40
 2010.40  0.40
 2011.10  0.40
 2011.80  0.40
 2012.50  0.40
 2013.20  0.40
 2013.90  0.40
 2014.60  0.40
 2015.30  0.40
 2016.00  0.40
 2016.70  0.40
 2017.40  0.40
 2018.10  0.40
 2018.80  0.40
 2019.50  0.40
 2020.20  0.40
 2020.90  0.40
 2021.60  0.40
 2022.30  0.40
 2023.00  0.40
 2023.70  0.40
 2024.40  0.40
 2025.10  0.40
 2025.80  0.40
 2026.50  0.40
 2027.20  0.40
 2027.90  0.40
 2028.60  0.40
 2029.30  0.40
 2030.00  0.40
 2030.70  0.40
 2031.40  0.40
 2032.10  0.40
 2032.80  0.40
 2033.50  0.40
 2034.20  0.40
 2034.90  0.40
 2035.60  0.40
 2036.30  0.40
 2037.00  0.40
 2037.70  0.40
 2038.40  0.40
 2039.10  0.40
 2039.80  0.40
 2040.50  0.40
 2041.20  0.40
 2041.90  0.40
 2042.60  0.40
 2043.30  0.40
 2044.00  0.40
 2044.70  0.40
 2045.40  0.40
 2046.10  0.40
 2046.80  0.40
 2047.50  0.40
 2048.20  0.40
 2048.90  0.40
 2049.60  0.40
 2050.30  0.40
 2051.00  0.40
 2051.70  0.40
 2052.40  0.40
 2053.10  0.40
 2053.80  0.40
 2054.50  0.40
 2055.20  0.40
 2055.90  0.40
 2056.60  0.40
 2057.30  0.40
 2058.00  0.40
 2058.70  0.40
 2059.40  0.40
 2060.10  0.40
 2060.80  0.40
 2061.50  0.40
 2062.20  0.40
 2062.90  0.40
 2063.60  0.40
 2064.30  0.40
 2065.00  0.40
 2065.70  0.40
 2066.40  0.40
 2067.10  0.40
 2067.80  0.40
 2068.50  0.40
 2069.20  0.40
 2069.90  0.40
 2070.60  0.40
 2071.30  0.40
 2072.00  0.40
 2072.70  0.40
 2073.40  0.40
 2074.10  0.40
 2074.80  0.40
 2075.50  0.40
 2076.20  0.40
 2076.90  0.40
 2077.60  0.40
 2078.30  0.40
 2079.00  0.40
 2079.70  0.40
 2080.40  0.40
 2081.10  0.40
 2081.80  0.40
 2082.50  0.40
 2083.20  0.40
 2083.90  0.40
 2084.60  0.40
 2085.30  0.40
 2086.00  0.40
 2086.70  0.40
 2087.40  0.40
 2088.10  0.40
 2088.80  0.40
 2089.50  0.40
 2090.20  0.40
 2090.90  0.40
 2091.60  0.40
 2092.30  0.40
 2093.00  0.40
 2093.70  0.40
 2094.40  0.40
 2095.10  0.40
 2095.80  0.40
 2096.50  0.40
 2097.20  0.40
 2097.90  0.40
 2098.60  0.40
 2099.30  0.40
 2100.00  0.40
 2100.70  0.40
 2101.40  0.40
 2102.10  0.40
 2102.80  0.40
 2103.50  0.40
 2104.20  0.40
 2104.90  0.40
 2105.60  0.40
 2106.30  0.40
 2107.00  0.40
 2107.70  0.40
 2108.40  0.40
 2109.10  0.40
 2109.80  0.40
 2110.50  0.40
 2111.20  0.40
 2111.90  0.40
 2112.60  0.40
 2113.30  0.40
 2114.00  0.40
 2114.70  0.40
 2115.40  0.40
 2116.10  0.40
 2116.80  0.40
 2117.50  0.40
 2118.20  0.40
 2118.90  0.40
 2119.60  0.40
 2120.30  0.40
 2121.00  0.40
 2121.70  0.40
 2122.40  0.40
 2123.10  0.40
 2123.80  0.40
 2124.50  0.40
 2125.20  0.40
 2125.90  0.40
 2126.60  0.40
 2127.30  0.40
 2128.00  0.40
 2128.70  0.40
 2129.40  0.40
 2130.10  0.40
 2130.80  0.40
 2131.50  0.40
 2132.20  0.40
 2132.90  0.40
 2133.60  0.40
 2134.30  0.40
 2135.00  0.40
 2135.70  0.40
 2136.40  0.40
 2137.10  0.40
 2137.80  0.40
 2138.50  0.40
 2139.20  0.40
 2139.90  0.40
 2140.60  0.40
 2141.30  0.40
 2142.00  0.40
 2142.70  0.40
 2143.40  0.40
 2144.10  0.40
 2144.80  0.40
 2145.50  0.40
 2146.20  0.40
 2146.90  0.40
 2147.60  0.40
 2148.30  0.40
 2149.00  0.40
 2149.70  0.40
 2150.40  0.40
 2151.10  0.40
 2151.80  0.40
 2152.50  0.40
 2153.20  0.40
 2153.90  0.40
 2154.60  0.40
 2155.30  0.40
 2156.00  0.40
 2156.70  0.40
 2157.40  0.40
 2158.10  0.40
 2158.80  0.40
 2159.50  0.40
 2160.20  0.40
 2160.90  0.40
 2161.60  0.40
 2162.30  0.40
 2163.00  0.40
 2163.70  0.40
 2164.40  0.40
 2165.10  0.40
 2165.80  0.40
 2166.50  0.40
 2167.20  0.40
 2167.90  0.40
 2168.60  0.40
 2169.30  0.40
 2170.00  0.40
 2170.70  0.40
 2171.40  0.40
 2172.10  0.40
 2172.80  0.40
 2173.50  0.40
 2174.20  0.40
 2174.90  0.40
 2175.60  0.40
 2176.30  0.40
 2177.00  0.40
 2177.70  0.40
 2178.40  0.40
 2179.10  0.40
 2179.80  0.40
 2180.50  0.40
 2181.20  0.40
 2181.90  0.40
 2182.60  0.40
 2183.30  0.40
 2184.00  0.40
 2184.70  0.40
 2185.40  0.40
 2186.10  0.40
 2186.80  0.40
 2187.50  0.40
 2188.20  0.40
 2188.90  0.40
 2189.60  0.40
 2190.30  0.40
 2191.00  0.40
 2191.70  0.40
 2192.40  0.40
 2193.10  0.40
 2193.80  0.40
 2194.50  0.40
 2195.20  0.40
 2195.90  0.40
 2196.60  0.40
 2197.30  0.40
 2198.00  0.40
 2198.70  0.40
 2199.40  0.40
 2200.10  0.40
 2200.80  0.40
 2201.50  0.40
 2202.20  0.40
 2202.90  0.40
 2203.60  0.40
 2204.30  0.40
 2205.00  0.40
 2205.70  0.40
 2206.40  0.40
 2207.10  0.40
 2207.80  0.40
 2208.50  0.40
 2209.20  0.40
 2209.90  0.40
 2210.60  0.40
 2211.30  0.40
 2212.00  0.40
 2212.70  0.40
 2213.40  0.40
 2214.10  0.40
 2214.80  0.40
 2215.50  0.40
 2216.20  0.40
 2216.90  0.40
 2217.60  0.40
 2218.30  0.40
 2219.00  0.40
 2219.70  0.40
 2220.40  0.40
 2221.10  0.40
 2221.80  0.40
 2222.50  0.40
 2223.20  0.40
 2223.90  0.40
 2224.60  0.40
 2225.30  0.40
 2226.00  0.40
 2226.70  0.40
 2227.40  0.40
 2228.10  0.40
 2228.80  0.40
 2229.50  0.40
 2230.20  0.40
 2230.90  0.40
 2231.60  0.40
 2232.30  0.40
 2233.00  0.40
 2233.70  0.40
 2234.40  0.40
 2235.10  0.40
 2235.80  0.40
 2236.50  0.40
 2237.20  0.40
 2237.90  0.40
 2238.60  0.40
 2239.30  0.40
 2240.00  0.40
 2240.70  0.40
 2241.40  0.40
 2242.10  0.40
 2242.80  0.40
 2243.50  0.40
 2244.20  0.40
 2244.90  0.40
 2245.60  0.40
 2246.30  0.40
 2247.00  0.40
 2247.70  0.40
 2248.40  0.40
 2249.10  0.40
 2249.80  0.40
 2250.50  0.40
 2251.20  0.40
 2251.90  0.40
 2252.60  0.40
 2253.30  0.40
 2254.00  0.40
 2254.70  0.40
 2255.40  0.40
 2256.10  0.40
 2256.80  0.40
 2257.50  0.40
 2258.20  0.40
 2258.90  0.40
 2259.60  0.40
 2260.30  0.40
 2261.00  0.40
 2261.70  0.40
 2262.40  0.40
 2263.10  0.40
 2263.80  0.40
 2264.50  0.40
 2265.20  0.40
 2265.90  0.40
 2266.60  0.40
 2267.30  0.40
 2268.00  0.40
 2268.70  0.40
 2269.40  0.40
 2270.10  0.40
 2270.80  0.40
 2271.50  0.40
 2272.20  0.40
 2272.90  0.40
 2273.60  0.40
 2274.30  0.40
 2275.00  0.40
 2275.70  0.40
 2276.40  0.40
 2277.10  0.40
 2277.80  0.40
 2278.50  0.40
 2279.20  0.40
 2279.90  0.40
 2280.60  0.40
 2281.30  0.40
 2282.00  0.40
 2282.70  0.40
 2283.40  0.40
 2284.10  0.40
 2284.80  0.40
 2285.50  0.40
 2286.20  0.40
 2286.90  0.40
 2287.60  0.40
 2288.30  0.40
 2289.00  0.40
 2289.70  0.40
 2290.40  0.40
 2291.10  0.40
 2291.80  0.40
 2292.50  0.40
 2293.20  0.40
 2293.90  0.40
 2294.60  0.40
 2295.30  0.40
 2296.00  0.40
 2296.70  0.40
 2297.40  0.40
 2298.10  0.40
 2298.80  0.40
 2299.50  0.40
 2300.20  0.40
 2300.90  0.40
 2301.60  0.40
 2302.30  0.40
 2303.00  0.40
 2303.70  0.40
 2304.40  0.40
 2305.10  0.40
 2305.80  0.40
 2306.50  0.40
 2307.20  0.40
 2307.90  0.40
 2308.60  0.40
 2309.30  0.40
 2310.00  0.40
 2310.70  0.40
 2311.40  0.40
 2312.10  0.40
 2312.80  0.40
 2313.50  0.40
 2314.20  0.40
 2314.90  0.40
 2315.60  0.40
 2316.30  0.40
 2317.00  0.40
 2317.70  0.40
 2318.40  0.40
 2319.10  0.40
 2319.80  0.40
 2320.50  0.40
 2321.20  0.40
 2321.90  0.40
 2322.60  0.40
 2323.30  0.40
 2324.00  0.40
 2324.70  0.40
 2325.40  0.40
 2326.10  0.40
 2326.80  0.40
 2327.50  0.40
 2328.20  0.40
 2328.90  0.40
 2329.60  0.40
 2330.30  0.40
 2331.00  0.40
 2331.70  0.40
 2332.40  0.40
 2333.10  0.40
 2333.80  0.40
 2334.50  0.40
 2335.20  0.40
 2335.90  0.40
 2336.60  0.40
 2337.30  0.40
 2338.00  0.40
 2338.70  0.40
 2339.40  0.40
 2340.10  0.40
 2340.80  0.40
 2341.50  0.40
 2342.20  0.40
 2342.90  0.40
 2343.60  0.40
 2344.30  0.40
 2345.00  0.40
 2345.70  0.40
 2346.40  0.40
 2347.10  0.40
 2347.80  0.40
 2348.50  0.40
 2349.20  0.40
 2349.90  0.40
 2350.60  0.40
 2351.30  0.40
 2352.00  0.40
 2352.70  0.40
 2353.40  0.40
 2354.10  0.40
 2354.80  0.40
 2355.50  0.40
 2356.20  0.40
 2356.90  0.40
 2357.60  0.40
 2358.30  0.40
 2359.00  0.40
 2359.70  0.40
 2360.40  0.40
 2361.10  0.40
 2361.80  0.40
 2362.50  0.40
 2363.20  0.40
 2363.90  0.40
 2364.60  0.40
 2365.30  0.40
 2366.00  0.40
 2366.70  0.40
 2367.40  0.40
 2368.10  0.40
 2368.80  0.40
 2369.50  0.40
 2370.20  0.40
 2370.90  0.40
 2371.60  0.40
 2372.30  0.40
 2373.00  0.40
 2373.70  0.40
 2374.40  0.40
 2375.10  0.40
 2375.80  0.40
 2376.50  0.40
 2377.20  0.40
 2377.90  0.40
 2378.60  0.40
 2379.30  0.40
 2380.00  0.40
 2380.70  0.40
 2381.40  0.40
 2382.10  0.40
 2382.80  0.40
 2383.50  0.40
 2384.20  0.40
 2384.90  0.40
 2385.60  0.40
 2386.30  0.40
 2387.00  0.40
 2387.70  0.40
 2388.40  0.40
 2389.10  0.40
 2389.80  0.40
 2390.50  0.40
 2391.20  0.40
 2391.90  0.40
 2392.60  0.40
 2393.30  0.40
 2394.00  0.40
 2394.70  0.40
 2395.40  0.40
 2396.10  0.40
 2396.80  0.40
 2397.50  0.40
 2398.20  0.40
 2398.90  0.40
 2399.60  0.40
 2400.30  0.40
 2401.00  0.40
 2401.70  0.40
 2402.40  0.40
 2403.10  0.40
 2403.80  0.40
 2404.50  0.40
 2405.20  0.40
 2405.90  0.40
 2406.60  0.40
 2407.30  0.40
 2408.00  0.40
 2408.70  0.40
 2409.40  0.40
 2410.10  0.40
 2410.80  0.40
 2411.50  0.40
 2412.20  0.40
 2412.90  0.40
 2413.60  0.40
 2414.30  0.40
 2415.00  0.40
 2415.70  0.40
 2416.40  0.40
 2417.10  0.40
 2417.80  0.40
 2418.50  0.40
 2419.20  0.40
 2419.90  0.40
 2420.60  0.40
 2421.30  0.40
 2422.00  0.40
 2422.70  0.40
 2423.40  0.40
 2424.10  0.40
 2424.80  0.40
 2425.50  0.40
 2426.20  0.40
 2426.90  0.40
 2427.60  0.40
 2428.30  0.40
 2429.00  0.40
 2429.70  0.40
 2430.40  0.40
 2431.10  0.40
 2431.80  0.40
 2432.50  0.40
 2433.20  0.40
 2433.90  0.40
 2434.60  0.40
 2435.30  0.40
 2436.00  0.40
 2436.70  0.40
 2437.40  0.40
 2438.10  0.40
 2438.80  0.40
 2439.50  0.40
 2440.20  0.40
 2440.90  0.40
 2441.60  0.40
 2442.30  0.40
 2443.00  0.40
 2443.70  0.40
 2444.40  0.40
 2445.10  0.40
 2445.80  0.40
 2446.50  0.40
 2447.20  0.40
 2447.90  0.40
 2448.60  0.40
 2449.30  0.40
 2450.00  0.40
 2450.70  0.40
 2451.40  0.40
 2452.10  0.40
 2452.80  0.40
 2453.50  0.40
 2454.20  0.40
 2454.90  0.40
 2455.60  0.40
 2456.30  0.40
 2457.00  0.40
 2457.70  0.40
 2458.40  0.40
 2459.10  0.40
 2459.80  0.40
 2460.50  0.40
 2461.20  0.40
 2461.90  0.40
 2462.60  0.40
 2463.30  0.40
 2464.00  0.40
 2464.70  0.40
 2465.40  0.40
 2466.10  0.40
 2466.80  0.40
 2467.50  0.40
 2468.20  0.40
 2468.90  0.40
 2469.60  0.40
 2470.30  0.40
 2471.00  0.40
 2471.70  0.40
 2472.40  0.40
 2473.10  0.40
 2473.80  0.40
 2474.50  0.40
 2475.20  0.40
 2475.90  0.40
 2476.60  0.40
 2477.30  0.40
 2478.00  0.40
 2478.70  0.40
 2479.40  0.40
 2480.10  0.40
 2480.80  0.40
 2481.50  0.40
 2482.20  0.40
 2482.90  0.40
 2483.60  0.40
 2484.30  0.40
 2485.00  0.40
 2485.70  0.40
 2486.40  0.40
 2487.10  0.40
 2487.80  0.40
 2488.50  0.40
 2489.20  0.40
 2489.90  0.40
 2490.60  0.40
 2491.30  0.40
 2492.00  0.40
 2492.70  0.40
 2493.40  0.40
 2494.10  0.40
 2494.80  0.40
 2495.50  0.40
 2496.20  0.40
 2496.90  0.40
 2497.60  0.40
 2498.30  0.40
 2499.00  0.40
 2499.70  0.40
 2500.40  0.40
 2501.10  0.40
 2501.80  0.40
 2502.50  0.40
 2503.20  0.40
 2503.90  0.40
 2504.60  0.40
 2505.30  0.40
 2506.00  0.40
 2506.70  0.40
 2507.40  0.40
 2508.10  0.40
 2508.80  0.40
 2509.50  0.40
 2510.20  0.40
 2510.90  0.40
 2511.60  0.40
 2512.30  0.40
 2513.00  0.40
 2513.70  0.40
 2514.40  0.40
 2515.10  0.40
 2515.80  0.40
 2516.50  0.40
 2517.20  0.40
 2517.90  0.40
 2518.60  0.40
 2519.30  0.40
 2520.00  0.40
 2520.70  0.40
 2521.40  0.40
 2522.10  0.40
 2522.80  0.40
 2523.50  0.40
 2524.20  0.40
 2524.90  0.40
 2525.60  0.40
 2526.30  0.40
 2527.00  0.40
 2527.70  0.40
 2528.40  0.40
 2529.10  0.40
 2529.80  0.40
 2530.50  0.40
 2531.20  0.40
 2531.90  0.40
 2532.60  0.40
 2533.30  0.40
 2534.00  0.40
 2534.70  0.40
 2535.40  0.40
 2536.10  0.40
 2536.80  0.40
 2537.50  0.40
 2538.20  0.40
 2538.90  0.40
 2539.60  0.40
 2540.30  0.40
 2541.00  0.40
 2541.70  0.40
 2542.40  0.40
 2543.10  0.40
 2543.80  0.40
 2544.50  0.40
 2545.20  0.40
 2545.90  0.40
 2546.60  0.40
 2547.30  0.40
 2548.00  0.40
 2548.70  0.40
 2549.40  0.40
 2550.10  0.40
 2550.80  0.40
 2551.50  0.40
 2552.20  0.40
 2552.90  0.40
 2553.60  0.40
 2554.30  0.40
 2555.00  0.40
 2555.70  0.40
 2556.40  0.40
 2557.10  0.40
 2557.80  0.40
 2558.50  0.40
 2559.20  0.40
 2559.90  0.40
 2560.60  0.40
 2561.30  0.40
 2562.00  0.40
 2562.70  0.40
 2563.40  0.40
 2564.10  0.40
 2564.80  0.40
 2565.50  0.40
 2566.20  0.40
 2566.90  0.40
 2567.60  0.40
 2568.30  0.40
 2569.00  0.40
 2569.70  0.40
 2570.40  0.40
 2571.10  0.40
 2571.80  0.40
 2572.50  0.40
 2573.20  0.40
 2573.90  0.40
 2574.60  0.40
 2575.30  0.40
 2576.00  0.40
 2576.70  0.40
 2577.40  0.40
 2578.10  0.40
 2578.80  0.40
 2579.50  0.40
 2580.20  0.40
 2580.90  0.40
 2581.60  0.40
 2582.30  0.40
 2583.00  0.40
 2583.70  0.40
 2584.40  0.40
 2585.10  0.40
 2585.80  0.40
 2586.50  0.40
 2587.20  0.40
 2587.90  0.40
 2588.60  0.40
 2589.30  0.40
 2590.00  0.40
 2590.70  0.40
 2591.40  0.40
 2592.10  0.40
 2592.80  0.40
 2593.50  0.40
 2594.20  0.40
 2594.90  0.40
 2595.60  0.40
 2596.30  0.40
 2597.00  0.40
 2597.70  0.40
 2598.40  0.40
 2599.10  0.40
 2599.80  0.40
 2600.50  0.40
 2601.20  0.40
 2601.90  0.40
 2602.60  0.40
 2603.30  0.40
 2604.00  0.40
 2604.70  0.40
 2605.40  0.40
 2606.10  0.40
 2606.80  0.40
 2607.50  0.40
 2608.20  0.40
 2608.90  0.40
 2609.60  0.40
 2610.30  0.40
 2611.00  0.40
 2611.70  0.40
 2612.40  0.40
 2613.10  0.40
 2613.80  0.40
 2614.50  0.40
 2615.20  0.40
 2615.90  0.40
 2616.60  0.40
 2617.30  0.40
 2618.00  0.40
 2618.70  0.40
 2619.40  0.40
 2620.10  0.40
 2620.80  0.40
 2621.50  0.40
 2622.20  0.40
 2622.90  0.40
 2623.60  0.40
 2624.30  0.40
 2625.00  0.40
 2625.70  0.40
 2626.40  0.40
 2627.10  0.40
 2627.80  0.40
 2628.50  0.40
 2629.20  0.40
 2629.90  0.40
 2630.60  0.40
 2631.30  0.40
 2632.00  0.40
 2632.70  0.40
 2633.40  0.40
 2634.10  0.40
 2634.80  0.40
 2635.50  0.40
 2636.20  0.40
 2636.90  0.40
 2637.60  0.40
 2638.30  0.40
 2639.00  0.40
 2639.70  0.40
 2640.40  0.40
 2641.10  0.40
 2641.80  0.40
 2642.50  0.40
 2643.20  0.40
 2643.90  0.40
 2644.60  0.40
 2645.30  0.40
 2646.00  0.40
 2646.70  0.40
 2647.40  0.40
 2648.10  0.40
 2648.80  0.40
 2649.50  0.40
 2650.20  0.40
 2650.90  0.40
 2651.60  0.40
 2652.30  0.40
 2653.00  0.40
 2653.70  0.40
 2654.40  0.40
 2655.10  0.40
 2655.80  0.40
 2656.50  0.40
 2657.20  0.40
 2657.90  0.40
 2658.60  0.40
 2659.30  0.40
 2660.00  0.40
 2660.70  0.40
 2661.40  0.40
 2662.10  0.40
 2662.80  0.40
 2663.50  0.40
 2664.20  0.40
 2664.90  0.40
 2665.60  0.40
 2666.30  0.40
 2667.00  0.40
 2667.70  0.40
 2668.40  0.40
 2669.10  0.40
 2669.80  0.40
 2670.50  0.40
 2671.20  0.40
 2671.90  0.40
 2672.60  0.40
 2673.30  0.40
 2674.00  0.40
 2674.70  0.40
 2675.40  0.40
 2676.10  0.40
 2676.80  0.40
 2677.50  0.40
 2678.20  0.40
 2678.90  0.40
 2679.60  0.40
 2680.30  0.40
 2681.00  0.40
 2681.70  0.40
 2682.40  0.40
 2683.10  0.40
 2683.80  0.40
 2684.50  0.40
 2685.20  0.40
 2685.90  0.40
 2686.60  0.40
 2687.30  0.40
 2688.00  0.40
 2688.70  0.40
 2689.40  0.40
 2690.10  0.40
 2690.80  0.40
 2691.50  0.40
 2692.20  0.40
 2692.90  0.40
 2693.60  0.40
 2694.30  0.40
 2695.00  0.40
 2695.70  0.40
 2696.40  0.40
 2697.10  0.40
 2697.80  0.40
 2698.50  0.40
 2699.20  0.40
 2699.90  0.40
 2700.60  0.40
 2701.30  0.40
 2702.00  0.40
 2702.70  0.40
 2703.40  0.40
 2704.10  0.40
 2704.80  0.40
 2705.50  0.40
 2706.20  0.40
 2706.90  0.40
 2707.60  0.40
 2708.30  0.40
 2709.00  0.40
 2709.70  0.40
 2710.40  0.40
 2711.10  0.40
 2711.80  0.40
 2712.50  0.40
 2713.20  0.40
 2713.90  0.40
 2714.60  0.40
 2715.30  0.40
 2716.00  0.40
 2716.70  0.40
 2717.40  0.40
 2718.10  0.40
 2718.80  0.40
 2719.50  0.40
 2720.20  0.40
 2720.90  0.40
 2721.60  0.40
 2722.30  0.40
 2723.00  0.40
 2723.70  0.40
 2724.40  0.40
 2725.10  0.40
 2725.80  0.40
 2726.50  0.40
 2727.20  0.40
 2727.90  0.40
 2728.60  0.40
 2729.30  0.40
 2730.00  0.40
 2730.70  0.40
 2731.40  0.40
 2732.10  0.40
 2732.80  0.40
 2733.50  0.40
 2734.20  0.40
 2734.90  0.40
 2735.60  0.40
 2736.30  0.40
 2737.00  0.40
 2737.70  0.40
 2738.40  0.40
 2739.10  0.40
 2739.80  0.40
 2740.50  0.40
 2741.20  0.40
 2741.90  0.40
 2742.60  0.40
 2743.30  0.40
 2744.00  0.40
 2744.70  0.40
 2745.40  0.40
 2746.10  0.40
 2746.80  0.40
 2747.50  0.40
 2748.20  0.40
 2748.90  0.40
 2749.60  0.40
 2750.30  0.40
 2751.00  0.40
 2751.70  0.40
 2752.40  0.40
 2753.10  0.40
 2753.80  0.40
 2754.50  0.40
 2755.20  0.40
 2755.90  0.40
 2756.60  0.40
 2757.30  0.40
 2758.00  0.40
 2758.70  0.40
 2759.40  0.40
 2760.10  0.40
 2760.80  0.40
 2761.50  0.40
 2762.20  0.40
 2762.90  0.40
 2763.60  0.40
 2764.30  0.40
 2765.00  0.40
 2765.70  0.40
 2766.40  0.40
 2767.10  0.40
 2767.80  0.40
 2768.50  0.40
 2769.20  0.40
 2769.90  0.40
 2770.60  0.40
 2771.30  0.40
 2772.00  0.40
 2772.70  0.40
 2773.40  0.40
 2774.10  0.40
 2774.80  0.40
 2775.50  0.40
 2776.20  0.40
 2776.90  0.40
 2777.60  0.40
 2778.30  0.40
 2779.00  0.40
 2779.70  0.40
 2780.40  0.40
 2781.10  0.40
 2781.80  0.40
 2782.50  0.40
 2783.20  0.40
 2783.90  0.40
 2784.60  0.40
 2785.30  0.40
 2786.00  0.40
 2786.70  0.40
 2787.40  0.40
 2788.10  0.40
 2788.80  0.40
 2789.50  0.40
 2790.20  0.40
 2790.90  0.40
 2791.60  0.40
 2792.30  0.40
 2793.00  0.40
 2793.70  0.40
 2794.40  0.40
 2795.10  0.40
 2795.80  0.40
 2796.50  0.40
 2797.20  0.40
 2797.90  0.40
 2798.60  0.40
 2799.30  0.40
 2800.00  0.40
 2800.70  0.40
 2801.40  0.40
 2802.10  0.40
 2802.80  0.40
 2803.50  0.40
 2804.20  0.40
 2804.90  0.40
 2805.60  0.40
 2806.30  0.40
 2807.00  0.40
 2807.70  0.40
 2808.40  0.40
 2809.10  0.40
 2809.80  0.40
 2810.50  0.40
 2811.20  0.40
 2811.90  0.40
 2812.60  0.40
 2813.30  0.40
 2814.00  0.40
 2814.70  0.40
 2815.40  0.40
 2816.10  0.40
 2816.80  0.40
 2817.50  0.40
 2818.20  0.40
 2818.90  0.40
 2819.60  0.40
 2820.30  0.40
 2821.00  0.40
 2821.70  0.40
 2822.40  0.40
 2823.10  0.40
 2823.80  0.40
 2824.50  0.40
 2825.20  0.40
 2825.90  0.40
 2826.60  0.40
 2827.30  0.40
 2828.00  0.40
 2828.70  0.40
 2829.40  0.40
 2830.10  0.40
 2830.80  0.40
 2831.50  0.40
 2832.20  0.40
 2832.90  0.40
 2833.60  0.40
 2834.30  0.40
 2835.00  0.40
 2835.70  0.40
 2836.40  0.40
 2837.10  0.40
 2837.80  0.40
 2838.50  0.40
 2839.20  0.40
 2839.90  0.40
 2840.60  0.40
 2841.30  0.40
 2842.00  0.40
 2842.70  0.40
 2843.40  0.40
 2844.10  0.40
 2844.80  0.40
 2845.50  0.40
 2846.20  0.40
 2846.90  0.40
 2847.60  0.40
 2848.30  0.40
 2849.00  0.40
 2849.70  0.40
 2850.40  0.40
 2851.10  0.40
 2851.80  0.40
 2852.50  0.40
 2853.20  0.40
 2853.90  0.40
 2854.60  0.40
 2855.30  0.40
 2856.00  0.40
 2856.70  0.40
 2857.40  0.40
 2858.10  0.40
 2858.80  0.40
 2859.50  0.40
 2860.20  0.40
 2860.90  0.40
 2861.60  0.40
 2862.30  0.40
 2863.00  0.40
 2863.70  0.40
 2864.40  0.40
 2865.10  0.40
 2865.80  0.40
 2866.50  0.40
 2867.20  0.40
 2867.90  0.40
 2868.60  0.40
 2869.30  0.40
 2870.00  0.40
 2870.70  0.40
 2871.40  0.40
 2872.10  0.40
 2872.80  0.40
 2873.50  0.40
 2874.20  0.40
 2874.90  0.40
 2875.60  0.40
 2876.30  0.40
 2877.00  0.40
 2877.70  0.40
 2878.40  0.40
 2879.10  0.40
 2879.80  0.40
 2880.50  0.40
 2881.20  0.40
 2881.90  0.40
 2882.60  0.40
 2883.30  0.40
 2884.00  0.40
 2884.70  0.40
 2885.40  0.40
 2886.10  0.40
 2886.80  0.40
 2887.50  0.40
 2888.20  0.40
 2888.90  0.40
 2889.60  0.40
 2890.30  0.40
 2891.00  0.40
 2891.70  0.40
 2892.40  0.40
 2893.10  0.40
 2893.80  0.40
 2894.50  0.40
 2895.20  0.40
 2895.90  0.40
 2896.60  0.40
 2897.30  0.40
 2898.00  0.40
 2898.70  0.40
 2899.40  0.40
 2900.10  0.40
 2900.80  0.40
 2901.50  0.40
 2902.20  0.40
 2902.90  0.40
 2903.60  0.40
 2904.30  0.40
 2905.00  0.40
 2905.70  0.40
 2906.40  0.40
 2907.10  0.40
 2907.80  0.40
 2908.50  0.40
 2909.20  0.40
 2909.90  0.40
 2910.60  0.40
 2911.30  0.40
 2912.00  0.40
 2912.70  0.40
 2913.40  0.40
 2914.10  0.40
 2914.80  0.40
 2915.50  0.40
 2916.20  0.40
 2916.90  0.40
 2917.60  0.40
 2918.30  0.40
 2919.00  0.40
 2919.70  0.40
 2920.40  0.40
 2921.10  0.40
 2921.80  0.40
 2922.50  0.40
 2923.20  0.40
 2923.90  0.40
 2924.60  0.40
 2925.30  0.40
 2926.00  0.40
 2926.70  0.40
 2927.40  0.40
 2928.10  0.40
 2928.80  0.40
 2929.50  0.40
 2930.20  0.40
 2930.90  0.40
 2931.60  0.40
 2932.30  0.40
 2933.00  0.40
 2933.70  0.40
 2934.40  0.40
 2935.10  0.40
 2935.80  0.40
 2936.50  0.40
 2937.20  0.40
 2937.90  0.40
 2938.60  0.40
 2939.30  0.40
 2940.00  0.40
 2940.70  0.40
 2941.40  0.40
 2942.10  0.40
 2942.80  0.40
 2943.50  0.40
 2944.20  0.40
 2944.90  0.40
 2945.60  0.40
 2946.30  0.40
 2947.00  0.40
 2947.70  0.40
 2948.40  0.40
 2949.10  0.40
 2949.80  0.40
 2950.50  0.40
 2951.20  0.40
 2951.90  0.40
 2952.60  0.40
 2953.30  0.40
 2954.00  0.40
 2954.70  0.40
 2955.40  0.40
 2956.10  0.40
 2956.80  0.40
 2957.50  0.40
 2958.20  0.40
 2958.90  0.40
 2959.60  0.40
 2960.30  0.40
 2961.00  0.40
 2961.70  0.40
 2962.40  0.40
 2963.10  0.40
 2963.80  0.40
 2964.50  0.40
 2965.20  0.40
 2965.90  0.40
 2966.60  0.40
 2967.30  0.40
 2968.00  0.40
 2968.70  0.40
 2969.40  0.40
 2970.10  0.40
 2970.80  0.40
 2971.50  0.40
 2972.20  0.40
 2972.90  0.40
 2973.60  0.40
 2974.30  0.40
 2975.00  0.40
 2975.70  0.40
 2976.40  0.40
 2977.10  0.40
 2977.80  0.40
 2978.50  0.40
 2979.20  0.40
 2979.90  0.40
 2980.60  0.40
 2981.30  0.40
 2982.00  0.40
 2982.70  0.40
 2983.40  0.40
 2984.10  0.40
 2984.80  0.40
 2985.50  0.40
 2986.20  0.40
 2986.90  0.40
 2987.60  0.40
 2988.30  0.40
 2989.00  0.40
 2989.70  0.40
 2990.40  0.40
 2991.10  0.40
 2991.80  0.40
 2992.50  0.40
 2993.20  0.40
 2993.90  0.40
 2994.60  0.40
 2995.30  0.40
 2996.00  0.40
 2996.70  0.40
 2997.40  0.40
 2998.10  0.40
 2998.80  0.40
 2999.50  0.40
