#Navio B MarAd
#Manobra de Curva Giro
#
#Eta 
#
#temp      rot 
 0.00  1.00
 0.70  1.00
 1.40  1.00
 2.10  1.00
 2.80  1.00
 3.50  1.00
 4.20  1.00
 4.90  1.00
 5.60  1.00
 6.30  1.00
 7.00  1.00
 7.70  1.00
 8.40  1.00
 9.10  1.00
 9.80  1.01
 10.50  1.01
 11.20  1.01
 11.90  1.01
 12.60  1.01
 13.30  1.01
 14.00  1.01
 14.70  1.01
 15.40  1.01
 16.10  1.01
 16.80  1.01
 17.50  1.01
 18.20  1.01
 18.90  1.01
 19.60  1.01
 20.30  1.01
 21.00  1.01
 21.70  1.01
 22.40  1.01
 23.10  1.01
 23.80  1.01
 24.50  1.02
 25.20  1.02
 25.90  1.02
 26.60  1.02
 27.30  1.02
 28.00  1.02
 28.70  1.02
 29.40  1.02
 30.10  1.02
 30.80  1.02
 31.50  1.02
 32.20  1.02
 32.90  1.02
 33.60  1.02
 34.30  1.02
 35.00  1.02
 35.70  1.02
 36.40  1.03
 37.10  1.03
 37.80  1.03
 38.50  1.03
 39.20  1.03
 39.90  1.03
 40.60  1.03
 41.30  1.03
 42.00  1.03
 42.70  1.03
 43.40  1.03
 44.10  1.03
 44.80  1.03
 45.50  1.03
 46.20  1.03
 46.90  1.04
 47.60  1.04
 48.30  1.04
 49.00  1.04
 49.70  1.04
 50.40  1.04
 51.10  1.04
 51.80  1.04
 52.50  1.04
 53.20  1.04
 53.90  1.04
 54.60  1.04
 55.30  1.04
 56.00  1.05
 56.70  1.05
 57.40  1.05
 58.10  1.05
 58.80  1.05
 59.50  1.05
 60.20  1.05
 60.90  1.05
 61.60  1.05
 62.30  1.05
 63.00  1.05
 63.70  1.06
 64.40  1.06
 65.10  1.06
 65.80  1.06
 66.50  1.06
 67.20  1.06
 67.90  1.06
 68.60  1.06
 69.30  1.06
 70.00  1.06
 70.70  1.07
 71.40  1.07
 72.10  1.07
 72.80  1.07
 73.50  1.07
 74.20  1.07
 74.90  1.07
 75.60  1.07
 76.30  1.07
 77.00  1.08
 77.70  1.08
 78.40  1.08
 79.10  1.08
 79.80  1.08
 80.50  1.08
 81.20  1.08
 81.90  1.08
 82.60  1.09
 83.30  1.09
 84.00  1.09
 84.70  1.09
 85.40  1.09
 86.10  1.09
 86.80  1.09
 87.50  1.10
 88.20  1.10
 88.90  1.10
 89.60  1.10
 90.30  1.10
 91.00  1.10
 91.70  1.10
 92.40  1.11
 93.10  1.11
 93.80  1.11
 94.50  1.11
 95.20  1.11
 95.90  1.11
 96.60  1.11
 97.30  1.12
 98.00  1.12
 98.70  1.12
 99.40  1.12
 100.10  1.12
 100.80  1.12
 101.50  1.13
 102.20  1.13
 102.90  1.13
 103.60  1.13
 104.30  1.13
 105.00  1.13
 105.70  1.14
 106.40  1.14
 107.10  1.14
 107.80  1.14
 108.50  1.14
 109.20  1.15
 109.90  1.15
 110.60  1.15
 111.30  1.15
 112.00  1.15
 112.70  1.15
 113.40  1.16
 114.10  1.16
 114.80  1.16
 115.50  1.16
 116.20  1.16
 116.90  1.17
 117.60  1.17
 118.30  1.17
 119.00  1.17
 119.70  1.17
 120.40  1.18
 121.10  1.18
 121.80  1.18
 122.50  1.18
 123.20  1.18
 123.90  1.19
 124.60  1.19
 125.30  1.19
 126.00  1.19
 126.70  1.19
 127.40  1.20
 128.10  1.20
 128.80  1.20
 129.50  1.20
 130.20  1.20
 130.90  1.21
 131.60  1.21
 132.30  1.21
 133.00  1.21
 133.70  1.22
 134.40  1.22
 135.10  1.22
 135.80  1.22
 136.50  1.23
 137.20  1.23
 137.90  1.23
 138.60  1.23
 139.30  1.23
 140.00  1.24
 140.70  1.24
 141.40  1.24
 142.10  1.24
 142.80  1.25
 143.50  1.25
 144.20  1.25
 144.90  1.25
 145.60  1.26
 146.30  1.26
 147.00  1.26
 147.70  1.26
 148.40  1.27
 149.10  1.27
 149.80  1.27
 150.50  1.27
 151.20  1.28
 151.90  1.28
 152.60  1.28
 153.30  1.28
 154.00  1.29
 154.70  1.29
 155.40  1.29
 156.10  1.29
 156.80  1.30
 157.50  1.30
 158.20  1.30
 158.90  1.30
 159.60  1.31
 160.30  1.31
 161.00  1.31
 161.70  1.31
 162.40  1.32
 163.10  1.32
 163.80  1.32
 164.50  1.33
 165.20  1.33
 165.90  1.33
 166.60  1.33
 167.30  1.34
 168.00  1.34
 168.70  1.34
 169.40  1.34
 170.10  1.35
 170.80  1.35
 171.50  1.35
 172.20  1.36
 172.90  1.36
 173.60  1.36
 174.30  1.36
 175.00  1.37
 175.70  1.37
 176.40  1.37
 177.10  1.37
 177.80  1.38
 178.50  1.38
 179.20  1.38
 179.90  1.39
 180.60  1.39
 181.30  1.39
 182.00  1.40
 182.70  1.40
 183.40  1.40
 184.10  1.40
 184.80  1.41
 185.50  1.41
 186.20  1.41
 186.90  1.42
 187.60  1.42
 188.30  1.42
 189.00  1.42
 189.70  1.43
 190.40  1.43
 191.10  1.43
 191.80  1.44
 192.50  1.44
 193.20  1.44
 193.90  1.45
 194.60  1.45
 195.30  1.45
 196.00  1.45
 196.70  1.46
 197.40  1.46
 198.10  1.46
 198.80  1.47
 199.50  1.47
 200.20  1.47
 200.90  1.48
 201.60  1.48
 202.30  1.48
 203.00  1.49
 203.70  1.49
 204.40  1.49
 205.10  1.49
 205.80  1.50
 206.50  1.50
 207.20  1.50
 207.90  1.51
 208.60  1.51
 209.30  1.51
 210.00  1.52
 210.70  1.52
 211.40  1.52
 212.10  1.53
 212.80  1.53
 213.50  1.53
 214.20  1.54
 214.90  1.54
 215.60  1.54
 216.30  1.54
 217.00  1.55
 217.70  1.55
 218.40  1.55
 219.10  1.56
 219.80  1.56
 220.50  1.56
 221.20  1.57
 221.90  1.57
 222.60  1.57
 223.30  1.58
 224.00  1.58
 224.70  1.58
 225.40  1.59
 226.10  1.59
 226.80  1.59
 227.50  1.60
 228.20  1.60
 228.90  1.60
 229.60  1.61
 230.30  1.61
 231.00  1.61
 231.70  1.62
 232.40  1.62
 233.10  1.62
 233.80  1.62
 234.50  1.63
 235.20  1.63
 235.90  1.63
 236.60  1.64
 237.30  1.64
 238.00  1.64
 238.70  1.65
 239.40  1.65
 240.10  1.65
 240.80  1.66
 241.50  1.66
 242.20  1.66
 242.90  1.67
 243.60  1.67
 244.30  1.67
 245.00  1.68
 245.70  1.68
 246.40  1.68
 247.10  1.69
 247.80  1.69
 248.50  1.69
 249.20  1.70
 249.90  1.70
 250.60  1.70
 251.30  1.71
 252.00  1.71
 252.70  1.71
 253.40  1.72
 254.10  1.72
 254.80  1.72
 255.50  1.73
 256.20  1.73
 256.90  1.73
 257.60  1.74
 258.30  1.74
 259.00  1.74
 259.70  1.75
 260.40  1.75
 261.10  1.75
 261.80  1.76
 262.50  1.76
 263.20  1.76
 263.90  1.77
 264.60  1.77
 265.30  1.77
 266.00  1.78
 266.70  1.78
 267.40  1.78
 268.10  1.79
 268.80  1.79
 269.50  1.79
 270.20  1.80
 270.90  1.80
 271.60  1.80
 272.30  1.81
 273.00  1.81
 273.70  1.81
 274.40  1.82
 275.10  1.82
 275.80  1.82
 276.50  1.83
 277.20  1.83
 277.90  1.83
 278.60  1.84
 279.30  1.84
 280.00  1.84
 280.70  1.85
 281.40  1.85
 282.10  1.85
 282.80  1.86
 283.50  1.86
 284.20  1.86
 284.90  1.87
 285.60  1.87
 286.30  1.87
 287.00  1.88
 287.70  1.88
 288.40  1.88
 289.10  1.89
 289.80  1.89
 290.50  1.89
 291.20  1.90
 291.90  1.90
 292.60  1.90
 293.30  1.91
 294.00  1.91
 294.70  1.91
 295.40  1.92
 296.10  1.92
 296.80  1.92
 297.50  1.93
 298.20  1.93
 298.90  1.93
 299.60  1.94
 300.30  1.94
 301.00  1.94
 301.70  1.95
 302.40  1.95
 303.10  1.95
 303.80  1.96
 304.50  1.96
 305.20  1.96
 305.90  1.97
 306.60  1.97
 307.30  1.97
 308.00  1.97
 308.70  1.98
 309.40  1.98
 310.10  1.98
 310.80  1.99
 311.50  1.99
 312.20  1.99
 312.90  2.00
 313.60  2.00
 314.30  2.00
 315.00  2.01
 315.70  2.01
 316.40  2.01
 317.10  2.02
 317.80  2.02
 318.50  2.02
 319.20  2.03
 319.90  2.03
 320.60  2.03
 321.30  2.04
 322.00  2.04
 322.70  2.04
 323.40  2.05
 324.10  2.05
 324.80  2.05
 325.50  2.06
 326.20  2.06
 326.90  2.06
 327.60  2.07
 328.30  2.07
 329.00  2.07
 329.70  2.08
 330.40  2.08
 331.10  2.08
 331.80  2.09
 332.50  2.09
 333.20  2.09
 333.90  2.10
 334.60  2.10
 335.30  2.10
 336.00  2.10
 336.70  2.11
 337.40  2.11
 338.10  2.11
 338.80  2.12
 339.50  2.12
 340.20  2.12
 340.90  2.13
 341.60  2.13
 342.30  2.13
 343.00  2.14
 343.70  2.14
 344.40  2.14
 345.10  2.15
 345.80  2.15
 346.50  2.15
 347.20  2.16
 347.90  2.16
 348.60  2.16
 349.30  2.17
 350.00  2.17
 350.70  2.17
 351.40  2.17
 352.10  2.18
 352.80  2.18
 353.50  2.18
 354.20  2.19
 354.90  2.19
 355.60  2.19
 356.30  2.20
 357.00  2.20
 357.70  2.20
 358.40  2.21
 359.10  2.21
 359.80  2.21
 360.50  2.21
 361.20  2.22
 361.90  2.22
 362.60  2.22
 363.30  2.23
 364.00  2.23
 364.70  2.23
 365.40  2.24
 366.10  2.24
 366.80  2.24
 367.50  2.25
 368.20  2.25
 368.90  2.25
 369.60  2.25
 370.30  2.26
 371.00  2.26
 371.70  2.26
 372.40  2.27
 373.10  2.27
 373.80  2.27
 374.50  2.28
 375.20  2.28
 375.90  2.28
 376.60  2.28
 377.30  2.29
 378.00  2.29
 378.70  2.29
 379.40  2.30
 380.10  2.30
 380.80  2.30
 381.50  2.31
 382.20  2.31
 382.90  2.31
 383.60  2.31
 384.30  2.32
 385.00  2.32
 385.70  2.32
 386.40  2.33
 387.10  2.33
 387.80  2.33
 388.50  2.33
 389.20  2.34
 389.90  2.34
 390.60  2.34
 391.30  2.35
 392.00  2.35
 392.70  2.35
 393.40  2.35
 394.10  2.36
 394.80  2.36
 395.50  2.36
 396.20  2.37
 396.90  2.37
 397.60  2.37
 398.30  2.37
 399.00  2.38
 399.70  2.38
 400.40  2.38
 401.10  2.39
 401.80  2.39
 402.50  2.39
 403.20  2.39
 403.90  2.40
 404.60  2.40
 405.30  2.40
 406.00  2.41
 406.70  2.41
 407.40  2.41
 408.10  2.41
 408.80  2.42
 409.50  2.42
 410.20  2.42
 410.90  2.43
 411.60  2.43
 412.30  2.43
 413.00  2.43
 413.70  2.44
 414.40  2.44
 415.10  2.44
 415.80  2.44
 416.50  2.45
 417.20  2.45
 417.90  2.45
 418.60  2.46
 419.30  2.46
 420.00  2.46
 420.70  2.46
 421.40  2.47
 422.10  2.47
 422.80  2.47
 423.50  2.47
 424.20  2.48
 424.90  2.48
 425.60  2.48
 426.30  2.49
 427.00  2.49
 427.70  2.49
 428.40  2.49
 429.10  2.50
 429.80  2.50
 430.50  2.50
 431.20  2.50
 431.90  2.51
 432.60  2.51
 433.30  2.51
 434.00  2.51
 434.70  2.52
 435.40  2.52
 436.10  2.52
 436.80  2.52
 437.50  2.53
 438.20  2.53
 438.90  2.53
 439.60  2.53
 440.30  2.54
 441.00  2.54
 441.70  2.54
 442.40  2.55
 443.10  2.55
 443.80  2.55
 444.50  2.55
 445.20  2.56
 445.90  2.56
 446.60  2.56
 447.30  2.56
 448.00  2.57
 448.70  2.57
 449.40  2.57
 450.10  2.57
 450.80  2.58
 451.50  2.58
 452.20  2.58
 452.90  2.58
 453.60  2.59
 454.30  2.59
 455.00  2.59
 455.70  2.59
 456.40  2.60
 457.10  2.60
 457.80  2.60
 458.50  2.60
 459.20  2.60
 459.90  2.61
 460.60  2.61
 461.30  2.61
 462.00  2.61
 462.70  2.62
 463.40  2.62
 464.10  2.62
 464.80  2.62
 465.50  2.63
 466.20  2.63
 466.90  2.63
 467.60  2.63
 468.30  2.64
 469.00  2.64
 469.70  2.64
 470.40  2.64
 471.10  2.65
 471.80  2.65
 472.50  2.65
 473.20  2.65
 473.90  2.66
 474.60  2.66
 475.30  2.66
 476.00  2.66
 476.70  2.66
 477.40  2.67
 478.10  2.67
 478.80  2.67
 479.50  2.67
 480.20  2.68
 480.90  2.68
 481.60  2.68
 482.30  2.68
 483.00  2.69
 483.70  2.69
 484.40  2.69
 485.10  2.69
 485.80  2.69
 486.50  2.70
 487.20  2.70
 487.90  2.70
 488.60  2.70
 489.30  2.71
 490.00  2.71
 490.70  2.71
 491.40  2.71
 492.10  2.71
 492.80  2.72
 493.50  2.72
 494.20  2.72
 494.90  2.72
 495.60  2.73
 496.30  2.73
 497.00  2.73
 497.70  2.73
 498.40  2.73
 499.10  2.74
 499.80  2.74
 500.50  2.74
 501.20  2.74
 501.90  2.74
 502.60  2.75
 503.30  2.75
 504.00  2.75
 504.70  2.75
 505.40  2.76
 506.10  2.76
 506.80  2.76
 507.50  2.76
 508.20  2.76
 508.90  2.77
 509.60  2.77
 510.30  2.77
 511.00  2.77
 511.70  2.77
 512.40  2.78
 513.10  2.78
 513.80  2.78
 514.50  2.78
 515.20  2.78
 515.90  2.79
 516.60  2.79
 517.30  2.79
 518.00  2.79
 518.70  2.79
 519.40  2.80
 520.10  2.80
 520.80  2.80
 521.50  2.80
 522.20  2.80
 522.90  2.81
 523.60  2.81
 524.30  2.81
 525.00  2.81
 525.70  2.81
 526.40  2.82
 527.10  2.82
 527.80  2.82
 528.50  2.82
 529.20  2.82
 529.90  2.83
 530.60  2.83
 531.30  2.83
 532.00  2.83
 532.70  2.83
 533.40  2.84
 534.10  2.84
 534.80  2.84
 535.50  2.84
 536.20  2.84
 536.90  2.85
 537.60  2.85
 538.30  2.85
 539.00  2.85
 539.70  2.85
 540.40  2.86
 541.10  2.86
 541.80  2.86
 542.50  2.86
 543.20  2.86
 543.90  2.86
 544.60  2.87
 545.30  2.87
 546.00  2.87
 546.70  2.87
 547.40  2.87
 548.10  2.88
 548.80  2.88
 549.50  2.88
 550.20  2.88
 550.90  2.88
 551.60  2.89
 552.30  2.89
 553.00  2.89
 553.70  2.89
 554.40  2.89
 555.10  2.89
 555.80  2.90
 556.50  2.90
 557.20  2.90
 557.90  2.90
 558.60  2.90
 559.30  2.91
 560.00  2.91
 560.70  2.91
 561.40  2.91
 562.10  2.91
 562.80  2.91
 563.50  2.92
 564.20  2.92
 564.90  2.92
 565.60  2.92
 566.30  2.92
 567.00  2.92
 567.70  2.93
 568.40  2.93
 569.10  2.93
 569.80  2.93
 570.50  2.93
 571.20  2.93
 571.90  2.94
 572.60  2.94
 573.30  2.94
 574.00  2.94
 574.70  2.94
 575.40  2.94
 576.10  2.95
 576.80  2.95
 577.50  2.95
 578.20  2.95
 578.90  2.95
 579.60  2.95
 580.30  2.96
 581.00  2.96
 581.70  2.96
 582.40  2.96
 583.10  2.96
 583.80  2.96
 584.50  2.97
 585.20  2.97
 585.90  2.97
 586.60  2.97
 587.30  2.97
 588.00  2.97
 588.70  2.98
 589.40  2.98
 590.10  2.98
 590.80  2.98
 591.50  2.98
 592.20  2.98
 592.90  2.99
 593.60  2.99
 594.30  2.99
 595.00  2.99
 595.70  2.99
 596.40  2.99
 597.10  2.99
 597.80  3.00
 598.50  3.00
 599.20  3.00
 599.90  3.00
 600.60  3.00
 601.30  3.00
 602.00  3.01
 602.70  3.01
 603.40  3.01
 604.10  3.01
 604.80  3.01
 605.50  3.01
 606.20  3.01
 606.90  3.02
 607.60  3.02
 608.30  3.02
 609.00  3.02
 609.70  3.02
 610.40  3.02
 611.10  3.03
 611.80  3.03
 612.50  3.03
 613.20  3.03
 613.90  3.03
 614.60  3.03
 615.30  3.03
 616.00  3.04
 616.70  3.04
 617.40  3.04
 618.10  3.04
 618.80  3.04
 619.50  3.04
 620.20  3.04
 620.90  3.05
 621.60  3.05
 622.30  3.05
 623.00  3.05
 623.70  3.05
 624.40  3.05
 625.10  3.05
 625.80  3.06
 626.50  3.06
 627.20  3.06
 627.90  3.06
 628.60  3.06
 629.30  3.06
 630.00  3.06
 630.70  3.07
 631.40  3.07
 632.10  3.07
 632.80  3.07
 633.50  3.07
 634.20  3.07
 634.90  3.07
 635.60  3.07
 636.30  3.08
 637.00  3.08
 637.70  3.08
 638.40  3.08
 639.10  3.08
 639.80  3.08
 640.50  3.08
 641.20  3.09
 641.90  3.09
 642.60  3.09
 643.30  3.09
 644.00  3.09
 644.70  3.09
 645.40  3.09
 646.10  3.09
 646.80  3.10
 647.50  3.10
 648.20  3.10
 648.90  3.10
 649.60  3.10
 650.30  3.10
 651.00  3.10
 651.70  3.10
 652.40  3.11
 653.10  3.11
 653.80  3.11
 654.50  3.11
 655.20  3.11
 655.90  3.11
 656.60  3.11
 657.30  3.12
 658.00  3.12
 658.70  3.12
 659.40  3.12
 660.10  3.12
 660.80  3.12
 661.50  3.12
 662.20  3.12
 662.90  3.12
 663.60  3.13
 664.30  3.13
 665.00  3.13
 665.70  3.13
 666.40  3.13
 667.10  3.13
 667.80  3.13
 668.50  3.13
 669.20  3.14
 669.90  3.14
 670.60  3.14
 671.30  3.14
 672.00  3.14
 672.70  3.14
 673.40  3.14
 674.10  3.14
 674.80  3.15
 675.50  3.15
 676.20  3.15
 676.90  3.15
 677.60  3.15
 678.30  3.15
 679.00  3.15
 679.70  3.15
 680.40  3.15
 681.10  3.16
 681.80  3.16
 682.50  3.16
 683.20  3.16
 683.90  3.16
 684.60  3.16
 685.30  3.16
 686.00  3.16
 686.70  3.16
 687.40  3.17
 688.10  3.17
 688.80  3.17
 689.50  3.17
 690.20  3.17
 690.90  3.17
 691.60  3.17
 692.30  3.17
 693.00  3.17
 693.70  3.18
 694.40  3.18
 695.10  3.18
 695.80  3.18
 696.50  3.18
 697.20  3.18
 697.90  3.18
 698.60  3.18
 699.30  3.18
 700.00  3.19
 700.70  3.19
 701.40  3.19
 702.10  3.19
 702.80  3.19
 703.50  3.19
 704.20  3.19
 704.90  3.19
 705.60  3.19
 706.30  3.19
 707.00  3.20
 707.70  3.20
 708.40  3.20
 709.10  3.20
 709.80  3.20
 710.50  3.20
 711.20  3.20
 711.90  3.20
 712.60  3.20
 713.30  3.20
 714.00  3.21
 714.70  3.21
 715.40  3.21
 716.10  3.21
 716.80  3.21
 717.50  3.21
 718.20  3.21
 718.90  3.21
 719.60  3.21
 720.30  3.21
 721.00  3.22
 721.70  3.22
 722.40  3.22
 723.10  3.22
 723.80  3.22
 724.50  3.22
 725.20  3.22
 725.90  3.22
 726.60  3.22
 727.30  3.22
 728.00  3.23
 728.70  3.23
 729.40  3.23
 730.10  3.23
 730.80  3.23
 731.50  3.23
 732.20  3.23
 732.90  3.23
 733.60  3.23
 734.30  3.23
 735.00  3.23
 735.70  3.24
 736.40  3.24
 737.10  3.24
 737.80  3.24
 738.50  3.24
 739.20  3.24
 739.90  3.24
 740.60  3.24
 741.30  3.24
 742.00  3.24
 742.70  3.24
 743.40  3.25
 744.10  3.25
 744.80  3.25
 745.50  3.25
 746.20  3.25
 746.90  3.25
 747.60  3.25
 748.30  3.25
 749.00  3.25
 749.70  3.25
 750.40  3.25
 751.10  3.26
 751.80  3.26
 752.50  3.26
 753.20  3.26
 753.90  3.26
 754.60  3.26
 755.30  3.26
 756.00  3.26
 756.70  3.26
 757.40  3.26
 758.10  3.26
 758.80  3.26
 759.50  3.27
 760.20  3.27
 760.90  3.27
 761.60  3.27
 762.30  3.27
 763.00  3.27
 763.70  3.27
 764.40  3.27
 765.10  3.27
 765.80  3.27
 766.50  3.27
 767.20  3.27
 767.90  3.28
 768.60  3.28
 769.30  3.28
 770.00  3.28
 770.70  3.28
 771.40  3.28
 772.10  3.28
 772.80  3.28
 773.50  3.28
 774.20  3.28
 774.90  3.28
 775.60  3.28
 776.30  3.28
 777.00  3.29
 777.70  3.29
 778.40  3.29
 779.10  3.29
 779.80  3.29
 780.50  3.29
 781.20  3.29
 781.90  3.29
 782.60  3.29
 783.30  3.29
 784.00  3.29
 784.70  3.29
 785.40  3.29
 786.10  3.30
 786.80  3.30
 787.50  3.30
 788.20  3.30
 788.90  3.30
 789.60  3.30
 790.30  3.30
 791.00  3.30
 791.70  3.30
 792.40  3.30
 793.10  3.30
 793.80  3.30
 794.50  3.30
 795.20  3.31
 795.90  3.31
 796.60  3.31
 797.30  3.31
 798.00  3.31
 798.70  3.31
 799.40  3.31
 800.10  3.31
 800.80  3.31
 801.50  3.31
 802.20  3.31
 802.90  3.31
 803.60  3.31
 804.30  3.31
 805.00  3.32
 805.70  3.32
 806.40  3.32
 807.10  3.32
 807.80  3.32
 808.50  3.32
 809.20  3.32
 809.90  3.32
 810.60  3.32
 811.30  3.32
 812.00  3.32
 812.70  3.32
 813.40  3.32
 814.10  3.32
 814.80  3.32
 815.50  3.33
 816.20  3.33
 816.90  3.33
 817.60  3.33
 818.30  3.33
 819.00  3.33
 819.70  3.33
 820.40  3.33
 821.10  3.33
 821.80  3.33
 822.50  3.33
 823.20  3.33
 823.90  3.33
 824.60  3.33
 825.30  3.33
 826.00  3.34
 826.70  3.34
 827.40  3.34
 828.10  3.34
 828.80  3.34
 829.50  3.34
 830.20  3.34
 830.90  3.34
 831.60  3.34
 832.30  3.34
 833.00  3.34
 833.70  3.34
 834.40  3.34
 835.10  3.34
 835.80  3.34
 836.50  3.34
 837.20  3.35
 837.90  3.35
 838.60  3.35
 839.30  3.35
 840.00  3.35
 840.70  3.35
 841.40  3.35
 842.10  3.35
 842.80  3.35
 843.50  3.35
 844.20  3.35
 844.90  3.35
 845.60  3.35
 846.30  3.35
 847.00  3.35
 847.70  3.35
 848.40  3.35
 849.10  3.36
 849.80  3.36
 850.50  3.36
 851.20  3.36
 851.90  3.36
 852.60  3.36
 853.30  3.36
 854.00  3.36
 854.70  3.36
 855.40  3.36
 856.10  3.36
 856.80  3.36
 857.50  3.36
 858.20  3.36
 858.90  3.36
 859.60  3.36
 860.30  3.36
 861.00  3.37
 861.70  3.37
 862.40  3.37
 863.10  3.37
 863.80  3.37
 864.50  3.37
 865.20  3.37
 865.90  3.37
 866.60  3.37
 867.30  3.37
 868.00  3.37
 868.70  3.37
 869.40  3.37
 870.10  3.37
 870.80  3.37
 871.50  3.37
 872.20  3.37
 872.90  3.37
 873.60  3.37
 874.30  3.38
 875.00  3.38
 875.70  3.38
 876.40  3.38
 877.10  3.38
 877.80  3.38
 878.50  3.38
 879.20  3.38
 879.90  3.38
 880.60  3.38
 881.30  3.38
 882.00  3.38
 882.70  3.38
 883.40  3.38
 884.10  3.38
 884.80  3.38
 885.50  3.38
 886.20  3.38
 886.90  3.38
 887.60  3.39
 888.30  3.39
 889.00  3.39
 889.70  3.39
 890.40  3.39
 891.10  3.39
 891.80  3.39
 892.50  3.39
 893.20  3.39
 893.90  3.39
 894.60  3.39
 895.30  3.39
 896.00  3.39
 896.70  3.39
 897.40  3.39
 898.10  3.39
 898.80  3.39
 899.50  3.39
 900.20  3.39
 900.90  3.39
 901.60  3.39
 902.30  3.40
 903.00  3.40
 903.70  3.40
 904.40  3.40
 905.10  3.40
 905.80  3.40
 906.50  3.40
 907.20  3.40
 907.90  3.40
 908.60  3.40
 909.30  3.40
 910.00  3.40
 910.70  3.40
 911.40  3.40
 912.10  3.40
 912.80  3.40
 913.50  3.40
 914.20  3.40
 914.90  3.40
 915.60  3.40
 916.30  3.40
 917.00  3.40
 917.70  3.41
 918.40  3.41
 919.10  3.41
 919.80  3.41
 920.50  3.41
 921.20  3.41
 921.90  3.41
 922.60  3.41
 923.30  3.41
 924.00  3.41
 924.70  3.41
 925.40  3.41
 926.10  3.41
 926.80  3.41
 927.50  3.41
 928.20  3.41
 928.90  3.41
 929.60  3.41
 930.30  3.41
 931.00  3.41
 931.70  3.41
 932.40  3.41
 933.10  3.41
 933.80  3.42
 934.50  3.42
 935.20  3.42
 935.90  3.42
 936.60  3.42
 937.30  3.42
 938.00  3.42
 938.70  3.42
 939.40  3.42
 940.10  3.42
 940.80  3.42
 941.50  3.42
 942.20  3.42
 942.90  3.42
 943.60  3.42
 944.30  3.42
 945.00  3.42
 945.70  3.42
 946.40  3.42
 947.10  3.42
 947.80  3.42
 948.50  3.42
 949.20  3.42
 949.90  3.42
 950.60  3.42
 951.30  3.42
 952.00  3.43
 952.70  3.43
 953.40  3.43
 954.10  3.43
 954.80  3.43
 955.50  3.43
 956.20  3.43
 956.90  3.43
 957.60  3.43
 958.30  3.43
 959.00  3.43
 959.70  3.43
 960.40  3.43
 961.10  3.43
 961.80  3.43
 962.50  3.43
 963.20  3.43
 963.90  3.43
 964.60  3.43
 965.30  3.43
 966.00  3.43
 966.70  3.43
 967.40  3.43
 968.10  3.43
 968.80  3.43
 969.50  3.43
 970.20  3.43
 970.90  3.44
 971.60  3.44
 972.30  3.44
 973.00  3.44
 973.70  3.44
 974.40  3.44
 975.10  3.44
 975.80  3.44
 976.50  3.44
 977.20  3.44
 977.90  3.44
 978.60  3.44
 979.30  3.44
 980.00  3.44
 980.70  3.44
 981.40  3.44
 982.10  3.44
 982.80  3.44
 983.50  3.44
 984.20  3.44
 984.90  3.44
 985.60  3.44
 986.30  3.44
 987.00  3.44
 987.70  3.44
 988.40  3.44
 989.10  3.44
 989.80  3.44
 990.50  3.44
 991.20  3.44
 991.90  3.45
 992.60  3.45
 993.30  3.45
 994.00  3.45
 994.70  3.45
 995.40  3.45
 996.10  3.45
 996.80  3.45
 997.50  3.45
 998.20  3.45
 998.90  3.45
 999.60  3.45
 1000.30  3.45
 1001.00  3.45
 1001.70  3.45
 1002.40  3.45
 1003.10  3.45
 1003.80  3.45
 1004.50  3.45
 1005.20  3.45
 1005.90  3.45
 1006.60  3.45
 1007.30  3.45
 1008.00  3.45
 1008.70  3.45
 1009.40  3.45
 1010.10  3.45
 1010.80  3.45
 1011.50  3.45
 1012.20  3.45
 1012.90  3.45
 1013.60  3.45
 1014.30  3.46
 1015.00  3.46
 1015.70  3.46
 1016.40  3.46
 1017.10  3.46
 1017.80  3.46
 1018.50  3.46
 1019.20  3.46
 1019.90  3.46
 1020.60  3.46
 1021.30  3.46
 1022.00  3.46
 1022.70  3.46
 1023.40  3.46
 1024.10  3.46
 1024.80  3.46
 1025.50  3.46
 1026.20  3.46
 1026.90  3.46
 1027.60  3.46
 1028.30  3.46
 1029.00  3.46
 1029.70  3.46
 1030.40  3.46
 1031.10  3.46
 1031.80  3.46
 1032.50  3.46
 1033.20  3.46
 1033.90  3.46
 1034.60  3.46
 1035.30  3.46
 1036.00  3.46
 1036.70  3.46
 1037.40  3.46
 1038.10  3.46
 1038.80  3.46
 1039.50  3.47
 1040.20  3.47
 1040.90  3.47
 1041.60  3.47
 1042.30  3.47
 1043.00  3.47
 1043.70  3.47
 1044.40  3.47
 1045.10  3.47
 1045.80  3.47
 1046.50  3.47
 1047.20  3.47
 1047.90  3.47
 1048.60  3.47
 1049.30  3.47
 1050.00  3.47
 1050.70  3.47
 1051.40  3.47
 1052.10  3.47
 1052.80  3.47
 1053.50  3.47
 1054.20  3.47
 1054.90  3.47
 1055.60  3.47
 1056.30  3.47
 1057.00  3.47
 1057.70  3.47
 1058.40  3.47
 1059.10  3.47
 1059.80  3.47
 1060.50  3.47
 1061.20  3.47
 1061.90  3.47
 1062.60  3.47
 1063.30  3.47
 1064.00  3.47
 1064.70  3.47
 1065.40  3.47
 1066.10  3.47
 1066.80  3.47
 1067.50  3.47
 1068.20  3.48
 1068.90  3.48
 1069.60  3.48
 1070.30  3.48
 1071.00  3.48
 1071.70  3.48
 1072.40  3.48
 1073.10  3.48
 1073.80  3.48
 1074.50  3.48
 1075.20  3.48
 1075.90  3.48
 1076.60  3.48
 1077.30  3.48
 1078.00  3.48
 1078.70  3.48
 1079.40  3.48
 1080.10  3.48
 1080.80  3.48
 1081.50  3.48
 1082.20  3.48
 1082.90  3.48
 1083.60  3.48
 1084.30  3.48
 1085.00  3.48
 1085.70  3.48
 1086.40  3.48
 1087.10  3.48
 1087.80  3.48
 1088.50  3.48
 1089.20  3.48
 1089.90  3.48
 1090.60  3.48
 1091.30  3.48
 1092.00  3.48
 1092.70  3.48
 1093.40  3.48
 1094.10  3.48
 1094.80  3.48
 1095.50  3.48
 1096.20  3.48
 1096.90  3.48
 1097.60  3.48
 1098.30  3.48
 1099.00  3.48
 1099.70  3.48
 1100.40  3.49
 1101.10  3.49
 1101.80  3.49
 1102.50  3.49
 1103.20  3.49
 1103.90  3.49
 1104.60  3.49
 1105.30  3.49
 1106.00  3.49
 1106.70  3.49
 1107.40  3.49
 1108.10  3.49
 1108.80  3.49
 1109.50  3.49
 1110.20  3.49
 1110.90  3.49
 1111.60  3.49
 1112.30  3.49
 1113.00  3.49
 1113.70  3.49
 1114.40  3.49
 1115.10  3.49
 1115.80  3.49
 1116.50  3.49
 1117.20  3.49
 1117.90  3.49
 1118.60  3.49
 1119.30  3.49
 1120.00  3.49
 1120.70  3.49
 1121.40  3.49
 1122.10  3.49
 1122.80  3.49
 1123.50  3.49
 1124.20  3.49
 1124.90  3.49
 1125.60  3.49
 1126.30  3.49
 1127.00  3.49
 1127.70  3.49
 1128.40  3.49
 1129.10  3.49
 1129.80  3.49
 1130.50  3.49
 1131.20  3.49
 1131.90  3.49
 1132.60  3.49
 1133.30  3.49
 1134.00  3.49
 1134.70  3.49
 1135.40  3.49
 1136.10  3.49
 1136.80  3.49
 1137.50  3.50
 1138.20  3.50
 1138.90  3.50
 1139.60  3.50
 1140.30  3.50
 1141.00  3.50
 1141.70  3.50
 1142.40  3.50
 1143.10  3.50
 1143.80  3.50
 1144.50  3.50
 1145.20  3.50
 1145.90  3.50
 1146.60  3.50
 1147.30  3.50
 1148.00  3.50
 1148.70  3.50
 1149.40  3.50
 1150.10  3.50
 1150.80  3.50
 1151.50  3.50
 1152.20  3.50
 1152.90  3.50
 1153.60  3.50
 1154.30  3.50
 1155.00  3.50
 1155.70  3.50
 1156.40  3.50
 1157.10  3.50
 1157.80  3.50
 1158.50  3.50
 1159.20  3.50
 1159.90  3.50
 1160.60  3.50
 1161.30  3.50
 1162.00  3.50
 1162.70  3.50
 1163.40  3.50
 1164.10  3.50
 1164.80  3.50
 1165.50  3.50
 1166.20  3.50
 1166.90  3.50
 1167.60  3.50
 1168.30  3.50
 1169.00  3.50
 1169.70  3.50
 1170.40  3.50
 1171.10  3.50
 1171.80  3.50
 1172.50  3.50
 1173.20  3.50
 1173.90  3.50
 1174.60  3.50
 1175.30  3.50
 1176.00  3.50
 1176.70  3.50
 1177.40  3.50
 1178.10  3.50
 1178.80  3.50
 1179.50  3.50
 1180.20  3.50
 1180.90  3.50
 1181.60  3.50
 1182.30  3.51
 1183.00  3.51
 1183.70  3.51
 1184.40  3.51
 1185.10  3.51
 1185.80  3.51
 1186.50  3.51
 1187.20  3.51
 1187.90  3.51
 1188.60  3.51
 1189.30  3.51
 1190.00  3.51
 1190.70  3.51
 1191.40  3.51
 1192.10  3.51
 1192.80  3.51
 1193.50  3.51
 1194.20  3.51
 1194.90  3.51
 1195.60  3.51
 1196.30  3.51
 1197.00  3.51
 1197.70  3.51
 1198.40  3.51
 1199.10  3.51
 1199.80  3.51
 1200.50  3.51
 1201.20  3.51
 1201.90  3.51
 1202.60  3.51
 1203.30  3.51
 1204.00  3.51
 1204.70  3.51
 1205.40  3.51
 1206.10  3.51
 1206.80  3.51
 1207.50  3.51
 1208.20  3.51
 1208.90  3.51
 1209.60  3.51
 1210.30  3.51
 1211.00  3.51
 1211.70  3.51
 1212.40  3.51
 1213.10  3.51
 1213.80  3.51
 1214.50  3.51
 1215.20  3.51
 1215.90  3.51
 1216.60  3.51
 1217.30  3.51
 1218.00  3.51
 1218.70  3.51
 1219.40  3.51
 1220.10  3.51
 1220.80  3.51
 1221.50  3.51
 1222.20  3.51
 1222.90  3.51
 1223.60  3.51
 1224.30  3.51
 1225.00  3.51
 1225.70  3.51
 1226.40  3.51
 1227.10  3.51
 1227.80  3.51
 1228.50  3.51
 1229.20  3.51
 1229.90  3.51
 1230.60  3.51
 1231.30  3.51
 1232.00  3.51
 1232.70  3.51
 1233.40  3.51
 1234.10  3.51
 1234.80  3.51
 1235.50  3.51
 1236.20  3.51
 1236.90  3.52
 1237.60  3.52
 1238.30  3.52
 1239.00  3.52
 1239.70  3.52
 1240.40  3.52
 1241.10  3.52
 1241.80  3.52
 1242.50  3.52
 1243.20  3.52
 1243.90  3.52
 1244.60  3.52
 1245.30  3.52
 1246.00  3.52
 1246.70  3.52
 1247.40  3.52
 1248.10  3.52
 1248.80  3.52
 1249.50  3.52
 1250.20  3.52
 1250.90  3.52
 1251.60  3.52
 1252.30  3.52
 1253.00  3.52
 1253.70  3.52
 1254.40  3.52
 1255.10  3.52
 1255.80  3.52
 1256.50  3.52
 1257.20  3.52
 1257.90  3.52
 1258.60  3.52
 1259.30  3.52
 1260.00  3.52
 1260.70  3.52
 1261.40  3.52
 1262.10  3.52
 1262.80  3.52
 1263.50  3.52
 1264.20  3.52
 1264.90  3.52
 1265.60  3.52
 1266.30  3.52
 1267.00  3.52
 1267.70  3.52
 1268.40  3.52
 1269.10  3.52
 1269.80  3.52
 1270.50  3.52
 1271.20  3.52
 1271.90  3.52
 1272.60  3.52
 1273.30  3.52
 1274.00  3.52
 1274.70  3.52
 1275.40  3.52
 1276.10  3.52
 1276.80  3.52
 1277.50  3.52
 1278.20  3.52
 1278.90  3.52
 1279.60  3.52
 1280.30  3.52
 1281.00  3.52
 1281.70  3.52
 1282.40  3.52
 1283.10  3.52
 1283.80  3.52
 1284.50  3.52
 1285.20  3.52
 1285.90  3.52
 1286.60  3.52
 1287.30  3.52
 1288.00  3.52
 1288.70  3.52
 1289.40  3.52
 1290.10  3.52
 1290.80  3.52
 1291.50  3.52
 1292.20  3.52
 1292.90  3.52
 1293.60  3.52
 1294.30  3.52
 1295.00  3.52
 1295.70  3.52
 1296.40  3.52
 1297.10  3.52
 1297.80  3.52
 1298.50  3.52
 1299.20  3.52
 1299.90  3.52
 1300.60  3.52
 1301.30  3.52
 1302.00  3.52
 1302.70  3.52
 1303.40  3.52
 1304.10  3.52
 1304.80  3.52
 1305.50  3.52
 1306.20  3.52
 1306.90  3.52
 1307.60  3.52
 1308.30  3.52
 1309.00  3.52
 1309.70  3.53
 1310.40  3.53
 1311.10  3.53
 1311.80  3.53
 1312.50  3.53
 1313.20  3.53
 1313.90  3.53
 1314.60  3.53
 1315.30  3.53
 1316.00  3.53
 1316.70  3.53
 1317.40  3.53
 1318.10  3.53
 1318.80  3.53
 1319.50  3.53
 1320.20  3.53
 1320.90  3.53
 1321.60  3.53
 1322.30  3.53
 1323.00  3.53
 1323.70  3.53
 1324.40  3.53
 1325.10  3.53
 1325.80  3.53
 1326.50  3.53
 1327.20  3.53
 1327.90  3.53
 1328.60  3.53
 1329.30  3.53
 1330.00  3.53
 1330.70  3.53
 1331.40  3.53
 1332.10  3.53
 1332.80  3.53
 1333.50  3.53
 1334.20  3.53
 1334.90  3.53
 1335.60  3.53
 1336.30  3.53
 1337.00  3.53
 1337.70  3.53
 1338.40  3.53
 1339.10  3.53
 1339.80  3.53
 1340.50  3.53
 1341.20  3.53
 1341.90  3.53
 1342.60  3.53
 1343.30  3.53
 1344.00  3.53
 1344.70  3.53
 1345.40  3.53
 1346.10  3.53
 1346.80  3.53
 1347.50  3.53
 1348.20  3.53
 1348.90  3.53
 1349.60  3.53
 1350.30  3.53
 1351.00  3.53
 1351.70  3.53
 1352.40  3.53
 1353.10  3.53
 1353.80  3.53
 1354.50  3.53
 1355.20  3.53
 1355.90  3.53
 1356.60  3.53
 1357.30  3.53
 1358.00  3.53
 1358.70  3.53
 1359.40  3.53
 1360.10  3.53
 1360.80  3.53
 1361.50  3.53
 1362.20  3.53
 1362.90  3.53
 1363.60  3.53
 1364.30  3.53
 1365.00  3.53
 1365.70  3.53
 1366.40  3.53
 1367.10  3.53
 1367.80  3.53
 1368.50  3.53
 1369.20  3.53
 1369.90  3.53
 1370.60  3.53
 1371.30  3.53
 1372.00  3.53
 1372.70  3.53
 1373.40  3.53
 1374.10  3.53
 1374.80  3.53
 1375.50  3.53
 1376.20  3.53
 1376.90  3.53
 1377.60  3.53
 1378.30  3.53
 1379.00  3.53
 1379.70  3.53
 1380.40  3.53
 1381.10  3.53
 1381.80  3.53
 1382.50  3.53
 1383.20  3.53
 1383.90  3.53
 1384.60  3.53
 1385.30  3.53
 1386.00  3.53
 1386.70  3.53
 1387.40  3.53
 1388.10  3.53
 1388.80  3.53
 1389.50  3.53
 1390.20  3.53
 1390.90  3.53
 1391.60  3.53
 1392.30  3.53
 1393.00  3.53
 1393.70  3.53
 1394.40  3.53
 1395.10  3.53
 1395.80  3.53
 1396.50  3.53
 1397.20  3.53
 1397.90  3.53
 1398.60  3.53
 1399.30  3.53
 1400.00  3.53
 1400.70  3.53
 1401.40  3.53
 1402.10  3.53
 1402.80  3.53
 1403.50  3.53
 1404.20  3.53
 1404.90  3.53
 1405.60  3.53
 1406.30  3.53
 1407.00  3.53
 1407.70  3.53
 1408.40  3.53
 1409.10  3.53
 1409.80  3.53
 1410.50  3.53
 1411.20  3.53
 1411.90  3.53
 1412.60  3.53
 1413.30  3.53
 1414.00  3.53
 1414.70  3.53
 1415.40  3.54
 1416.10  3.54
 1416.80  3.54
 1417.50  3.54
 1418.20  3.54
 1418.90  3.54
 1419.60  3.54
 1420.30  3.54
 1421.00  3.54
 1421.70  3.54
 1422.40  3.54
 1423.10  3.54
 1423.80  3.54
 1424.50  3.54
 1425.20  3.54
 1425.90  3.54
 1426.60  3.54
 1427.30  3.54
 1428.00  3.54
 1428.70  3.54
 1429.40  3.54
 1430.10  3.54
 1430.80  3.54
 1431.50  3.54
 1432.20  3.54
 1432.90  3.54
 1433.60  3.54
 1434.30  3.54
 1435.00  3.54
 1435.70  3.54
 1436.40  3.54
 1437.10  3.54
 1437.80  3.54
 1438.50  3.54
 1439.20  3.54
 1439.90  3.54
 1440.60  3.54
 1441.30  3.54
 1442.00  3.54
 1442.70  3.54
 1443.40  3.54
 1444.10  3.54
 1444.80  3.54
 1445.50  3.54
 1446.20  3.54
 1446.90  3.54
 1447.60  3.54
 1448.30  3.54
 1449.00  3.54
 1449.70  3.54
 1450.40  3.54
 1451.10  3.54
 1451.80  3.54
 1452.50  3.54
 1453.20  3.54
 1453.90  3.54
 1454.60  3.54
 1455.30  3.54
 1456.00  3.54
 1456.70  3.54
 1457.40  3.54
 1458.10  3.54
 1458.80  3.54
 1459.50  3.54
 1460.20  3.54
 1460.90  3.54
 1461.60  3.54
 1462.30  3.54
 1463.00  3.54
 1463.70  3.54
 1464.40  3.54
 1465.10  3.54
 1465.80  3.54
 1466.50  3.54
 1467.20  3.54
 1467.90  3.54
 1468.60  3.54
 1469.30  3.54
 1470.00  3.54
 1470.70  3.54
 1471.40  3.54
 1472.10  3.54
 1472.80  3.54
 1473.50  3.54
 1474.20  3.54
 1474.90  3.54
 1475.60  3.54
 1476.30  3.54
 1477.00  3.54
 1477.70  3.54
 1478.40  3.54
 1479.10  3.54
 1479.80  3.54
 1480.50  3.54
 1481.20  3.54
 1481.90  3.54
 1482.60  3.54
 1483.30  3.54
 1484.00  3.54
 1484.70  3.54
 1485.40  3.54
 1486.10  3.54
 1486.80  3.54
 1487.50  3.54
 1488.20  3.54
 1488.90  3.54
 1489.60  3.54
 1490.30  3.54
 1491.00  3.54
 1491.70  3.54
 1492.40  3.54
 1493.10  3.54
 1493.80  3.54
 1494.50  3.54
 1495.20  3.54
 1495.90  3.54
 1496.60  3.54
 1497.30  3.54
 1498.00  3.54
 1498.70  3.54
 1499.40  3.54
 1500.10  3.54
 1500.80  3.54
 1501.50  3.54
 1502.20  3.54
 1502.90  3.54
 1503.60  3.54
 1504.30  3.54
 1505.00  3.54
 1505.70  3.54
 1506.40  3.54
 1507.10  3.54
 1507.80  3.54
 1508.50  3.54
 1509.20  3.54
 1509.90  3.54
 1510.60  3.54
 1511.30  3.54
 1512.00  3.54
 1512.70  3.54
 1513.40  3.54
 1514.10  3.54
 1514.80  3.54
 1515.50  3.54
 1516.20  3.54
 1516.90  3.54
 1517.60  3.54
 1518.30  3.54
 1519.00  3.54
 1519.70  3.54
 1520.40  3.54
 1521.10  3.54
 1521.80  3.54
 1522.50  3.54
 1523.20  3.54
 1523.90  3.54
 1524.60  3.54
 1525.30  3.54
 1526.00  3.54
 1526.70  3.54
 1527.40  3.54
 1528.10  3.54
 1528.80  3.54
 1529.50  3.54
 1530.20  3.54
 1530.90  3.54
 1531.60  3.54
 1532.30  3.54
 1533.00  3.54
 1533.70  3.54
 1534.40  3.54
 1535.10  3.54
 1535.80  3.54
 1536.50  3.54
 1537.20  3.54
 1537.90  3.54
 1538.60  3.54
 1539.30  3.54
 1540.00  3.54
 1540.70  3.54
 1541.40  3.54
 1542.10  3.54
 1542.80  3.54
 1543.50  3.54
 1544.20  3.54
 1544.90  3.54
 1545.60  3.54
 1546.30  3.54
 1547.00  3.54
 1547.70  3.54
 1548.40  3.54
 1549.10  3.54
 1549.80  3.54
 1550.50  3.54
 1551.20  3.54
 1551.90  3.54
 1552.60  3.54
 1553.30  3.54
 1554.00  3.54
 1554.70  3.54
 1555.40  3.54
 1556.10  3.54
 1556.80  3.54
 1557.50  3.54
 1558.20  3.54
 1558.90  3.54
 1559.60  3.54
 1560.30  3.54
 1561.00  3.54
 1561.70  3.54
 1562.40  3.54
 1563.10  3.54
 1563.80  3.54
 1564.50  3.54
 1565.20  3.54
 1565.90  3.54
 1566.60  3.54
 1567.30  3.54
 1568.00  3.54
 1568.70  3.54
 1569.40  3.54
 1570.10  3.54
 1570.80  3.54
 1571.50  3.54
 1572.20  3.54
 1572.90  3.54
 1573.60  3.54
 1574.30  3.54
 1575.00  3.54
 1575.70  3.54
 1576.40  3.54
 1577.10  3.54
 1577.80  3.54
 1578.50  3.54
 1579.20  3.54
 1579.90  3.54
 1580.60  3.54
 1581.30  3.54
 1582.00  3.54
 1582.70  3.54
 1583.40  3.54
 1584.10  3.54
 1584.80  3.54
 1585.50  3.54
 1586.20  3.54
 1586.90  3.54
 1587.60  3.54
 1588.30  3.54
 1589.00  3.54
 1589.70  3.54
 1590.40  3.54
 1591.10  3.54
 1591.80  3.54
 1592.50  3.54
 1593.20  3.54
 1593.90  3.54
 1594.60  3.54
 1595.30  3.54
 1596.00  3.54
 1596.70  3.54
 1597.40  3.54
 1598.10  3.54
 1598.80  3.54
 1599.50  3.54
 1600.20  3.54
 1600.90  3.54
 1601.60  3.54
 1602.30  3.54
 1603.00  3.54
 1603.70  3.54
 1604.40  3.54
 1605.10  3.54
 1605.80  3.54
 1606.50  3.54
 1607.20  3.54
 1607.90  3.54
 1608.60  3.54
 1609.30  3.54
 1610.00  3.54
 1610.70  3.54
 1611.40  3.54
 1612.10  3.54
 1612.80  3.54
 1613.50  3.54
 1614.20  3.54
 1614.90  3.54
 1615.60  3.54
 1616.30  3.54
 1617.00  3.54
 1617.70  3.55
 1618.40  3.55
 1619.10  3.55
 1619.80  3.55
 1620.50  3.55
 1621.20  3.55
 1621.90  3.55
 1622.60  3.55
 1623.30  3.55
 1624.00  3.55
 1624.70  3.55
 1625.40  3.55
 1626.10  3.55
 1626.80  3.55
 1627.50  3.55
 1628.20  3.55
 1628.90  3.55
 1629.60  3.55
 1630.30  3.55
 1631.00  3.55
 1631.70  3.55
 1632.40  3.55
 1633.10  3.55
 1633.80  3.55
 1634.50  3.55
 1635.20  3.55
 1635.90  3.55
 1636.60  3.55
 1637.30  3.55
 1638.00  3.55
 1638.70  3.55
 1639.40  3.55
 1640.10  3.55
 1640.80  3.55
 1641.50  3.55
 1642.20  3.55
 1642.90  3.55
 1643.60  3.55
 1644.30  3.55
 1645.00  3.55
 1645.70  3.55
 1646.40  3.55
 1647.10  3.55
 1647.80  3.55
 1648.50  3.55
 1649.20  3.55
 1649.90  3.55
 1650.60  3.55
 1651.30  3.55
 1652.00  3.55
 1652.70  3.55
 1653.40  3.55
 1654.10  3.55
 1654.80  3.55
 1655.50  3.55
 1656.20  3.55
 1656.90  3.55
 1657.60  3.55
 1658.30  3.55
 1659.00  3.55
 1659.70  3.55
 1660.40  3.55
 1661.10  3.55
 1661.80  3.55
 1662.50  3.55
 1663.20  3.55
 1663.90  3.55
 1664.60  3.55
 1665.30  3.55
 1666.00  3.55
 1666.70  3.55
 1667.40  3.55
 1668.10  3.55
 1668.80  3.55
 1669.50  3.55
 1670.20  3.55
 1670.90  3.55
 1671.60  3.55
 1672.30  3.55
 1673.00  3.55
 1673.70  3.55
 1674.40  3.55
 1675.10  3.55
 1675.80  3.55
 1676.50  3.55
 1677.20  3.55
 1677.90  3.55
 1678.60  3.55
 1679.30  3.55
 1680.00  3.55
 1680.70  3.55
 1681.40  3.55
 1682.10  3.55
 1682.80  3.55
 1683.50  3.55
 1684.20  3.55
 1684.90  3.55
 1685.60  3.55
 1686.30  3.55
 1687.00  3.55
 1687.70  3.55
 1688.40  3.55
 1689.10  3.55
 1689.80  3.55
 1690.50  3.55
 1691.20  3.55
 1691.90  3.55
 1692.60  3.55
 1693.30  3.55
 1694.00  3.55
 1694.70  3.55
 1695.40  3.55
 1696.10  3.55
 1696.80  3.55
 1697.50  3.55
 1698.20  3.55
 1698.90  3.55
 1699.60  3.55
 1700.30  3.55
 1701.00  3.55
 1701.70  3.55
 1702.40  3.55
 1703.10  3.55
 1703.80  3.55
 1704.50  3.55
 1705.20  3.55
 1705.90  3.55
 1706.60  3.55
 1707.30  3.55
 1708.00  3.55
 1708.70  3.55
 1709.40  3.55
 1710.10  3.55
 1710.80  3.55
 1711.50  3.55
 1712.20  3.55
 1712.90  3.55
 1713.60  3.55
 1714.30  3.55
 1715.00  3.55
 1715.70  3.55
 1716.40  3.55
 1717.10  3.55
 1717.80  3.55
 1718.50  3.55
 1719.20  3.55
 1719.90  3.55
 1720.60  3.55
 1721.30  3.55
 1722.00  3.55
 1722.70  3.55
 1723.40  3.55
 1724.10  3.55
 1724.80  3.55
 1725.50  3.55
 1726.20  3.55
 1726.90  3.55
 1727.60  3.55
 1728.30  3.55
 1729.00  3.55
 1729.70  3.55
 1730.40  3.55
 1731.10  3.55
 1731.80  3.55
 1732.50  3.55
 1733.20  3.55
 1733.90  3.55
 1734.60  3.55
 1735.30  3.55
 1736.00  3.55
 1736.70  3.55
 1737.40  3.55
 1738.10  3.55
 1738.80  3.55
 1739.50  3.55
 1740.20  3.55
 1740.90  3.55
 1741.60  3.55
 1742.30  3.55
 1743.00  3.55
 1743.70  3.55
 1744.40  3.55
 1745.10  3.55
 1745.80  3.55
 1746.50  3.55
 1747.20  3.55
 1747.90  3.55
 1748.60  3.55
 1749.30  3.55
 1750.00  3.55
 1750.70  3.55
 1751.40  3.55
 1752.10  3.55
 1752.80  3.55
 1753.50  3.55
 1754.20  3.55
 1754.90  3.55
 1755.60  3.55
 1756.30  3.55
 1757.00  3.55
 1757.70  3.55
 1758.40  3.55
 1759.10  3.55
 1759.80  3.55
 1760.50  3.55
 1761.20  3.55
 1761.90  3.55
 1762.60  3.55
 1763.30  3.55
 1764.00  3.55
 1764.70  3.55
 1765.40  3.55
 1766.10  3.55
 1766.80  3.55
 1767.50  3.55
 1768.20  3.55
 1768.90  3.55
 1769.60  3.55
 1770.30  3.55
 1771.00  3.55
 1771.70  3.55
 1772.40  3.55
 1773.10  3.55
 1773.80  3.55
 1774.50  3.55
 1775.20  3.55
 1775.90  3.55
 1776.60  3.55
 1777.30  3.55
 1778.00  3.55
 1778.70  3.55
 1779.40  3.55
 1780.10  3.55
 1780.80  3.55
 1781.50  3.55
 1782.20  3.55
 1782.90  3.55
 1783.60  3.55
 1784.30  3.55
 1785.00  3.55
 1785.70  3.55
 1786.40  3.55
 1787.10  3.55
 1787.80  3.55
 1788.50  3.55
 1789.20  3.55
 1789.90  3.55
 1790.60  3.55
 1791.30  3.55
 1792.00  3.55
 1792.70  3.55
 1793.40  3.55
 1794.10  3.55
 1794.80  3.55
 1795.50  3.55
 1796.20  3.55
 1796.90  3.55
 1797.60  3.55
 1798.30  3.55
 1799.00  3.55
 1799.70  3.55
 1800.40  3.55
 1801.10  3.55
 1801.80  3.55
 1802.50  3.55
 1803.20  3.55
 1803.90  3.55
 1804.60  3.55
 1805.30  3.55
 1806.00  3.55
 1806.70  3.55
 1807.40  3.55
 1808.10  3.55
 1808.80  3.55
 1809.50  3.55
 1810.20  3.55
 1810.90  3.55
 1811.60  3.55
 1812.30  3.55
 1813.00  3.55
 1813.70  3.55
 1814.40  3.55
 1815.10  3.55
 1815.80  3.55
 1816.50  3.55
 1817.20  3.55
 1817.90  3.55
 1818.60  3.55
 1819.30  3.55
 1820.00  3.55
 1820.70  3.55
 1821.40  3.55
 1822.10  3.55
 1822.80  3.55
 1823.50  3.55
 1824.20  3.55
 1824.90  3.55
 1825.60  3.55
 1826.30  3.55
 1827.00  3.55
 1827.70  3.55
 1828.40  3.55
 1829.10  3.55
 1829.80  3.55
 1830.50  3.55
 1831.20  3.55
 1831.90  3.55
 1832.60  3.55
 1833.30  3.55
 1834.00  3.55
 1834.70  3.55
 1835.40  3.55
 1836.10  3.55
 1836.80  3.55
 1837.50  3.55
 1838.20  3.55
 1838.90  3.55
 1839.60  3.55
 1840.30  3.55
 1841.00  3.55
 1841.70  3.55
 1842.40  3.55
 1843.10  3.55
 1843.80  3.55
 1844.50  3.55
 1845.20  3.55
 1845.90  3.55
 1846.60  3.55
 1847.30  3.55
 1848.00  3.55
 1848.70  3.55
 1849.40  3.55
 1850.10  3.55
 1850.80  3.55
 1851.50  3.55
 1852.20  3.55
 1852.90  3.55
 1853.60  3.55
 1854.30  3.55
 1855.00  3.55
 1855.70  3.55
 1856.40  3.55
 1857.10  3.55
 1857.80  3.55
 1858.50  3.55
 1859.20  3.55
 1859.90  3.55
 1860.60  3.55
 1861.30  3.55
 1862.00  3.55
 1862.70  3.55
 1863.40  3.55
 1864.10  3.55
 1864.80  3.55
 1865.50  3.55
 1866.20  3.55
 1866.90  3.55
 1867.60  3.55
 1868.30  3.55
 1869.00  3.55
 1869.70  3.55
 1870.40  3.55
 1871.10  3.55
 1871.80  3.55
 1872.50  3.55
 1873.20  3.55
 1873.90  3.55
 1874.60  3.55
 1875.30  3.55
 1876.00  3.55
 1876.70  3.55
 1877.40  3.55
 1878.10  3.55
 1878.80  3.55
 1879.50  3.55
 1880.20  3.55
 1880.90  3.55
 1881.60  3.55
 1882.30  3.55
 1883.00  3.55
 1883.70  3.55
 1884.40  3.55
 1885.10  3.55
 1885.80  3.55
 1886.50  3.55
 1887.20  3.55
 1887.90  3.55
 1888.60  3.55
 1889.30  3.55
 1890.00  3.55
 1890.70  3.55
 1891.40  3.55
 1892.10  3.55
 1892.80  3.55
 1893.50  3.55
 1894.20  3.55
 1894.90  3.55
 1895.60  3.55
 1896.30  3.55
 1897.00  3.55
 1897.70  3.55
 1898.40  3.55
 1899.10  3.55
 1899.80  3.55
 1900.50  3.55
 1901.20  3.55
 1901.90  3.55
 1902.60  3.55
 1903.30  3.55
 1904.00  3.55
 1904.70  3.55
 1905.40  3.55
 1906.10  3.55
 1906.80  3.55
 1907.50  3.55
 1908.20  3.55
 1908.90  3.55
 1909.60  3.55
 1910.30  3.55
 1911.00  3.55
 1911.70  3.55
 1912.40  3.55
 1913.10  3.55
 1913.80  3.55
 1914.50  3.55
 1915.20  3.55
 1915.90  3.55
 1916.60  3.55
 1917.30  3.55
 1918.00  3.55
 1918.70  3.55
 1919.40  3.55
 1920.10  3.55
 1920.80  3.55
 1921.50  3.55
 1922.20  3.55
 1922.90  3.55
 1923.60  3.55
 1924.30  3.55
 1925.00  3.55
 1925.70  3.55
 1926.40  3.55
 1927.10  3.55
 1927.80  3.55
 1928.50  3.55
 1929.20  3.55
 1929.90  3.55
 1930.60  3.55
 1931.30  3.55
 1932.00  3.55
 1932.70  3.55
 1933.40  3.55
 1934.10  3.55
 1934.80  3.55
 1935.50  3.55
 1936.20  3.55
 1936.90  3.55
 1937.60  3.55
 1938.30  3.55
 1939.00  3.55
 1939.70  3.55
 1940.40  3.55
 1941.10  3.55
 1941.80  3.55
 1942.50  3.55
 1943.20  3.55
 1943.90  3.55
 1944.60  3.55
 1945.30  3.55
 1946.00  3.55
 1946.70  3.55
 1947.40  3.55
 1948.10  3.55
 1948.80  3.55
 1949.50  3.55
 1950.20  3.55
 1950.90  3.55
 1951.60  3.55
 1952.30  3.55
 1953.00  3.55
 1953.70  3.55
 1954.40  3.55
 1955.10  3.55
 1955.80  3.55
 1956.50  3.55
 1957.20  3.55
 1957.90  3.55
 1958.60  3.55
 1959.30  3.55
 1960.00  3.55
 1960.70  3.55
 1961.40  3.55
 1962.10  3.55
 1962.80  3.55
 1963.50  3.55
 1964.20  3.55
 1964.90  3.55
 1965.60  3.55
 1966.30  3.55
 1967.00  3.55
 1967.70  3.55
 1968.40  3.55
 1969.10  3.55
 1969.80  3.55
 1970.50  3.55
 1971.20  3.55
 1971.90  3.55
 1972.60  3.55
 1973.30  3.55
 1974.00  3.55
 1974.70  3.55
 1975.40  3.55
 1976.10  3.55
 1976.80  3.55
 1977.50  3.55
 1978.20  3.55
 1978.90  3.55
 1979.60  3.55
 1980.30  3.55
 1981.00  3.55
 1981.70  3.55
 1982.40  3.55
 1983.10  3.55
 1983.80  3.55
 1984.50  3.55
 1985.20  3.55
 1985.90  3.55
 1986.60  3.55
 1987.30  3.55
 1988.00  3.55
 1988.70  3.55
 1989.40  3.55
 1990.10  3.55
 1990.80  3.55
 1991.50  3.55
 1992.20  3.55
 1992.90  3.55
 1993.60  3.55
 1994.30  3.55
 1995.00  3.55
 1995.70  3.55
 1996.40  3.55
 1997.10  3.55
 1997.80  3.55
 1998.50  3.55
 1999.20  3.55
 1999.90  3.55
 2000.60  3.55
 2001.30  3.55
 2002.00  3.55
 2002.70  3.55
 2003.40  3.55
 2004.10  3.55
 2004.80  3.55
 2005.50  3.55
 2006.20  3.55
 2006.90  3.55
 2007.60  3.55
 2008.30  3.55
 2009.00  3.55
 2009.70  3.55
 2010.40  3.55
 2011.10  3.55
 2011.80  3.55
 2012.50  3.55
 2013.20  3.55
 2013.90  3.55
 2014.60  3.55
 2015.30  3.55
 2016.00  3.55
 2016.70  3.55
 2017.40  3.55
 2018.10  3.55
 2018.80  3.55
 2019.50  3.55
 2020.20  3.55
 2020.90  3.55
 2021.60  3.55
 2022.30  3.55
 2023.00  3.55
 2023.70  3.55
 2024.40  3.55
 2025.10  3.55
 2025.80  3.55
 2026.50  3.55
 2027.20  3.55
 2027.90  3.55
 2028.60  3.55
 2029.30  3.55
 2030.00  3.55
 2030.70  3.55
 2031.40  3.55
 2032.10  3.55
 2032.80  3.55
 2033.50  3.55
 2034.20  3.55
 2034.90  3.55
 2035.60  3.55
 2036.30  3.55
 2037.00  3.55
 2037.70  3.55
 2038.40  3.55
 2039.10  3.55
 2039.80  3.55
 2040.50  3.55
 2041.20  3.55
 2041.90  3.55
 2042.60  3.55
 2043.30  3.55
 2044.00  3.55
 2044.70  3.55
 2045.40  3.55
 2046.10  3.55
 2046.80  3.55
 2047.50  3.55
 2048.20  3.55
 2048.90  3.55
 2049.60  3.55
 2050.30  3.55
 2051.00  3.55
 2051.70  3.55
 2052.40  3.55
 2053.10  3.55
 2053.80  3.55
 2054.50  3.55
 2055.20  3.55
 2055.90  3.55
 2056.60  3.55
 2057.30  3.55
 2058.00  3.55
 2058.70  3.55
 2059.40  3.55
 2060.10  3.55
 2060.80  3.55
 2061.50  3.55
 2062.20  3.55
 2062.90  3.55
 2063.60  3.55
 2064.30  3.55
 2065.00  3.55
 2065.70  3.55
 2066.40  3.55
 2067.10  3.55
 2067.80  3.55
 2068.50  3.55
 2069.20  3.55
 2069.90  3.55
 2070.60  3.55
 2071.30  3.55
 2072.00  3.55
 2072.70  3.55
 2073.40  3.55
 2074.10  3.55
 2074.80  3.55
 2075.50  3.55
 2076.20  3.55
 2076.90  3.55
 2077.60  3.55
 2078.30  3.55
 2079.00  3.55
 2079.70  3.55
 2080.40  3.55
 2081.10  3.55
 2081.80  3.55
 2082.50  3.55
 2083.20  3.55
 2083.90  3.55
 2084.60  3.55
 2085.30  3.55
 2086.00  3.55
 2086.70  3.55
 2087.40  3.55
 2088.10  3.55
 2088.80  3.55
 2089.50  3.55
 2090.20  3.55
 2090.90  3.55
 2091.60  3.55
 2092.30  3.55
 2093.00  3.55
 2093.70  3.55
 2094.40  3.55
 2095.10  3.55
 2095.80  3.55
 2096.50  3.55
 2097.20  3.55
 2097.90  3.55
 2098.60  3.55
 2099.30  3.55
 2100.00  3.55
 2100.70  3.55
 2101.40  3.55
 2102.10  3.55
 2102.80  3.55
 2103.50  3.55
 2104.20  3.55
 2104.90  3.55
 2105.60  3.55
 2106.30  3.55
 2107.00  3.55
 2107.70  3.55
 2108.40  3.55
 2109.10  3.55
 2109.80  3.55
 2110.50  3.55
 2111.20  3.55
 2111.90  3.55
 2112.60  3.55
 2113.30  3.55
 2114.00  3.55
 2114.70  3.55
 2115.40  3.55
 2116.10  3.55
 2116.80  3.55
 2117.50  3.55
 2118.20  3.55
 2118.90  3.55
 2119.60  3.55
 2120.30  3.55
 2121.00  3.55
 2121.70  3.55
 2122.40  3.55
 2123.10  3.55
 2123.80  3.55
 2124.50  3.55
 2125.20  3.55
 2125.90  3.55
 2126.60  3.55
 2127.30  3.55
 2128.00  3.55
 2128.70  3.55
 2129.40  3.55
 2130.10  3.55
 2130.80  3.55
 2131.50  3.55
 2132.20  3.55
 2132.90  3.55
 2133.60  3.55
 2134.30  3.55
 2135.00  3.55
 2135.70  3.55
 2136.40  3.55
 2137.10  3.55
 2137.80  3.55
 2138.50  3.55
 2139.20  3.55
 2139.90  3.55
 2140.60  3.55
 2141.30  3.55
 2142.00  3.55
 2142.70  3.55
 2143.40  3.55
 2144.10  3.55
 2144.80  3.55
 2145.50  3.55
 2146.20  3.55
 2146.90  3.55
 2147.60  3.55
 2148.30  3.55
 2149.00  3.55
 2149.70  3.55
 2150.40  3.55
 2151.10  3.55
 2151.80  3.55
 2152.50  3.55
 2153.20  3.55
 2153.90  3.55
 2154.60  3.55
 2155.30  3.55
 2156.00  3.55
 2156.70  3.55
 2157.40  3.55
 2158.10  3.55
 2158.80  3.55
 2159.50  3.55
 2160.20  3.55
 2160.90  3.55
 2161.60  3.55
 2162.30  3.55
 2163.00  3.55
 2163.70  3.55
 2164.40  3.55
 2165.10  3.55
 2165.80  3.55
 2166.50  3.55
 2167.20  3.55
 2167.90  3.55
 2168.60  3.55
 2169.30  3.55
 2170.00  3.55
 2170.70  3.55
 2171.40  3.55
 2172.10  3.55
 2172.80  3.55
 2173.50  3.55
 2174.20  3.55
 2174.90  3.55
 2175.60  3.55
 2176.30  3.55
 2177.00  3.55
 2177.70  3.55
 2178.40  3.55
 2179.10  3.55
 2179.80  3.55
 2180.50  3.55
 2181.20  3.55
 2181.90  3.55
 2182.60  3.55
 2183.30  3.55
 2184.00  3.55
 2184.70  3.55
 2185.40  3.55
 2186.10  3.55
 2186.80  3.55
 2187.50  3.55
 2188.20  3.55
 2188.90  3.55
 2189.60  3.55
 2190.30  3.55
 2191.00  3.55
 2191.70  3.55
 2192.40  3.55
 2193.10  3.55
 2193.80  3.55
 2194.50  3.55
 2195.20  3.55
 2195.90  3.55
 2196.60  3.55
 2197.30  3.55
 2198.00  3.55
 2198.70  3.55
 2199.40  3.55
 2200.10  3.55
 2200.80  3.55
 2201.50  3.55
 2202.20  3.55
 2202.90  3.55
 2203.60  3.55
 2204.30  3.55
 2205.00  3.55
 2205.70  3.55
 2206.40  3.55
 2207.10  3.55
 2207.80  3.55
 2208.50  3.55
 2209.20  3.55
 2209.90  3.55
 2210.60  3.55
 2211.30  3.55
 2212.00  3.55
 2212.70  3.55
 2213.40  3.55
 2214.10  3.55
 2214.80  3.55
 2215.50  3.55
 2216.20  3.55
 2216.90  3.55
 2217.60  3.55
 2218.30  3.55
 2219.00  3.55
 2219.70  3.55
 2220.40  3.55
 2221.10  3.55
 2221.80  3.55
 2222.50  3.55
 2223.20  3.55
 2223.90  3.55
 2224.60  3.55
 2225.30  3.55
 2226.00  3.55
 2226.70  3.55
 2227.40  3.55
 2228.10  3.55
 2228.80  3.55
 2229.50  3.55
 2230.20  3.55
 2230.90  3.55
 2231.60  3.55
 2232.30  3.55
 2233.00  3.55
 2233.70  3.55
 2234.40  3.55
 2235.10  3.55
 2235.80  3.55
 2236.50  3.55
 2237.20  3.55
 2237.90  3.55
 2238.60  3.55
 2239.30  3.55
 2240.00  3.55
 2240.70  3.55
 2241.40  3.55
 2242.10  3.55
 2242.80  3.55
 2243.50  3.55
 2244.20  3.55
 2244.90  3.55
 2245.60  3.55
 2246.30  3.55
 2247.00  3.55
 2247.70  3.55
 2248.40  3.55
 2249.10  3.55
 2249.80  3.55
 2250.50  3.55
 2251.20  3.55
 2251.90  3.55
 2252.60  3.55
 2253.30  3.55
 2254.00  3.55
 2254.70  3.55
 2255.40  3.55
 2256.10  3.55
 2256.80  3.55
 2257.50  3.55
 2258.20  3.55
 2258.90  3.55
 2259.60  3.55
 2260.30  3.55
 2261.00  3.55
 2261.70  3.55
 2262.40  3.55
 2263.10  3.55
 2263.80  3.55
 2264.50  3.55
 2265.20  3.55
 2265.90  3.55
 2266.60  3.55
 2267.30  3.55
 2268.00  3.55
 2268.70  3.55
 2269.40  3.55
 2270.10  3.55
 2270.80  3.55
 2271.50  3.55
 2272.20  3.55
 2272.90  3.55
 2273.60  3.55
 2274.30  3.55
 2275.00  3.55
 2275.70  3.55
 2276.40  3.55
 2277.10  3.55
 2277.80  3.55
 2278.50  3.55
 2279.20  3.55
 2279.90  3.55
 2280.60  3.55
 2281.30  3.55
 2282.00  3.55
 2282.70  3.55
 2283.40  3.55
 2284.10  3.55
 2284.80  3.55
 2285.50  3.55
 2286.20  3.55
 2286.90  3.55
 2287.60  3.55
 2288.30  3.55
 2289.00  3.55
 2289.70  3.55
 2290.40  3.55
 2291.10  3.55
 2291.80  3.55
 2292.50  3.55
 2293.20  3.55
 2293.90  3.55
 2294.60  3.55
 2295.30  3.55
 2296.00  3.55
 2296.70  3.55
 2297.40  3.55
 2298.10  3.55
 2298.80  3.55
 2299.50  3.55
 2300.20  3.55
 2300.90  3.55
 2301.60  3.55
 2302.30  3.55
 2303.00  3.55
 2303.70  3.55
 2304.40  3.55
 2305.10  3.55
 2305.80  3.55
 2306.50  3.55
 2307.20  3.55
 2307.90  3.55
 2308.60  3.55
 2309.30  3.55
 2310.00  3.55
 2310.70  3.55
 2311.40  3.55
 2312.10  3.55
 2312.80  3.55
 2313.50  3.55
 2314.20  3.55
 2314.90  3.55
 2315.60  3.55
 2316.30  3.55
 2317.00  3.55
 2317.70  3.55
 2318.40  3.55
 2319.10  3.55
 2319.80  3.55
 2320.50  3.55
 2321.20  3.55
 2321.90  3.55
 2322.60  3.55
 2323.30  3.55
 2324.00  3.55
 2324.70  3.55
 2325.40  3.55
 2326.10  3.55
 2326.80  3.55
 2327.50  3.55
 2328.20  3.55
 2328.90  3.55
 2329.60  3.55
 2330.30  3.55
 2331.00  3.55
 2331.70  3.55
 2332.40  3.55
 2333.10  3.55
 2333.80  3.55
 2334.50  3.55
 2335.20  3.55
 2335.90  3.55
 2336.60  3.55
 2337.30  3.55
 2338.00  3.55
 2338.70  3.55
 2339.40  3.55
 2340.10  3.55
 2340.80  3.55
 2341.50  3.55
 2342.20  3.55
 2342.90  3.55
 2343.60  3.55
 2344.30  3.55
 2345.00  3.55
 2345.70  3.55
 2346.40  3.55
 2347.10  3.55
 2347.80  3.55
 2348.50  3.55
 2349.20  3.55
 2349.90  3.55
 2350.60  3.55
 2351.30  3.55
 2352.00  3.55
 2352.70  3.55
 2353.40  3.55
 2354.10  3.55
 2354.80  3.55
 2355.50  3.55
 2356.20  3.55
 2356.90  3.55
 2357.60  3.55
 2358.30  3.55
 2359.00  3.55
 2359.70  3.55
 2360.40  3.55
 2361.10  3.55
 2361.80  3.55
 2362.50  3.55
 2363.20  3.55
 2363.90  3.55
 2364.60  3.55
 2365.30  3.55
 2366.00  3.55
 2366.70  3.55
 2367.40  3.55
 2368.10  3.55
 2368.80  3.55
 2369.50  3.55
 2370.20  3.55
 2370.90  3.55
 2371.60  3.55
 2372.30  3.55
 2373.00  3.55
 2373.70  3.55
 2374.40  3.55
 2375.10  3.55
 2375.80  3.55
 2376.50  3.55
 2377.20  3.55
 2377.90  3.55
 2378.60  3.55
 2379.30  3.55
 2380.00  3.55
 2380.70  3.55
 2381.40  3.55
 2382.10  3.55
 2382.80  3.55
 2383.50  3.55
 2384.20  3.55
 2384.90  3.55
 2385.60  3.55
 2386.30  3.55
 2387.00  3.55
 2387.70  3.55
 2388.40  3.55
 2389.10  3.55
 2389.80  3.55
 2390.50  3.55
 2391.20  3.55
 2391.90  3.55
 2392.60  3.55
 2393.30  3.55
 2394.00  3.55
 2394.70  3.55
 2395.40  3.55
 2396.10  3.55
 2396.80  3.55
 2397.50  3.55
 2398.20  3.55
 2398.90  3.55
 2399.60  3.55
 2400.30  3.55
 2401.00  3.55
 2401.70  3.55
 2402.40  3.55
 2403.10  3.55
 2403.80  3.55
 2404.50  3.55
 2405.20  3.55
 2405.90  3.55
 2406.60  3.55
 2407.30  3.55
 2408.00  3.55
 2408.70  3.55
 2409.40  3.55
 2410.10  3.55
 2410.80  3.55
 2411.50  3.55
 2412.20  3.55
 2412.90  3.55
 2413.60  3.55
 2414.30  3.55
 2415.00  3.55
 2415.70  3.55
 2416.40  3.55
 2417.10  3.55
 2417.80  3.55
 2418.50  3.55
 2419.20  3.55
 2419.90  3.55
 2420.60  3.55
 2421.30  3.55
 2422.00  3.55
 2422.70  3.55
 2423.40  3.55
 2424.10  3.55
 2424.80  3.55
 2425.50  3.55
 2426.20  3.55
 2426.90  3.55
 2427.60  3.55
 2428.30  3.55
 2429.00  3.55
 2429.70  3.55
 2430.40  3.55
 2431.10  3.55
 2431.80  3.55
 2432.50  3.55
 2433.20  3.55
 2433.90  3.55
 2434.60  3.55
 2435.30  3.55
 2436.00  3.55
 2436.70  3.55
 2437.40  3.55
 2438.10  3.55
 2438.80  3.55
 2439.50  3.55
 2440.20  3.55
 2440.90  3.55
 2441.60  3.55
 2442.30  3.55
 2443.00  3.55
 2443.70  3.55
 2444.40  3.55
 2445.10  3.55
 2445.80  3.55
 2446.50  3.55
 2447.20  3.55
 2447.90  3.55
 2448.60  3.55
 2449.30  3.55
 2450.00  3.55
 2450.70  3.55
 2451.40  3.55
 2452.10  3.55
 2452.80  3.55
 2453.50  3.55
 2454.20  3.55
 2454.90  3.55
 2455.60  3.55
 2456.30  3.55
 2457.00  3.55
 2457.70  3.55
 2458.40  3.55
 2459.10  3.55
 2459.80  3.55
 2460.50  3.55
 2461.20  3.55
 2461.90  3.55
 2462.60  3.55
 2463.30  3.55
 2464.00  3.55
 2464.70  3.55
 2465.40  3.55
 2466.10  3.55
 2466.80  3.55
 2467.50  3.55
 2468.20  3.55
 2468.90  3.55
 2469.60  3.55
 2470.30  3.55
 2471.00  3.55
 2471.70  3.55
 2472.40  3.55
 2473.10  3.55
 2473.80  3.55
 2474.50  3.55
 2475.20  3.55
 2475.90  3.55
 2476.60  3.55
 2477.30  3.55
 2478.00  3.55
 2478.70  3.55
 2479.40  3.55
 2480.10  3.55
 2480.80  3.55
 2481.50  3.55
 2482.20  3.55
 2482.90  3.55
 2483.60  3.55
 2484.30  3.55
 2485.00  3.55
 2485.70  3.55
 2486.40  3.55
 2487.10  3.55
 2487.80  3.55
 2488.50  3.55
 2489.20  3.55
 2489.90  3.55
 2490.60  3.55
 2491.30  3.55
 2492.00  3.55
 2492.70  3.55
 2493.40  3.55
 2494.10  3.55
 2494.80  3.55
 2495.50  3.55
 2496.20  3.55
 2496.90  3.55
 2497.60  3.55
 2498.30  3.55
 2499.00  3.55
 2499.70  3.55
 2500.40  3.55
 2501.10  3.55
 2501.80  3.55
 2502.50  3.55
 2503.20  3.55
 2503.90  3.55
 2504.60  3.55
 2505.30  3.55
 2506.00  3.55
 2506.70  3.55
 2507.40  3.55
 2508.10  3.55
 2508.80  3.55
 2509.50  3.55
 2510.20  3.55
 2510.90  3.55
 2511.60  3.55
 2512.30  3.55
 2513.00  3.55
 2513.70  3.55
 2514.40  3.55
 2515.10  3.55
 2515.80  3.55
 2516.50  3.55
 2517.20  3.55
 2517.90  3.55
 2518.60  3.55
 2519.30  3.55
 2520.00  3.55
 2520.70  3.55
 2521.40  3.55
 2522.10  3.55
 2522.80  3.55
 2523.50  3.55
 2524.20  3.55
 2524.90  3.55
 2525.60  3.55
 2526.30  3.55
 2527.00  3.55
 2527.70  3.55
 2528.40  3.55
 2529.10  3.55
 2529.80  3.55
 2530.50  3.55
 2531.20  3.55
 2531.90  3.55
 2532.60  3.55
 2533.30  3.55
 2534.00  3.55
 2534.70  3.55
 2535.40  3.55
 2536.10  3.55
 2536.80  3.55
 2537.50  3.55
 2538.20  3.55
 2538.90  3.55
 2539.60  3.55
 2540.30  3.55
 2541.00  3.55
 2541.70  3.55
 2542.40  3.55
 2543.10  3.55
 2543.80  3.55
 2544.50  3.55
 2545.20  3.55
 2545.90  3.55
 2546.60  3.55
 2547.30  3.55
 2548.00  3.55
 2548.70  3.55
 2549.40  3.55
 2550.10  3.55
 2550.80  3.55
 2551.50  3.55
 2552.20  3.55
 2552.90  3.55
 2553.60  3.55
 2554.30  3.55
 2555.00  3.55
 2555.70  3.55
 2556.40  3.55
 2557.10  3.55
 2557.80  3.55
 2558.50  3.55
 2559.20  3.55
 2559.90  3.55
 2560.60  3.55
 2561.30  3.55
 2562.00  3.55
 2562.70  3.55
 2563.40  3.55
 2564.10  3.55
 2564.80  3.55
 2565.50  3.55
 2566.20  3.55
 2566.90  3.55
 2567.60  3.55
 2568.30  3.55
 2569.00  3.55
 2569.70  3.55
 2570.40  3.55
 2571.10  3.55
 2571.80  3.55
 2572.50  3.55
 2573.20  3.55
 2573.90  3.55
 2574.60  3.55
 2575.30  3.55
 2576.00  3.55
 2576.70  3.55
 2577.40  3.55
 2578.10  3.55
 2578.80  3.55
 2579.50  3.55
 2580.20  3.55
 2580.90  3.55
 2581.60  3.55
 2582.30  3.55
 2583.00  3.55
 2583.70  3.55
 2584.40  3.55
 2585.10  3.55
 2585.80  3.55
 2586.50  3.55
 2587.20  3.55
 2587.90  3.55
 2588.60  3.55
 2589.30  3.55
 2590.00  3.55
 2590.70  3.55
 2591.40  3.55
 2592.10  3.55
 2592.80  3.55
 2593.50  3.55
 2594.20  3.55
 2594.90  3.55
 2595.60  3.55
 2596.30  3.55
 2597.00  3.55
 2597.70  3.55
 2598.40  3.55
 2599.10  3.55
 2599.80  3.55
 2600.50  3.55
 2601.20  3.55
 2601.90  3.55
 2602.60  3.55
 2603.30  3.55
 2604.00  3.55
 2604.70  3.55
 2605.40  3.55
 2606.10  3.55
 2606.80  3.55
 2607.50  3.55
 2608.20  3.55
 2608.90  3.55
 2609.60  3.55
 2610.30  3.55
 2611.00  3.55
 2611.70  3.55
 2612.40  3.55
 2613.10  3.55
 2613.80  3.55
 2614.50  3.55
 2615.20  3.55
 2615.90  3.55
 2616.60  3.55
 2617.30  3.55
 2618.00  3.55
 2618.70  3.55
 2619.40  3.55
 2620.10  3.55
 2620.80  3.55
 2621.50  3.55
 2622.20  3.55
 2622.90  3.55
 2623.60  3.55
 2624.30  3.55
 2625.00  3.55
 2625.70  3.55
 2626.40  3.55
 2627.10  3.55
 2627.80  3.55
 2628.50  3.55
 2629.20  3.55
 2629.90  3.55
 2630.60  3.55
 2631.30  3.55
 2632.00  3.55
 2632.70  3.55
 2633.40  3.55
 2634.10  3.55
 2634.80  3.55
 2635.50  3.55
 2636.20  3.55
 2636.90  3.55
 2637.60  3.55
 2638.30  3.55
 2639.00  3.55
 2639.70  3.55
 2640.40  3.55
 2641.10  3.55
 2641.80  3.55
 2642.50  3.55
 2643.20  3.55
 2643.90  3.55
 2644.60  3.55
 2645.30  3.55
 2646.00  3.55
 2646.70  3.55
 2647.40  3.55
 2648.10  3.55
 2648.80  3.55
 2649.50  3.55
 2650.20  3.55
 2650.90  3.55
 2651.60  3.55
 2652.30  3.55
 2653.00  3.55
 2653.70  3.55
 2654.40  3.55
 2655.10  3.55
 2655.80  3.55
 2656.50  3.55
 2657.20  3.55
 2657.90  3.55
 2658.60  3.55
 2659.30  3.55
 2660.00  3.55
 2660.70  3.55
 2661.40  3.55
 2662.10  3.55
 2662.80  3.55
 2663.50  3.55
 2664.20  3.55
 2664.90  3.55
 2665.60  3.55
 2666.30  3.55
 2667.00  3.55
 2667.70  3.55
 2668.40  3.55
 2669.10  3.55
 2669.80  3.55
 2670.50  3.55
 2671.20  3.55
 2671.90  3.55
 2672.60  3.55
 2673.30  3.55
 2674.00  3.55
 2674.70  3.55
 2675.40  3.55
 2676.10  3.55
 2676.80  3.55
 2677.50  3.55
 2678.20  3.55
 2678.90  3.55
 2679.60  3.55
 2680.30  3.55
 2681.00  3.55
 2681.70  3.55
 2682.40  3.55
 2683.10  3.55
 2683.80  3.55
 2684.50  3.55
 2685.20  3.55
 2685.90  3.55
 2686.60  3.55
 2687.30  3.55
 2688.00  3.55
 2688.70  3.55
 2689.40  3.55
 2690.10  3.55
 2690.80  3.55
 2691.50  3.55
 2692.20  3.55
 2692.90  3.55
 2693.60  3.55
 2694.30  3.55
 2695.00  3.55
 2695.70  3.55
 2696.40  3.55
 2697.10  3.55
 2697.80  3.55
 2698.50  3.55
 2699.20  3.55
 2699.90  3.55
 2700.60  3.55
 2701.30  3.55
 2702.00  3.55
 2702.70  3.55
 2703.40  3.55
 2704.10  3.55
 2704.80  3.55
 2705.50  3.55
 2706.20  3.55
 2706.90  3.55
 2707.60  3.55
 2708.30  3.55
 2709.00  3.55
 2709.70  3.55
 2710.40  3.55
 2711.10  3.55
 2711.80  3.55
 2712.50  3.55
 2713.20  3.55
 2713.90  3.55
 2714.60  3.55
 2715.30  3.55
 2716.00  3.55
 2716.70  3.55
 2717.40  3.55
 2718.10  3.55
 2718.80  3.55
 2719.50  3.55
 2720.20  3.55
 2720.90  3.55
 2721.60  3.55
 2722.30  3.55
 2723.00  3.55
 2723.70  3.55
 2724.40  3.55
 2725.10  3.55
 2725.80  3.55
 2726.50  3.55
 2727.20  3.55
 2727.90  3.55
 2728.60  3.55
 2729.30  3.55
 2730.00  3.55
 2730.70  3.55
 2731.40  3.55
 2732.10  3.55
 2732.80  3.55
 2733.50  3.55
 2734.20  3.55
 2734.90  3.55
 2735.60  3.55
 2736.30  3.55
 2737.00  3.55
 2737.70  3.55
 2738.40  3.55
 2739.10  3.55
 2739.80  3.55
 2740.50  3.55
 2741.20  3.55
 2741.90  3.55
 2742.60  3.55
 2743.30  3.55
 2744.00  3.55
 2744.70  3.55
 2745.40  3.55
 2746.10  3.55
 2746.80  3.55
 2747.50  3.55
 2748.20  3.55
 2748.90  3.55
 2749.60  3.55
 2750.30  3.55
 2751.00  3.55
 2751.70  3.55
 2752.40  3.55
 2753.10  3.55
 2753.80  3.55
 2754.50  3.55
 2755.20  3.55
 2755.90  3.55
 2756.60  3.55
 2757.30  3.55
 2758.00  3.55
 2758.70  3.55
 2759.40  3.55
 2760.10  3.55
 2760.80  3.55
 2761.50  3.55
 2762.20  3.55
 2762.90  3.55
 2763.60  3.55
 2764.30  3.55
 2765.00  3.55
 2765.70  3.55
 2766.40  3.55
 2767.10  3.55
 2767.80  3.55
 2768.50  3.55
 2769.20  3.55
 2769.90  3.55
 2770.60  3.55
 2771.30  3.55
 2772.00  3.55
 2772.70  3.55
 2773.40  3.55
 2774.10  3.55
 2774.80  3.55
 2775.50  3.55
 2776.20  3.55
 2776.90  3.55
 2777.60  3.55
 2778.30  3.55
 2779.00  3.55
 2779.70  3.55
 2780.40  3.55
 2781.10  3.55
 2781.80  3.55
 2782.50  3.55
 2783.20  3.55
 2783.90  3.55
 2784.60  3.55
 2785.30  3.55
 2786.00  3.55
 2786.70  3.55
 2787.40  3.55
 2788.10  3.55
 2788.80  3.55
 2789.50  3.55
 2790.20  3.55
 2790.90  3.55
 2791.60  3.55
 2792.30  3.55
 2793.00  3.55
 2793.70  3.55
 2794.40  3.55
 2795.10  3.55
 2795.80  3.55
 2796.50  3.55
 2797.20  3.55
 2797.90  3.55
 2798.60  3.55
 2799.30  3.55
 2800.00  3.55
 2800.70  3.55
 2801.40  3.55
 2802.10  3.55
 2802.80  3.55
 2803.50  3.55
 2804.20  3.55
 2804.90  3.55
 2805.60  3.55
 2806.30  3.55
 2807.00  3.55
 2807.70  3.55
 2808.40  3.55
 2809.10  3.55
 2809.80  3.55
 2810.50  3.55
 2811.20  3.55
 2811.90  3.55
 2812.60  3.55
 2813.30  3.55
 2814.00  3.55
 2814.70  3.55
 2815.40  3.55
 2816.10  3.55
 2816.80  3.55
 2817.50  3.55
 2818.20  3.55
 2818.90  3.55
 2819.60  3.55
 2820.30  3.55
 2821.00  3.55
 2821.70  3.55
 2822.40  3.55
 2823.10  3.55
 2823.80  3.55
 2824.50  3.55
 2825.20  3.55
 2825.90  3.55
 2826.60  3.55
 2827.30  3.55
 2828.00  3.55
 2828.70  3.55
 2829.40  3.55
 2830.10  3.55
 2830.80  3.55
 2831.50  3.55
 2832.20  3.55
 2832.90  3.55
 2833.60  3.55
 2834.30  3.55
 2835.00  3.55
 2835.70  3.55
 2836.40  3.55
 2837.10  3.55
 2837.80  3.55
 2838.50  3.55
 2839.20  3.55
 2839.90  3.55
 2840.60  3.55
 2841.30  3.55
 2842.00  3.55
 2842.70  3.55
 2843.40  3.55
 2844.10  3.55
 2844.80  3.55
 2845.50  3.55
 2846.20  3.55
 2846.90  3.55
 2847.60  3.55
 2848.30  3.55
 2849.00  3.55
 2849.70  3.55
 2850.40  3.55
 2851.10  3.55
 2851.80  3.55
 2852.50  3.55
 2853.20  3.55
 2853.90  3.55
 2854.60  3.55
 2855.30  3.55
 2856.00  3.55
 2856.70  3.55
 2857.40  3.55
 2858.10  3.55
 2858.80  3.55
 2859.50  3.55
 2860.20  3.55
 2860.90  3.55
 2861.60  3.55
 2862.30  3.55
 2863.00  3.55
 2863.70  3.55
 2864.40  3.55
 2865.10  3.55
 2865.80  3.55
 2866.50  3.55
 2867.20  3.55
 2867.90  3.55
 2868.60  3.55
 2869.30  3.55
 2870.00  3.55
 2870.70  3.55
 2871.40  3.55
 2872.10  3.55
 2872.80  3.55
 2873.50  3.55
 2874.20  3.55
 2874.90  3.55
 2875.60  3.55
 2876.30  3.55
 2877.00  3.55
 2877.70  3.55
 2878.40  3.55
 2879.10  3.55
 2879.80  3.55
 2880.50  3.55
 2881.20  3.55
 2881.90  3.55
 2882.60  3.55
 2883.30  3.55
 2884.00  3.55
 2884.70  3.55
 2885.40  3.55
 2886.10  3.55
 2886.80  3.55
 2887.50  3.55
 2888.20  3.55
 2888.90  3.55
 2889.60  3.55
 2890.30  3.55
 2891.00  3.55
 2891.70  3.55
 2892.40  3.55
 2893.10  3.55
 2893.80  3.55
 2894.50  3.55
 2895.20  3.55
 2895.90  3.55
 2896.60  3.55
 2897.30  3.55
 2898.00  3.55
 2898.70  3.55
 2899.40  3.55
 2900.10  3.55
 2900.80  3.55
 2901.50  3.55
 2902.20  3.55
 2902.90  3.55
 2903.60  3.55
 2904.30  3.55
 2905.00  3.55
 2905.70  3.55
 2906.40  3.55
 2907.10  3.55
 2907.80  3.55
 2908.50  3.55
 2909.20  3.55
 2909.90  3.55
 2910.60  3.55
 2911.30  3.55
 2912.00  3.55
 2912.70  3.55
 2913.40  3.55
 2914.10  3.55
 2914.80  3.55
 2915.50  3.55
 2916.20  3.55
 2916.90  3.55
 2917.60  3.55
 2918.30  3.55
 2919.00  3.55
 2919.70  3.55
 2920.40  3.55
 2921.10  3.55
 2921.80  3.55
 2922.50  3.55
 2923.20  3.55
 2923.90  3.55
 2924.60  3.55
 2925.30  3.55
 2926.00  3.55
 2926.70  3.55
 2927.40  3.55
 2928.10  3.55
 2928.80  3.55
 2929.50  3.55
 2930.20  3.55
 2930.90  3.55
 2931.60  3.55
 2932.30  3.55
 2933.00  3.55
 2933.70  3.55
 2934.40  3.55
 2935.10  3.55
 2935.80  3.55
 2936.50  3.55
 2937.20  3.55
 2937.90  3.55
 2938.60  3.55
 2939.30  3.55
 2940.00  3.55
 2940.70  3.55
 2941.40  3.55
 2942.10  3.55
 2942.80  3.55
 2943.50  3.55
 2944.20  3.55
 2944.90  3.55
 2945.60  3.55
 2946.30  3.55
 2947.00  3.55
 2947.70  3.55
 2948.40  3.55
 2949.10  3.55
 2949.80  3.55
 2950.50  3.55
 2951.20  3.55
 2951.90  3.55
 2952.60  3.55
 2953.30  3.55
 2954.00  3.55
 2954.70  3.55
 2955.40  3.55
 2956.10  3.55
 2956.80  3.55
 2957.50  3.55
 2958.20  3.55
 2958.90  3.55
 2959.60  3.55
 2960.30  3.55
 2961.00  3.55
 2961.70  3.55
 2962.40  3.55
 2963.10  3.55
 2963.80  3.55
 2964.50  3.55
 2965.20  3.55
 2965.90  3.55
 2966.60  3.55
 2967.30  3.55
 2968.00  3.55
 2968.70  3.55
 2969.40  3.55
 2970.10  3.55
 2970.80  3.55
 2971.50  3.55
 2972.20  3.55
 2972.90  3.55
 2973.60  3.55
 2974.30  3.55
 2975.00  3.55
 2975.70  3.55
 2976.40  3.55
 2977.10  3.55
 2977.80  3.55
 2978.50  3.55
 2979.20  3.55
 2979.90  3.55
 2980.60  3.55
 2981.30  3.55
 2982.00  3.55
 2982.70  3.55
 2983.40  3.55
 2984.10  3.55
 2984.80  3.55
 2985.50  3.55
 2986.20  3.55
 2986.90  3.55
 2987.60  3.55
 2988.30  3.55
 2989.00  3.55
 2989.70  3.55
 2990.40  3.55
 2991.10  3.55
 2991.80  3.55
 2992.50  3.55
 2993.20  3.55
 2993.90  3.55
 2994.60  3.55
 2995.30  3.55
 2996.00  3.55
 2996.70  3.55
 2997.40  3.55
 2998.10  3.55
 2998.80  3.55
 2999.50  3.55
