#Navio B MarAd
#Manobra de Curva Giro
#
#Eta 
#
#temp      rot 
 0.00  1.00
 0.70  1.00
 1.40  1.00
 2.10  1.00
 2.80  1.00
 3.50  1.00
 4.20  1.00
 4.90  1.00
 5.60  1.00
 6.30  1.00
 7.00  1.00
 7.70  1.00
 8.40  1.00
 9.10  1.00
 9.80  1.01
 10.50  1.01
 11.20  1.01
 11.90  1.01
 12.60  1.01
 13.30  1.01
 14.00  1.01
 14.70  1.01
 15.40  1.01
 16.10  1.01
 16.80  1.01
 17.50  1.01
 18.20  1.01
 18.90  1.01
 19.60  1.01
 20.30  1.01
 21.00  1.01
 21.70  1.01
 22.40  1.01
 23.10  1.01
 23.80  1.01
 24.50  1.02
 25.20  1.02
 25.90  1.02
 26.60  1.02
 27.30  1.02
 28.00  1.02
 28.70  1.02
 29.40  1.02
 30.10  1.02
 30.80  1.02
 31.50  1.02
 32.20  1.02
 32.90  1.02
 33.60  1.02
 34.30  1.02
 35.00  1.02
 35.70  1.02
 36.40  1.02
 37.10  1.03
 37.80  1.03
 38.50  1.03
 39.20  1.03
 39.90  1.03
 40.60  1.03
 41.30  1.03
 42.00  1.03
 42.70  1.03
 43.40  1.03
 44.10  1.03
 44.80  1.03
 45.50  1.03
 46.20  1.03
 46.90  1.03
 47.60  1.03
 48.30  1.04
 49.00  1.04
 49.70  1.04
 50.40  1.04
 51.10  1.04
 51.80  1.04
 52.50  1.04
 53.20  1.04
 53.90  1.04
 54.60  1.04
 55.30  1.04
 56.00  1.04
 56.70  1.04
 57.40  1.04
 58.10  1.05
 58.80  1.05
 59.50  1.05
 60.20  1.05
 60.90  1.05
 61.60  1.05
 62.30  1.05
 63.00  1.05
 63.70  1.05
 64.40  1.05
 65.10  1.05
 65.80  1.05
 66.50  1.06
 67.20  1.06
 67.90  1.06
 68.60  1.06
 69.30  1.06
 70.00  1.06
 70.70  1.06
 71.40  1.06
 72.10  1.06
 72.80  1.06
 73.50  1.07
 74.20  1.07
 74.90  1.07
 75.60  1.07
 76.30  1.07
 77.00  1.07
 77.70  1.07
 78.40  1.07
 79.10  1.07
 79.80  1.07
 80.50  1.08
 81.20  1.08
 81.90  1.08
 82.60  1.08
 83.30  1.08
 84.00  1.08
 84.70  1.08
 85.40  1.08
 86.10  1.09
 86.80  1.09
 87.50  1.09
 88.20  1.09
 88.90  1.09
 89.60  1.09
 90.30  1.09
 91.00  1.09
 91.70  1.10
 92.40  1.10
 93.10  1.10
 93.80  1.10
 94.50  1.10
 95.20  1.10
 95.90  1.10
 96.60  1.10
 97.30  1.11
 98.00  1.11
 98.70  1.11
 99.40  1.11
 100.10  1.11
 100.80  1.11
 101.50  1.11
 102.20  1.12
 102.90  1.12
 103.60  1.12
 104.30  1.12
 105.00  1.12
 105.70  1.12
 106.40  1.12
 107.10  1.13
 107.80  1.13
 108.50  1.13
 109.20  1.13
 109.90  1.13
 110.60  1.13
 111.30  1.13
 112.00  1.14
 112.70  1.14
 113.40  1.14
 114.10  1.14
 114.80  1.14
 115.50  1.14
 116.20  1.15
 116.90  1.15
 117.60  1.15
 118.30  1.15
 119.00  1.15
 119.70  1.15
 120.40  1.16
 121.10  1.16
 121.80  1.16
 122.50  1.16
 123.20  1.16
 123.90  1.16
 124.60  1.17
 125.30  1.17
 126.00  1.17
 126.70  1.17
 127.40  1.17
 128.10  1.18
 128.80  1.18
 129.50  1.18
 130.20  1.18
 130.90  1.18
 131.60  1.18
 132.30  1.19
 133.00  1.19
 133.70  1.19
 134.40  1.19
 135.10  1.19
 135.80  1.20
 136.50  1.20
 137.20  1.20
 137.90  1.20
 138.60  1.20
 139.30  1.21
 140.00  1.21
 140.70  1.21
 141.40  1.21
 142.10  1.21
 142.80  1.21
 143.50  1.22
 144.20  1.22
 144.90  1.22
 145.60  1.22
 146.30  1.23
 147.00  1.23
 147.70  1.23
 148.40  1.23
 149.10  1.23
 149.80  1.24
 150.50  1.24
 151.20  1.24
 151.90  1.24
 152.60  1.24
 153.30  1.25
 154.00  1.25
 154.70  1.25
 155.40  1.25
 156.10  1.25
 156.80  1.26
 157.50  1.26
 158.20  1.26
 158.90  1.26
 159.60  1.26
 160.30  1.27
 161.00  1.27
 161.70  1.27
 162.40  1.27
 163.10  1.28
 163.80  1.28
 164.50  1.28
 165.20  1.28
 165.90  1.28
 166.60  1.29
 167.30  1.29
 168.00  1.29
 168.70  1.29
 169.40  1.30
 170.10  1.30
 170.80  1.30
 171.50  1.30
 172.20  1.30
 172.90  1.31
 173.60  1.31
 174.30  1.31
 175.00  1.31
 175.70  1.32
 176.40  1.32
 177.10  1.32
 177.80  1.32
 178.50  1.33
 179.20  1.33
 179.90  1.33
 180.60  1.33
 181.30  1.34
 182.00  1.34
 182.70  1.34
 183.40  1.34
 184.10  1.34
 184.80  1.35
 185.50  1.35
 186.20  1.35
 186.90  1.35
 187.60  1.36
 188.30  1.36
 189.00  1.36
 189.70  1.36
 190.40  1.37
 191.10  1.37
 191.80  1.37
 192.50  1.37
 193.20  1.38
 193.90  1.38
 194.60  1.38
 195.30  1.38
 196.00  1.39
 196.70  1.39
 197.40  1.39
 198.10  1.39
 198.80  1.40
 199.50  1.40
 200.20  1.40
 200.90  1.40
 201.60  1.41
 202.30  1.41
 203.00  1.41
 203.70  1.41
 204.40  1.42
 205.10  1.42
 205.80  1.42
 206.50  1.42
 207.20  1.43
 207.90  1.43
 208.60  1.43
 209.30  1.43
 210.00  1.44
 210.70  1.44
 211.40  1.44
 212.10  1.44
 212.80  1.45
 213.50  1.45
 214.20  1.45
 214.90  1.45
 215.60  1.46
 216.30  1.46
 217.00  1.46
 217.70  1.46
 218.40  1.47
 219.10  1.47
 219.80  1.47
 220.50  1.47
 221.20  1.48
 221.90  1.48
 222.60  1.48
 223.30  1.48
 224.00  1.49
 224.70  1.49
 225.40  1.49
 226.10  1.49
 226.80  1.50
 227.50  1.50
 228.20  1.50
 228.90  1.50
 229.60  1.51
 230.30  1.51
 231.00  1.51
 231.70  1.51
 232.40  1.52
 233.10  1.52
 233.80  1.52
 234.50  1.52
 235.20  1.53
 235.90  1.53
 236.60  1.53
 237.30  1.53
 238.00  1.54
 238.70  1.54
 239.40  1.54
 240.10  1.54
 240.80  1.55
 241.50  1.55
 242.20  1.55
 242.90  1.56
 243.60  1.56
 244.30  1.56
 245.00  1.56
 245.70  1.57
 246.40  1.57
 247.10  1.57
 247.80  1.57
 248.50  1.58
 249.20  1.58
 249.90  1.58
 250.60  1.58
 251.30  1.59
 252.00  1.59
 252.70  1.59
 253.40  1.59
 254.10  1.60
 254.80  1.60
 255.50  1.60
 256.20  1.60
 256.90  1.61
 257.60  1.61
 258.30  1.61
 259.00  1.62
 259.70  1.62
 260.40  1.62
 261.10  1.62
 261.80  1.63
 262.50  1.63
 263.20  1.63
 263.90  1.63
 264.60  1.64
 265.30  1.64
 266.00  1.64
 266.70  1.64
 267.40  1.65
 268.10  1.65
 268.80  1.65
 269.50  1.65
 270.20  1.66
 270.90  1.66
 271.60  1.66
 272.30  1.66
 273.00  1.67
 273.70  1.67
 274.40  1.67
 275.10  1.67
 275.80  1.68
 276.50  1.68
 277.20  1.68
 277.90  1.69
 278.60  1.69
 279.30  1.69
 280.00  1.69
 280.70  1.70
 281.40  1.70
 282.10  1.70
 282.80  1.70
 283.50  1.71
 284.20  1.71
 284.90  1.71
 285.60  1.71
 286.30  1.72
 287.00  1.72
 287.70  1.72
 288.40  1.72
 289.10  1.73
 289.80  1.73
 290.50  1.73
 291.20  1.73
 291.90  1.74
 292.60  1.74
 293.30  1.74
 294.00  1.74
 294.70  1.75
 295.40  1.75
 296.10  1.75
 296.80  1.75
 297.50  1.76
 298.20  1.76
 298.90  1.76
 299.60  1.76
 300.30  1.77
 301.00  1.77
 301.70  1.77
 302.40  1.77
 303.10  1.78
 303.80  1.78
 304.50  1.78
 305.20  1.79
 305.90  1.79
 306.60  1.79
 307.30  1.79
 308.00  1.80
 308.70  1.80
 309.40  1.80
 310.10  1.80
 310.80  1.81
 311.50  1.81
 312.20  1.81
 312.90  1.81
 313.60  1.82
 314.30  1.82
 315.00  1.82
 315.70  1.82
 316.40  1.83
 317.10  1.83
 317.80  1.83
 318.50  1.83
 319.20  1.84
 319.90  1.84
 320.60  1.84
 321.30  1.84
 322.00  1.85
 322.70  1.85
 323.40  1.85
 324.10  1.85
 324.80  1.86
 325.50  1.86
 326.20  1.86
 326.90  1.86
 327.60  1.87
 328.30  1.87
 329.00  1.87
 329.70  1.87
 330.40  1.88
 331.10  1.88
 331.80  1.88
 332.50  1.88
 333.20  1.88
 333.90  1.89
 334.60  1.89
 335.30  1.89
 336.00  1.89
 336.70  1.90
 337.40  1.90
 338.10  1.90
 338.80  1.90
 339.50  1.91
 340.20  1.91
 340.90  1.91
 341.60  1.91
 342.30  1.92
 343.00  1.92
 343.70  1.92
 344.40  1.92
 345.10  1.93
 345.80  1.93
 346.50  1.93
 347.20  1.93
 347.90  1.94
 348.60  1.94
 349.30  1.94
 350.00  1.94
 350.70  1.95
 351.40  1.95
 352.10  1.95
 352.80  1.95
 353.50  1.95
 354.20  1.96
 354.90  1.96
 355.60  1.96
 356.30  1.96
 357.00  1.97
 357.70  1.97
 358.40  1.97
 359.10  1.97
 359.80  1.98
 360.50  1.98
 361.20  1.98
 361.90  1.98
 362.60  1.99
 363.30  1.99
 364.00  1.99
 364.70  1.99
 365.40  1.99
 366.10  2.00
 366.80  2.00
 367.50  2.00
 368.20  2.00
 368.90  2.01
 369.60  2.01
 370.30  2.01
 371.00  2.01
 371.70  2.02
 372.40  2.02
 373.10  2.02
 373.80  2.02
 374.50  2.03
 375.20  2.03
 375.90  2.03
 376.60  2.03
 377.30  2.03
 378.00  2.04
 378.70  2.04
 379.40  2.04
 380.10  2.04
 380.80  2.05
 381.50  2.05
 382.20  2.05
 382.90  2.05
 383.60  2.06
 384.30  2.06
 385.00  2.06
 385.70  2.06
 386.40  2.06
 387.10  2.07
 387.80  2.07
 388.50  2.07
 389.20  2.07
 389.90  2.08
 390.60  2.08
 391.30  2.08
 392.00  2.08
 392.70  2.08
 393.40  2.09
 394.10  2.09
 394.80  2.09
 395.50  2.09
 396.20  2.10
 396.90  2.10
 397.60  2.10
 398.30  2.10
 399.00  2.10
 399.70  2.11
 400.40  2.11
 401.10  2.11
 401.80  2.11
 402.50  2.12
 403.20  2.12
 403.90  2.12
 404.60  2.12
 405.30  2.12
 406.00  2.13
 406.70  2.13
 407.40  2.13
 408.10  2.13
 408.80  2.14
 409.50  2.14
 410.20  2.14
 410.90  2.14
 411.60  2.14
 412.30  2.15
 413.00  2.15
 413.70  2.15
 414.40  2.15
 415.10  2.15
 415.80  2.16
 416.50  2.16
 417.20  2.16
 417.90  2.16
 418.60  2.17
 419.30  2.17
 420.00  2.17
 420.70  2.17
 421.40  2.17
 422.10  2.18
 422.80  2.18
 423.50  2.18
 424.20  2.18
 424.90  2.18
 425.60  2.19
 426.30  2.19
 427.00  2.19
 427.70  2.19
 428.40  2.19
 429.10  2.20
 429.80  2.20
 430.50  2.20
 431.20  2.20
 431.90  2.20
 432.60  2.21
 433.30  2.21
 434.00  2.21
 434.70  2.21
 435.40  2.21
 436.10  2.22
 436.80  2.22
 437.50  2.22
 438.20  2.22
 438.90  2.22
 439.60  2.23
 440.30  2.23
 441.00  2.23
 441.70  2.23
 442.40  2.23
 443.10  2.24
 443.80  2.24
 444.50  2.24
 445.20  2.24
 445.90  2.24
 446.60  2.25
 447.30  2.25
 448.00  2.25
 448.70  2.25
 449.40  2.25
 450.10  2.26
 450.80  2.26
 451.50  2.26
 452.20  2.26
 452.90  2.26
 453.60  2.27
 454.30  2.27
 455.00  2.27
 455.70  2.27
 456.40  2.27
 457.10  2.28
 457.80  2.28
 458.50  2.28
 459.20  2.28
 459.90  2.28
 460.60  2.29
 461.30  2.29
 462.00  2.29
 462.70  2.29
 463.40  2.29
 464.10  2.30
 464.80  2.30
 465.50  2.30
 466.20  2.30
 466.90  2.30
 467.60  2.30
 468.30  2.31
 469.00  2.31
 469.70  2.31
 470.40  2.31
 471.10  2.31
 471.80  2.32
 472.50  2.32
 473.20  2.32
 473.90  2.32
 474.60  2.32
 475.30  2.32
 476.00  2.33
 476.70  2.33
 477.40  2.33
 478.10  2.33
 478.80  2.33
 479.50  2.34
 480.20  2.34
 480.90  2.34
 481.60  2.34
 482.30  2.34
 483.00  2.34
 483.70  2.35
 484.40  2.35
 485.10  2.35
 485.80  2.35
 486.50  2.35
 487.20  2.36
 487.90  2.36
 488.60  2.36
 489.30  2.36
 490.00  2.36
 490.70  2.36
 491.40  2.37
 492.10  2.37
 492.80  2.37
 493.50  2.37
 494.20  2.37
 494.90  2.37
 495.60  2.38
 496.30  2.38
 497.00  2.38
 497.70  2.38
 498.40  2.38
 499.10  2.39
 499.80  2.39
 500.50  2.39
 501.20  2.39
 501.90  2.39
 502.60  2.39
 503.30  2.40
 504.00  2.40
 504.70  2.40
 505.40  2.40
 506.10  2.40
 506.80  2.40
 507.50  2.41
 508.20  2.41
 508.90  2.41
 509.60  2.41
 510.30  2.41
 511.00  2.41
 511.70  2.42
 512.40  2.42
 513.10  2.42
 513.80  2.42
 514.50  2.42
 515.20  2.42
 515.90  2.43
 516.60  2.43
 517.30  2.43
 518.00  2.43
 518.70  2.43
 519.40  2.43
 520.10  2.43
 520.80  2.44
 521.50  2.44
 522.20  2.44
 522.90  2.44
 523.60  2.44
 524.30  2.44
 525.00  2.45
 525.70  2.45
 526.40  2.45
 527.10  2.45
 527.80  2.45
 528.50  2.45
 529.20  2.46
 529.90  2.46
 530.60  2.46
 531.30  2.46
 532.00  2.46
 532.70  2.46
 533.40  2.46
 534.10  2.47
 534.80  2.47
 535.50  2.47
 536.20  2.47
 536.90  2.47
 537.60  2.47
 538.30  2.48
 539.00  2.48
 539.70  2.48
 540.40  2.48
 541.10  2.48
 541.80  2.48
 542.50  2.48
 543.20  2.49
 543.90  2.49
 544.60  2.49
 545.30  2.49
 546.00  2.49
 546.70  2.49
 547.40  2.50
 548.10  2.50
 548.80  2.50
 549.50  2.50
 550.20  2.50
 550.90  2.50
 551.60  2.50
 552.30  2.51
 553.00  2.51
 553.70  2.51
 554.40  2.51
 555.10  2.51
 555.80  2.51
 556.50  2.51
 557.20  2.52
 557.90  2.52
 558.60  2.52
 559.30  2.52
 560.00  2.52
 560.70  2.52
 561.40  2.52
 562.10  2.53
 562.80  2.53
 563.50  2.53
 564.20  2.53
 564.90  2.53
 565.60  2.53
 566.30  2.53
 567.00  2.54
 567.70  2.54
 568.40  2.54
 569.10  2.54
 569.80  2.54
 570.50  2.54
 571.20  2.54
 571.90  2.55
 572.60  2.55
 573.30  2.55
 574.00  2.55
 574.70  2.55
 575.40  2.55
 576.10  2.55
 576.80  2.55
 577.50  2.56
 578.20  2.56
 578.90  2.56
 579.60  2.56
 580.30  2.56
 581.00  2.56
 581.70  2.56
 582.40  2.57
 583.10  2.57
 583.80  2.57
 584.50  2.57
 585.20  2.57
 585.90  2.57
 586.60  2.57
 587.30  2.57
 588.00  2.58
 588.70  2.58
 589.40  2.58
 590.10  2.58
 590.80  2.58
 591.50  2.58
 592.20  2.58
 592.90  2.59
 593.60  2.59
 594.30  2.59
 595.00  2.59
 595.70  2.59
 596.40  2.59
 597.10  2.59
 597.80  2.59
 598.50  2.60
 599.20  2.60
 599.90  2.60
 600.60  2.60
 601.30  2.60
 602.00  2.60
 602.70  2.60
 603.40  2.60
 604.10  2.61
 604.80  2.61
 605.50  2.61
 606.20  2.61
 606.90  2.61
 607.60  2.61
 608.30  2.61
 609.00  2.61
 609.70  2.62
 610.40  2.62
 611.10  2.62
 611.80  2.62
 612.50  2.62
 613.20  2.62
 613.90  2.62
 614.60  2.62
 615.30  2.63
 616.00  2.63
 616.70  2.63
 617.40  2.63
 618.10  2.63
 618.80  2.63
 619.50  2.63
 620.20  2.63
 620.90  2.63
 621.60  2.64
 622.30  2.64
 623.00  2.64
 623.70  2.64
 624.40  2.64
 625.10  2.64
 625.80  2.64
 626.50  2.64
 627.20  2.65
 627.90  2.65
 628.60  2.65
 629.30  2.65
 630.00  2.65
 630.70  2.65
 631.40  2.65
 632.10  2.65
 632.80  2.65
 633.50  2.66
 634.20  2.66
 634.90  2.66
 635.60  2.66
 636.30  2.66
 637.00  2.66
 637.70  2.66
 638.40  2.66
 639.10  2.66
 639.80  2.67
 640.50  2.67
 641.20  2.67
 641.90  2.67
 642.60  2.67
 643.30  2.67
 644.00  2.67
 644.70  2.67
 645.40  2.67
 646.10  2.68
 646.80  2.68
 647.50  2.68
 648.20  2.68
 648.90  2.68
 649.60  2.68
 650.30  2.68
 651.00  2.68
 651.70  2.68
 652.40  2.69
 653.10  2.69
 653.80  2.69
 654.50  2.69
 655.20  2.69
 655.90  2.69
 656.60  2.69
 657.30  2.69
 658.00  2.69
 658.70  2.69
 659.40  2.70
 660.10  2.70
 660.80  2.70
 661.50  2.70
 662.20  2.70
 662.90  2.70
 663.60  2.70
 664.30  2.70
 665.00  2.70
 665.70  2.70
 666.40  2.71
 667.10  2.71
 667.80  2.71
 668.50  2.71
 669.20  2.71
 669.90  2.71
 670.60  2.71
 671.30  2.71
 672.00  2.71
 672.70  2.71
 673.40  2.72
 674.10  2.72
 674.80  2.72
 675.50  2.72
 676.20  2.72
 676.90  2.72
 677.60  2.72
 678.30  2.72
 679.00  2.72
 679.70  2.72
 680.40  2.73
 681.10  2.73
 681.80  2.73
 682.50  2.73
 683.20  2.73
 683.90  2.73
 684.60  2.73
 685.30  2.73
 686.00  2.73
 686.70  2.73
 687.40  2.74
 688.10  2.74
 688.80  2.74
 689.50  2.74
 690.20  2.74
 690.90  2.74
 691.60  2.74
 692.30  2.74
 693.00  2.74
 693.70  2.74
 694.40  2.74
 695.10  2.75
 695.80  2.75
 696.50  2.75
 697.20  2.75
 697.90  2.75
 698.60  2.75
 699.30  2.75
 700.00  2.75
 700.70  2.75
 701.40  2.75
 702.10  2.75
 702.80  2.76
 703.50  2.76
 704.20  2.76
 704.90  2.76
 705.60  2.76
 706.30  2.76
 707.00  2.76
 707.70  2.76
 708.40  2.76
 709.10  2.76
 709.80  2.76
 710.50  2.77
 711.20  2.77
 711.90  2.77
 712.60  2.77
 713.30  2.77
 714.00  2.77
 714.70  2.77
 715.40  2.77
 716.10  2.77
 716.80  2.77
 717.50  2.77
 718.20  2.77
 718.90  2.78
 719.60  2.78
 720.30  2.78
 721.00  2.78
 721.70  2.78
 722.40  2.78
 723.10  2.78
 723.80  2.78
 724.50  2.78
 725.20  2.78
 725.90  2.78
 726.60  2.78
 727.30  2.79
 728.00  2.79
 728.70  2.79
 729.40  2.79
 730.10  2.79
 730.80  2.79
 731.50  2.79
 732.20  2.79
 732.90  2.79
 733.60  2.79
 734.30  2.79
 735.00  2.79
 735.70  2.80
 736.40  2.80
 737.10  2.80
 737.80  2.80
 738.50  2.80
 739.20  2.80
 739.90  2.80
 740.60  2.80
 741.30  2.80
 742.00  2.80
 742.70  2.80
 743.40  2.80
 744.10  2.80
 744.80  2.81
 745.50  2.81
 746.20  2.81
 746.90  2.81
 747.60  2.81
 748.30  2.81
 749.00  2.81
 749.70  2.81
 750.40  2.81
 751.10  2.81
 751.80  2.81
 752.50  2.81
 753.20  2.81
 753.90  2.82
 754.60  2.82
 755.30  2.82
 756.00  2.82
 756.70  2.82
 757.40  2.82
 758.10  2.82
 758.80  2.82
 759.50  2.82
 760.20  2.82
 760.90  2.82
 761.60  2.82
 762.30  2.82
 763.00  2.82
 763.70  2.83
 764.40  2.83
 765.10  2.83
 765.80  2.83
 766.50  2.83
 767.20  2.83
 767.90  2.83
 768.60  2.83
 769.30  2.83
 770.00  2.83
 770.70  2.83
 771.40  2.83
 772.10  2.83
 772.80  2.83
 773.50  2.84
 774.20  2.84
 774.90  2.84
 775.60  2.84
 776.30  2.84
 777.00  2.84
 777.70  2.84
 778.40  2.84
 779.10  2.84
 779.80  2.84
 780.50  2.84
 781.20  2.84
 781.90  2.84
 782.60  2.84
 783.30  2.85
 784.00  2.85
 784.70  2.85
 785.40  2.85
 786.10  2.85
 786.80  2.85
 787.50  2.85
 788.20  2.85
 788.90  2.85
 789.60  2.85
 790.30  2.85
 791.00  2.85
 791.70  2.85
 792.40  2.85
 793.10  2.85
 793.80  2.86
 794.50  2.86
 795.20  2.86
 795.90  2.86
 796.60  2.86
 797.30  2.86
 798.00  2.86
 798.70  2.86
 799.40  2.86
 800.10  2.86
 800.80  2.86
 801.50  2.86
 802.20  2.86
 802.90  2.86
 803.60  2.86
 804.30  2.86
 805.00  2.87
 805.70  2.87
 806.40  2.87
 807.10  2.87
 807.80  2.87
 808.50  2.87
 809.20  2.87
 809.90  2.87
 810.60  2.87
 811.30  2.87
 812.00  2.87
 812.70  2.87
 813.40  2.87
 814.10  2.87
 814.80  2.87
 815.50  2.87
 816.20  2.87
 816.90  2.88
 817.60  2.88
 818.30  2.88
 819.00  2.88
 819.70  2.88
 820.40  2.88
 821.10  2.88
 821.80  2.88
 822.50  2.88
 823.20  2.88
 823.90  2.88
 824.60  2.88
 825.30  2.88
 826.00  2.88
 826.70  2.88
 827.40  2.88
 828.10  2.88
 828.80  2.89
 829.50  2.89
 830.20  2.89
 830.90  2.89
 831.60  2.89
 832.30  2.89
 833.00  2.89
 833.70  2.89
 834.40  2.89
 835.10  2.89
 835.80  2.89
 836.50  2.89
 837.20  2.89
 837.90  2.89
 838.60  2.89
 839.30  2.89
 840.00  2.89
 840.70  2.90
 841.40  2.90
 842.10  2.90
 842.80  2.90
 843.50  2.90
 844.20  2.90
 844.90  2.90
 845.60  2.90
 846.30  2.90
 847.00  2.90
 847.70  2.90
 848.40  2.90
 849.10  2.90
 849.80  2.90
 850.50  2.90
 851.20  2.90
 851.90  2.90
 852.60  2.90
 853.30  2.90
 854.00  2.91
 854.70  2.91
 855.40  2.91
 856.10  2.91
 856.80  2.91
 857.50  2.91
 858.20  2.91
 858.90  2.91
 859.60  2.91
 860.30  2.91
 861.00  2.91
 861.70  2.91
 862.40  2.91
 863.10  2.91
 863.80  2.91
 864.50  2.91
 865.20  2.91
 865.90  2.91
 866.60  2.91
 867.30  2.91
 868.00  2.92
 868.70  2.92
 869.40  2.92
 870.10  2.92
 870.80  2.92
 871.50  2.92
 872.20  2.92
 872.90  2.92
 873.60  2.92
 874.30  2.92
 875.00  2.92
 875.70  2.92
 876.40  2.92
 877.10  2.92
 877.80  2.92
 878.50  2.92
 879.20  2.92
 879.90  2.92
 880.60  2.92
 881.30  2.92
 882.00  2.93
 882.70  2.93
 883.40  2.93
 884.10  2.93
 884.80  2.93
 885.50  2.93
 886.20  2.93
 886.90  2.93
 887.60  2.93
 888.30  2.93
 889.00  2.93
 889.70  2.93
 890.40  2.93
 891.10  2.93
 891.80  2.93
 892.50  2.93
 893.20  2.93
 893.90  2.93
 894.60  2.93
 895.30  2.93
 896.00  2.93
 896.70  2.93
 897.40  2.94
 898.10  2.94
 898.80  2.94
 899.50  2.94
 900.20  2.94
 900.90  2.94
 901.60  2.94
 902.30  2.94
 903.00  2.94
 903.70  2.94
 904.40  2.94
 905.10  2.94
 905.80  2.94
 906.50  2.94
 907.20  2.94
 907.90  2.94
 908.60  2.94
 909.30  2.94
 910.00  2.94
 910.70  2.94
 911.40  2.94
 912.10  2.94
 912.80  2.94
 913.50  2.95
 914.20  2.95
 914.90  2.95
 915.60  2.95
 916.30  2.95
 917.00  2.95
 917.70  2.95
 918.40  2.95
 919.10  2.95
 919.80  2.95
 920.50  2.95
 921.20  2.95
 921.90  2.95
 922.60  2.95
 923.30  2.95
 924.00  2.95
 924.70  2.95
 925.40  2.95
 926.10  2.95
 926.80  2.95
 927.50  2.95
 928.20  2.95
 928.90  2.95
 929.60  2.95
 930.30  2.95
 931.00  2.96
 931.70  2.96
 932.40  2.96
 933.10  2.96
 933.80  2.96
 934.50  2.96
 935.20  2.96
 935.90  2.96
 936.60  2.96
 937.30  2.96
 938.00  2.96
 938.70  2.96
 939.40  2.96
 940.10  2.96
 940.80  2.96
 941.50  2.96
 942.20  2.96
 942.90  2.96
 943.60  2.96
 944.30  2.96
 945.00  2.96
 945.70  2.96
 946.40  2.96
 947.10  2.96
 947.80  2.96
 948.50  2.96
 949.20  2.97
 949.90  2.97
 950.60  2.97
 951.30  2.97
 952.00  2.97
 952.70  2.97
 953.40  2.97
 954.10  2.97
 954.80  2.97
 955.50  2.97
 956.20  2.97
 956.90  2.97
 957.60  2.97
 958.30  2.97
 959.00  2.97
 959.70  2.97
 960.40  2.97
 961.10  2.97
 961.80  2.97
 962.50  2.97
 963.20  2.97
 963.90  2.97
 964.60  2.97
 965.30  2.97
 966.00  2.97
 966.70  2.97
 967.40  2.97
 968.10  2.97
 968.80  2.97
 969.50  2.98
 970.20  2.98
 970.90  2.98
 971.60  2.98
 972.30  2.98
 973.00  2.98
 973.70  2.98
 974.40  2.98
 975.10  2.98
 975.80  2.98
 976.50  2.98
 977.20  2.98
 977.90  2.98
 978.60  2.98
 979.30  2.98
 980.00  2.98
 980.70  2.98
 981.40  2.98
 982.10  2.98
 982.80  2.98
 983.50  2.98
 984.20  2.98
 984.90  2.98
 985.60  2.98
 986.30  2.98
 987.00  2.98
 987.70  2.98
 988.40  2.98
 989.10  2.98
 989.80  2.98
 990.50  2.99
 991.20  2.99
 991.90  2.99
 992.60  2.99
 993.30  2.99
 994.00  2.99
 994.70  2.99
 995.40  2.99
 996.10  2.99
 996.80  2.99
 997.50  2.99
 998.20  2.99
 998.90  2.99
 999.60  2.99
 1000.30  2.99
 1001.00  2.99
 1001.70  2.99
 1002.40  2.99
 1003.10  2.99
 1003.80  2.99
 1004.50  2.99
 1005.20  2.99
 1005.90  2.99
 1006.60  2.99
 1007.30  2.99
 1008.00  2.99
 1008.70  2.99
 1009.40  2.99
 1010.10  2.99
 1010.80  2.99
 1011.50  2.99
 1012.20  2.99
 1012.90  2.99
 1013.60  3.00
 1014.30  3.00
 1015.00  3.00
 1015.70  3.00
 1016.40  3.00
 1017.10  3.00
 1017.80  3.00
 1018.50  3.00
 1019.20  3.00
 1019.90  3.00
 1020.60  3.00
 1021.30  3.00
 1022.00  3.00
 1022.70  3.00
 1023.40  3.00
 1024.10  3.00
 1024.80  3.00
 1025.50  3.00
 1026.20  3.00
 1026.90  3.00
 1027.60  3.00
 1028.30  3.00
 1029.00  3.00
 1029.70  3.00
 1030.40  3.00
 1031.10  3.00
 1031.80  3.00
 1032.50  3.00
 1033.20  3.00
 1033.90  3.00
 1034.60  3.00
 1035.30  3.00
 1036.00  3.00
 1036.70  3.00
 1037.40  3.00
 1038.10  3.00
 1038.80  3.00
 1039.50  3.01
 1040.20  3.01
 1040.90  3.01
 1041.60  3.01
 1042.30  3.01
 1043.00  3.01
 1043.70  3.01
 1044.40  3.01
 1045.10  3.01
 1045.80  3.01
 1046.50  3.01
 1047.20  3.01
 1047.90  3.01
 1048.60  3.01
 1049.30  3.01
 1050.00  3.01
 1050.70  3.01
 1051.40  3.01
 1052.10  3.01
 1052.80  3.01
 1053.50  3.01
 1054.20  3.01
 1054.90  3.01
 1055.60  3.01
 1056.30  3.01
 1057.00  3.01
 1057.70  3.01
 1058.40  3.01
 1059.10  3.01
 1059.80  3.01
 1060.50  3.01
 1061.20  3.01
 1061.90  3.01
 1062.60  3.01
 1063.30  3.01
 1064.00  3.01
 1064.70  3.01
 1065.40  3.01
 1066.10  3.01
 1066.80  3.01
 1067.50  3.02
 1068.20  3.02
 1068.90  3.02
 1069.60  3.02
 1070.30  3.02
 1071.00  3.02
 1071.70  3.02
 1072.40  3.02
 1073.10  3.02
 1073.80  3.02
 1074.50  3.02
 1075.20  3.02
 1075.90  3.02
 1076.60  3.02
 1077.30  3.02
 1078.00  3.02
 1078.70  3.02
 1079.40  3.02
 1080.10  3.02
 1080.80  3.02
 1081.50  3.02
 1082.20  3.02
 1082.90  3.02
 1083.60  3.02
 1084.30  3.02
 1085.00  3.02
 1085.70  3.02
 1086.40  3.02
 1087.10  3.02
 1087.80  3.02
 1088.50  3.02
 1089.20  3.02
 1089.90  3.02
 1090.60  3.02
 1091.30  3.02
 1092.00  3.02
 1092.70  3.02
 1093.40  3.02
 1094.10  3.02
 1094.80  3.02
 1095.50  3.02
 1096.20  3.02
 1096.90  3.02
 1097.60  3.02
 1098.30  3.02
 1099.00  3.03
 1099.70  3.03
 1100.40  3.03
 1101.10  3.03
 1101.80  3.03
 1102.50  3.03
 1103.20  3.03
 1103.90  3.03
 1104.60  3.03
 1105.30  3.03
 1106.00  3.03
 1106.70  3.03
 1107.40  3.03
 1108.10  3.03
 1108.80  3.03
 1109.50  3.03
 1110.20  3.03
 1110.90  3.03
 1111.60  3.03
 1112.30  3.03
 1113.00  3.03
 1113.70  3.03
 1114.40  3.03
 1115.10  3.03
 1115.80  3.03
 1116.50  3.03
 1117.20  3.03
 1117.90  3.03
 1118.60  3.03
 1119.30  3.03
 1120.00  3.03
 1120.70  3.03
 1121.40  3.03
 1122.10  3.03
 1122.80  3.03
 1123.50  3.03
 1124.20  3.03
 1124.90  3.03
 1125.60  3.03
 1126.30  3.03
 1127.00  3.03
 1127.70  3.03
 1128.40  3.03
 1129.10  3.03
 1129.80  3.03
 1130.50  3.03
 1131.20  3.03
 1131.90  3.03
 1132.60  3.03
 1133.30  3.03
 1134.00  3.03
 1134.70  3.03
 1135.40  3.04
 1136.10  3.04
 1136.80  3.04
 1137.50  3.04
 1138.20  3.04
 1138.90  3.04
 1139.60  3.04
 1140.30  3.04
 1141.00  3.04
 1141.70  3.04
 1142.40  3.04
 1143.10  3.04
 1143.80  3.04
 1144.50  3.04
 1145.20  3.04
 1145.90  3.04
 1146.60  3.04
 1147.30  3.04
 1148.00  3.04
 1148.70  3.04
 1149.40  3.04
 1150.10  3.04
 1150.80  3.04
 1151.50  3.04
 1152.20  3.04
 1152.90  3.04
 1153.60  3.04
 1154.30  3.04
 1155.00  3.04
 1155.70  3.04
 1156.40  3.04
 1157.10  3.04
 1157.80  3.04
 1158.50  3.04
 1159.20  3.04
 1159.90  3.04
 1160.60  3.04
 1161.30  3.04
 1162.00  3.04
 1162.70  3.04
 1163.40  3.04
 1164.10  3.04
 1164.80  3.04
 1165.50  3.04
 1166.20  3.04
 1166.90  3.04
 1167.60  3.04
 1168.30  3.04
 1169.00  3.04
 1169.70  3.04
 1170.40  3.04
 1171.10  3.04
 1171.80  3.04
 1172.50  3.04
 1173.20  3.04
 1173.90  3.04
 1174.60  3.04
 1175.30  3.04
 1176.00  3.04
 1176.70  3.04
 1177.40  3.05
 1178.10  3.05
 1178.80  3.05
 1179.50  3.05
 1180.20  3.05
 1180.90  3.05
 1181.60  3.05
 1182.30  3.05
 1183.00  3.05
 1183.70  3.05
 1184.40  3.05
 1185.10  3.05
 1185.80  3.05
 1186.50  3.05
 1187.20  3.05
 1187.90  3.05
 1188.60  3.05
 1189.30  3.05
 1190.00  3.05
 1190.70  3.05
 1191.40  3.05
 1192.10  3.05
 1192.80  3.05
 1193.50  3.05
 1194.20  3.05
 1194.90  3.05
 1195.60  3.05
 1196.30  3.05
 1197.00  3.05
 1197.70  3.05
 1198.40  3.05
 1199.10  3.05
 1199.80  3.05
 1200.50  3.05
 1201.20  3.05
 1201.90  3.05
 1202.60  3.05
 1203.30  3.05
 1204.00  3.05
 1204.70  3.05
 1205.40  3.05
 1206.10  3.05
 1206.80  3.05
 1207.50  3.05
 1208.20  3.05
 1208.90  3.05
 1209.60  3.05
 1210.30  3.05
 1211.00  3.05
 1211.70  3.05
 1212.40  3.05
 1213.10  3.05
 1213.80  3.05
 1214.50  3.05
 1215.20  3.05
 1215.90  3.05
 1216.60  3.05
 1217.30  3.05
 1218.00  3.05
 1218.70  3.05
 1219.40  3.05
 1220.10  3.05
 1220.80  3.05
 1221.50  3.05
 1222.20  3.05
 1222.90  3.05
 1223.60  3.05
 1224.30  3.05
 1225.00  3.05
 1225.70  3.05
 1226.40  3.05
 1227.10  3.06
 1227.80  3.06
 1228.50  3.06
 1229.20  3.06
 1229.90  3.06
 1230.60  3.06
 1231.30  3.06
 1232.00  3.06
 1232.70  3.06
 1233.40  3.06
 1234.10  3.06
 1234.80  3.06
 1235.50  3.06
 1236.20  3.06
 1236.90  3.06
 1237.60  3.06
 1238.30  3.06
 1239.00  3.06
 1239.70  3.06
 1240.40  3.06
 1241.10  3.06
 1241.80  3.06
 1242.50  3.06
 1243.20  3.06
 1243.90  3.06
 1244.60  3.06
 1245.30  3.06
 1246.00  3.06
 1246.70  3.06
 1247.40  3.06
 1248.10  3.06
 1248.80  3.06
 1249.50  3.06
 1250.20  3.06
 1250.90  3.06
 1251.60  3.06
 1252.30  3.06
 1253.00  3.06
 1253.70  3.06
 1254.40  3.06
 1255.10  3.06
 1255.80  3.06
 1256.50  3.06
 1257.20  3.06
 1257.90  3.06
 1258.60  3.06
 1259.30  3.06
 1260.00  3.06
 1260.70  3.06
 1261.40  3.06
 1262.10  3.06
 1262.80  3.06
 1263.50  3.06
 1264.20  3.06
 1264.90  3.06
 1265.60  3.06
 1266.30  3.06
 1267.00  3.06
 1267.70  3.06
 1268.40  3.06
 1269.10  3.06
 1269.80  3.06
 1270.50  3.06
 1271.20  3.06
 1271.90  3.06
 1272.60  3.06
 1273.30  3.06
 1274.00  3.06
 1274.70  3.06
 1275.40  3.06
 1276.10  3.06
 1276.80  3.06
 1277.50  3.06
 1278.20  3.06
 1278.90  3.06
 1279.60  3.06
 1280.30  3.06
 1281.00  3.06
 1281.70  3.06
 1282.40  3.06
 1283.10  3.06
 1283.80  3.06
 1284.50  3.06
 1285.20  3.06
 1285.90  3.06
 1286.60  3.06
 1287.30  3.06
 1288.00  3.06
 1288.70  3.07
 1289.40  3.07
 1290.10  3.07
 1290.80  3.07
 1291.50  3.07
 1292.20  3.07
 1292.90  3.07
 1293.60  3.07
 1294.30  3.07
 1295.00  3.07
 1295.70  3.07
 1296.40  3.07
 1297.10  3.07
 1297.80  3.07
 1298.50  3.07
 1299.20  3.07
 1299.90  3.07
 1300.60  3.07
 1301.30  3.07
 1302.00  3.07
 1302.70  3.07
 1303.40  3.07
 1304.10  3.07
 1304.80  3.07
 1305.50  3.07
 1306.20  3.07
 1306.90  3.07
 1307.60  3.07
 1308.30  3.07
 1309.00  3.07
 1309.70  3.07
 1310.40  3.07
 1311.10  3.07
 1311.80  3.07
 1312.50  3.07
 1313.20  3.07
 1313.90  3.07
 1314.60  3.07
 1315.30  3.07
 1316.00  3.07
 1316.70  3.07
 1317.40  3.07
 1318.10  3.07
 1318.80  3.07
 1319.50  3.07
 1320.20  3.07
 1320.90  3.07
 1321.60  3.07
 1322.30  3.07
 1323.00  3.07
 1323.70  3.07
 1324.40  3.07
 1325.10  3.07
 1325.80  3.07
 1326.50  3.07
 1327.20  3.07
 1327.90  3.07
 1328.60  3.07
 1329.30  3.07
 1330.00  3.07
 1330.70  3.07
 1331.40  3.07
 1332.10  3.07
 1332.80  3.07
 1333.50  3.07
 1334.20  3.07
 1334.90  3.07
 1335.60  3.07
 1336.30  3.07
 1337.00  3.07
 1337.70  3.07
 1338.40  3.07
 1339.10  3.07
 1339.80  3.07
 1340.50  3.07
 1341.20  3.07
 1341.90  3.07
 1342.60  3.07
 1343.30  3.07
 1344.00  3.07
 1344.70  3.07
 1345.40  3.07
 1346.10  3.07
 1346.80  3.07
 1347.50  3.07
 1348.20  3.07
 1348.90  3.07
 1349.60  3.07
 1350.30  3.07
 1351.00  3.07
 1351.70  3.07
 1352.40  3.07
 1353.10  3.07
 1353.80  3.07
 1354.50  3.07
 1355.20  3.07
 1355.90  3.07
 1356.60  3.07
 1357.30  3.07
 1358.00  3.07
 1358.70  3.07
 1359.40  3.07
 1360.10  3.07
 1360.80  3.07
 1361.50  3.07
 1362.20  3.07
 1362.90  3.07
 1363.60  3.07
 1364.30  3.07
 1365.00  3.07
 1365.70  3.07
 1366.40  3.07
 1367.10  3.07
 1367.80  3.07
 1368.50  3.07
 1369.20  3.07
 1369.90  3.07
 1370.60  3.07
 1371.30  3.08
 1372.00  3.08
 1372.70  3.08
 1373.40  3.08
 1374.10  3.08
 1374.80  3.08
 1375.50  3.08
 1376.20  3.08
 1376.90  3.08
 1377.60  3.08
 1378.30  3.08
 1379.00  3.08
 1379.70  3.08
 1380.40  3.08
 1381.10  3.08
 1381.80  3.08
 1382.50  3.08
 1383.20  3.08
 1383.90  3.08
 1384.60  3.08
 1385.30  3.08
 1386.00  3.08
 1386.70  3.08
 1387.40  3.08
 1388.10  3.08
 1388.80  3.08
 1389.50  3.08
 1390.20  3.08
 1390.90  3.08
 1391.60  3.08
 1392.30  3.08
 1393.00  3.08
 1393.70  3.08
 1394.40  3.08
 1395.10  3.08
 1395.80  3.08
 1396.50  3.08
 1397.20  3.08
 1397.90  3.08
 1398.60  3.08
 1399.30  3.08
 1400.00  3.08
 1400.70  3.08
 1401.40  3.08
 1402.10  3.08
 1402.80  3.08
 1403.50  3.08
 1404.20  3.08
 1404.90  3.08
 1405.60  3.08
 1406.30  3.08
 1407.00  3.08
 1407.70  3.08
 1408.40  3.08
 1409.10  3.08
 1409.80  3.08
 1410.50  3.08
 1411.20  3.08
 1411.90  3.08
 1412.60  3.08
 1413.30  3.08
 1414.00  3.08
 1414.70  3.08
 1415.40  3.08
 1416.10  3.08
 1416.80  3.08
 1417.50  3.08
 1418.20  3.08
 1418.90  3.08
 1419.60  3.08
 1420.30  3.08
 1421.00  3.08
 1421.70  3.08
 1422.40  3.08
 1423.10  3.08
 1423.80  3.08
 1424.50  3.08
 1425.20  3.08
 1425.90  3.08
 1426.60  3.08
 1427.30  3.08
 1428.00  3.08
 1428.70  3.08
 1429.40  3.08
 1430.10  3.08
 1430.80  3.08
 1431.50  3.08
 1432.20  3.08
 1432.90  3.08
 1433.60  3.08
 1434.30  3.08
 1435.00  3.08
 1435.70  3.08
 1436.40  3.08
 1437.10  3.08
 1437.80  3.08
 1438.50  3.08
 1439.20  3.08
 1439.90  3.08
 1440.60  3.08
 1441.30  3.08
 1442.00  3.08
 1442.70  3.08
 1443.40  3.08
 1444.10  3.08
 1444.80  3.08
 1445.50  3.08
 1446.20  3.08
 1446.90  3.08
 1447.60  3.08
 1448.30  3.08
 1449.00  3.08
 1449.70  3.08
 1450.40  3.08
 1451.10  3.08
 1451.80  3.08
 1452.50  3.08
 1453.20  3.08
 1453.90  3.08
 1454.60  3.08
 1455.30  3.08
 1456.00  3.08
 1456.70  3.08
 1457.40  3.08
 1458.10  3.08
 1458.80  3.08
 1459.50  3.08
 1460.20  3.08
 1460.90  3.08
 1461.60  3.08
 1462.30  3.08
 1463.00  3.08
 1463.70  3.08
 1464.40  3.08
 1465.10  3.08
 1465.80  3.08
 1466.50  3.08
 1467.20  3.08
 1467.90  3.08
 1468.60  3.08
 1469.30  3.08
 1470.00  3.08
 1470.70  3.08
 1471.40  3.08
 1472.10  3.08
 1472.80  3.08
 1473.50  3.08
 1474.20  3.08
 1474.90  3.08
 1475.60  3.08
 1476.30  3.08
 1477.00  3.08
 1477.70  3.08
 1478.40  3.08
 1479.10  3.08
 1479.80  3.08
 1480.50  3.08
 1481.20  3.08
 1481.90  3.08
 1482.60  3.08
 1483.30  3.08
 1484.00  3.08
 1484.70  3.08
 1485.40  3.08
 1486.10  3.08
 1486.80  3.08
 1487.50  3.08
 1488.20  3.08
 1488.90  3.08
 1489.60  3.08
 1490.30  3.08
 1491.00  3.08
 1491.70  3.08
 1492.40  3.09
 1493.10  3.09
 1493.80  3.09
 1494.50  3.09
 1495.20  3.09
 1495.90  3.09
 1496.60  3.09
 1497.30  3.09
 1498.00  3.09
 1498.70  3.09
 1499.40  3.09
 1500.10  3.09
 1500.80  3.09
 1501.50  3.09
 1502.20  3.09
 1502.90  3.09
 1503.60  3.09
 1504.30  3.09
 1505.00  3.09
 1505.70  3.09
 1506.40  3.09
 1507.10  3.09
 1507.80  3.09
 1508.50  3.09
 1509.20  3.09
 1509.90  3.09
 1510.60  3.09
 1511.30  3.09
 1512.00  3.09
 1512.70  3.09
 1513.40  3.09
 1514.10  3.09
 1514.80  3.09
 1515.50  3.09
 1516.20  3.09
 1516.90  3.09
 1517.60  3.09
 1518.30  3.09
 1519.00  3.09
 1519.70  3.09
 1520.40  3.09
 1521.10  3.09
 1521.80  3.09
 1522.50  3.09
 1523.20  3.09
 1523.90  3.09
 1524.60  3.09
 1525.30  3.09
 1526.00  3.09
 1526.70  3.09
 1527.40  3.09
 1528.10  3.09
 1528.80  3.09
 1529.50  3.09
 1530.20  3.09
 1530.90  3.09
 1531.60  3.09
 1532.30  3.09
 1533.00  3.09
 1533.70  3.09
 1534.40  3.09
 1535.10  3.09
 1535.80  3.09
 1536.50  3.09
 1537.20  3.09
 1537.90  3.09
 1538.60  3.09
 1539.30  3.09
 1540.00  3.09
 1540.70  3.09
 1541.40  3.09
 1542.10  3.09
 1542.80  3.09
 1543.50  3.09
 1544.20  3.09
 1544.90  3.09
 1545.60  3.09
 1546.30  3.09
 1547.00  3.09
 1547.70  3.09
 1548.40  3.09
 1549.10  3.09
 1549.80  3.09
 1550.50  3.09
 1551.20  3.09
 1551.90  3.09
 1552.60  3.09
 1553.30  3.09
 1554.00  3.09
 1554.70  3.09
 1555.40  3.09
 1556.10  3.09
 1556.80  3.09
 1557.50  3.09
 1558.20  3.09
 1558.90  3.09
 1559.60  3.09
 1560.30  3.09
 1561.00  3.09
 1561.70  3.09
 1562.40  3.09
 1563.10  3.09
 1563.80  3.09
 1564.50  3.09
 1565.20  3.09
 1565.90  3.09
 1566.60  3.09
 1567.30  3.09
 1568.00  3.09
 1568.70  3.09
 1569.40  3.09
 1570.10  3.09
 1570.80  3.09
 1571.50  3.09
 1572.20  3.09
 1572.90  3.09
 1573.60  3.09
 1574.30  3.09
 1575.00  3.09
 1575.70  3.09
 1576.40  3.09
 1577.10  3.09
 1577.80  3.09
 1578.50  3.09
 1579.20  3.09
 1579.90  3.09
 1580.60  3.09
 1581.30  3.09
 1582.00  3.09
 1582.70  3.09
 1583.40  3.09
 1584.10  3.09
 1584.80  3.09
 1585.50  3.09
 1586.20  3.09
 1586.90  3.09
 1587.60  3.09
 1588.30  3.09
 1589.00  3.09
 1589.70  3.09
 1590.40  3.09
 1591.10  3.09
 1591.80  3.09
 1592.50  3.09
 1593.20  3.09
 1593.90  3.09
 1594.60  3.09
 1595.30  3.09
 1596.00  3.09
 1596.70  3.09
 1597.40  3.09
 1598.10  3.09
 1598.80  3.09
 1599.50  3.09
 1600.20  3.09
 1600.90  3.09
 1601.60  3.09
 1602.30  3.09
 1603.00  3.09
 1603.70  3.09
 1604.40  3.09
 1605.10  3.09
 1605.80  3.09
 1606.50  3.09
 1607.20  3.09
 1607.90  3.09
 1608.60  3.09
 1609.30  3.09
 1610.00  3.09
 1610.70  3.09
 1611.40  3.09
 1612.10  3.09
 1612.80  3.09
 1613.50  3.09
 1614.20  3.09
 1614.90  3.09
 1615.60  3.09
 1616.30  3.09
 1617.00  3.09
 1617.70  3.09
 1618.40  3.09
 1619.10  3.09
 1619.80  3.09
 1620.50  3.09
 1621.20  3.09
 1621.90  3.09
 1622.60  3.09
 1623.30  3.09
 1624.00  3.09
 1624.70  3.09
 1625.40  3.09
 1626.10  3.09
 1626.80  3.09
 1627.50  3.09
 1628.20  3.09
 1628.90  3.09
 1629.60  3.09
 1630.30  3.09
 1631.00  3.09
 1631.70  3.09
 1632.40  3.09
 1633.10  3.09
 1633.80  3.09
 1634.50  3.09
 1635.20  3.09
 1635.90  3.09
 1636.60  3.09
 1637.30  3.09
 1638.00  3.09
 1638.70  3.09
 1639.40  3.09
 1640.10  3.09
 1640.80  3.09
 1641.50  3.09
 1642.20  3.09
 1642.90  3.09
 1643.60  3.09
 1644.30  3.09
 1645.00  3.09
 1645.70  3.09
 1646.40  3.09
 1647.10  3.09
 1647.80  3.09
 1648.50  3.09
 1649.20  3.09
 1649.90  3.09
 1650.60  3.09
 1651.30  3.09
 1652.00  3.09
 1652.70  3.09
 1653.40  3.09
 1654.10  3.09
 1654.80  3.09
 1655.50  3.09
 1656.20  3.09
 1656.90  3.09
 1657.60  3.09
 1658.30  3.09
 1659.00  3.09
 1659.70  3.09
 1660.40  3.09
 1661.10  3.09
 1661.80  3.09
 1662.50  3.09
 1663.20  3.09
 1663.90  3.09
 1664.60  3.09
 1665.30  3.09
 1666.00  3.09
 1666.70  3.09
 1667.40  3.09
 1668.10  3.09
 1668.80  3.09
 1669.50  3.09
 1670.20  3.09
 1670.90  3.09
 1671.60  3.09
 1672.30  3.09
 1673.00  3.09
 1673.70  3.09
 1674.40  3.09
 1675.10  3.09
 1675.80  3.09
 1676.50  3.09
 1677.20  3.09
 1677.90  3.09
 1678.60  3.09
 1679.30  3.09
 1680.00  3.09
 1680.70  3.09
 1681.40  3.09
 1682.10  3.09
 1682.80  3.09
 1683.50  3.09
 1684.20  3.09
 1684.90  3.09
 1685.60  3.09
 1686.30  3.09
 1687.00  3.09
 1687.70  3.09
 1688.40  3.09
 1689.10  3.09
 1689.80  3.09
 1690.50  3.09
 1691.20  3.09
 1691.90  3.09
 1692.60  3.09
 1693.30  3.09
 1694.00  3.09
 1694.70  3.09
 1695.40  3.09
 1696.10  3.09
 1696.80  3.09
 1697.50  3.09
 1698.20  3.09
 1698.90  3.09
 1699.60  3.09
 1700.30  3.09
 1701.00  3.09
 1701.70  3.09
 1702.40  3.09
 1703.10  3.09
 1703.80  3.09
 1704.50  3.09
 1705.20  3.09
 1705.90  3.09
 1706.60  3.09
 1707.30  3.09
 1708.00  3.09
 1708.70  3.09
 1709.40  3.09
 1710.10  3.09
 1710.80  3.09
 1711.50  3.09
 1712.20  3.09
 1712.90  3.09
 1713.60  3.09
 1714.30  3.09
 1715.00  3.09
 1715.70  3.09
 1716.40  3.09
 1717.10  3.09
 1717.80  3.09
 1718.50  3.09
 1719.20  3.09
 1719.90  3.09
 1720.60  3.09
 1721.30  3.09
 1722.00  3.09
 1722.70  3.09
 1723.40  3.09
 1724.10  3.09
 1724.80  3.09
 1725.50  3.09
 1726.20  3.09
 1726.90  3.09
 1727.60  3.09
 1728.30  3.09
 1729.00  3.09
 1729.70  3.09
 1730.40  3.09
 1731.10  3.09
 1731.80  3.09
 1732.50  3.09
 1733.20  3.09
 1733.90  3.10
 1734.60  3.10
 1735.30  3.10
 1736.00  3.10
 1736.70  3.10
 1737.40  3.10
 1738.10  3.10
 1738.80  3.10
 1739.50  3.10
 1740.20  3.10
 1740.90  3.10
 1741.60  3.10
 1742.30  3.10
 1743.00  3.10
 1743.70  3.10
 1744.40  3.10
 1745.10  3.10
 1745.80  3.10
 1746.50  3.10
 1747.20  3.10
 1747.90  3.10
 1748.60  3.10
 1749.30  3.10
 1750.00  3.10
 1750.70  3.10
 1751.40  3.10
 1752.10  3.10
 1752.80  3.10
 1753.50  3.10
 1754.20  3.10
 1754.90  3.10
 1755.60  3.10
 1756.30  3.10
 1757.00  3.10
 1757.70  3.10
 1758.40  3.10
 1759.10  3.10
 1759.80  3.10
 1760.50  3.10
 1761.20  3.10
 1761.90  3.10
 1762.60  3.10
 1763.30  3.10
 1764.00  3.10
 1764.70  3.10
 1765.40  3.10
 1766.10  3.10
 1766.80  3.10
 1767.50  3.10
 1768.20  3.10
 1768.90  3.10
 1769.60  3.10
 1770.30  3.10
 1771.00  3.10
 1771.70  3.10
 1772.40  3.10
 1773.10  3.10
 1773.80  3.10
 1774.50  3.10
 1775.20  3.10
 1775.90  3.10
 1776.60  3.10
 1777.30  3.10
 1778.00  3.10
 1778.70  3.10
 1779.40  3.10
 1780.10  3.10
 1780.80  3.10
 1781.50  3.10
 1782.20  3.10
 1782.90  3.10
 1783.60  3.10
 1784.30  3.10
 1785.00  3.10
 1785.70  3.10
 1786.40  3.10
 1787.10  3.10
 1787.80  3.10
 1788.50  3.10
 1789.20  3.10
 1789.90  3.10
 1790.60  3.10
 1791.30  3.10
 1792.00  3.10
 1792.70  3.10
 1793.40  3.10
 1794.10  3.10
 1794.80  3.10
 1795.50  3.10
 1796.20  3.10
 1796.90  3.10
 1797.60  3.10
 1798.30  3.10
 1799.00  3.10
 1799.70  3.10
 1800.40  3.10
 1801.10  3.10
 1801.80  3.10
 1802.50  3.10
 1803.20  3.10
 1803.90  3.10
 1804.60  3.10
 1805.30  3.10
 1806.00  3.10
 1806.70  3.10
 1807.40  3.10
 1808.10  3.10
 1808.80  3.10
 1809.50  3.10
 1810.20  3.10
 1810.90  3.10
 1811.60  3.10
 1812.30  3.10
 1813.00  3.10
 1813.70  3.10
 1814.40  3.10
 1815.10  3.10
 1815.80  3.10
 1816.50  3.10
 1817.20  3.10
 1817.90  3.10
 1818.60  3.10
 1819.30  3.10
 1820.00  3.10
 1820.70  3.10
 1821.40  3.10
 1822.10  3.10
 1822.80  3.10
 1823.50  3.10
 1824.20  3.10
 1824.90  3.10
 1825.60  3.10
 1826.30  3.10
 1827.00  3.10
 1827.70  3.10
 1828.40  3.10
 1829.10  3.10
 1829.80  3.10
 1830.50  3.10
 1831.20  3.10
 1831.90  3.10
 1832.60  3.10
 1833.30  3.10
 1834.00  3.10
 1834.70  3.10
 1835.40  3.10
 1836.10  3.10
 1836.80  3.10
 1837.50  3.10
 1838.20  3.10
 1838.90  3.10
 1839.60  3.10
 1840.30  3.10
 1841.00  3.10
 1841.70  3.10
 1842.40  3.10
 1843.10  3.10
 1843.80  3.10
 1844.50  3.10
 1845.20  3.10
 1845.90  3.10
 1846.60  3.10
 1847.30  3.10
 1848.00  3.10
 1848.70  3.10
 1849.40  3.10
 1850.10  3.10
 1850.80  3.10
 1851.50  3.10
 1852.20  3.10
 1852.90  3.10
 1853.60  3.10
 1854.30  3.10
 1855.00  3.10
 1855.70  3.10
 1856.40  3.10
 1857.10  3.10
 1857.80  3.10
 1858.50  3.10
 1859.20  3.10
 1859.90  3.10
 1860.60  3.10
 1861.30  3.10
 1862.00  3.10
 1862.70  3.10
 1863.40  3.10
 1864.10  3.10
 1864.80  3.10
 1865.50  3.10
 1866.20  3.10
 1866.90  3.10
 1867.60  3.10
 1868.30  3.10
 1869.00  3.10
 1869.70  3.10
 1870.40  3.10
 1871.10  3.10
 1871.80  3.10
 1872.50  3.10
 1873.20  3.10
 1873.90  3.10
 1874.60  3.10
 1875.30  3.10
 1876.00  3.10
 1876.70  3.10
 1877.40  3.10
 1878.10  3.10
 1878.80  3.10
 1879.50  3.10
 1880.20  3.10
 1880.90  3.10
 1881.60  3.10
 1882.30  3.10
 1883.00  3.10
 1883.70  3.10
 1884.40  3.10
 1885.10  3.10
 1885.80  3.10
 1886.50  3.10
 1887.20  3.10
 1887.90  3.10
 1888.60  3.10
 1889.30  3.10
 1890.00  3.10
 1890.70  3.10
 1891.40  3.10
 1892.10  3.10
 1892.80  3.10
 1893.50  3.10
 1894.20  3.10
 1894.90  3.10
 1895.60  3.10
 1896.30  3.10
 1897.00  3.10
 1897.70  3.10
 1898.40  3.10
 1899.10  3.10
 1899.80  3.10
 1900.50  3.10
 1901.20  3.10
 1901.90  3.10
 1902.60  3.10
 1903.30  3.10
 1904.00  3.10
 1904.70  3.10
 1905.40  3.10
 1906.10  3.10
 1906.80  3.10
 1907.50  3.10
 1908.20  3.10
 1908.90  3.10
 1909.60  3.10
 1910.30  3.10
 1911.00  3.10
 1911.70  3.10
 1912.40  3.10
 1913.10  3.10
 1913.80  3.10
 1914.50  3.10
 1915.20  3.10
 1915.90  3.10
 1916.60  3.10
 1917.30  3.10
 1918.00  3.10
 1918.70  3.10
 1919.40  3.10
 1920.10  3.10
 1920.80  3.10
 1921.50  3.10
 1922.20  3.10
 1922.90  3.10
 1923.60  3.10
 1924.30  3.10
 1925.00  3.10
 1925.70  3.10
 1926.40  3.10
 1927.10  3.10
 1927.80  3.10
 1928.50  3.10
 1929.20  3.10
 1929.90  3.10
 1930.60  3.10
 1931.30  3.10
 1932.00  3.10
 1932.70  3.10
 1933.40  3.10
 1934.10  3.10
 1934.80  3.10
 1935.50  3.10
 1936.20  3.10
 1936.90  3.10
 1937.60  3.10
 1938.30  3.10
 1939.00  3.10
 1939.70  3.10
 1940.40  3.10
 1941.10  3.10
 1941.80  3.10
 1942.50  3.10
 1943.20  3.10
 1943.90  3.10
 1944.60  3.10
 1945.30  3.10
 1946.00  3.10
 1946.70  3.10
 1947.40  3.10
 1948.10  3.10
 1948.80  3.10
 1949.50  3.10
 1950.20  3.10
 1950.90  3.10
 1951.60  3.10
 1952.30  3.10
 1953.00  3.10
 1953.70  3.10
 1954.40  3.10
 1955.10  3.10
 1955.80  3.10
 1956.50  3.10
 1957.20  3.10
 1957.90  3.10
 1958.60  3.10
 1959.30  3.10
 1960.00  3.10
 1960.70  3.10
 1961.40  3.10
 1962.10  3.10
 1962.80  3.10
 1963.50  3.10
 1964.20  3.10
 1964.90  3.10
 1965.60  3.10
 1966.30  3.10
 1967.00  3.10
 1967.70  3.10
 1968.40  3.10
 1969.10  3.10
 1969.80  3.10
 1970.50  3.10
 1971.20  3.10
 1971.90  3.10
 1972.60  3.10
 1973.30  3.10
 1974.00  3.10
 1974.70  3.10
 1975.40  3.10
 1976.10  3.10
 1976.80  3.10
 1977.50  3.10
 1978.20  3.10
 1978.90  3.10
 1979.60  3.10
 1980.30  3.10
 1981.00  3.10
 1981.70  3.10
 1982.40  3.10
 1983.10  3.10
 1983.80  3.10
 1984.50  3.10
 1985.20  3.10
 1985.90  3.10
 1986.60  3.10
 1987.30  3.10
 1988.00  3.10
 1988.70  3.10
 1989.40  3.10
 1990.10  3.10
 1990.80  3.10
 1991.50  3.10
 1992.20  3.10
 1992.90  3.10
 1993.60  3.10
 1994.30  3.10
 1995.00  3.10
 1995.70  3.10
 1996.40  3.10
 1997.10  3.10
 1997.80  3.10
 1998.50  3.10
 1999.20  3.10
 1999.90  3.10
 2000.60  3.10
 2001.30  3.10
 2002.00  3.10
 2002.70  3.10
 2003.40  3.10
 2004.10  3.10
 2004.80  3.10
 2005.50  3.10
 2006.20  3.10
 2006.90  3.10
 2007.60  3.10
 2008.30  3.10
 2009.00  3.10
 2009.70  3.10
 2010.40  3.10
 2011.10  3.10
 2011.80  3.10
 2012.50  3.10
 2013.20  3.10
 2013.90  3.10
 2014.60  3.10
 2015.30  3.10
 2016.00  3.10
 2016.70  3.10
 2017.40  3.10
 2018.10  3.10
 2018.80  3.10
 2019.50  3.10
 2020.20  3.10
 2020.90  3.10
 2021.60  3.10
 2022.30  3.10
 2023.00  3.10
 2023.70  3.10
 2024.40  3.10
 2025.10  3.10
 2025.80  3.10
 2026.50  3.10
 2027.20  3.10
 2027.90  3.10
 2028.60  3.10
 2029.30  3.10
 2030.00  3.10
 2030.70  3.10
 2031.40  3.10
 2032.10  3.10
 2032.80  3.10
 2033.50  3.10
 2034.20  3.10
 2034.90  3.10
 2035.60  3.10
 2036.30  3.10
 2037.00  3.10
 2037.70  3.10
 2038.40  3.10
 2039.10  3.10
 2039.80  3.10
 2040.50  3.10
 2041.20  3.10
 2041.90  3.10
 2042.60  3.10
 2043.30  3.10
 2044.00  3.10
 2044.70  3.10
 2045.40  3.10
 2046.10  3.10
 2046.80  3.10
 2047.50  3.10
 2048.20  3.10
 2048.90  3.10
 2049.60  3.10
 2050.30  3.10
 2051.00  3.10
 2051.70  3.10
 2052.40  3.10
 2053.10  3.10
 2053.80  3.10
 2054.50  3.10
 2055.20  3.10
 2055.90  3.10
 2056.60  3.10
 2057.30  3.10
 2058.00  3.10
 2058.70  3.10
 2059.40  3.10
 2060.10  3.10
 2060.80  3.10
 2061.50  3.10
 2062.20  3.10
 2062.90  3.10
 2063.60  3.10
 2064.30  3.10
 2065.00  3.10
 2065.70  3.10
 2066.40  3.10
 2067.10  3.10
 2067.80  3.10
 2068.50  3.10
 2069.20  3.10
 2069.90  3.10
 2070.60  3.10
 2071.30  3.10
 2072.00  3.10
 2072.70  3.10
 2073.40  3.10
 2074.10  3.10
 2074.80  3.10
 2075.50  3.10
 2076.20  3.10
 2076.90  3.10
 2077.60  3.10
 2078.30  3.10
 2079.00  3.10
 2079.70  3.10
 2080.40  3.10
 2081.10  3.10
 2081.80  3.10
 2082.50  3.10
 2083.20  3.10
 2083.90  3.10
 2084.60  3.10
 2085.30  3.10
 2086.00  3.10
 2086.70  3.10
 2087.40  3.10
 2088.10  3.10
 2088.80  3.10
 2089.50  3.10
 2090.20  3.10
 2090.90  3.10
 2091.60  3.10
 2092.30  3.10
 2093.00  3.10
 2093.70  3.10
 2094.40  3.10
 2095.10  3.10
 2095.80  3.10
 2096.50  3.10
 2097.20  3.10
 2097.90  3.10
 2098.60  3.10
 2099.30  3.10
 2100.00  3.10
 2100.70  3.10
 2101.40  3.10
 2102.10  3.10
 2102.80  3.10
 2103.50  3.10
 2104.20  3.10
 2104.90  3.10
 2105.60  3.10
 2106.30  3.10
 2107.00  3.10
 2107.70  3.10
 2108.40  3.10
 2109.10  3.10
 2109.80  3.10
 2110.50  3.10
 2111.20  3.10
 2111.90  3.10
 2112.60  3.10
 2113.30  3.10
 2114.00  3.10
 2114.70  3.10
 2115.40  3.10
 2116.10  3.10
 2116.80  3.10
 2117.50  3.10
 2118.20  3.10
 2118.90  3.10
 2119.60  3.10
 2120.30  3.10
 2121.00  3.10
 2121.70  3.10
 2122.40  3.10
 2123.10  3.10
 2123.80  3.10
 2124.50  3.10
 2125.20  3.10
 2125.90  3.10
 2126.60  3.10
 2127.30  3.10
 2128.00  3.10
 2128.70  3.10
 2129.40  3.10
 2130.10  3.10
 2130.80  3.10
 2131.50  3.10
 2132.20  3.10
 2132.90  3.10
 2133.60  3.10
 2134.30  3.10
 2135.00  3.10
 2135.70  3.10
 2136.40  3.10
 2137.10  3.10
 2137.80  3.10
 2138.50  3.10
 2139.20  3.10
 2139.90  3.10
 2140.60  3.10
 2141.30  3.10
 2142.00  3.10
 2142.70  3.10
 2143.40  3.10
 2144.10  3.10
 2144.80  3.10
 2145.50  3.10
 2146.20  3.10
 2146.90  3.10
 2147.60  3.10
 2148.30  3.10
 2149.00  3.10
 2149.70  3.10
 2150.40  3.10
 2151.10  3.10
 2151.80  3.10
 2152.50  3.10
 2153.20  3.10
 2153.90  3.10
 2154.60  3.10
 2155.30  3.10
 2156.00  3.10
 2156.70  3.10
 2157.40  3.10
 2158.10  3.10
 2158.80  3.10
 2159.50  3.10
 2160.20  3.10
 2160.90  3.10
 2161.60  3.10
 2162.30  3.10
 2163.00  3.10
 2163.70  3.10
 2164.40  3.10
 2165.10  3.10
 2165.80  3.10
 2166.50  3.10
 2167.20  3.10
 2167.90  3.10
 2168.60  3.10
 2169.30  3.10
 2170.00  3.10
 2170.70  3.10
 2171.40  3.10
 2172.10  3.10
 2172.80  3.10
 2173.50  3.10
 2174.20  3.10
 2174.90  3.10
 2175.60  3.10
 2176.30  3.10
 2177.00  3.10
 2177.70  3.10
 2178.40  3.10
 2179.10  3.10
 2179.80  3.10
 2180.50  3.10
 2181.20  3.10
 2181.90  3.10
 2182.60  3.10
 2183.30  3.10
 2184.00  3.10
 2184.70  3.10
 2185.40  3.10
 2186.10  3.10
 2186.80  3.10
 2187.50  3.10
 2188.20  3.10
 2188.90  3.10
 2189.60  3.10
 2190.30  3.10
 2191.00  3.10
 2191.70  3.10
 2192.40  3.10
 2193.10  3.10
 2193.80  3.10
 2194.50  3.10
 2195.20  3.10
 2195.90  3.10
 2196.60  3.10
 2197.30  3.10
 2198.00  3.10
 2198.70  3.10
 2199.40  3.10
 2200.10  3.10
 2200.80  3.10
 2201.50  3.10
 2202.20  3.10
 2202.90  3.10
 2203.60  3.10
 2204.30  3.10
 2205.00  3.10
 2205.70  3.10
 2206.40  3.10
 2207.10  3.10
 2207.80  3.10
 2208.50  3.10
 2209.20  3.10
 2209.90  3.10
 2210.60  3.10
 2211.30  3.10
 2212.00  3.10
 2212.70  3.10
 2213.40  3.10
 2214.10  3.10
 2214.80  3.10
 2215.50  3.10
 2216.20  3.10
 2216.90  3.10
 2217.60  3.10
 2218.30  3.10
 2219.00  3.10
 2219.70  3.10
 2220.40  3.10
 2221.10  3.10
 2221.80  3.10
 2222.50  3.10
 2223.20  3.10
 2223.90  3.10
 2224.60  3.10
 2225.30  3.10
 2226.00  3.10
 2226.70  3.10
 2227.40  3.10
 2228.10  3.10
 2228.80  3.10
 2229.50  3.10
 2230.20  3.10
 2230.90  3.10
 2231.60  3.10
 2232.30  3.10
 2233.00  3.10
 2233.70  3.10
 2234.40  3.10
 2235.10  3.10
 2235.80  3.10
 2236.50  3.10
 2237.20  3.10
 2237.90  3.10
 2238.60  3.10
 2239.30  3.10
 2240.00  3.10
 2240.70  3.10
 2241.40  3.10
 2242.10  3.10
 2242.80  3.10
 2243.50  3.10
 2244.20  3.10
 2244.90  3.10
 2245.60  3.10
 2246.30  3.10
 2247.00  3.10
 2247.70  3.10
 2248.40  3.10
 2249.10  3.10
 2249.80  3.10
 2250.50  3.10
 2251.20  3.10
 2251.90  3.10
 2252.60  3.10
 2253.30  3.10
 2254.00  3.10
 2254.70  3.10
 2255.40  3.10
 2256.10  3.10
 2256.80  3.10
 2257.50  3.10
 2258.20  3.10
 2258.90  3.10
 2259.60  3.10
 2260.30  3.10
 2261.00  3.10
 2261.70  3.10
 2262.40  3.10
 2263.10  3.10
 2263.80  3.10
 2264.50  3.10
 2265.20  3.10
 2265.90  3.10
 2266.60  3.10
 2267.30  3.10
 2268.00  3.10
 2268.70  3.10
 2269.40  3.10
 2270.10  3.10
 2270.80  3.10
 2271.50  3.10
 2272.20  3.10
 2272.90  3.10
 2273.60  3.10
 2274.30  3.10
 2275.00  3.10
 2275.70  3.10
 2276.40  3.10
 2277.10  3.10
 2277.80  3.10
 2278.50  3.10
 2279.20  3.10
 2279.90  3.10
 2280.60  3.10
 2281.30  3.10
 2282.00  3.10
 2282.70  3.10
 2283.40  3.10
 2284.10  3.10
 2284.80  3.10
 2285.50  3.10
 2286.20  3.10
 2286.90  3.10
 2287.60  3.10
 2288.30  3.10
 2289.00  3.10
 2289.70  3.10
 2290.40  3.10
 2291.10  3.10
 2291.80  3.10
 2292.50  3.10
 2293.20  3.10
 2293.90  3.10
 2294.60  3.10
 2295.30  3.10
 2296.00  3.10
 2296.70  3.10
 2297.40  3.10
 2298.10  3.10
 2298.80  3.10
 2299.50  3.10
 2300.20  3.10
 2300.90  3.10
 2301.60  3.10
 2302.30  3.10
 2303.00  3.10
 2303.70  3.10
 2304.40  3.10
 2305.10  3.10
 2305.80  3.10
 2306.50  3.10
 2307.20  3.10
 2307.90  3.10
 2308.60  3.10
 2309.30  3.10
 2310.00  3.10
 2310.70  3.10
 2311.40  3.10
 2312.10  3.10
 2312.80  3.10
 2313.50  3.10
 2314.20  3.10
 2314.90  3.10
 2315.60  3.10
 2316.30  3.10
 2317.00  3.10
 2317.70  3.10
 2318.40  3.10
 2319.10  3.10
 2319.80  3.10
 2320.50  3.10
 2321.20  3.10
 2321.90  3.10
 2322.60  3.10
 2323.30  3.10
 2324.00  3.10
 2324.70  3.10
 2325.40  3.10
 2326.10  3.10
 2326.80  3.10
 2327.50  3.10
 2328.20  3.10
 2328.90  3.10
 2329.60  3.10
 2330.30  3.10
 2331.00  3.10
 2331.70  3.10
 2332.40  3.10
 2333.10  3.10
 2333.80  3.10
 2334.50  3.10
 2335.20  3.10
 2335.90  3.10
 2336.60  3.10
 2337.30  3.10
 2338.00  3.10
 2338.70  3.10
 2339.40  3.10
 2340.10  3.10
 2340.80  3.10
 2341.50  3.10
 2342.20  3.10
 2342.90  3.10
 2343.60  3.10
 2344.30  3.10
 2345.00  3.10
 2345.70  3.10
 2346.40  3.10
 2347.10  3.10
 2347.80  3.10
 2348.50  3.10
 2349.20  3.10
 2349.90  3.10
 2350.60  3.10
 2351.30  3.10
 2352.00  3.10
 2352.70  3.10
 2353.40  3.10
 2354.10  3.10
 2354.80  3.10
 2355.50  3.10
 2356.20  3.10
 2356.90  3.10
 2357.60  3.10
 2358.30  3.10
 2359.00  3.10
 2359.70  3.10
 2360.40  3.10
 2361.10  3.10
 2361.80  3.10
 2362.50  3.10
 2363.20  3.10
 2363.90  3.10
 2364.60  3.10
 2365.30  3.10
 2366.00  3.10
 2366.70  3.10
 2367.40  3.10
 2368.10  3.10
 2368.80  3.10
 2369.50  3.10
 2370.20  3.10
 2370.90  3.10
 2371.60  3.10
 2372.30  3.10
 2373.00  3.10
 2373.70  3.10
 2374.40  3.10
 2375.10  3.10
 2375.80  3.10
 2376.50  3.10
 2377.20  3.10
 2377.90  3.10
 2378.60  3.10
 2379.30  3.10
 2380.00  3.10
 2380.70  3.10
 2381.40  3.10
 2382.10  3.10
 2382.80  3.10
 2383.50  3.10
 2384.20  3.10
 2384.90  3.10
 2385.60  3.10
 2386.30  3.10
 2387.00  3.10
 2387.70  3.10
 2388.40  3.10
 2389.10  3.10
 2389.80  3.10
 2390.50  3.10
 2391.20  3.10
 2391.90  3.10
 2392.60  3.10
 2393.30  3.10
 2394.00  3.10
 2394.70  3.10
 2395.40  3.10
 2396.10  3.10
 2396.80  3.10
 2397.50  3.10
 2398.20  3.10
 2398.90  3.10
 2399.60  3.10
 2400.30  3.10
 2401.00  3.10
 2401.70  3.10
 2402.40  3.10
 2403.10  3.10
 2403.80  3.10
 2404.50  3.10
 2405.20  3.10
 2405.90  3.10
 2406.60  3.10
 2407.30  3.10
 2408.00  3.10
 2408.70  3.10
 2409.40  3.10
 2410.10  3.10
 2410.80  3.10
 2411.50  3.10
 2412.20  3.10
 2412.90  3.10
 2413.60  3.10
 2414.30  3.10
 2415.00  3.10
 2415.70  3.10
 2416.40  3.10
 2417.10  3.10
 2417.80  3.10
 2418.50  3.10
 2419.20  3.10
 2419.90  3.10
 2420.60  3.10
 2421.30  3.10
 2422.00  3.10
 2422.70  3.10
 2423.40  3.10
 2424.10  3.10
 2424.80  3.10
 2425.50  3.10
 2426.20  3.10
 2426.90  3.10
 2427.60  3.10
 2428.30  3.10
 2429.00  3.10
 2429.70  3.10
 2430.40  3.10
 2431.10  3.10
 2431.80  3.10
 2432.50  3.10
 2433.20  3.10
 2433.90  3.10
 2434.60  3.10
 2435.30  3.10
 2436.00  3.10
 2436.70  3.10
 2437.40  3.10
 2438.10  3.10
 2438.80  3.10
 2439.50  3.10
 2440.20  3.10
 2440.90  3.10
 2441.60  3.10
 2442.30  3.10
 2443.00  3.10
 2443.70  3.10
 2444.40  3.10
 2445.10  3.10
 2445.80  3.10
 2446.50  3.10
 2447.20  3.10
 2447.90  3.10
 2448.60  3.10
 2449.30  3.10
 2450.00  3.10
 2450.70  3.10
 2451.40  3.10
 2452.10  3.10
 2452.80  3.10
 2453.50  3.10
 2454.20  3.10
 2454.90  3.10
 2455.60  3.10
 2456.30  3.10
 2457.00  3.10
 2457.70  3.10
 2458.40  3.10
 2459.10  3.10
 2459.80  3.10
 2460.50  3.10
 2461.20  3.10
 2461.90  3.10
 2462.60  3.10
 2463.30  3.10
 2464.00  3.10
 2464.70  3.10
 2465.40  3.10
 2466.10  3.10
 2466.80  3.10
 2467.50  3.10
 2468.20  3.10
 2468.90  3.10
 2469.60  3.10
 2470.30  3.10
 2471.00  3.10
 2471.70  3.10
 2472.40  3.10
 2473.10  3.10
 2473.80  3.10
 2474.50  3.10
 2475.20  3.10
 2475.90  3.10
 2476.60  3.10
 2477.30  3.10
 2478.00  3.10
 2478.70  3.10
 2479.40  3.10
 2480.10  3.10
 2480.80  3.10
 2481.50  3.10
 2482.20  3.10
 2482.90  3.10
 2483.60  3.10
 2484.30  3.10
 2485.00  3.10
 2485.70  3.10
 2486.40  3.10
 2487.10  3.10
 2487.80  3.10
 2488.50  3.10
 2489.20  3.10
 2489.90  3.10
 2490.60  3.10
 2491.30  3.10
 2492.00  3.10
 2492.70  3.10
 2493.40  3.10
 2494.10  3.10
 2494.80  3.10
 2495.50  3.10
 2496.20  3.10
 2496.90  3.10
 2497.60  3.10
 2498.30  3.10
 2499.00  3.10
 2499.70  3.10
 2500.40  3.10
 2501.10  3.10
 2501.80  3.10
 2502.50  3.10
 2503.20  3.10
 2503.90  3.10
 2504.60  3.10
 2505.30  3.10
 2506.00  3.10
 2506.70  3.10
 2507.40  3.10
 2508.10  3.10
 2508.80  3.10
 2509.50  3.10
 2510.20  3.10
 2510.90  3.10
 2511.60  3.10
 2512.30  3.10
 2513.00  3.10
 2513.70  3.10
 2514.40  3.10
 2515.10  3.10
 2515.80  3.10
 2516.50  3.10
 2517.20  3.10
 2517.90  3.10
 2518.60  3.10
 2519.30  3.10
 2520.00  3.10
 2520.70  3.10
 2521.40  3.10
 2522.10  3.10
 2522.80  3.10
 2523.50  3.10
 2524.20  3.10
 2524.90  3.10
 2525.60  3.10
 2526.30  3.10
 2527.00  3.10
 2527.70  3.10
 2528.40  3.10
 2529.10  3.10
 2529.80  3.10
 2530.50  3.10
 2531.20  3.10
 2531.90  3.10
 2532.60  3.10
 2533.30  3.10
 2534.00  3.10
 2534.70  3.10
 2535.40  3.10
 2536.10  3.10
 2536.80  3.10
 2537.50  3.10
 2538.20  3.10
 2538.90  3.10
 2539.60  3.10
 2540.30  3.10
 2541.00  3.10
 2541.70  3.10
 2542.40  3.10
 2543.10  3.10
 2543.80  3.10
 2544.50  3.10
 2545.20  3.10
 2545.90  3.10
 2546.60  3.10
 2547.30  3.10
 2548.00  3.10
 2548.70  3.10
 2549.40  3.10
 2550.10  3.10
 2550.80  3.10
 2551.50  3.10
 2552.20  3.10
 2552.90  3.10
 2553.60  3.10
 2554.30  3.10
 2555.00  3.10
 2555.70  3.10
 2556.40  3.10
 2557.10  3.10
 2557.80  3.10
 2558.50  3.10
 2559.20  3.10
 2559.90  3.10
 2560.60  3.10
 2561.30  3.10
 2562.00  3.10
 2562.70  3.10
 2563.40  3.10
 2564.10  3.10
 2564.80  3.10
 2565.50  3.10
 2566.20  3.10
 2566.90  3.10
 2567.60  3.10
 2568.30  3.10
 2569.00  3.10
 2569.70  3.10
 2570.40  3.10
 2571.10  3.10
 2571.80  3.10
 2572.50  3.10
 2573.20  3.10
 2573.90  3.10
 2574.60  3.10
 2575.30  3.10
 2576.00  3.10
 2576.70  3.10
 2577.40  3.10
 2578.10  3.10
 2578.80  3.10
 2579.50  3.10
 2580.20  3.10
 2580.90  3.10
 2581.60  3.10
 2582.30  3.10
 2583.00  3.10
 2583.70  3.10
 2584.40  3.10
 2585.10  3.10
 2585.80  3.10
 2586.50  3.10
 2587.20  3.10
 2587.90  3.10
 2588.60  3.10
 2589.30  3.10
 2590.00  3.10
 2590.70  3.10
 2591.40  3.10
 2592.10  3.10
 2592.80  3.10
 2593.50  3.10
 2594.20  3.10
 2594.90  3.10
 2595.60  3.10
 2596.30  3.10
 2597.00  3.10
 2597.70  3.10
 2598.40  3.10
 2599.10  3.10
 2599.80  3.10
 2600.50  3.10
 2601.20  3.10
 2601.90  3.10
 2602.60  3.10
 2603.30  3.10
 2604.00  3.10
 2604.70  3.10
 2605.40  3.10
 2606.10  3.10
 2606.80  3.10
 2607.50  3.10
 2608.20  3.10
 2608.90  3.10
 2609.60  3.10
 2610.30  3.10
 2611.00  3.10
 2611.70  3.10
 2612.40  3.10
 2613.10  3.10
 2613.80  3.10
 2614.50  3.10
 2615.20  3.10
 2615.90  3.10
 2616.60  3.10
 2617.30  3.10
 2618.00  3.10
 2618.70  3.10
 2619.40  3.10
 2620.10  3.10
 2620.80  3.10
 2621.50  3.10
 2622.20  3.10
 2622.90  3.10
 2623.60  3.10
 2624.30  3.10
 2625.00  3.10
 2625.70  3.10
 2626.40  3.10
 2627.10  3.10
 2627.80  3.10
 2628.50  3.10
 2629.20  3.10
 2629.90  3.10
 2630.60  3.10
 2631.30  3.10
 2632.00  3.10
 2632.70  3.10
 2633.40  3.10
 2634.10  3.10
 2634.80  3.10
 2635.50  3.10
 2636.20  3.10
 2636.90  3.10
 2637.60  3.10
 2638.30  3.10
 2639.00  3.10
 2639.70  3.10
 2640.40  3.10
 2641.10  3.10
 2641.80  3.10
 2642.50  3.10
 2643.20  3.10
 2643.90  3.10
 2644.60  3.10
 2645.30  3.10
 2646.00  3.10
 2646.70  3.10
 2647.40  3.10
 2648.10  3.10
 2648.80  3.10
 2649.50  3.10
 2650.20  3.10
 2650.90  3.10
 2651.60  3.10
 2652.30  3.10
 2653.00  3.10
 2653.70  3.10
 2654.40  3.10
 2655.10  3.10
 2655.80  3.10
 2656.50  3.10
 2657.20  3.10
 2657.90  3.10
 2658.60  3.10
 2659.30  3.10
 2660.00  3.10
 2660.70  3.10
 2661.40  3.10
 2662.10  3.10
 2662.80  3.10
 2663.50  3.10
 2664.20  3.10
 2664.90  3.10
 2665.60  3.10
 2666.30  3.10
 2667.00  3.10
 2667.70  3.10
 2668.40  3.10
 2669.10  3.10
 2669.80  3.10
 2670.50  3.10
 2671.20  3.10
 2671.90  3.10
 2672.60  3.10
 2673.30  3.10
 2674.00  3.10
 2674.70  3.10
 2675.40  3.10
 2676.10  3.10
 2676.80  3.10
 2677.50  3.10
 2678.20  3.10
 2678.90  3.10
 2679.60  3.10
 2680.30  3.10
 2681.00  3.10
 2681.70  3.10
 2682.40  3.10
 2683.10  3.10
 2683.80  3.10
 2684.50  3.10
 2685.20  3.10
 2685.90  3.10
 2686.60  3.10
 2687.30  3.10
 2688.00  3.10
 2688.70  3.10
 2689.40  3.10
 2690.10  3.10
 2690.80  3.10
 2691.50  3.10
 2692.20  3.10
 2692.90  3.10
 2693.60  3.10
 2694.30  3.10
 2695.00  3.10
 2695.70  3.10
 2696.40  3.10
 2697.10  3.10
 2697.80  3.10
 2698.50  3.10
 2699.20  3.10
 2699.90  3.10
 2700.60  3.10
 2701.30  3.10
 2702.00  3.10
 2702.70  3.10
 2703.40  3.10
 2704.10  3.10
 2704.80  3.10
 2705.50  3.10
 2706.20  3.10
 2706.90  3.10
 2707.60  3.10
 2708.30  3.10
 2709.00  3.10
 2709.70  3.10
 2710.40  3.10
 2711.10  3.10
 2711.80  3.10
 2712.50  3.10
 2713.20  3.10
 2713.90  3.10
 2714.60  3.10
 2715.30  3.10
 2716.00  3.10
 2716.70  3.10
 2717.40  3.10
 2718.10  3.10
 2718.80  3.10
 2719.50  3.10
 2720.20  3.10
 2720.90  3.10
 2721.60  3.10
 2722.30  3.10
 2723.00  3.10
 2723.70  3.10
 2724.40  3.10
 2725.10  3.10
 2725.80  3.10
 2726.50  3.10
 2727.20  3.10
 2727.90  3.10
 2728.60  3.10
 2729.30  3.10
 2730.00  3.10
 2730.70  3.10
 2731.40  3.10
 2732.10  3.10
 2732.80  3.10
 2733.50  3.10
 2734.20  3.10
 2734.90  3.10
 2735.60  3.10
 2736.30  3.10
 2737.00  3.10
 2737.70  3.10
 2738.40  3.10
 2739.10  3.10
 2739.80  3.10
 2740.50  3.10
 2741.20  3.10
 2741.90  3.10
 2742.60  3.10
 2743.30  3.10
 2744.00  3.10
 2744.70  3.10
 2745.40  3.10
 2746.10  3.10
 2746.80  3.10
 2747.50  3.10
 2748.20  3.10
 2748.90  3.10
 2749.60  3.10
 2750.30  3.10
 2751.00  3.10
 2751.70  3.10
 2752.40  3.10
 2753.10  3.10
 2753.80  3.10
 2754.50  3.10
 2755.20  3.10
 2755.90  3.10
 2756.60  3.10
 2757.30  3.10
 2758.00  3.10
 2758.70  3.10
 2759.40  3.10
 2760.10  3.10
 2760.80  3.10
 2761.50  3.10
 2762.20  3.10
 2762.90  3.10
 2763.60  3.10
 2764.30  3.10
 2765.00  3.10
 2765.70  3.10
 2766.40  3.10
 2767.10  3.10
 2767.80  3.10
 2768.50  3.10
 2769.20  3.10
 2769.90  3.10
 2770.60  3.10
 2771.30  3.10
 2772.00  3.10
 2772.70  3.10
 2773.40  3.10
 2774.10  3.10
 2774.80  3.10
 2775.50  3.10
 2776.20  3.10
 2776.90  3.10
 2777.60  3.10
 2778.30  3.10
 2779.00  3.10
 2779.70  3.10
 2780.40  3.10
 2781.10  3.10
 2781.80  3.10
 2782.50  3.10
 2783.20  3.10
 2783.90  3.10
 2784.60  3.10
 2785.30  3.10
 2786.00  3.10
 2786.70  3.10
 2787.40  3.10
 2788.10  3.10
 2788.80  3.10
 2789.50  3.10
 2790.20  3.10
 2790.90  3.10
 2791.60  3.10
 2792.30  3.10
 2793.00  3.10
 2793.70  3.10
 2794.40  3.10
 2795.10  3.10
 2795.80  3.10
 2796.50  3.10
 2797.20  3.10
 2797.90  3.10
 2798.60  3.10
 2799.30  3.10
 2800.00  3.10
 2800.70  3.10
 2801.40  3.10
 2802.10  3.10
 2802.80  3.10
 2803.50  3.10
 2804.20  3.10
 2804.90  3.10
 2805.60  3.10
 2806.30  3.10
 2807.00  3.10
 2807.70  3.10
 2808.40  3.10
 2809.10  3.10
 2809.80  3.10
 2810.50  3.10
 2811.20  3.10
 2811.90  3.10
 2812.60  3.10
 2813.30  3.10
 2814.00  3.10
 2814.70  3.10
 2815.40  3.10
 2816.10  3.10
 2816.80  3.10
 2817.50  3.10
 2818.20  3.10
 2818.90  3.10
 2819.60  3.10
 2820.30  3.10
 2821.00  3.10
 2821.70  3.10
 2822.40  3.10
 2823.10  3.10
 2823.80  3.10
 2824.50  3.10
 2825.20  3.10
 2825.90  3.10
 2826.60  3.10
 2827.30  3.10
 2828.00  3.10
 2828.70  3.10
 2829.40  3.10
 2830.10  3.10
 2830.80  3.10
 2831.50  3.10
 2832.20  3.10
 2832.90  3.10
 2833.60  3.10
 2834.30  3.10
 2835.00  3.10
 2835.70  3.10
 2836.40  3.10
 2837.10  3.10
 2837.80  3.10
 2838.50  3.10
 2839.20  3.10
 2839.90  3.10
 2840.60  3.10
 2841.30  3.10
 2842.00  3.10
 2842.70  3.10
 2843.40  3.10
 2844.10  3.10
 2844.80  3.10
 2845.50  3.10
 2846.20  3.10
 2846.90  3.10
 2847.60  3.10
 2848.30  3.10
 2849.00  3.10
 2849.70  3.10
 2850.40  3.10
 2851.10  3.10
 2851.80  3.10
 2852.50  3.10
 2853.20  3.10
 2853.90  3.10
 2854.60  3.10
 2855.30  3.10
 2856.00  3.10
 2856.70  3.10
 2857.40  3.10
 2858.10  3.10
 2858.80  3.10
 2859.50  3.10
 2860.20  3.10
 2860.90  3.10
 2861.60  3.10
 2862.30  3.10
 2863.00  3.10
 2863.70  3.10
 2864.40  3.10
 2865.10  3.10
 2865.80  3.10
 2866.50  3.10
 2867.20  3.10
 2867.90  3.10
 2868.60  3.10
 2869.30  3.10
 2870.00  3.10
 2870.70  3.10
 2871.40  3.10
 2872.10  3.10
 2872.80  3.10
 2873.50  3.10
 2874.20  3.10
 2874.90  3.10
 2875.60  3.10
 2876.30  3.10
 2877.00  3.10
 2877.70  3.10
 2878.40  3.10
 2879.10  3.10
 2879.80  3.10
 2880.50  3.10
 2881.20  3.10
 2881.90  3.10
 2882.60  3.10
 2883.30  3.10
 2884.00  3.10
 2884.70  3.10
 2885.40  3.10
 2886.10  3.10
 2886.80  3.10
 2887.50  3.10
 2888.20  3.10
 2888.90  3.10
 2889.60  3.10
 2890.30  3.10
 2891.00  3.10
 2891.70  3.10
 2892.40  3.10
 2893.10  3.10
 2893.80  3.10
 2894.50  3.10
 2895.20  3.10
 2895.90  3.10
 2896.60  3.10
 2897.30  3.10
 2898.00  3.10
 2898.70  3.10
 2899.40  3.10
 2900.10  3.10
 2900.80  3.10
 2901.50  3.10
 2902.20  3.10
 2902.90  3.10
 2903.60  3.10
 2904.30  3.10
 2905.00  3.10
 2905.70  3.10
 2906.40  3.10
 2907.10  3.10
 2907.80  3.10
 2908.50  3.10
 2909.20  3.10
 2909.90  3.10
 2910.60  3.10
 2911.30  3.10
 2912.00  3.10
 2912.70  3.10
 2913.40  3.10
 2914.10  3.10
 2914.80  3.10
 2915.50  3.10
 2916.20  3.10
 2916.90  3.10
 2917.60  3.10
 2918.30  3.10
 2919.00  3.10
 2919.70  3.10
 2920.40  3.10
 2921.10  3.10
 2921.80  3.10
 2922.50  3.10
 2923.20  3.10
 2923.90  3.10
 2924.60  3.10
 2925.30  3.10
 2926.00  3.10
 2926.70  3.10
 2927.40  3.10
 2928.10  3.10
 2928.80  3.10
 2929.50  3.10
 2930.20  3.10
 2930.90  3.10
 2931.60  3.10
 2932.30  3.10
 2933.00  3.10
 2933.70  3.10
 2934.40  3.10
 2935.10  3.10
 2935.80  3.10
 2936.50  3.10
 2937.20  3.10
 2937.90  3.10
 2938.60  3.10
 2939.30  3.10
 2940.00  3.10
 2940.70  3.10
 2941.40  3.10
 2942.10  3.10
 2942.80  3.10
 2943.50  3.10
 2944.20  3.10
 2944.90  3.10
 2945.60  3.10
 2946.30  3.10
 2947.00  3.10
 2947.70  3.10
 2948.40  3.10
 2949.10  3.10
 2949.80  3.10
 2950.50  3.10
 2951.20  3.10
 2951.90  3.10
 2952.60  3.10
 2953.30  3.10
 2954.00  3.10
 2954.70  3.10
 2955.40  3.10
 2956.10  3.10
 2956.80  3.10
 2957.50  3.10
 2958.20  3.10
 2958.90  3.10
 2959.60  3.10
 2960.30  3.10
 2961.00  3.10
 2961.70  3.10
 2962.40  3.10
 2963.10  3.10
 2963.80  3.10
 2964.50  3.10
 2965.20  3.10
 2965.90  3.10
 2966.60  3.10
 2967.30  3.10
 2968.00  3.10
 2968.70  3.10
 2969.40  3.10
 2970.10  3.10
 2970.80  3.10
 2971.50  3.10
 2972.20  3.10
 2972.90  3.10
 2973.60  3.10
 2974.30  3.10
 2975.00  3.10
 2975.70  3.10
 2976.40  3.10
 2977.10  3.10
 2977.80  3.10
 2978.50  3.10
 2979.20  3.10
 2979.90  3.10
 2980.60  3.10
 2981.30  3.10
 2982.00  3.10
 2982.70  3.10
 2983.40  3.10
 2984.10  3.10
 2984.80  3.10
 2985.50  3.10
 2986.20  3.10
 2986.90  3.10
 2987.60  3.10
 2988.30  3.10
 2989.00  3.10
 2989.70  3.10
 2990.40  3.10
 2991.10  3.10
 2991.80  3.10
 2992.50  3.10
 2993.20  3.10
 2993.90  3.10
 2994.60  3.10
 2995.30  3.10
 2996.00  3.10
 2996.70  3.10
 2997.40  3.10
 2998.10  3.10
 2998.80  3.10
 2999.50  3.10
