#Navio B MarAd
#Manobra de Curva Giro
#
#Eta 
#
#temp      rot 
 0.00  1.00
 0.70  1.00
 1.40  1.00
 2.10  1.00
 2.80  1.00
 3.50  1.00
 4.20  1.00
 4.90  1.00
 5.60  1.00
 6.30  1.00
 7.00  1.00
 7.70  1.00
 8.40  1.00
 9.10  1.00
 9.80  1.01
 10.50  1.01
 11.20  1.01
 11.90  1.01
 12.60  1.01
 13.30  1.01
 14.00  1.01
 14.70  1.01
 15.40  1.01
 16.10  1.01
 16.80  1.01
 17.50  1.01
 18.20  1.01
 18.90  1.01
 19.60  1.01
 20.30  1.01
 21.00  1.01
 21.70  1.01
 22.40  1.01
 23.10  1.01
 23.80  1.01
 24.50  1.02
 25.20  1.02
 25.90  1.02
 26.60  1.02
 27.30  1.02
 28.00  1.02
 28.70  1.02
 29.40  1.02
 30.10  1.02
 30.80  1.02
 31.50  1.02
 32.20  1.02
 32.90  1.02
 33.60  1.02
 34.30  1.02
 35.00  1.02
 35.70  1.02
 36.40  1.02
 37.10  1.03
 37.80  1.03
 38.50  1.03
 39.20  1.03
 39.90  1.03
 40.60  1.03
 41.30  1.03
 42.00  1.03
 42.70  1.03
 43.40  1.03
 44.10  1.03
 44.80  1.03
 45.50  1.03
 46.20  1.03
 46.90  1.03
 47.60  1.03
 48.30  1.04
 49.00  1.04
 49.70  1.04
 50.40  1.04
 51.10  1.04
 51.80  1.04
 52.50  1.04
 53.20  1.04
 53.90  1.04
 54.60  1.04
 55.30  1.04
 56.00  1.04
 56.70  1.04
 57.40  1.05
 58.10  1.05
 58.80  1.05
 59.50  1.05
 60.20  1.05
 60.90  1.05
 61.60  1.05
 62.30  1.05
 63.00  1.05
 63.70  1.05
 64.40  1.05
 65.10  1.05
 65.80  1.06
 66.50  1.06
 67.20  1.06
 67.90  1.06
 68.60  1.06
 69.30  1.06
 70.00  1.06
 70.70  1.06
 71.40  1.06
 72.10  1.06
 72.80  1.07
 73.50  1.07
 74.20  1.07
 74.90  1.07
 75.60  1.07
 76.30  1.07
 77.00  1.07
 77.70  1.07
 78.40  1.07
 79.10  1.08
 79.80  1.08
 80.50  1.08
 81.20  1.08
 81.90  1.08
 82.60  1.08
 83.30  1.08
 84.00  1.08
 84.70  1.08
 85.40  1.09
 86.10  1.09
 86.80  1.09
 87.50  1.09
 88.20  1.09
 88.90  1.09
 89.60  1.09
 90.30  1.10
 91.00  1.10
 91.70  1.10
 92.40  1.10
 93.10  1.10
 93.80  1.10
 94.50  1.10
 95.20  1.10
 95.90  1.11
 96.60  1.11
 97.30  1.11
 98.00  1.11
 98.70  1.11
 99.40  1.11
 100.10  1.11
 100.80  1.12
 101.50  1.12
 102.20  1.12
 102.90  1.12
 103.60  1.12
 104.30  1.12
 105.00  1.13
 105.70  1.13
 106.40  1.13
 107.10  1.13
 107.80  1.13
 108.50  1.13
 109.20  1.14
 109.90  1.14
 110.60  1.14
 111.30  1.14
 112.00  1.14
 112.70  1.14
 113.40  1.15
 114.10  1.15
 114.80  1.15
 115.50  1.15
 116.20  1.15
 116.90  1.15
 117.60  1.16
 118.30  1.16
 119.00  1.16
 119.70  1.16
 120.40  1.16
 121.10  1.17
 121.80  1.17
 122.50  1.17
 123.20  1.17
 123.90  1.17
 124.60  1.18
 125.30  1.18
 126.00  1.18
 126.70  1.18
 127.40  1.18
 128.10  1.19
 128.80  1.19
 129.50  1.19
 130.20  1.19
 130.90  1.19
 131.60  1.20
 132.30  1.20
 133.00  1.20
 133.70  1.20
 134.40  1.20
 135.10  1.21
 135.80  1.21
 136.50  1.21
 137.20  1.21
 137.90  1.21
 138.60  1.22
 139.30  1.22
 140.00  1.22
 140.70  1.22
 141.40  1.23
 142.10  1.23
 142.80  1.23
 143.50  1.23
 144.20  1.23
 144.90  1.24
 145.60  1.24
 146.30  1.24
 147.00  1.24
 147.70  1.25
 148.40  1.25
 149.10  1.25
 149.80  1.25
 150.50  1.26
 151.20  1.26
 151.90  1.26
 152.60  1.26
 153.30  1.27
 154.00  1.27
 154.70  1.27
 155.40  1.27
 156.10  1.27
 156.80  1.28
 157.50  1.28
 158.20  1.28
 158.90  1.28
 159.60  1.29
 160.30  1.29
 161.00  1.29
 161.70  1.29
 162.40  1.30
 163.10  1.30
 163.80  1.30
 164.50  1.31
 165.20  1.31
 165.90  1.31
 166.60  1.31
 167.30  1.32
 168.00  1.32
 168.70  1.32
 169.40  1.32
 170.10  1.33
 170.80  1.33
 171.50  1.33
 172.20  1.33
 172.90  1.34
 173.60  1.34
 174.30  1.34
 175.00  1.34
 175.70  1.35
 176.40  1.35
 177.10  1.35
 177.80  1.36
 178.50  1.36
 179.20  1.36
 179.90  1.36
 180.60  1.37
 181.30  1.37
 182.00  1.37
 182.70  1.38
 183.40  1.38
 184.10  1.38
 184.80  1.38
 185.50  1.39
 186.20  1.39
 186.90  1.39
 187.60  1.39
 188.30  1.40
 189.00  1.40
 189.70  1.40
 190.40  1.41
 191.10  1.41
 191.80  1.41
 192.50  1.42
 193.20  1.42
 193.90  1.42
 194.60  1.42
 195.30  1.43
 196.00  1.43
 196.70  1.43
 197.40  1.44
 198.10  1.44
 198.80  1.44
 199.50  1.44
 200.20  1.45
 200.90  1.45
 201.60  1.45
 202.30  1.46
 203.00  1.46
 203.70  1.46
 204.40  1.47
 205.10  1.47
 205.80  1.47
 206.50  1.47
 207.20  1.48
 207.90  1.48
 208.60  1.48
 209.30  1.49
 210.00  1.49
 210.70  1.49
 211.40  1.50
 212.10  1.50
 212.80  1.50
 213.50  1.50
 214.20  1.51
 214.90  1.51
 215.60  1.51
 216.30  1.52
 217.00  1.52
 217.70  1.52
 218.40  1.53
 219.10  1.53
 219.80  1.53
 220.50  1.54
 221.20  1.54
 221.90  1.54
 222.60  1.55
 223.30  1.55
 224.00  1.55
 224.70  1.55
 225.40  1.56
 226.10  1.56
 226.80  1.56
 227.50  1.57
 228.20  1.57
 228.90  1.57
 229.60  1.58
 230.30  1.58
 231.00  1.58
 231.70  1.59
 232.40  1.59
 233.10  1.59
 233.80  1.60
 234.50  1.60
 235.20  1.60
 235.90  1.61
 236.60  1.61
 237.30  1.61
 238.00  1.62
 238.70  1.62
 239.40  1.62
 240.10  1.63
 240.80  1.63
 241.50  1.63
 242.20  1.63
 242.90  1.64
 243.60  1.64
 244.30  1.64
 245.00  1.65
 245.70  1.65
 246.40  1.65
 247.10  1.66
 247.80  1.66
 248.50  1.66
 249.20  1.67
 249.90  1.67
 250.60  1.67
 251.30  1.68
 252.00  1.68
 252.70  1.68
 253.40  1.69
 254.10  1.69
 254.80  1.69
 255.50  1.70
 256.20  1.70
 256.90  1.70
 257.60  1.71
 258.30  1.71
 259.00  1.71
 259.70  1.72
 260.40  1.72
 261.10  1.72
 261.80  1.73
 262.50  1.73
 263.20  1.73
 263.90  1.74
 264.60  1.74
 265.30  1.74
 266.00  1.75
 266.70  1.75
 267.40  1.75
 268.10  1.76
 268.80  1.76
 269.50  1.76
 270.20  1.77
 270.90  1.77
 271.60  1.77
 272.30  1.78
 273.00  1.78
 273.70  1.78
 274.40  1.79
 275.10  1.79
 275.80  1.79
 276.50  1.80
 277.20  1.80
 277.90  1.80
 278.60  1.81
 279.30  1.81
 280.00  1.81
 280.70  1.82
 281.40  1.82
 282.10  1.82
 282.80  1.83
 283.50  1.83
 284.20  1.83
 284.90  1.84
 285.60  1.84
 286.30  1.84
 287.00  1.85
 287.70  1.85
 288.40  1.85
 289.10  1.86
 289.80  1.86
 290.50  1.86
 291.20  1.86
 291.90  1.87
 292.60  1.87
 293.30  1.87
 294.00  1.88
 294.70  1.88
 295.40  1.88
 296.10  1.89
 296.80  1.89
 297.50  1.89
 298.20  1.90
 298.90  1.90
 299.60  1.90
 300.30  1.91
 301.00  1.91
 301.70  1.91
 302.40  1.92
 303.10  1.92
 303.80  1.92
 304.50  1.93
 305.20  1.93
 305.90  1.93
 306.60  1.94
 307.30  1.94
 308.00  1.94
 308.70  1.95
 309.40  1.95
 310.10  1.95
 310.80  1.96
 311.50  1.96
 312.20  1.96
 312.90  1.97
 313.60  1.97
 314.30  1.97
 315.00  1.98
 315.70  1.98
 316.40  1.98
 317.10  1.99
 317.80  1.99
 318.50  1.99
 319.20  2.00
 319.90  2.00
 320.60  2.00
 321.30  2.01
 322.00  2.01
 322.70  2.01
 323.40  2.02
 324.10  2.02
 324.80  2.02
 325.50  2.03
 326.20  2.03
 326.90  2.03
 327.60  2.04
 328.30  2.04
 329.00  2.04
 329.70  2.05
 330.40  2.05
 331.10  2.05
 331.80  2.05
 332.50  2.06
 333.20  2.06
 333.90  2.06
 334.60  2.07
 335.30  2.07
 336.00  2.07
 336.70  2.08
 337.40  2.08
 338.10  2.08
 338.80  2.09
 339.50  2.09
 340.20  2.09
 340.90  2.10
 341.60  2.10
 342.30  2.10
 343.00  2.11
 343.70  2.11
 344.40  2.11
 345.10  2.12
 345.80  2.12
 346.50  2.12
 347.20  2.13
 347.90  2.13
 348.60  2.13
 349.30  2.13
 350.00  2.14
 350.70  2.14
 351.40  2.14
 352.10  2.15
 352.80  2.15
 353.50  2.15
 354.20  2.16
 354.90  2.16
 355.60  2.16
 356.30  2.17
 357.00  2.17
 357.70  2.17
 358.40  2.18
 359.10  2.18
 359.80  2.18
 360.50  2.18
 361.20  2.19
 361.90  2.19
 362.60  2.19
 363.30  2.20
 364.00  2.20
 364.70  2.20
 365.40  2.21
 366.10  2.21
 366.80  2.21
 367.50  2.22
 368.20  2.22
 368.90  2.22
 369.60  2.22
 370.30  2.23
 371.00  2.23
 371.70  2.23
 372.40  2.24
 373.10  2.24
 373.80  2.24
 374.50  2.25
 375.20  2.25
 375.90  2.25
 376.60  2.26
 377.30  2.26
 378.00  2.26
 378.70  2.26
 379.40  2.27
 380.10  2.27
 380.80  2.27
 381.50  2.28
 382.20  2.28
 382.90  2.28
 383.60  2.29
 384.30  2.29
 385.00  2.29
 385.70  2.29
 386.40  2.30
 387.10  2.30
 387.80  2.30
 388.50  2.31
 389.20  2.31
 389.90  2.31
 390.60  2.31
 391.30  2.32
 392.00  2.32
 392.70  2.32
 393.40  2.33
 394.10  2.33
 394.80  2.33
 395.50  2.34
 396.20  2.34
 396.90  2.34
 397.60  2.34
 398.30  2.35
 399.00  2.35
 399.70  2.35
 400.40  2.36
 401.10  2.36
 401.80  2.36
 402.50  2.36
 403.20  2.37
 403.90  2.37
 404.60  2.37
 405.30  2.38
 406.00  2.38
 406.70  2.38
 407.40  2.38
 408.10  2.39
 408.80  2.39
 409.50  2.39
 410.20  2.40
 410.90  2.40
 411.60  2.40
 412.30  2.40
 413.00  2.41
 413.70  2.41
 414.40  2.41
 415.10  2.41
 415.80  2.42
 416.50  2.42
 417.20  2.42
 417.90  2.43
 418.60  2.43
 419.30  2.43
 420.00  2.43
 420.70  2.44
 421.40  2.44
 422.10  2.44
 422.80  2.44
 423.50  2.45
 424.20  2.45
 424.90  2.45
 425.60  2.46
 426.30  2.46
 427.00  2.46
 427.70  2.46
 428.40  2.47
 429.10  2.47
 429.80  2.47
 430.50  2.47
 431.20  2.48
 431.90  2.48
 432.60  2.48
 433.30  2.49
 434.00  2.49
 434.70  2.49
 435.40  2.49
 436.10  2.50
 436.80  2.50
 437.50  2.50
 438.20  2.50
 438.90  2.51
 439.60  2.51
 440.30  2.51
 441.00  2.51
 441.70  2.52
 442.40  2.52
 443.10  2.52
 443.80  2.52
 444.50  2.53
 445.20  2.53
 445.90  2.53
 446.60  2.53
 447.30  2.54
 448.00  2.54
 448.70  2.54
 449.40  2.54
 450.10  2.55
 450.80  2.55
 451.50  2.55
 452.20  2.55
 452.90  2.56
 453.60  2.56
 454.30  2.56
 455.00  2.56
 455.70  2.57
 456.40  2.57
 457.10  2.57
 457.80  2.57
 458.50  2.58
 459.20  2.58
 459.90  2.58
 460.60  2.58
 461.30  2.59
 462.00  2.59
 462.70  2.59
 463.40  2.59
 464.10  2.60
 464.80  2.60
 465.50  2.60
 466.20  2.60
 466.90  2.61
 467.60  2.61
 468.30  2.61
 469.00  2.61
 469.70  2.62
 470.40  2.62
 471.10  2.62
 471.80  2.62
 472.50  2.63
 473.20  2.63
 473.90  2.63
 474.60  2.63
 475.30  2.64
 476.00  2.64
 476.70  2.64
 477.40  2.64
 478.10  2.64
 478.80  2.65
 479.50  2.65
 480.20  2.65
 480.90  2.65
 481.60  2.66
 482.30  2.66
 483.00  2.66
 483.70  2.66
 484.40  2.67
 485.10  2.67
 485.80  2.67
 486.50  2.67
 487.20  2.67
 487.90  2.68
 488.60  2.68
 489.30  2.68
 490.00  2.68
 490.70  2.69
 491.40  2.69
 492.10  2.69
 492.80  2.69
 493.50  2.69
 494.20  2.70
 494.90  2.70
 495.60  2.70
 496.30  2.70
 497.00  2.71
 497.70  2.71
 498.40  2.71
 499.10  2.71
 499.80  2.71
 500.50  2.72
 501.20  2.72
 501.90  2.72
 502.60  2.72
 503.30  2.73
 504.00  2.73
 504.70  2.73
 505.40  2.73
 506.10  2.73
 506.80  2.74
 507.50  2.74
 508.20  2.74
 508.90  2.74
 509.60  2.74
 510.30  2.75
 511.00  2.75
 511.70  2.75
 512.40  2.75
 513.10  2.75
 513.80  2.76
 514.50  2.76
 515.20  2.76
 515.90  2.76
 516.60  2.77
 517.30  2.77
 518.00  2.77
 518.70  2.77
 519.40  2.77
 520.10  2.78
 520.80  2.78
 521.50  2.78
 522.20  2.78
 522.90  2.78
 523.60  2.79
 524.30  2.79
 525.00  2.79
 525.70  2.79
 526.40  2.79
 527.10  2.80
 527.80  2.80
 528.50  2.80
 529.20  2.80
 529.90  2.80
 530.60  2.81
 531.30  2.81
 532.00  2.81
 532.70  2.81
 533.40  2.81
 534.10  2.82
 534.80  2.82
 535.50  2.82
 536.20  2.82
 536.90  2.82
 537.60  2.82
 538.30  2.83
 539.00  2.83
 539.70  2.83
 540.40  2.83
 541.10  2.83
 541.80  2.84
 542.50  2.84
 543.20  2.84
 543.90  2.84
 544.60  2.84
 545.30  2.85
 546.00  2.85
 546.70  2.85
 547.40  2.85
 548.10  2.85
 548.80  2.86
 549.50  2.86
 550.20  2.86
 550.90  2.86
 551.60  2.86
 552.30  2.86
 553.00  2.87
 553.70  2.87
 554.40  2.87
 555.10  2.87
 555.80  2.87
 556.50  2.88
 557.20  2.88
 557.90  2.88
 558.60  2.88
 559.30  2.88
 560.00  2.88
 560.70  2.89
 561.40  2.89
 562.10  2.89
 562.80  2.89
 563.50  2.89
 564.20  2.89
 564.90  2.90
 565.60  2.90
 566.30  2.90
 567.00  2.90
 567.70  2.90
 568.40  2.91
 569.10  2.91
 569.80  2.91
 570.50  2.91
 571.20  2.91
 571.90  2.91
 572.60  2.92
 573.30  2.92
 574.00  2.92
 574.70  2.92
 575.40  2.92
 576.10  2.92
 576.80  2.93
 577.50  2.93
 578.20  2.93
 578.90  2.93
 579.60  2.93
 580.30  2.93
 581.00  2.94
 581.70  2.94
 582.40  2.94
 583.10  2.94
 583.80  2.94
 584.50  2.94
 585.20  2.95
 585.90  2.95
 586.60  2.95
 587.30  2.95
 588.00  2.95
 588.70  2.95
 589.40  2.95
 590.10  2.96
 590.80  2.96
 591.50  2.96
 592.20  2.96
 592.90  2.96
 593.60  2.96
 594.30  2.97
 595.00  2.97
 595.70  2.97
 596.40  2.97
 597.10  2.97
 597.80  2.97
 598.50  2.98
 599.20  2.98
 599.90  2.98
 600.60  2.98
 601.30  2.98
 602.00  2.98
 602.70  2.98
 603.40  2.99
 604.10  2.99
 604.80  2.99
 605.50  2.99
 606.20  2.99
 606.90  2.99
 607.60  2.99
 608.30  3.00
 609.00  3.00
 609.70  3.00
 610.40  3.00
 611.10  3.00
 611.80  3.00
 612.50  3.01
 613.20  3.01
 613.90  3.01
 614.60  3.01
 615.30  3.01
 616.00  3.01
 616.70  3.01
 617.40  3.02
 618.10  3.02
 618.80  3.02
 619.50  3.02
 620.20  3.02
 620.90  3.02
 621.60  3.02
 622.30  3.03
 623.00  3.03
 623.70  3.03
 624.40  3.03
 625.10  3.03
 625.80  3.03
 626.50  3.03
 627.20  3.04
 627.90  3.04
 628.60  3.04
 629.30  3.04
 630.00  3.04
 630.70  3.04
 631.40  3.04
 632.10  3.04
 632.80  3.05
 633.50  3.05
 634.20  3.05
 634.90  3.05
 635.60  3.05
 636.30  3.05
 637.00  3.05
 637.70  3.06
 638.40  3.06
 639.10  3.06
 639.80  3.06
 640.50  3.06
 641.20  3.06
 641.90  3.06
 642.60  3.06
 643.30  3.07
 644.00  3.07
 644.70  3.07
 645.40  3.07
 646.10  3.07
 646.80  3.07
 647.50  3.07
 648.20  3.07
 648.90  3.08
 649.60  3.08
 650.30  3.08
 651.00  3.08
 651.70  3.08
 652.40  3.08
 653.10  3.08
 653.80  3.08
 654.50  3.09
 655.20  3.09
 655.90  3.09
 656.60  3.09
 657.30  3.09
 658.00  3.09
 658.70  3.09
 659.40  3.09
 660.10  3.10
 660.80  3.10
 661.50  3.10
 662.20  3.10
 662.90  3.10
 663.60  3.10
 664.30  3.10
 665.00  3.10
 665.70  3.11
 666.40  3.11
 667.10  3.11
 667.80  3.11
 668.50  3.11
 669.20  3.11
 669.90  3.11
 670.60  3.11
 671.30  3.12
 672.00  3.12
 672.70  3.12
 673.40  3.12
 674.10  3.12
 674.80  3.12
 675.50  3.12
 676.20  3.12
 676.90  3.12
 677.60  3.13
 678.30  3.13
 679.00  3.13
 679.70  3.13
 680.40  3.13
 681.10  3.13
 681.80  3.13
 682.50  3.13
 683.20  3.13
 683.90  3.14
 684.60  3.14
 685.30  3.14
 686.00  3.14
 686.70  3.14
 687.40  3.14
 688.10  3.14
 688.80  3.14
 689.50  3.14
 690.20  3.15
 690.90  3.15
 691.60  3.15
 692.30  3.15
 693.00  3.15
 693.70  3.15
 694.40  3.15
 695.10  3.15
 695.80  3.15
 696.50  3.15
 697.20  3.16
 697.90  3.16
 698.60  3.16
 699.30  3.16
 700.00  3.16
 700.70  3.16
 701.40  3.16
 702.10  3.16
 702.80  3.16
 703.50  3.16
 704.20  3.17
 704.90  3.17
 705.60  3.17
 706.30  3.17
 707.00  3.17
 707.70  3.17
 708.40  3.17
 709.10  3.17
 709.80  3.17
 710.50  3.17
 711.20  3.18
 711.90  3.18
 712.60  3.18
 713.30  3.18
 714.00  3.18
 714.70  3.18
 715.40  3.18
 716.10  3.18
 716.80  3.18
 717.50  3.18
 718.20  3.19
 718.90  3.19
 719.60  3.19
 720.30  3.19
 721.00  3.19
 721.70  3.19
 722.40  3.19
 723.10  3.19
 723.80  3.19
 724.50  3.19
 725.20  3.20
 725.90  3.20
 726.60  3.20
 727.30  3.20
 728.00  3.20
 728.70  3.20
 729.40  3.20
 730.10  3.20
 730.80  3.20
 731.50  3.20
 732.20  3.20
 732.90  3.21
 733.60  3.21
 734.30  3.21
 735.00  3.21
 735.70  3.21
 736.40  3.21
 737.10  3.21
 737.80  3.21
 738.50  3.21
 739.20  3.21
 739.90  3.21
 740.60  3.21
 741.30  3.22
 742.00  3.22
 742.70  3.22
 743.40  3.22
 744.10  3.22
 744.80  3.22
 745.50  3.22
 746.20  3.22
 746.90  3.22
 747.60  3.22
 748.30  3.22
 749.00  3.23
 749.70  3.23
 750.40  3.23
 751.10  3.23
 751.80  3.23
 752.50  3.23
 753.20  3.23
 753.90  3.23
 754.60  3.23
 755.30  3.23
 756.00  3.23
 756.70  3.23
 757.40  3.23
 758.10  3.24
 758.80  3.24
 759.50  3.24
 760.20  3.24
 760.90  3.24
 761.60  3.24
 762.30  3.24
 763.00  3.24
 763.70  3.24
 764.40  3.24
 765.10  3.24
 765.80  3.24
 766.50  3.25
 767.20  3.25
 767.90  3.25
 768.60  3.25
 769.30  3.25
 770.00  3.25
 770.70  3.25
 771.40  3.25
 772.10  3.25
 772.80  3.25
 773.50  3.25
 774.20  3.25
 774.90  3.25
 775.60  3.26
 776.30  3.26
 777.00  3.26
 777.70  3.26
 778.40  3.26
 779.10  3.26
 779.80  3.26
 780.50  3.26
 781.20  3.26
 781.90  3.26
 782.60  3.26
 783.30  3.26
 784.00  3.26
 784.70  3.26
 785.40  3.27
 786.10  3.27
 786.80  3.27
 787.50  3.27
 788.20  3.27
 788.90  3.27
 789.60  3.27
 790.30  3.27
 791.00  3.27
 791.70  3.27
 792.40  3.27
 793.10  3.27
 793.80  3.27
 794.50  3.27
 795.20  3.28
 795.90  3.28
 796.60  3.28
 797.30  3.28
 798.00  3.28
 798.70  3.28
 799.40  3.28
 800.10  3.28
 800.80  3.28
 801.50  3.28
 802.20  3.28
 802.90  3.28
 803.60  3.28
 804.30  3.28
 805.00  3.28
 805.70  3.29
 806.40  3.29
 807.10  3.29
 807.80  3.29
 808.50  3.29
 809.20  3.29
 809.90  3.29
 810.60  3.29
 811.30  3.29
 812.00  3.29
 812.70  3.29
 813.40  3.29
 814.10  3.29
 814.80  3.29
 815.50  3.29
 816.20  3.29
 816.90  3.30
 817.60  3.30
 818.30  3.30
 819.00  3.30
 819.70  3.30
 820.40  3.30
 821.10  3.30
 821.80  3.30
 822.50  3.30
 823.20  3.30
 823.90  3.30
 824.60  3.30
 825.30  3.30
 826.00  3.30
 826.70  3.30
 827.40  3.30
 828.10  3.31
 828.80  3.31
 829.50  3.31
 830.20  3.31
 830.90  3.31
 831.60  3.31
 832.30  3.31
 833.00  3.31
 833.70  3.31
 834.40  3.31
 835.10  3.31
 835.80  3.31
 836.50  3.31
 837.20  3.31
 837.90  3.31
 838.60  3.31
 839.30  3.31
 840.00  3.31
 840.70  3.32
 841.40  3.32
 842.10  3.32
 842.80  3.32
 843.50  3.32
 844.20  3.32
 844.90  3.32
 845.60  3.32
 846.30  3.32
 847.00  3.32
 847.70  3.32
 848.40  3.32
 849.10  3.32
 849.80  3.32
 850.50  3.32
 851.20  3.32
 851.90  3.32
 852.60  3.32
 853.30  3.33
 854.00  3.33
 854.70  3.33
 855.40  3.33
 856.10  3.33
 856.80  3.33
 857.50  3.33
 858.20  3.33
 858.90  3.33
 859.60  3.33
 860.30  3.33
 861.00  3.33
 861.70  3.33
 862.40  3.33
 863.10  3.33
 863.80  3.33
 864.50  3.33
 865.20  3.33
 865.90  3.33
 866.60  3.34
 867.30  3.34
 868.00  3.34
 868.70  3.34
 869.40  3.34
 870.10  3.34
 870.80  3.34
 871.50  3.34
 872.20  3.34
 872.90  3.34
 873.60  3.34
 874.30  3.34
 875.00  3.34
 875.70  3.34
 876.40  3.34
 877.10  3.34
 877.80  3.34
 878.50  3.34
 879.20  3.34
 879.90  3.34
 880.60  3.34
 881.30  3.35
 882.00  3.35
 882.70  3.35
 883.40  3.35
 884.10  3.35
 884.80  3.35
 885.50  3.35
 886.20  3.35
 886.90  3.35
 887.60  3.35
 888.30  3.35
 889.00  3.35
 889.70  3.35
 890.40  3.35
 891.10  3.35
 891.80  3.35
 892.50  3.35
 893.20  3.35
 893.90  3.35
 894.60  3.35
 895.30  3.35
 896.00  3.35
 896.70  3.36
 897.40  3.36
 898.10  3.36
 898.80  3.36
 899.50  3.36
 900.20  3.36
 900.90  3.36
 901.60  3.36
 902.30  3.36
 903.00  3.36
 903.70  3.36
 904.40  3.36
 905.10  3.36
 905.80  3.36
 906.50  3.36
 907.20  3.36
 907.90  3.36
 908.60  3.36
 909.30  3.36
 910.00  3.36
 910.70  3.36
 911.40  3.36
 912.10  3.36
 912.80  3.36
 913.50  3.37
 914.20  3.37
 914.90  3.37
 915.60  3.37
 916.30  3.37
 917.00  3.37
 917.70  3.37
 918.40  3.37
 919.10  3.37
 919.80  3.37
 920.50  3.37
 921.20  3.37
 921.90  3.37
 922.60  3.37
 923.30  3.37
 924.00  3.37
 924.70  3.37
 925.40  3.37
 926.10  3.37
 926.80  3.37
 927.50  3.37
 928.20  3.37
 928.90  3.37
 929.60  3.37
 930.30  3.37
 931.00  3.37
 931.70  3.38
 932.40  3.38
 933.10  3.38
 933.80  3.38
 934.50  3.38
 935.20  3.38
 935.90  3.38
 936.60  3.38
 937.30  3.38
 938.00  3.38
 938.70  3.38
 939.40  3.38
 940.10  3.38
 940.80  3.38
 941.50  3.38
 942.20  3.38
 942.90  3.38
 943.60  3.38
 944.30  3.38
 945.00  3.38
 945.70  3.38
 946.40  3.38
 947.10  3.38
 947.80  3.38
 948.50  3.38
 949.20  3.38
 949.90  3.38
 950.60  3.38
 951.30  3.38
 952.00  3.39
 952.70  3.39
 953.40  3.39
 954.10  3.39
 954.80  3.39
 955.50  3.39
 956.20  3.39
 956.90  3.39
 957.60  3.39
 958.30  3.39
 959.00  3.39
 959.70  3.39
 960.40  3.39
 961.10  3.39
 961.80  3.39
 962.50  3.39
 963.20  3.39
 963.90  3.39
 964.60  3.39
 965.30  3.39
 966.00  3.39
 966.70  3.39
 967.40  3.39
 968.10  3.39
 968.80  3.39
 969.50  3.39
 970.20  3.39
 970.90  3.39
 971.60  3.39
 972.30  3.39
 973.00  3.39
 973.70  3.40
 974.40  3.40
 975.10  3.40
 975.80  3.40
 976.50  3.40
 977.20  3.40
 977.90  3.40
 978.60  3.40
 979.30  3.40
 980.00  3.40
 980.70  3.40
 981.40  3.40
 982.10  3.40
 982.80  3.40
 983.50  3.40
 984.20  3.40
 984.90  3.40
 985.60  3.40
 986.30  3.40
 987.00  3.40
 987.70  3.40
 988.40  3.40
 989.10  3.40
 989.80  3.40
 990.50  3.40
 991.20  3.40
 991.90  3.40
 992.60  3.40
 993.30  3.40
 994.00  3.40
 994.70  3.40
 995.40  3.40
 996.10  3.40
 996.80  3.40
 997.50  3.40
 998.20  3.41
 998.90  3.41
 999.60  3.41
 1000.30  3.41
 1001.00  3.41
 1001.70  3.41
 1002.40  3.41
 1003.10  3.41
 1003.80  3.41
 1004.50  3.41
 1005.20  3.41
 1005.90  3.41
 1006.60  3.41
 1007.30  3.41
 1008.00  3.41
 1008.70  3.41
 1009.40  3.41
 1010.10  3.41
 1010.80  3.41
 1011.50  3.41
 1012.20  3.41
 1012.90  3.41
 1013.60  3.41
 1014.30  3.41
 1015.00  3.41
 1015.70  3.41
 1016.40  3.41
 1017.10  3.41
 1017.80  3.41
 1018.50  3.41
 1019.20  3.41
 1019.90  3.41
 1020.60  3.41
 1021.30  3.41
 1022.00  3.41
 1022.70  3.41
 1023.40  3.41
 1024.10  3.41
 1024.80  3.41
 1025.50  3.41
 1026.20  3.42
 1026.90  3.42
 1027.60  3.42
 1028.30  3.42
 1029.00  3.42
 1029.70  3.42
 1030.40  3.42
 1031.10  3.42
 1031.80  3.42
 1032.50  3.42
 1033.20  3.42
 1033.90  3.42
 1034.60  3.42
 1035.30  3.42
 1036.00  3.42
 1036.70  3.42
 1037.40  3.42
 1038.10  3.42
 1038.80  3.42
 1039.50  3.42
 1040.20  3.42
 1040.90  3.42
 1041.60  3.42
 1042.30  3.42
 1043.00  3.42
 1043.70  3.42
 1044.40  3.42
 1045.10  3.42
 1045.80  3.42
 1046.50  3.42
 1047.20  3.42
 1047.90  3.42
 1048.60  3.42
 1049.30  3.42
 1050.00  3.42
 1050.70  3.42
 1051.40  3.42
 1052.10  3.42
 1052.80  3.42
 1053.50  3.42
 1054.20  3.42
 1054.90  3.42
 1055.60  3.42
 1056.30  3.42
 1057.00  3.42
 1057.70  3.42
 1058.40  3.43
 1059.10  3.43
 1059.80  3.43
 1060.50  3.43
 1061.20  3.43
 1061.90  3.43
 1062.60  3.43
 1063.30  3.43
 1064.00  3.43
 1064.70  3.43
 1065.40  3.43
 1066.10  3.43
 1066.80  3.43
 1067.50  3.43
 1068.20  3.43
 1068.90  3.43
 1069.60  3.43
 1070.30  3.43
 1071.00  3.43
 1071.70  3.43
 1072.40  3.43
 1073.10  3.43
 1073.80  3.43
 1074.50  3.43
 1075.20  3.43
 1075.90  3.43
 1076.60  3.43
 1077.30  3.43
 1078.00  3.43
 1078.70  3.43
 1079.40  3.43
 1080.10  3.43
 1080.80  3.43
 1081.50  3.43
 1082.20  3.43
 1082.90  3.43
 1083.60  3.43
 1084.30  3.43
 1085.00  3.43
 1085.70  3.43
 1086.40  3.43
 1087.10  3.43
 1087.80  3.43
 1088.50  3.43
 1089.20  3.43
 1089.90  3.43
 1090.60  3.43
 1091.30  3.43
 1092.00  3.43
 1092.70  3.43
 1093.40  3.43
 1094.10  3.43
 1094.80  3.43
 1095.50  3.43
 1096.20  3.44
 1096.90  3.44
 1097.60  3.44
 1098.30  3.44
 1099.00  3.44
 1099.70  3.44
 1100.40  3.44
 1101.10  3.44
 1101.80  3.44
 1102.50  3.44
 1103.20  3.44
 1103.90  3.44
 1104.60  3.44
 1105.30  3.44
 1106.00  3.44
 1106.70  3.44
 1107.40  3.44
 1108.10  3.44
 1108.80  3.44
 1109.50  3.44
 1110.20  3.44
 1110.90  3.44
 1111.60  3.44
 1112.30  3.44
 1113.00  3.44
 1113.70  3.44
 1114.40  3.44
 1115.10  3.44
 1115.80  3.44
 1116.50  3.44
 1117.20  3.44
 1117.90  3.44
 1118.60  3.44
 1119.30  3.44
 1120.00  3.44
 1120.70  3.44
 1121.40  3.44
 1122.10  3.44
 1122.80  3.44
 1123.50  3.44
 1124.20  3.44
 1124.90  3.44
 1125.60  3.44
 1126.30  3.44
 1127.00  3.44
 1127.70  3.44
 1128.40  3.44
 1129.10  3.44
 1129.80  3.44
 1130.50  3.44
 1131.20  3.44
 1131.90  3.44
 1132.60  3.44
 1133.30  3.44
 1134.00  3.44
 1134.70  3.44
 1135.40  3.44
 1136.10  3.44
 1136.80  3.44
 1137.50  3.44
 1138.20  3.44
 1138.90  3.44
 1139.60  3.44
 1140.30  3.44
 1141.00  3.44
 1141.70  3.44
 1142.40  3.44
 1143.10  3.45
 1143.80  3.45
 1144.50  3.45
 1145.20  3.45
 1145.90  3.45
 1146.60  3.45
 1147.30  3.45
 1148.00  3.45
 1148.70  3.45
 1149.40  3.45
 1150.10  3.45
 1150.80  3.45
 1151.50  3.45
 1152.20  3.45
 1152.90  3.45
 1153.60  3.45
 1154.30  3.45
 1155.00  3.45
 1155.70  3.45
 1156.40  3.45
 1157.10  3.45
 1157.80  3.45
 1158.50  3.45
 1159.20  3.45
 1159.90  3.45
 1160.60  3.45
 1161.30  3.45
 1162.00  3.45
 1162.70  3.45
 1163.40  3.45
 1164.10  3.45
 1164.80  3.45
 1165.50  3.45
 1166.20  3.45
 1166.90  3.45
 1167.60  3.45
 1168.30  3.45
 1169.00  3.45
 1169.70  3.45
 1170.40  3.45
 1171.10  3.45
 1171.80  3.45
 1172.50  3.45
 1173.20  3.45
 1173.90  3.45
 1174.60  3.45
 1175.30  3.45
 1176.00  3.45
 1176.70  3.45
 1177.40  3.45
 1178.10  3.45
 1178.80  3.45
 1179.50  3.45
 1180.20  3.45
 1180.90  3.45
 1181.60  3.45
 1182.30  3.45
 1183.00  3.45
 1183.70  3.45
 1184.40  3.45
 1185.10  3.45
 1185.80  3.45
 1186.50  3.45
 1187.20  3.45
 1187.90  3.45
 1188.60  3.45
 1189.30  3.45
 1190.00  3.45
 1190.70  3.45
 1191.40  3.45
 1192.10  3.45
 1192.80  3.45
 1193.50  3.45
 1194.20  3.45
 1194.90  3.45
 1195.60  3.45
 1196.30  3.45
 1197.00  3.45
 1197.70  3.45
 1198.40  3.45
 1199.10  3.45
 1199.80  3.45
 1200.50  3.45
 1201.20  3.45
 1201.90  3.45
 1202.60  3.45
 1203.30  3.45
 1204.00  3.46
 1204.70  3.46
 1205.40  3.46
 1206.10  3.46
 1206.80  3.46
 1207.50  3.46
 1208.20  3.46
 1208.90  3.46
 1209.60  3.46
 1210.30  3.46
 1211.00  3.46
 1211.70  3.46
 1212.40  3.46
 1213.10  3.46
 1213.80  3.46
 1214.50  3.46
 1215.20  3.46
 1215.90  3.46
 1216.60  3.46
 1217.30  3.46
 1218.00  3.46
 1218.70  3.46
 1219.40  3.46
 1220.10  3.46
 1220.80  3.46
 1221.50  3.46
 1222.20  3.46
 1222.90  3.46
 1223.60  3.46
 1224.30  3.46
 1225.00  3.46
 1225.70  3.46
 1226.40  3.46
 1227.10  3.46
 1227.80  3.46
 1228.50  3.46
 1229.20  3.46
 1229.90  3.46
 1230.60  3.46
 1231.30  3.46
 1232.00  3.46
 1232.70  3.46
 1233.40  3.46
 1234.10  3.46
 1234.80  3.46
 1235.50  3.46
 1236.20  3.46
 1236.90  3.46
 1237.60  3.46
 1238.30  3.46
 1239.00  3.46
 1239.70  3.46
 1240.40  3.46
 1241.10  3.46
 1241.80  3.46
 1242.50  3.46
 1243.20  3.46
 1243.90  3.46
 1244.60  3.46
 1245.30  3.46
 1246.00  3.46
 1246.70  3.46
 1247.40  3.46
 1248.10  3.46
 1248.80  3.46
 1249.50  3.46
 1250.20  3.46
 1250.90  3.46
 1251.60  3.46
 1252.30  3.46
 1253.00  3.46
 1253.70  3.46
 1254.40  3.46
 1255.10  3.46
 1255.80  3.46
 1256.50  3.46
 1257.20  3.46
 1257.90  3.46
 1258.60  3.46
 1259.30  3.46
 1260.00  3.46
 1260.70  3.46
 1261.40  3.46
 1262.10  3.46
 1262.80  3.46
 1263.50  3.46
 1264.20  3.46
 1264.90  3.46
 1265.60  3.46
 1266.30  3.46
 1267.00  3.46
 1267.70  3.46
 1268.40  3.46
 1269.10  3.46
 1269.80  3.46
 1270.50  3.46
 1271.20  3.46
 1271.90  3.46
 1272.60  3.46
 1273.30  3.46
 1274.00  3.46
 1274.70  3.46
 1275.40  3.46
 1276.10  3.46
 1276.80  3.46
 1277.50  3.46
 1278.20  3.46
 1278.90  3.46
 1279.60  3.46
 1280.30  3.46
 1281.00  3.46
 1281.70  3.46
 1282.40  3.46
 1283.10  3.46
 1283.80  3.46
 1284.50  3.46
 1285.20  3.46
 1285.90  3.46
 1286.60  3.46
 1287.30  3.46
 1288.00  3.46
 1288.70  3.46
 1289.40  3.46
 1290.10  3.46
 1290.80  3.46
 1291.50  3.46
 1292.20  3.46
 1292.90  3.47
 1293.60  3.47
 1294.30  3.47
 1295.00  3.47
 1295.70  3.47
 1296.40  3.47
 1297.10  3.47
 1297.80  3.47
 1298.50  3.47
 1299.20  3.47
 1299.90  3.47
 1300.60  3.47
 1301.30  3.47
 1302.00  3.47
 1302.70  3.47
 1303.40  3.47
 1304.10  3.47
 1304.80  3.47
 1305.50  3.47
 1306.20  3.47
 1306.90  3.47
 1307.60  3.47
 1308.30  3.47
 1309.00  3.47
 1309.70  3.47
 1310.40  3.47
 1311.10  3.47
 1311.80  3.47
 1312.50  3.47
 1313.20  3.47
 1313.90  3.47
 1314.60  3.47
 1315.30  3.47
 1316.00  3.47
 1316.70  3.47
 1317.40  3.47
 1318.10  3.47
 1318.80  3.47
 1319.50  3.47
 1320.20  3.47
 1320.90  3.47
 1321.60  3.47
 1322.30  3.47
 1323.00  3.47
 1323.70  3.47
 1324.40  3.47
 1325.10  3.47
 1325.80  3.47
 1326.50  3.47
 1327.20  3.47
 1327.90  3.47
 1328.60  3.47
 1329.30  3.47
 1330.00  3.47
 1330.70  3.47
 1331.40  3.47
 1332.10  3.47
 1332.80  3.47
 1333.50  3.47
 1334.20  3.47
 1334.90  3.47
 1335.60  3.47
 1336.30  3.47
 1337.00  3.47
 1337.70  3.47
 1338.40  3.47
 1339.10  3.47
 1339.80  3.47
 1340.50  3.47
 1341.20  3.47
 1341.90  3.47
 1342.60  3.47
 1343.30  3.47
 1344.00  3.47
 1344.70  3.47
 1345.40  3.47
 1346.10  3.47
 1346.80  3.47
 1347.50  3.47
 1348.20  3.47
 1348.90  3.47
 1349.60  3.47
 1350.30  3.47
 1351.00  3.47
 1351.70  3.47
 1352.40  3.47
 1353.10  3.47
 1353.80  3.47
 1354.50  3.47
 1355.20  3.47
 1355.90  3.47
 1356.60  3.47
 1357.30  3.47
 1358.00  3.47
 1358.70  3.47
 1359.40  3.47
 1360.10  3.47
 1360.80  3.47
 1361.50  3.47
 1362.20  3.47
 1362.90  3.47
 1363.60  3.47
 1364.30  3.47
 1365.00  3.47
 1365.70  3.47
 1366.40  3.47
 1367.10  3.47
 1367.80  3.47
 1368.50  3.47
 1369.20  3.47
 1369.90  3.47
 1370.60  3.47
 1371.30  3.47
 1372.00  3.47
 1372.70  3.47
 1373.40  3.47
 1374.10  3.47
 1374.80  3.47
 1375.50  3.47
 1376.20  3.47
 1376.90  3.47
 1377.60  3.47
 1378.30  3.47
 1379.00  3.47
 1379.70  3.47
 1380.40  3.47
 1381.10  3.47
 1381.80  3.47
 1382.50  3.47
 1383.20  3.47
 1383.90  3.47
 1384.60  3.47
 1385.30  3.47
 1386.00  3.47
 1386.70  3.47
 1387.40  3.47
 1388.10  3.47
 1388.80  3.47
 1389.50  3.47
 1390.20  3.47
 1390.90  3.47
 1391.60  3.47
 1392.30  3.47
 1393.00  3.47
 1393.70  3.47
 1394.40  3.47
 1395.10  3.47
 1395.80  3.47
 1396.50  3.47
 1397.20  3.47
 1397.90  3.47
 1398.60  3.47
 1399.30  3.47
 1400.00  3.47
 1400.70  3.47
 1401.40  3.47
 1402.10  3.47
 1402.80  3.47
 1403.50  3.47
 1404.20  3.47
 1404.90  3.47
 1405.60  3.47
 1406.30  3.47
 1407.00  3.47
 1407.70  3.47
 1408.40  3.47
 1409.10  3.47
 1409.80  3.47
 1410.50  3.47
 1411.20  3.47
 1411.90  3.47
 1412.60  3.47
 1413.30  3.47
 1414.00  3.47
 1414.70  3.47
 1415.40  3.47
 1416.10  3.47
 1416.80  3.47
 1417.50  3.47
 1418.20  3.47
 1418.90  3.47
 1419.60  3.47
 1420.30  3.47
 1421.00  3.47
 1421.70  3.47
 1422.40  3.47
 1423.10  3.47
 1423.80  3.47
 1424.50  3.47
 1425.20  3.47
 1425.90  3.47
 1426.60  3.47
 1427.30  3.47
 1428.00  3.47
 1428.70  3.47
 1429.40  3.47
 1430.10  3.47
 1430.80  3.47
 1431.50  3.47
 1432.20  3.47
 1432.90  3.47
 1433.60  3.47
 1434.30  3.47
 1435.00  3.47
 1435.70  3.47
 1436.40  3.47
 1437.10  3.47
 1437.80  3.47
 1438.50  3.47
 1439.20  3.47
 1439.90  3.47
 1440.60  3.47
 1441.30  3.47
 1442.00  3.47
 1442.70  3.47
 1443.40  3.47
 1444.10  3.47
 1444.80  3.47
 1445.50  3.47
 1446.20  3.47
 1446.90  3.47
 1447.60  3.47
 1448.30  3.47
 1449.00  3.47
 1449.70  3.47
 1450.40  3.47
 1451.10  3.47
 1451.80  3.47
 1452.50  3.47
 1453.20  3.47
 1453.90  3.47
 1454.60  3.47
 1455.30  3.47
 1456.00  3.47
 1456.70  3.47
 1457.40  3.47
 1458.10  3.47
 1458.80  3.47
 1459.50  3.47
 1460.20  3.47
 1460.90  3.47
 1461.60  3.47
 1462.30  3.47
 1463.00  3.48
 1463.70  3.48
 1464.40  3.48
 1465.10  3.48
 1465.80  3.48
 1466.50  3.48
 1467.20  3.48
 1467.90  3.48
 1468.60  3.48
 1469.30  3.48
 1470.00  3.48
 1470.70  3.48
 1471.40  3.48
 1472.10  3.48
 1472.80  3.48
 1473.50  3.48
 1474.20  3.48
 1474.90  3.48
 1475.60  3.48
 1476.30  3.48
 1477.00  3.48
 1477.70  3.48
 1478.40  3.48
 1479.10  3.48
 1479.80  3.48
 1480.50  3.48
 1481.20  3.48
 1481.90  3.48
 1482.60  3.48
 1483.30  3.48
 1484.00  3.48
 1484.70  3.48
 1485.40  3.48
 1486.10  3.48
 1486.80  3.48
 1487.50  3.48
 1488.20  3.48
 1488.90  3.48
 1489.60  3.48
 1490.30  3.48
 1491.00  3.48
 1491.70  3.48
 1492.40  3.48
 1493.10  3.48
 1493.80  3.48
 1494.50  3.48
 1495.20  3.48
 1495.90  3.48
 1496.60  3.48
 1497.30  3.48
 1498.00  3.48
 1498.70  3.48
 1499.40  3.48
 1500.10  3.48
 1500.80  3.48
 1501.50  3.48
 1502.20  3.48
 1502.90  3.48
 1503.60  3.48
 1504.30  3.48
 1505.00  3.48
 1505.70  3.48
 1506.40  3.48
 1507.10  3.48
 1507.80  3.48
 1508.50  3.48
 1509.20  3.48
 1509.90  3.48
 1510.60  3.48
 1511.30  3.48
 1512.00  3.48
 1512.70  3.48
 1513.40  3.48
 1514.10  3.48
 1514.80  3.48
 1515.50  3.48
 1516.20  3.48
 1516.90  3.48
 1517.60  3.48
 1518.30  3.48
 1519.00  3.48
 1519.70  3.48
 1520.40  3.48
 1521.10  3.48
 1521.80  3.48
 1522.50  3.48
 1523.20  3.48
 1523.90  3.48
 1524.60  3.48
 1525.30  3.48
 1526.00  3.48
 1526.70  3.48
 1527.40  3.48
 1528.10  3.48
 1528.80  3.48
 1529.50  3.48
 1530.20  3.48
 1530.90  3.48
 1531.60  3.48
 1532.30  3.48
 1533.00  3.48
 1533.70  3.48
 1534.40  3.48
 1535.10  3.48
 1535.80  3.48
 1536.50  3.48
 1537.20  3.48
 1537.90  3.48
 1538.60  3.48
 1539.30  3.48
 1540.00  3.48
 1540.70  3.48
 1541.40  3.48
 1542.10  3.48
 1542.80  3.48
 1543.50  3.48
 1544.20  3.48
 1544.90  3.48
 1545.60  3.48
 1546.30  3.48
 1547.00  3.48
 1547.70  3.48
 1548.40  3.48
 1549.10  3.48
 1549.80  3.48
 1550.50  3.48
 1551.20  3.48
 1551.90  3.48
 1552.60  3.48
 1553.30  3.48
 1554.00  3.48
 1554.70  3.48
 1555.40  3.48
 1556.10  3.48
 1556.80  3.48
 1557.50  3.48
 1558.20  3.48
 1558.90  3.48
 1559.60  3.48
 1560.30  3.48
 1561.00  3.48
 1561.70  3.48
 1562.40  3.48
 1563.10  3.48
 1563.80  3.48
 1564.50  3.48
 1565.20  3.48
 1565.90  3.48
 1566.60  3.48
 1567.30  3.48
 1568.00  3.48
 1568.70  3.48
 1569.40  3.48
 1570.10  3.48
 1570.80  3.48
 1571.50  3.48
 1572.20  3.48
 1572.90  3.48
 1573.60  3.48
 1574.30  3.48
 1575.00  3.48
 1575.70  3.48
 1576.40  3.48
 1577.10  3.48
 1577.80  3.48
 1578.50  3.48
 1579.20  3.48
 1579.90  3.48
 1580.60  3.48
 1581.30  3.48
 1582.00  3.48
 1582.70  3.48
 1583.40  3.48
 1584.10  3.48
 1584.80  3.48
 1585.50  3.48
 1586.20  3.48
 1586.90  3.48
 1587.60  3.48
 1588.30  3.48
 1589.00  3.48
 1589.70  3.48
 1590.40  3.48
 1591.10  3.48
 1591.80  3.48
 1592.50  3.48
 1593.20  3.48
 1593.90  3.48
 1594.60  3.48
 1595.30  3.48
 1596.00  3.48
 1596.70  3.48
 1597.40  3.48
 1598.10  3.48
 1598.80  3.48
 1599.50  3.48
 1600.20  3.48
 1600.90  3.48
 1601.60  3.48
 1602.30  3.48
 1603.00  3.48
 1603.70  3.48
 1604.40  3.48
 1605.10  3.48
 1605.80  3.48
 1606.50  3.48
 1607.20  3.48
 1607.90  3.48
 1608.60  3.48
 1609.30  3.48
 1610.00  3.48
 1610.70  3.48
 1611.40  3.48
 1612.10  3.48
 1612.80  3.48
 1613.50  3.48
 1614.20  3.48
 1614.90  3.48
 1615.60  3.48
 1616.30  3.48
 1617.00  3.48
 1617.70  3.48
 1618.40  3.48
 1619.10  3.48
 1619.80  3.48
 1620.50  3.48
 1621.20  3.48
 1621.90  3.48
 1622.60  3.48
 1623.30  3.48
 1624.00  3.48
 1624.70  3.48
 1625.40  3.48
 1626.10  3.48
 1626.80  3.48
 1627.50  3.48
 1628.20  3.48
 1628.90  3.48
 1629.60  3.48
 1630.30  3.48
 1631.00  3.48
 1631.70  3.48
 1632.40  3.48
 1633.10  3.48
 1633.80  3.48
 1634.50  3.48
 1635.20  3.48
 1635.90  3.48
 1636.60  3.48
 1637.30  3.48
 1638.00  3.48
 1638.70  3.48
 1639.40  3.48
 1640.10  3.48
 1640.80  3.48
 1641.50  3.48
 1642.20  3.48
 1642.90  3.48
 1643.60  3.48
 1644.30  3.48
 1645.00  3.48
 1645.70  3.48
 1646.40  3.48
 1647.10  3.48
 1647.80  3.48
 1648.50  3.48
 1649.20  3.48
 1649.90  3.48
 1650.60  3.48
 1651.30  3.48
 1652.00  3.48
 1652.70  3.48
 1653.40  3.48
 1654.10  3.48
 1654.80  3.48
 1655.50  3.48
 1656.20  3.48
 1656.90  3.48
 1657.60  3.48
 1658.30  3.48
 1659.00  3.48
 1659.70  3.48
 1660.40  3.48
 1661.10  3.48
 1661.80  3.48
 1662.50  3.48
 1663.20  3.48
 1663.90  3.48
 1664.60  3.48
 1665.30  3.48
 1666.00  3.48
 1666.70  3.48
 1667.40  3.48
 1668.10  3.48
 1668.80  3.48
 1669.50  3.48
 1670.20  3.48
 1670.90  3.48
 1671.60  3.48
 1672.30  3.48
 1673.00  3.48
 1673.70  3.48
 1674.40  3.48
 1675.10  3.48
 1675.80  3.48
 1676.50  3.48
 1677.20  3.48
 1677.90  3.48
 1678.60  3.48
 1679.30  3.48
 1680.00  3.48
 1680.70  3.48
 1681.40  3.48
 1682.10  3.48
 1682.80  3.48
 1683.50  3.48
 1684.20  3.48
 1684.90  3.48
 1685.60  3.48
 1686.30  3.48
 1687.00  3.48
 1687.70  3.48
 1688.40  3.48
 1689.10  3.48
 1689.80  3.48
 1690.50  3.48
 1691.20  3.48
 1691.90  3.48
 1692.60  3.48
 1693.30  3.48
 1694.00  3.48
 1694.70  3.48
 1695.40  3.48
 1696.10  3.48
 1696.80  3.48
 1697.50  3.48
 1698.20  3.48
 1698.90  3.48
 1699.60  3.48
 1700.30  3.48
 1701.00  3.48
 1701.70  3.48
 1702.40  3.48
 1703.10  3.48
 1703.80  3.48
 1704.50  3.48
 1705.20  3.48
 1705.90  3.48
 1706.60  3.48
 1707.30  3.48
 1708.00  3.48
 1708.70  3.48
 1709.40  3.48
 1710.10  3.48
 1710.80  3.48
 1711.50  3.48
 1712.20  3.48
 1712.90  3.48
 1713.60  3.48
 1714.30  3.48
 1715.00  3.48
 1715.70  3.48
 1716.40  3.48
 1717.10  3.48
 1717.80  3.48
 1718.50  3.48
 1719.20  3.48
 1719.90  3.48
 1720.60  3.48
 1721.30  3.48
 1722.00  3.48
 1722.70  3.48
 1723.40  3.48
 1724.10  3.48
 1724.80  3.48
 1725.50  3.48
 1726.20  3.48
 1726.90  3.48
 1727.60  3.48
 1728.30  3.48
 1729.00  3.48
 1729.70  3.48
 1730.40  3.48
 1731.10  3.48
 1731.80  3.48
 1732.50  3.48
 1733.20  3.48
 1733.90  3.48
 1734.60  3.48
 1735.30  3.48
 1736.00  3.48
 1736.70  3.48
 1737.40  3.48
 1738.10  3.48
 1738.80  3.48
 1739.50  3.48
 1740.20  3.48
 1740.90  3.48
 1741.60  3.48
 1742.30  3.48
 1743.00  3.48
 1743.70  3.48
 1744.40  3.48
 1745.10  3.48
 1745.80  3.48
 1746.50  3.48
 1747.20  3.48
 1747.90  3.48
 1748.60  3.48
 1749.30  3.48
 1750.00  3.48
 1750.70  3.48
 1751.40  3.48
 1752.10  3.48
 1752.80  3.48
 1753.50  3.48
 1754.20  3.48
 1754.90  3.48
 1755.60  3.48
 1756.30  3.48
 1757.00  3.48
 1757.70  3.48
 1758.40  3.48
 1759.10  3.48
 1759.80  3.48
 1760.50  3.48
 1761.20  3.48
 1761.90  3.48
 1762.60  3.48
 1763.30  3.48
 1764.00  3.48
 1764.70  3.48
 1765.40  3.48
 1766.10  3.48
 1766.80  3.48
 1767.50  3.48
 1768.20  3.48
 1768.90  3.48
 1769.60  3.48
 1770.30  3.48
 1771.00  3.48
 1771.70  3.48
 1772.40  3.48
 1773.10  3.48
 1773.80  3.48
 1774.50  3.48
 1775.20  3.48
 1775.90  3.48
 1776.60  3.48
 1777.30  3.48
 1778.00  3.48
 1778.70  3.48
 1779.40  3.48
 1780.10  3.48
 1780.80  3.48
 1781.50  3.48
 1782.20  3.48
 1782.90  3.48
 1783.60  3.48
 1784.30  3.48
 1785.00  3.48
 1785.70  3.48
 1786.40  3.48
 1787.10  3.48
 1787.80  3.48
 1788.50  3.48
 1789.20  3.48
 1789.90  3.48
 1790.60  3.48
 1791.30  3.48
 1792.00  3.48
 1792.70  3.48
 1793.40  3.48
 1794.10  3.48
 1794.80  3.48
 1795.50  3.48
 1796.20  3.48
 1796.90  3.48
 1797.60  3.48
 1798.30  3.48
 1799.00  3.48
 1799.70  3.48
 1800.40  3.48
 1801.10  3.48
 1801.80  3.48
 1802.50  3.48
 1803.20  3.48
 1803.90  3.48
 1804.60  3.48
 1805.30  3.48
 1806.00  3.48
 1806.70  3.48
 1807.40  3.48
 1808.10  3.48
 1808.80  3.48
 1809.50  3.48
 1810.20  3.48
 1810.90  3.48
 1811.60  3.48
 1812.30  3.48
 1813.00  3.48
 1813.70  3.48
 1814.40  3.48
 1815.10  3.48
 1815.80  3.48
 1816.50  3.48
 1817.20  3.48
 1817.90  3.48
 1818.60  3.48
 1819.30  3.48
 1820.00  3.48
 1820.70  3.48
 1821.40  3.48
 1822.10  3.48
 1822.80  3.48
 1823.50  3.48
 1824.20  3.48
 1824.90  3.48
 1825.60  3.48
 1826.30  3.48
 1827.00  3.48
 1827.70  3.48
 1828.40  3.48
 1829.10  3.48
 1829.80  3.48
 1830.50  3.48
 1831.20  3.48
 1831.90  3.48
 1832.60  3.48
 1833.30  3.48
 1834.00  3.48
 1834.70  3.48
 1835.40  3.48
 1836.10  3.48
 1836.80  3.48
 1837.50  3.48
 1838.20  3.48
 1838.90  3.48
 1839.60  3.48
 1840.30  3.48
 1841.00  3.48
 1841.70  3.48
 1842.40  3.48
 1843.10  3.48
 1843.80  3.48
 1844.50  3.48
 1845.20  3.48
 1845.90  3.48
 1846.60  3.48
 1847.30  3.48
 1848.00  3.48
 1848.70  3.48
 1849.40  3.48
 1850.10  3.48
 1850.80  3.48
 1851.50  3.48
 1852.20  3.48
 1852.90  3.48
 1853.60  3.48
 1854.30  3.48
 1855.00  3.48
 1855.70  3.48
 1856.40  3.48
 1857.10  3.48
 1857.80  3.48
 1858.50  3.48
 1859.20  3.48
 1859.90  3.48
 1860.60  3.48
 1861.30  3.48
 1862.00  3.48
 1862.70  3.48
 1863.40  3.48
 1864.10  3.48
 1864.80  3.48
 1865.50  3.48
 1866.20  3.48
 1866.90  3.48
 1867.60  3.48
 1868.30  3.48
 1869.00  3.48
 1869.70  3.48
 1870.40  3.48
 1871.10  3.48
 1871.80  3.48
 1872.50  3.48
 1873.20  3.48
 1873.90  3.48
 1874.60  3.48
 1875.30  3.48
 1876.00  3.48
 1876.70  3.48
 1877.40  3.48
 1878.10  3.48
 1878.80  3.48
 1879.50  3.48
 1880.20  3.48
 1880.90  3.48
 1881.60  3.48
 1882.30  3.48
 1883.00  3.48
 1883.70  3.48
 1884.40  3.48
 1885.10  3.48
 1885.80  3.48
 1886.50  3.48
 1887.20  3.48
 1887.90  3.48
 1888.60  3.48
 1889.30  3.48
 1890.00  3.48
 1890.70  3.48
 1891.40  3.48
 1892.10  3.48
 1892.80  3.48
 1893.50  3.48
 1894.20  3.48
 1894.90  3.48
 1895.60  3.48
 1896.30  3.48
 1897.00  3.48
 1897.70  3.48
 1898.40  3.48
 1899.10  3.48
 1899.80  3.48
 1900.50  3.48
 1901.20  3.48
 1901.90  3.48
 1902.60  3.48
 1903.30  3.48
 1904.00  3.48
 1904.70  3.48
 1905.40  3.48
 1906.10  3.48
 1906.80  3.48
 1907.50  3.48
 1908.20  3.48
 1908.90  3.48
 1909.60  3.48
 1910.30  3.48
 1911.00  3.48
 1911.70  3.48
 1912.40  3.48
 1913.10  3.48
 1913.80  3.48
 1914.50  3.48
 1915.20  3.48
 1915.90  3.48
 1916.60  3.48
 1917.30  3.48
 1918.00  3.48
 1918.70  3.48
 1919.40  3.48
 1920.10  3.48
 1920.80  3.48
 1921.50  3.48
 1922.20  3.48
 1922.90  3.48
 1923.60  3.48
 1924.30  3.48
 1925.00  3.48
 1925.70  3.48
 1926.40  3.48
 1927.10  3.48
 1927.80  3.48
 1928.50  3.48
 1929.20  3.48
 1929.90  3.48
 1930.60  3.48
 1931.30  3.48
 1932.00  3.48
 1932.70  3.48
 1933.40  3.48
 1934.10  3.48
 1934.80  3.48
 1935.50  3.48
 1936.20  3.48
 1936.90  3.48
 1937.60  3.48
 1938.30  3.48
 1939.00  3.48
 1939.70  3.48
 1940.40  3.48
 1941.10  3.48
 1941.80  3.48
 1942.50  3.48
 1943.20  3.48
 1943.90  3.48
 1944.60  3.48
 1945.30  3.48
 1946.00  3.48
 1946.70  3.48
 1947.40  3.48
 1948.10  3.48
 1948.80  3.48
 1949.50  3.48
 1950.20  3.48
 1950.90  3.48
 1951.60  3.48
 1952.30  3.48
 1953.00  3.48
 1953.70  3.48
 1954.40  3.48
 1955.10  3.48
 1955.80  3.48
 1956.50  3.48
 1957.20  3.48
 1957.90  3.48
 1958.60  3.48
 1959.30  3.48
 1960.00  3.48
 1960.70  3.48
 1961.40  3.48
 1962.10  3.48
 1962.80  3.48
 1963.50  3.48
 1964.20  3.48
 1964.90  3.48
 1965.60  3.48
 1966.30  3.48
 1967.00  3.48
 1967.70  3.48
 1968.40  3.48
 1969.10  3.48
 1969.80  3.48
 1970.50  3.48
 1971.20  3.48
 1971.90  3.48
 1972.60  3.48
 1973.30  3.48
 1974.00  3.48
 1974.70  3.48
 1975.40  3.48
 1976.10  3.48
 1976.80  3.48
 1977.50  3.48
 1978.20  3.48
 1978.90  3.48
 1979.60  3.48
 1980.30  3.48
 1981.00  3.48
 1981.70  3.48
 1982.40  3.48
 1983.10  3.48
 1983.80  3.48
 1984.50  3.48
 1985.20  3.48
 1985.90  3.48
 1986.60  3.48
 1987.30  3.48
 1988.00  3.48
 1988.70  3.48
 1989.40  3.48
 1990.10  3.48
 1990.80  3.48
 1991.50  3.48
 1992.20  3.48
 1992.90  3.48
 1993.60  3.48
 1994.30  3.48
 1995.00  3.48
 1995.70  3.48
 1996.40  3.48
 1997.10  3.48
 1997.80  3.48
 1998.50  3.48
 1999.20  3.48
 1999.90  3.48
 2000.60  3.48
 2001.30  3.48
 2002.00  3.48
 2002.70  3.48
 2003.40  3.48
 2004.10  3.48
 2004.80  3.48
 2005.50  3.48
 2006.20  3.48
 2006.90  3.48
 2007.60  3.48
 2008.30  3.48
 2009.00  3.48
 2009.70  3.48
 2010.40  3.48
 2011.10  3.48
 2011.80  3.48
 2012.50  3.48
 2013.20  3.48
 2013.90  3.48
 2014.60  3.48
 2015.30  3.48
 2016.00  3.48
 2016.70  3.48
 2017.40  3.48
 2018.10  3.48
 2018.80  3.48
 2019.50  3.48
 2020.20  3.48
 2020.90  3.48
 2021.60  3.48
 2022.30  3.48
 2023.00  3.48
 2023.70  3.48
 2024.40  3.48
 2025.10  3.48
 2025.80  3.48
 2026.50  3.48
 2027.20  3.48
 2027.90  3.48
 2028.60  3.48
 2029.30  3.48
 2030.00  3.48
 2030.70  3.48
 2031.40  3.48
 2032.10  3.48
 2032.80  3.48
 2033.50  3.48
 2034.20  3.48
 2034.90  3.48
 2035.60  3.48
 2036.30  3.48
 2037.00  3.48
 2037.70  3.48
 2038.40  3.48
 2039.10  3.48
 2039.80  3.48
 2040.50  3.48
 2041.20  3.48
 2041.90  3.48
 2042.60  3.48
 2043.30  3.48
 2044.00  3.48
 2044.70  3.48
 2045.40  3.48
 2046.10  3.48
 2046.80  3.48
 2047.50  3.48
 2048.20  3.48
 2048.90  3.48
 2049.60  3.48
 2050.30  3.48
 2051.00  3.48
 2051.70  3.48
 2052.40  3.48
 2053.10  3.48
 2053.80  3.48
 2054.50  3.48
 2055.20  3.48
 2055.90  3.48
 2056.60  3.48
 2057.30  3.48
 2058.00  3.48
 2058.70  3.48
 2059.40  3.48
 2060.10  3.48
 2060.80  3.48
 2061.50  3.48
 2062.20  3.48
 2062.90  3.48
 2063.60  3.48
 2064.30  3.48
 2065.00  3.48
 2065.70  3.48
 2066.40  3.48
 2067.10  3.48
 2067.80  3.48
 2068.50  3.48
 2069.20  3.48
 2069.90  3.48
 2070.60  3.48
 2071.30  3.48
 2072.00  3.48
 2072.70  3.48
 2073.40  3.48
 2074.10  3.48
 2074.80  3.48
 2075.50  3.48
 2076.20  3.48
 2076.90  3.48
 2077.60  3.48
 2078.30  3.48
 2079.00  3.48
 2079.70  3.48
 2080.40  3.48
 2081.10  3.48
 2081.80  3.48
 2082.50  3.48
 2083.20  3.48
 2083.90  3.48
 2084.60  3.48
 2085.30  3.48
 2086.00  3.48
 2086.70  3.48
 2087.40  3.48
 2088.10  3.48
 2088.80  3.48
 2089.50  3.48
 2090.20  3.48
 2090.90  3.48
 2091.60  3.48
 2092.30  3.48
 2093.00  3.48
 2093.70  3.48
 2094.40  3.48
 2095.10  3.48
 2095.80  3.48
 2096.50  3.48
 2097.20  3.48
 2097.90  3.48
 2098.60  3.48
 2099.30  3.48
 2100.00  3.48
 2100.70  3.48
 2101.40  3.48
 2102.10  3.48
 2102.80  3.48
 2103.50  3.48
 2104.20  3.48
 2104.90  3.48
 2105.60  3.48
 2106.30  3.48
 2107.00  3.48
 2107.70  3.48
 2108.40  3.48
 2109.10  3.48
 2109.80  3.48
 2110.50  3.48
 2111.20  3.48
 2111.90  3.48
 2112.60  3.48
 2113.30  3.48
 2114.00  3.48
 2114.70  3.48
 2115.40  3.48
 2116.10  3.48
 2116.80  3.48
 2117.50  3.48
 2118.20  3.48
 2118.90  3.48
 2119.60  3.48
 2120.30  3.48
 2121.00  3.48
 2121.70  3.48
 2122.40  3.48
 2123.10  3.48
 2123.80  3.48
 2124.50  3.48
 2125.20  3.48
 2125.90  3.48
 2126.60  3.48
 2127.30  3.48
 2128.00  3.48
 2128.70  3.48
 2129.40  3.48
 2130.10  3.48
 2130.80  3.48
 2131.50  3.48
 2132.20  3.48
 2132.90  3.48
 2133.60  3.48
 2134.30  3.48
 2135.00  3.48
 2135.70  3.48
 2136.40  3.48
 2137.10  3.48
 2137.80  3.48
 2138.50  3.48
 2139.20  3.48
 2139.90  3.48
 2140.60  3.48
 2141.30  3.48
 2142.00  3.48
 2142.70  3.48
 2143.40  3.48
 2144.10  3.48
 2144.80  3.48
 2145.50  3.48
 2146.20  3.48
 2146.90  3.48
 2147.60  3.48
 2148.30  3.48
 2149.00  3.48
 2149.70  3.48
 2150.40  3.48
 2151.10  3.48
 2151.80  3.48
 2152.50  3.48
 2153.20  3.48
 2153.90  3.48
 2154.60  3.48
 2155.30  3.48
 2156.00  3.48
 2156.70  3.48
 2157.40  3.48
 2158.10  3.48
 2158.80  3.48
 2159.50  3.48
 2160.20  3.48
 2160.90  3.48
 2161.60  3.48
 2162.30  3.48
 2163.00  3.48
 2163.70  3.48
 2164.40  3.48
 2165.10  3.48
 2165.80  3.48
 2166.50  3.48
 2167.20  3.48
 2167.90  3.48
 2168.60  3.48
 2169.30  3.48
 2170.00  3.48
 2170.70  3.48
 2171.40  3.48
 2172.10  3.48
 2172.80  3.48
 2173.50  3.48
 2174.20  3.48
 2174.90  3.48
 2175.60  3.48
 2176.30  3.48
 2177.00  3.48
 2177.70  3.48
 2178.40  3.48
 2179.10  3.48
 2179.80  3.48
 2180.50  3.48
 2181.20  3.48
 2181.90  3.48
 2182.60  3.48
 2183.30  3.48
 2184.00  3.48
 2184.70  3.48
 2185.40  3.48
 2186.10  3.48
 2186.80  3.48
 2187.50  3.48
 2188.20  3.48
 2188.90  3.48
 2189.60  3.48
 2190.30  3.48
 2191.00  3.48
 2191.70  3.48
 2192.40  3.48
 2193.10  3.48
 2193.80  3.48
 2194.50  3.48
 2195.20  3.48
 2195.90  3.48
 2196.60  3.48
 2197.30  3.48
 2198.00  3.48
 2198.70  3.48
 2199.40  3.48
 2200.10  3.48
 2200.80  3.48
 2201.50  3.48
 2202.20  3.48
 2202.90  3.48
 2203.60  3.48
 2204.30  3.48
 2205.00  3.48
 2205.70  3.48
 2206.40  3.48
 2207.10  3.48
 2207.80  3.48
 2208.50  3.48
 2209.20  3.48
 2209.90  3.48
 2210.60  3.48
 2211.30  3.48
 2212.00  3.48
 2212.70  3.48
 2213.40  3.48
 2214.10  3.48
 2214.80  3.48
 2215.50  3.48
 2216.20  3.48
 2216.90  3.48
 2217.60  3.48
 2218.30  3.48
 2219.00  3.48
 2219.70  3.48
 2220.40  3.48
 2221.10  3.48
 2221.80  3.48
 2222.50  3.48
 2223.20  3.48
 2223.90  3.48
 2224.60  3.48
 2225.30  3.48
 2226.00  3.48
 2226.70  3.48
 2227.40  3.48
 2228.10  3.48
 2228.80  3.48
 2229.50  3.48
 2230.20  3.48
 2230.90  3.48
 2231.60  3.48
 2232.30  3.48
 2233.00  3.48
 2233.70  3.48
 2234.40  3.48
 2235.10  3.48
 2235.80  3.48
 2236.50  3.48
 2237.20  3.48
 2237.90  3.48
 2238.60  3.48
 2239.30  3.48
 2240.00  3.48
 2240.70  3.48
 2241.40  3.48
 2242.10  3.48
 2242.80  3.48
 2243.50  3.48
 2244.20  3.48
 2244.90  3.48
 2245.60  3.48
 2246.30  3.48
 2247.00  3.48
 2247.70  3.48
 2248.40  3.48
 2249.10  3.48
 2249.80  3.48
 2250.50  3.48
 2251.20  3.48
 2251.90  3.48
 2252.60  3.48
 2253.30  3.48
 2254.00  3.48
 2254.70  3.48
 2255.40  3.48
 2256.10  3.48
 2256.80  3.48
 2257.50  3.48
 2258.20  3.48
 2258.90  3.48
 2259.60  3.48
 2260.30  3.48
 2261.00  3.48
 2261.70  3.48
 2262.40  3.48
 2263.10  3.48
 2263.80  3.48
 2264.50  3.48
 2265.20  3.48
 2265.90  3.48
 2266.60  3.48
 2267.30  3.48
 2268.00  3.48
 2268.70  3.48
 2269.40  3.48
 2270.10  3.48
 2270.80  3.48
 2271.50  3.48
 2272.20  3.48
 2272.90  3.48
 2273.60  3.48
 2274.30  3.48
 2275.00  3.48
 2275.70  3.48
 2276.40  3.48
 2277.10  3.48
 2277.80  3.48
 2278.50  3.48
 2279.20  3.48
 2279.90  3.48
 2280.60  3.48
 2281.30  3.48
 2282.00  3.48
 2282.70  3.48
 2283.40  3.48
 2284.10  3.48
 2284.80  3.48
 2285.50  3.48
 2286.20  3.48
 2286.90  3.48
 2287.60  3.48
 2288.30  3.48
 2289.00  3.48
 2289.70  3.48
 2290.40  3.48
 2291.10  3.48
 2291.80  3.48
 2292.50  3.48
 2293.20  3.48
 2293.90  3.48
 2294.60  3.48
 2295.30  3.48
 2296.00  3.48
 2296.70  3.48
 2297.40  3.48
 2298.10  3.48
 2298.80  3.48
 2299.50  3.48
 2300.20  3.48
 2300.90  3.48
 2301.60  3.48
 2302.30  3.48
 2303.00  3.48
 2303.70  3.48
 2304.40  3.48
 2305.10  3.48
 2305.80  3.48
 2306.50  3.48
 2307.20  3.48
 2307.90  3.48
 2308.60  3.48
 2309.30  3.48
 2310.00  3.48
 2310.70  3.48
 2311.40  3.48
 2312.10  3.48
 2312.80  3.48
 2313.50  3.48
 2314.20  3.48
 2314.90  3.48
 2315.60  3.48
 2316.30  3.48
 2317.00  3.48
 2317.70  3.48
 2318.40  3.48
 2319.10  3.48
 2319.80  3.48
 2320.50  3.48
 2321.20  3.48
 2321.90  3.48
 2322.60  3.48
 2323.30  3.48
 2324.00  3.48
 2324.70  3.48
 2325.40  3.48
 2326.10  3.48
 2326.80  3.48
 2327.50  3.48
 2328.20  3.48
 2328.90  3.48
 2329.60  3.48
 2330.30  3.48
 2331.00  3.48
 2331.70  3.48
 2332.40  3.48
 2333.10  3.48
 2333.80  3.48
 2334.50  3.48
 2335.20  3.48
 2335.90  3.48
 2336.60  3.48
 2337.30  3.48
 2338.00  3.48
 2338.70  3.48
 2339.40  3.48
 2340.10  3.48
 2340.80  3.48
 2341.50  3.48
 2342.20  3.48
 2342.90  3.48
 2343.60  3.48
 2344.30  3.48
 2345.00  3.48
 2345.70  3.48
 2346.40  3.48
 2347.10  3.48
 2347.80  3.48
 2348.50  3.48
 2349.20  3.48
 2349.90  3.48
 2350.60  3.48
 2351.30  3.48
 2352.00  3.48
 2352.70  3.48
 2353.40  3.48
 2354.10  3.48
 2354.80  3.48
 2355.50  3.48
 2356.20  3.48
 2356.90  3.48
 2357.60  3.48
 2358.30  3.48
 2359.00  3.48
 2359.70  3.48
 2360.40  3.48
 2361.10  3.48
 2361.80  3.48
 2362.50  3.48
 2363.20  3.48
 2363.90  3.48
 2364.60  3.48
 2365.30  3.48
 2366.00  3.48
 2366.70  3.48
 2367.40  3.48
 2368.10  3.48
 2368.80  3.48
 2369.50  3.48
 2370.20  3.48
 2370.90  3.48
 2371.60  3.48
 2372.30  3.48
 2373.00  3.48
 2373.70  3.48
 2374.40  3.48
 2375.10  3.48
 2375.80  3.48
 2376.50  3.48
 2377.20  3.48
 2377.90  3.48
 2378.60  3.48
 2379.30  3.48
 2380.00  3.48
 2380.70  3.48
 2381.40  3.48
 2382.10  3.48
 2382.80  3.48
 2383.50  3.48
 2384.20  3.48
 2384.90  3.48
 2385.60  3.48
 2386.30  3.48
 2387.00  3.48
 2387.70  3.48
 2388.40  3.48
 2389.10  3.48
 2389.80  3.48
 2390.50  3.48
 2391.20  3.48
 2391.90  3.48
 2392.60  3.48
 2393.30  3.48
 2394.00  3.48
 2394.70  3.48
 2395.40  3.48
 2396.10  3.48
 2396.80  3.48
 2397.50  3.48
 2398.20  3.48
 2398.90  3.48
 2399.60  3.48
 2400.30  3.48
 2401.00  3.48
 2401.70  3.48
 2402.40  3.48
 2403.10  3.48
 2403.80  3.48
 2404.50  3.48
 2405.20  3.48
 2405.90  3.48
 2406.60  3.48
 2407.30  3.48
 2408.00  3.48
 2408.70  3.48
 2409.40  3.48
 2410.10  3.48
 2410.80  3.48
 2411.50  3.48
 2412.20  3.48
 2412.90  3.48
 2413.60  3.48
 2414.30  3.48
 2415.00  3.48
 2415.70  3.48
 2416.40  3.48
 2417.10  3.48
 2417.80  3.48
 2418.50  3.48
 2419.20  3.48
 2419.90  3.48
 2420.60  3.48
 2421.30  3.48
 2422.00  3.48
 2422.70  3.48
 2423.40  3.48
 2424.10  3.48
 2424.80  3.48
 2425.50  3.48
 2426.20  3.48
 2426.90  3.48
 2427.60  3.48
 2428.30  3.48
 2429.00  3.48
 2429.70  3.48
 2430.40  3.48
 2431.10  3.48
 2431.80  3.48
 2432.50  3.48
 2433.20  3.48
 2433.90  3.48
 2434.60  3.48
 2435.30  3.48
 2436.00  3.48
 2436.70  3.48
 2437.40  3.48
 2438.10  3.48
 2438.80  3.48
 2439.50  3.48
 2440.20  3.48
 2440.90  3.48
 2441.60  3.48
 2442.30  3.48
 2443.00  3.48
 2443.70  3.48
 2444.40  3.48
 2445.10  3.48
 2445.80  3.48
 2446.50  3.48
 2447.20  3.48
 2447.90  3.48
 2448.60  3.48
 2449.30  3.48
 2450.00  3.48
 2450.70  3.48
 2451.40  3.48
 2452.10  3.48
 2452.80  3.48
 2453.50  3.48
 2454.20  3.48
 2454.90  3.48
 2455.60  3.48
 2456.30  3.48
 2457.00  3.48
 2457.70  3.48
 2458.40  3.48
 2459.10  3.48
 2459.80  3.48
 2460.50  3.48
 2461.20  3.48
 2461.90  3.48
 2462.60  3.48
 2463.30  3.48
 2464.00  3.48
 2464.70  3.48
 2465.40  3.48
 2466.10  3.48
 2466.80  3.48
 2467.50  3.48
 2468.20  3.48
 2468.90  3.48
 2469.60  3.48
 2470.30  3.48
 2471.00  3.48
 2471.70  3.48
 2472.40  3.48
 2473.10  3.48
 2473.80  3.48
 2474.50  3.48
 2475.20  3.48
 2475.90  3.48
 2476.60  3.48
 2477.30  3.48
 2478.00  3.48
 2478.70  3.48
 2479.40  3.48
 2480.10  3.48
 2480.80  3.48
 2481.50  3.48
 2482.20  3.48
 2482.90  3.48
 2483.60  3.48
 2484.30  3.48
 2485.00  3.48
 2485.70  3.48
 2486.40  3.48
 2487.10  3.48
 2487.80  3.48
 2488.50  3.48
 2489.20  3.48
 2489.90  3.48
 2490.60  3.48
 2491.30  3.48
 2492.00  3.48
 2492.70  3.48
 2493.40  3.48
 2494.10  3.48
 2494.80  3.48
 2495.50  3.48
 2496.20  3.48
 2496.90  3.48
 2497.60  3.48
 2498.30  3.48
 2499.00  3.48
 2499.70  3.48
 2500.40  3.48
 2501.10  3.48
 2501.80  3.48
 2502.50  3.48
 2503.20  3.48
 2503.90  3.48
 2504.60  3.48
 2505.30  3.48
 2506.00  3.48
 2506.70  3.48
 2507.40  3.48
 2508.10  3.48
 2508.80  3.48
 2509.50  3.48
 2510.20  3.48
 2510.90  3.48
 2511.60  3.48
 2512.30  3.48
 2513.00  3.48
 2513.70  3.48
 2514.40  3.48
 2515.10  3.48
 2515.80  3.48
 2516.50  3.48
 2517.20  3.48
 2517.90  3.48
 2518.60  3.48
 2519.30  3.48
 2520.00  3.48
 2520.70  3.48
 2521.40  3.48
 2522.10  3.48
 2522.80  3.48
 2523.50  3.48
 2524.20  3.48
 2524.90  3.48
 2525.60  3.48
 2526.30  3.48
 2527.00  3.48
 2527.70  3.48
 2528.40  3.48
 2529.10  3.48
 2529.80  3.48
 2530.50  3.48
 2531.20  3.48
 2531.90  3.48
 2532.60  3.48
 2533.30  3.48
 2534.00  3.48
 2534.70  3.48
 2535.40  3.48
 2536.10  3.48
 2536.80  3.48
 2537.50  3.48
 2538.20  3.48
 2538.90  3.48
 2539.60  3.48
 2540.30  3.48
 2541.00  3.48
 2541.70  3.48
 2542.40  3.48
 2543.10  3.48
 2543.80  3.48
 2544.50  3.48
 2545.20  3.48
 2545.90  3.48
 2546.60  3.48
 2547.30  3.48
 2548.00  3.48
 2548.70  3.48
 2549.40  3.48
 2550.10  3.48
 2550.80  3.48
 2551.50  3.48
 2552.20  3.48
 2552.90  3.48
 2553.60  3.48
 2554.30  3.48
 2555.00  3.48
 2555.70  3.48
 2556.40  3.48
 2557.10  3.48
 2557.80  3.48
 2558.50  3.48
 2559.20  3.48
 2559.90  3.48
 2560.60  3.48
 2561.30  3.48
 2562.00  3.48
 2562.70  3.48
 2563.40  3.48
 2564.10  3.48
 2564.80  3.48
 2565.50  3.48
 2566.20  3.48
 2566.90  3.48
 2567.60  3.48
 2568.30  3.48
 2569.00  3.48
 2569.70  3.48
 2570.40  3.48
 2571.10  3.48
 2571.80  3.48
 2572.50  3.48
 2573.20  3.48
 2573.90  3.48
 2574.60  3.48
 2575.30  3.48
 2576.00  3.48
 2576.70  3.48
 2577.40  3.48
 2578.10  3.48
 2578.80  3.48
 2579.50  3.48
 2580.20  3.48
 2580.90  3.48
 2581.60  3.48
 2582.30  3.48
 2583.00  3.48
 2583.70  3.48
 2584.40  3.48
 2585.10  3.48
 2585.80  3.48
 2586.50  3.48
 2587.20  3.48
 2587.90  3.48
 2588.60  3.48
 2589.30  3.48
 2590.00  3.48
 2590.70  3.48
 2591.40  3.48
 2592.10  3.48
 2592.80  3.48
 2593.50  3.48
 2594.20  3.48
 2594.90  3.48
 2595.60  3.48
 2596.30  3.48
 2597.00  3.48
 2597.70  3.48
 2598.40  3.48
 2599.10  3.48
 2599.80  3.48
 2600.50  3.48
 2601.20  3.48
 2601.90  3.48
 2602.60  3.48
 2603.30  3.48
 2604.00  3.48
 2604.70  3.48
 2605.40  3.48
 2606.10  3.48
 2606.80  3.48
 2607.50  3.48
 2608.20  3.48
 2608.90  3.48
 2609.60  3.48
 2610.30  3.48
 2611.00  3.48
 2611.70  3.48
 2612.40  3.48
 2613.10  3.48
 2613.80  3.48
 2614.50  3.48
 2615.20  3.48
 2615.90  3.48
 2616.60  3.48
 2617.30  3.48
 2618.00  3.48
 2618.70  3.48
 2619.40  3.48
 2620.10  3.48
 2620.80  3.48
 2621.50  3.48
 2622.20  3.48
 2622.90  3.48
 2623.60  3.48
 2624.30  3.48
 2625.00  3.48
 2625.70  3.48
 2626.40  3.48
 2627.10  3.48
 2627.80  3.48
 2628.50  3.48
 2629.20  3.48
 2629.90  3.48
 2630.60  3.48
 2631.30  3.48
 2632.00  3.48
 2632.70  3.48
 2633.40  3.48
 2634.10  3.48
 2634.80  3.48
 2635.50  3.48
 2636.20  3.48
 2636.90  3.48
 2637.60  3.48
 2638.30  3.48
 2639.00  3.48
 2639.70  3.48
 2640.40  3.48
 2641.10  3.48
 2641.80  3.48
 2642.50  3.48
 2643.20  3.48
 2643.90  3.48
 2644.60  3.48
 2645.30  3.48
 2646.00  3.48
 2646.70  3.48
 2647.40  3.48
 2648.10  3.48
 2648.80  3.48
 2649.50  3.48
 2650.20  3.48
 2650.90  3.48
 2651.60  3.48
 2652.30  3.48
 2653.00  3.48
 2653.70  3.48
 2654.40  3.48
 2655.10  3.48
 2655.80  3.48
 2656.50  3.48
 2657.20  3.48
 2657.90  3.48
 2658.60  3.48
 2659.30  3.48
 2660.00  3.48
 2660.70  3.48
 2661.40  3.48
 2662.10  3.48
 2662.80  3.48
 2663.50  3.48
 2664.20  3.48
 2664.90  3.48
 2665.60  3.48
 2666.30  3.48
 2667.00  3.48
 2667.70  3.48
 2668.40  3.48
 2669.10  3.48
 2669.80  3.48
 2670.50  3.48
 2671.20  3.48
 2671.90  3.48
 2672.60  3.48
 2673.30  3.48
 2674.00  3.48
 2674.70  3.48
 2675.40  3.48
 2676.10  3.48
 2676.80  3.48
 2677.50  3.48
 2678.20  3.48
 2678.90  3.48
 2679.60  3.48
 2680.30  3.48
 2681.00  3.48
 2681.70  3.48
 2682.40  3.48
 2683.10  3.48
 2683.80  3.48
 2684.50  3.48
 2685.20  3.48
 2685.90  3.48
 2686.60  3.48
 2687.30  3.48
 2688.00  3.48
 2688.70  3.48
 2689.40  3.48
 2690.10  3.48
 2690.80  3.48
 2691.50  3.48
 2692.20  3.48
 2692.90  3.48
 2693.60  3.48
 2694.30  3.48
 2695.00  3.48
 2695.70  3.48
 2696.40  3.48
 2697.10  3.48
 2697.80  3.48
 2698.50  3.48
 2699.20  3.48
 2699.90  3.48
 2700.60  3.48
 2701.30  3.48
 2702.00  3.48
 2702.70  3.48
 2703.40  3.48
 2704.10  3.48
 2704.80  3.48
 2705.50  3.48
 2706.20  3.48
 2706.90  3.48
 2707.60  3.48
 2708.30  3.48
 2709.00  3.48
 2709.70  3.48
 2710.40  3.48
 2711.10  3.48
 2711.80  3.48
 2712.50  3.48
 2713.20  3.48
 2713.90  3.48
 2714.60  3.48
 2715.30  3.48
 2716.00  3.48
 2716.70  3.48
 2717.40  3.48
 2718.10  3.48
 2718.80  3.48
 2719.50  3.48
 2720.20  3.48
 2720.90  3.48
 2721.60  3.48
 2722.30  3.48
 2723.00  3.48
 2723.70  3.48
 2724.40  3.48
 2725.10  3.48
 2725.80  3.48
 2726.50  3.48
 2727.20  3.48
 2727.90  3.48
 2728.60  3.48
 2729.30  3.48
 2730.00  3.48
 2730.70  3.48
 2731.40  3.48
 2732.10  3.48
 2732.80  3.48
 2733.50  3.48
 2734.20  3.48
 2734.90  3.48
 2735.60  3.48
 2736.30  3.48
 2737.00  3.48
 2737.70  3.48
 2738.40  3.48
 2739.10  3.48
 2739.80  3.48
 2740.50  3.48
 2741.20  3.48
 2741.90  3.48
 2742.60  3.48
 2743.30  3.48
 2744.00  3.48
 2744.70  3.48
 2745.40  3.48
 2746.10  3.48
 2746.80  3.48
 2747.50  3.48
 2748.20  3.48
 2748.90  3.48
 2749.60  3.48
 2750.30  3.48
 2751.00  3.48
 2751.70  3.48
 2752.40  3.48
 2753.10  3.48
 2753.80  3.48
 2754.50  3.48
 2755.20  3.48
 2755.90  3.48
 2756.60  3.48
 2757.30  3.48
 2758.00  3.48
 2758.70  3.48
 2759.40  3.48
 2760.10  3.48
 2760.80  3.48
 2761.50  3.48
 2762.20  3.48
 2762.90  3.48
 2763.60  3.48
 2764.30  3.48
 2765.00  3.48
 2765.70  3.48
 2766.40  3.48
 2767.10  3.48
 2767.80  3.48
 2768.50  3.48
 2769.20  3.48
 2769.90  3.48
 2770.60  3.48
 2771.30  3.48
 2772.00  3.48
 2772.70  3.48
 2773.40  3.48
 2774.10  3.48
 2774.80  3.48
 2775.50  3.48
 2776.20  3.48
 2776.90  3.48
 2777.60  3.48
 2778.30  3.48
 2779.00  3.48
 2779.70  3.48
 2780.40  3.48
 2781.10  3.48
 2781.80  3.48
 2782.50  3.48
 2783.20  3.48
 2783.90  3.48
 2784.60  3.48
 2785.30  3.48
 2786.00  3.48
 2786.70  3.48
 2787.40  3.48
 2788.10  3.48
 2788.80  3.48
 2789.50  3.48
 2790.20  3.48
 2790.90  3.48
 2791.60  3.48
 2792.30  3.48
 2793.00  3.48
 2793.70  3.48
 2794.40  3.48
 2795.10  3.48
 2795.80  3.48
 2796.50  3.48
 2797.20  3.48
 2797.90  3.48
 2798.60  3.48
 2799.30  3.48
 2800.00  3.48
 2800.70  3.48
 2801.40  3.48
 2802.10  3.48
 2802.80  3.48
 2803.50  3.48
 2804.20  3.48
 2804.90  3.48
 2805.60  3.48
 2806.30  3.48
 2807.00  3.48
 2807.70  3.48
 2808.40  3.48
 2809.10  3.48
 2809.80  3.48
 2810.50  3.48
 2811.20  3.48
 2811.90  3.48
 2812.60  3.48
 2813.30  3.48
 2814.00  3.48
 2814.70  3.48
 2815.40  3.48
 2816.10  3.48
 2816.80  3.48
 2817.50  3.48
 2818.20  3.48
 2818.90  3.48
 2819.60  3.48
 2820.30  3.48
 2821.00  3.48
 2821.70  3.48
 2822.40  3.48
 2823.10  3.48
 2823.80  3.48
 2824.50  3.48
 2825.20  3.48
 2825.90  3.48
 2826.60  3.48
 2827.30  3.48
 2828.00  3.48
 2828.70  3.48
 2829.40  3.48
 2830.10  3.48
 2830.80  3.48
 2831.50  3.48
 2832.20  3.48
 2832.90  3.48
 2833.60  3.48
 2834.30  3.48
 2835.00  3.48
 2835.70  3.48
 2836.40  3.48
 2837.10  3.48
 2837.80  3.48
 2838.50  3.48
 2839.20  3.48
 2839.90  3.48
 2840.60  3.48
 2841.30  3.48
 2842.00  3.48
 2842.70  3.48
 2843.40  3.48
 2844.10  3.48
 2844.80  3.48
 2845.50  3.48
 2846.20  3.48
 2846.90  3.48
 2847.60  3.48
 2848.30  3.48
 2849.00  3.48
 2849.70  3.48
 2850.40  3.48
 2851.10  3.48
 2851.80  3.48
 2852.50  3.48
 2853.20  3.48
 2853.90  3.48
 2854.60  3.48
 2855.30  3.48
 2856.00  3.48
 2856.70  3.48
 2857.40  3.48
 2858.10  3.48
 2858.80  3.48
 2859.50  3.48
 2860.20  3.48
 2860.90  3.48
 2861.60  3.48
 2862.30  3.48
 2863.00  3.48
 2863.70  3.48
 2864.40  3.48
 2865.10  3.48
 2865.80  3.48
 2866.50  3.48
 2867.20  3.48
 2867.90  3.48
 2868.60  3.48
 2869.30  3.48
 2870.00  3.48
 2870.70  3.48
 2871.40  3.48
 2872.10  3.48
 2872.80  3.48
 2873.50  3.48
 2874.20  3.48
 2874.90  3.48
 2875.60  3.48
 2876.30  3.48
 2877.00  3.48
 2877.70  3.48
 2878.40  3.48
 2879.10  3.48
 2879.80  3.48
 2880.50  3.48
 2881.20  3.48
 2881.90  3.48
 2882.60  3.48
 2883.30  3.48
 2884.00  3.48
 2884.70  3.48
 2885.40  3.48
 2886.10  3.48
 2886.80  3.48
 2887.50  3.48
 2888.20  3.48
 2888.90  3.48
 2889.60  3.48
 2890.30  3.48
 2891.00  3.48
 2891.70  3.48
 2892.40  3.48
 2893.10  3.48
 2893.80  3.48
 2894.50  3.48
 2895.20  3.48
 2895.90  3.48
 2896.60  3.48
 2897.30  3.48
 2898.00  3.48
 2898.70  3.48
 2899.40  3.48
 2900.10  3.48
 2900.80  3.48
 2901.50  3.48
 2902.20  3.48
 2902.90  3.48
 2903.60  3.48
 2904.30  3.48
 2905.00  3.48
 2905.70  3.48
 2906.40  3.48
 2907.10  3.48
 2907.80  3.48
 2908.50  3.48
 2909.20  3.48
 2909.90  3.48
 2910.60  3.48
 2911.30  3.48
 2912.00  3.48
 2912.70  3.48
 2913.40  3.48
 2914.10  3.48
 2914.80  3.48
 2915.50  3.48
 2916.20  3.48
 2916.90  3.48
 2917.60  3.48
 2918.30  3.48
 2919.00  3.48
 2919.70  3.48
 2920.40  3.48
 2921.10  3.48
 2921.80  3.48
 2922.50  3.48
 2923.20  3.48
 2923.90  3.48
 2924.60  3.48
 2925.30  3.48
 2926.00  3.48
 2926.70  3.48
 2927.40  3.48
 2928.10  3.48
 2928.80  3.48
 2929.50  3.48
 2930.20  3.48
 2930.90  3.48
 2931.60  3.48
 2932.30  3.48
 2933.00  3.48
 2933.70  3.48
 2934.40  3.48
 2935.10  3.48
 2935.80  3.48
 2936.50  3.48
 2937.20  3.48
 2937.90  3.48
 2938.60  3.48
 2939.30  3.48
 2940.00  3.48
 2940.70  3.48
 2941.40  3.48
 2942.10  3.48
 2942.80  3.48
 2943.50  3.48
 2944.20  3.48
 2944.90  3.48
 2945.60  3.48
 2946.30  3.48
 2947.00  3.48
 2947.70  3.48
 2948.40  3.48
 2949.10  3.48
 2949.80  3.48
 2950.50  3.48
 2951.20  3.48
 2951.90  3.48
 2952.60  3.48
 2953.30  3.48
 2954.00  3.48
 2954.70  3.48
 2955.40  3.48
 2956.10  3.48
 2956.80  3.48
 2957.50  3.48
 2958.20  3.48
 2958.90  3.48
 2959.60  3.48
 2960.30  3.48
 2961.00  3.48
 2961.70  3.48
 2962.40  3.48
 2963.10  3.48
 2963.80  3.48
 2964.50  3.48
 2965.20  3.48
 2965.90  3.48
 2966.60  3.48
 2967.30  3.48
 2968.00  3.48
 2968.70  3.48
 2969.40  3.48
 2970.10  3.48
 2970.80  3.48
 2971.50  3.48
 2972.20  3.48
 2972.90  3.48
 2973.60  3.48
 2974.30  3.48
 2975.00  3.48
 2975.70  3.48
 2976.40  3.48
 2977.10  3.48
 2977.80  3.48
 2978.50  3.48
 2979.20  3.48
 2979.90  3.48
 2980.60  3.48
 2981.30  3.48
 2982.00  3.48
 2982.70  3.48
 2983.40  3.48
 2984.10  3.48
 2984.80  3.48
 2985.50  3.48
 2986.20  3.48
 2986.90  3.48
 2987.60  3.48
 2988.30  3.48
 2989.00  3.48
 2989.70  3.48
 2990.40  3.48
 2991.10  3.48
 2991.80  3.48
 2992.50  3.48
 2993.20  3.48
 2993.90  3.48
 2994.60  3.48
 2995.30  3.48
 2996.00  3.48
 2996.70  3.48
 2997.40  3.48
 2998.10  3.48
 2998.80  3.48
 2999.50  3.48
