#Navio B MarAd
#Manobra de Curva Giro
#
#Eta 
#
#temp      rot 
 0.00  1.00
 0.70  1.00
 1.40  1.00
 2.10  1.00
 2.80  1.00
 3.50  1.00
 4.20  1.00
 4.90  1.00
 5.60  1.00
 6.30  1.00
 7.00  1.00
 7.70  1.00
 8.40  1.00
 9.10  1.00
 9.80  1.01
 10.50  1.01
 11.20  1.01
 11.90  1.01
 12.60  1.01
 13.30  1.01
 14.00  1.01
 14.70  1.01
 15.40  1.01
 16.10  1.01
 16.80  1.01
 17.50  1.01
 18.20  1.01
 18.90  1.01
 19.60  1.01
 20.30  1.01
 21.00  1.01
 21.70  1.01
 22.40  1.01
 23.10  1.01
 23.80  1.01
 24.50  1.02
 25.20  1.02
 25.90  1.02
 26.60  1.02
 27.30  1.02
 28.00  1.02
 28.70  1.02
 29.40  1.02
 30.10  1.02
 30.80  1.02
 31.50  1.02
 32.20  1.02
 32.90  1.02
 33.60  1.02
 34.30  1.02
 35.00  1.02
 35.70  1.02
 36.40  1.02
 37.10  1.03
 37.80  1.03
 38.50  1.03
 39.20  1.03
 39.90  1.03
 40.60  1.03
 41.30  1.03
 42.00  1.03
 42.70  1.03
 43.40  1.03
 44.10  1.03
 44.80  1.03
 45.50  1.03
 46.20  1.03
 46.90  1.03
 47.60  1.04
 48.30  1.04
 49.00  1.04
 49.70  1.04
 50.40  1.04
 51.10  1.04
 51.80  1.04
 52.50  1.04
 53.20  1.04
 53.90  1.04
 54.60  1.04
 55.30  1.04
 56.00  1.04
 56.70  1.05
 57.40  1.05
 58.10  1.05
 58.80  1.05
 59.50  1.05
 60.20  1.05
 60.90  1.05
 61.60  1.05
 62.30  1.05
 63.00  1.05
 63.70  1.05
 64.40  1.06
 65.10  1.06
 65.80  1.06
 66.50  1.06
 67.20  1.06
 67.90  1.06
 68.60  1.06
 69.30  1.06
 70.00  1.06
 70.70  1.06
 71.40  1.07
 72.10  1.07
 72.80  1.07
 73.50  1.07
 74.20  1.07
 74.90  1.07
 75.60  1.07
 76.30  1.07
 77.00  1.07
 77.70  1.08
 78.40  1.08
 79.10  1.08
 79.80  1.08
 80.50  1.08
 81.20  1.08
 81.90  1.08
 82.60  1.08
 83.30  1.09
 84.00  1.09
 84.70  1.09
 85.40  1.09
 86.10  1.09
 86.80  1.09
 87.50  1.09
 88.20  1.09
 88.90  1.10
 89.60  1.10
 90.30  1.10
 91.00  1.10
 91.70  1.10
 92.40  1.10
 93.10  1.10
 93.80  1.11
 94.50  1.11
 95.20  1.11
 95.90  1.11
 96.60  1.11
 97.30  1.11
 98.00  1.11
 98.70  1.12
 99.40  1.12
 100.10  1.12
 100.80  1.12
 101.50  1.12
 102.20  1.12
 102.90  1.13
 103.60  1.13
 104.30  1.13
 105.00  1.13
 105.70  1.13
 106.40  1.13
 107.10  1.14
 107.80  1.14
 108.50  1.14
 109.20  1.14
 109.90  1.14
 110.60  1.14
 111.30  1.15
 112.00  1.15
 112.70  1.15
 113.40  1.15
 114.10  1.15
 114.80  1.16
 115.50  1.16
 116.20  1.16
 116.90  1.16
 117.60  1.16
 118.30  1.16
 119.00  1.17
 119.70  1.17
 120.40  1.17
 121.10  1.17
 121.80  1.17
 122.50  1.18
 123.20  1.18
 123.90  1.18
 124.60  1.18
 125.30  1.18
 126.00  1.19
 126.70  1.19
 127.40  1.19
 128.10  1.19
 128.80  1.19
 129.50  1.20
 130.20  1.20
 130.90  1.20
 131.60  1.20
 132.30  1.21
 133.00  1.21
 133.70  1.21
 134.40  1.21
 135.10  1.21
 135.80  1.22
 136.50  1.22
 137.20  1.22
 137.90  1.22
 138.60  1.23
 139.30  1.23
 140.00  1.23
 140.70  1.23
 141.40  1.23
 142.10  1.24
 142.80  1.24
 143.50  1.24
 144.20  1.24
 144.90  1.25
 145.60  1.25
 146.30  1.25
 147.00  1.25
 147.70  1.26
 148.40  1.26
 149.10  1.26
 149.80  1.26
 150.50  1.27
 151.20  1.27
 151.90  1.27
 152.60  1.27
 153.30  1.28
 154.00  1.28
 154.70  1.28
 155.40  1.28
 156.10  1.29
 156.80  1.29
 157.50  1.29
 158.20  1.29
 158.90  1.30
 159.60  1.30
 160.30  1.30
 161.00  1.30
 161.70  1.31
 162.40  1.31
 163.10  1.31
 163.80  1.31
 164.50  1.32
 165.20  1.32
 165.90  1.32
 166.60  1.32
 167.30  1.33
 168.00  1.33
 168.70  1.33
 169.40  1.34
 170.10  1.34
 170.80  1.34
 171.50  1.34
 172.20  1.35
 172.90  1.35
 173.60  1.35
 174.30  1.35
 175.00  1.36
 175.70  1.36
 176.40  1.36
 177.10  1.37
 177.80  1.37
 178.50  1.37
 179.20  1.37
 179.90  1.38
 180.60  1.38
 181.30  1.38
 182.00  1.39
 182.70  1.39
 183.40  1.39
 184.10  1.39
 184.80  1.40
 185.50  1.40
 186.20  1.40
 186.90  1.41
 187.60  1.41
 188.30  1.41
 189.00  1.41
 189.70  1.42
 190.40  1.42
 191.10  1.42
 191.80  1.43
 192.50  1.43
 193.20  1.43
 193.90  1.43
 194.60  1.44
 195.30  1.44
 196.00  1.44
 196.70  1.45
 197.40  1.45
 198.10  1.45
 198.80  1.46
 199.50  1.46
 200.20  1.46
 200.90  1.46
 201.60  1.47
 202.30  1.47
 203.00  1.47
 203.70  1.48
 204.40  1.48
 205.10  1.48
 205.80  1.49
 206.50  1.49
 207.20  1.49
 207.90  1.50
 208.60  1.50
 209.30  1.50
 210.00  1.50
 210.70  1.51
 211.40  1.51
 212.10  1.51
 212.80  1.52
 213.50  1.52
 214.20  1.52
 214.90  1.53
 215.60  1.53
 216.30  1.53
 217.00  1.54
 217.70  1.54
 218.40  1.54
 219.10  1.55
 219.80  1.55
 220.50  1.55
 221.20  1.55
 221.90  1.56
 222.60  1.56
 223.30  1.56
 224.00  1.57
 224.70  1.57
 225.40  1.57
 226.10  1.58
 226.80  1.58
 227.50  1.58
 228.20  1.59
 228.90  1.59
 229.60  1.59
 230.30  1.60
 231.00  1.60
 231.70  1.60
 232.40  1.61
 233.10  1.61
 233.80  1.61
 234.50  1.62
 235.20  1.62
 235.90  1.62
 236.60  1.63
 237.30  1.63
 238.00  1.63
 238.70  1.64
 239.40  1.64
 240.10  1.64
 240.80  1.65
 241.50  1.65
 242.20  1.65
 242.90  1.66
 243.60  1.66
 244.30  1.66
 245.00  1.66
 245.70  1.67
 246.40  1.67
 247.10  1.67
 247.80  1.68
 248.50  1.68
 249.20  1.68
 249.90  1.69
 250.60  1.69
 251.30  1.69
 252.00  1.70
 252.70  1.70
 253.40  1.70
 254.10  1.71
 254.80  1.71
 255.50  1.71
 256.20  1.72
 256.90  1.72
 257.60  1.72
 258.30  1.73
 259.00  1.73
 259.70  1.73
 260.40  1.74
 261.10  1.74
 261.80  1.74
 262.50  1.75
 263.20  1.75
 263.90  1.75
 264.60  1.76
 265.30  1.76
 266.00  1.76
 266.70  1.77
 267.40  1.77
 268.10  1.77
 268.80  1.78
 269.50  1.78
 270.20  1.78
 270.90  1.79
 271.60  1.79
 272.30  1.79
 273.00  1.80
 273.70  1.80
 274.40  1.80
 275.10  1.81
 275.80  1.81
 276.50  1.81
 277.20  1.82
 277.90  1.82
 278.60  1.82
 279.30  1.83
 280.00  1.83
 280.70  1.83
 281.40  1.84
 282.10  1.84
 282.80  1.84
 283.50  1.85
 284.20  1.85
 284.90  1.85
 285.60  1.86
 286.30  1.86
 287.00  1.86
 287.70  1.87
 288.40  1.87
 289.10  1.87
 289.80  1.88
 290.50  1.88
 291.20  1.88
 291.90  1.89
 292.60  1.89
 293.30  1.89
 294.00  1.90
 294.70  1.90
 295.40  1.90
 296.10  1.91
 296.80  1.91
 297.50  1.91
 298.20  1.92
 298.90  1.92
 299.60  1.92
 300.30  1.93
 301.00  1.93
 301.70  1.93
 302.40  1.94
 303.10  1.94
 303.80  1.94
 304.50  1.95
 305.20  1.95
 305.90  1.95
 306.60  1.96
 307.30  1.96
 308.00  1.96
 308.70  1.97
 309.40  1.97
 310.10  1.97
 310.80  1.98
 311.50  1.98
 312.20  1.98
 312.90  1.99
 313.60  1.99
 314.30  1.99
 315.00  2.00
 315.70  2.00
 316.40  2.00
 317.10  2.01
 317.80  2.01
 318.50  2.01
 319.20  2.02
 319.90  2.02
 320.60  2.02
 321.30  2.03
 322.00  2.03
 322.70  2.03
 323.40  2.04
 324.10  2.04
 324.80  2.04
 325.50  2.05
 326.20  2.05
 326.90  2.05
 327.60  2.06
 328.30  2.06
 329.00  2.06
 329.70  2.07
 330.40  2.07
 331.10  2.07
 331.80  2.08
 332.50  2.08
 333.20  2.08
 333.90  2.09
 334.60  2.09
 335.30  2.09
 336.00  2.10
 336.70  2.10
 337.40  2.10
 338.10  2.11
 338.80  2.11
 339.50  2.11
 340.20  2.12
 340.90  2.12
 341.60  2.12
 342.30  2.13
 343.00  2.13
 343.70  2.13
 344.40  2.14
 345.10  2.14
 345.80  2.14
 346.50  2.15
 347.20  2.15
 347.90  2.15
 348.60  2.16
 349.30  2.16
 350.00  2.16
 350.70  2.17
 351.40  2.17
 352.10  2.17
 352.80  2.17
 353.50  2.18
 354.20  2.18
 354.90  2.18
 355.60  2.19
 356.30  2.19
 357.00  2.19
 357.70  2.20
 358.40  2.20
 359.10  2.20
 359.80  2.21
 360.50  2.21
 361.20  2.21
 361.90  2.22
 362.60  2.22
 363.30  2.22
 364.00  2.23
 364.70  2.23
 365.40  2.23
 366.10  2.23
 366.80  2.24
 367.50  2.24
 368.20  2.24
 368.90  2.25
 369.60  2.25
 370.30  2.25
 371.00  2.26
 371.70  2.26
 372.40  2.26
 373.10  2.27
 373.80  2.27
 374.50  2.27
 375.20  2.28
 375.90  2.28
 376.60  2.28
 377.30  2.28
 378.00  2.29
 378.70  2.29
 379.40  2.29
 380.10  2.30
 380.80  2.30
 381.50  2.30
 382.20  2.31
 382.90  2.31
 383.60  2.31
 384.30  2.31
 385.00  2.32
 385.70  2.32
 386.40  2.32
 387.10  2.33
 387.80  2.33
 388.50  2.33
 389.20  2.34
 389.90  2.34
 390.60  2.34
 391.30  2.35
 392.00  2.35
 392.70  2.35
 393.40  2.35
 394.10  2.36
 394.80  2.36
 395.50  2.36
 396.20  2.37
 396.90  2.37
 397.60  2.37
 398.30  2.37
 399.00  2.38
 399.70  2.38
 400.40  2.38
 401.10  2.39
 401.80  2.39
 402.50  2.39
 403.20  2.40
 403.90  2.40
 404.60  2.40
 405.30  2.40
 406.00  2.41
 406.70  2.41
 407.40  2.41
 408.10  2.42
 408.80  2.42
 409.50  2.42
 410.20  2.42
 410.90  2.43
 411.60  2.43
 412.30  2.43
 413.00  2.44
 413.70  2.44
 414.40  2.44
 415.10  2.44
 415.80  2.45
 416.50  2.45
 417.20  2.45
 417.90  2.46
 418.60  2.46
 419.30  2.46
 420.00  2.46
 420.70  2.47
 421.40  2.47
 422.10  2.47
 422.80  2.48
 423.50  2.48
 424.20  2.48
 424.90  2.48
 425.60  2.49
 426.30  2.49
 427.00  2.49
 427.70  2.49
 428.40  2.50
 429.10  2.50
 429.80  2.50
 430.50  2.51
 431.20  2.51
 431.90  2.51
 432.60  2.51
 433.30  2.52
 434.00  2.52
 434.70  2.52
 435.40  2.52
 436.10  2.53
 436.80  2.53
 437.50  2.53
 438.20  2.54
 438.90  2.54
 439.60  2.54
 440.30  2.54
 441.00  2.55
 441.70  2.55
 442.40  2.55
 443.10  2.55
 443.80  2.56
 444.50  2.56
 445.20  2.56
 445.90  2.56
 446.60  2.57
 447.30  2.57
 448.00  2.57
 448.70  2.58
 449.40  2.58
 450.10  2.58
 450.80  2.58
 451.50  2.59
 452.20  2.59
 452.90  2.59
 453.60  2.59
 454.30  2.60
 455.00  2.60
 455.70  2.60
 456.40  2.60
 457.10  2.61
 457.80  2.61
 458.50  2.61
 459.20  2.61
 459.90  2.62
 460.60  2.62
 461.30  2.62
 462.00  2.62
 462.70  2.63
 463.40  2.63
 464.10  2.63
 464.80  2.63
 465.50  2.64
 466.20  2.64
 466.90  2.64
 467.60  2.64
 468.30  2.65
 469.00  2.65
 469.70  2.65
 470.40  2.65
 471.10  2.66
 471.80  2.66
 472.50  2.66
 473.20  2.66
 473.90  2.67
 474.60  2.67
 475.30  2.67
 476.00  2.67
 476.70  2.68
 477.40  2.68
 478.10  2.68
 478.80  2.68
 479.50  2.69
 480.20  2.69
 480.90  2.69
 481.60  2.69
 482.30  2.70
 483.00  2.70
 483.70  2.70
 484.40  2.70
 485.10  2.71
 485.80  2.71
 486.50  2.71
 487.20  2.71
 487.90  2.71
 488.60  2.72
 489.30  2.72
 490.00  2.72
 490.70  2.72
 491.40  2.73
 492.10  2.73
 492.80  2.73
 493.50  2.73
 494.20  2.74
 494.90  2.74
 495.60  2.74
 496.30  2.74
 497.00  2.74
 497.70  2.75
 498.40  2.75
 499.10  2.75
 499.80  2.75
 500.50  2.76
 501.20  2.76
 501.90  2.76
 502.60  2.76
 503.30  2.77
 504.00  2.77
 504.70  2.77
 505.40  2.77
 506.10  2.77
 506.80  2.78
 507.50  2.78
 508.20  2.78
 508.90  2.78
 509.60  2.79
 510.30  2.79
 511.00  2.79
 511.70  2.79
 512.40  2.79
 513.10  2.80
 513.80  2.80
 514.50  2.80
 515.20  2.80
 515.90  2.80
 516.60  2.81
 517.30  2.81
 518.00  2.81
 518.70  2.81
 519.40  2.82
 520.10  2.82
 520.80  2.82
 521.50  2.82
 522.20  2.82
 522.90  2.83
 523.60  2.83
 524.30  2.83
 525.00  2.83
 525.70  2.83
 526.40  2.84
 527.10  2.84
 527.80  2.84
 528.50  2.84
 529.20  2.85
 529.90  2.85
 530.60  2.85
 531.30  2.85
 532.00  2.85
 532.70  2.86
 533.40  2.86
 534.10  2.86
 534.80  2.86
 535.50  2.86
 536.20  2.87
 536.90  2.87
 537.60  2.87
 538.30  2.87
 539.00  2.87
 539.70  2.88
 540.40  2.88
 541.10  2.88
 541.80  2.88
 542.50  2.88
 543.20  2.89
 543.90  2.89
 544.60  2.89
 545.30  2.89
 546.00  2.89
 546.70  2.90
 547.40  2.90
 548.10  2.90
 548.80  2.90
 549.50  2.90
 550.20  2.91
 550.90  2.91
 551.60  2.91
 552.30  2.91
 553.00  2.91
 553.70  2.91
 554.40  2.92
 555.10  2.92
 555.80  2.92
 556.50  2.92
 557.20  2.92
 557.90  2.93
 558.60  2.93
 559.30  2.93
 560.00  2.93
 560.70  2.93
 561.40  2.94
 562.10  2.94
 562.80  2.94
 563.50  2.94
 564.20  2.94
 564.90  2.94
 565.60  2.95
 566.30  2.95
 567.00  2.95
 567.70  2.95
 568.40  2.95
 569.10  2.96
 569.80  2.96
 570.50  2.96
 571.20  2.96
 571.90  2.96
 572.60  2.96
 573.30  2.97
 574.00  2.97
 574.70  2.97
 575.40  2.97
 576.10  2.97
 576.80  2.98
 577.50  2.98
 578.20  2.98
 578.90  2.98
 579.60  2.98
 580.30  2.98
 581.00  2.99
 581.70  2.99
 582.40  2.99
 583.10  2.99
 583.80  2.99
 584.50  2.99
 585.20  3.00
 585.90  3.00
 586.60  3.00
 587.30  3.00
 588.00  3.00
 588.70  3.00
 589.40  3.01
 590.10  3.01
 590.80  3.01
 591.50  3.01
 592.20  3.01
 592.90  3.01
 593.60  3.02
 594.30  3.02
 595.00  3.02
 595.70  3.02
 596.40  3.02
 597.10  3.02
 597.80  3.03
 598.50  3.03
 599.20  3.03
 599.90  3.03
 600.60  3.03
 601.30  3.03
 602.00  3.04
 602.70  3.04
 603.40  3.04
 604.10  3.04
 604.80  3.04
 605.50  3.04
 606.20  3.05
 606.90  3.05
 607.60  3.05
 608.30  3.05
 609.00  3.05
 609.70  3.05
 610.40  3.06
 611.10  3.06
 611.80  3.06
 612.50  3.06
 613.20  3.06
 613.90  3.06
 614.60  3.06
 615.30  3.07
 616.00  3.07
 616.70  3.07
 617.40  3.07
 618.10  3.07
 618.80  3.07
 619.50  3.08
 620.20  3.08
 620.90  3.08
 621.60  3.08
 622.30  3.08
 623.00  3.08
 623.70  3.08
 624.40  3.09
 625.10  3.09
 625.80  3.09
 626.50  3.09
 627.20  3.09
 627.90  3.09
 628.60  3.09
 629.30  3.10
 630.00  3.10
 630.70  3.10
 631.40  3.10
 632.10  3.10
 632.80  3.10
 633.50  3.10
 634.20  3.11
 634.90  3.11
 635.60  3.11
 636.30  3.11
 637.00  3.11
 637.70  3.11
 638.40  3.11
 639.10  3.12
 639.80  3.12
 640.50  3.12
 641.20  3.12
 641.90  3.12
 642.60  3.12
 643.30  3.12
 644.00  3.13
 644.70  3.13
 645.40  3.13
 646.10  3.13
 646.80  3.13
 647.50  3.13
 648.20  3.13
 648.90  3.14
 649.60  3.14
 650.30  3.14
 651.00  3.14
 651.70  3.14
 652.40  3.14
 653.10  3.14
 653.80  3.14
 654.50  3.15
 655.20  3.15
 655.90  3.15
 656.60  3.15
 657.30  3.15
 658.00  3.15
 658.70  3.15
 659.40  3.16
 660.10  3.16
 660.80  3.16
 661.50  3.16
 662.20  3.16
 662.90  3.16
 663.60  3.16
 664.30  3.16
 665.00  3.17
 665.70  3.17
 666.40  3.17
 667.10  3.17
 667.80  3.17
 668.50  3.17
 669.20  3.17
 669.90  3.17
 670.60  3.18
 671.30  3.18
 672.00  3.18
 672.70  3.18
 673.40  3.18
 674.10  3.18
 674.80  3.18
 675.50  3.18
 676.20  3.19
 676.90  3.19
 677.60  3.19
 678.30  3.19
 679.00  3.19
 679.70  3.19
 680.40  3.19
 681.10  3.19
 681.80  3.20
 682.50  3.20
 683.20  3.20
 683.90  3.20
 684.60  3.20
 685.30  3.20
 686.00  3.20
 686.70  3.20
 687.40  3.20
 688.10  3.21
 688.80  3.21
 689.50  3.21
 690.20  3.21
 690.90  3.21
 691.60  3.21
 692.30  3.21
 693.00  3.21
 693.70  3.22
 694.40  3.22
 695.10  3.22
 695.80  3.22
 696.50  3.22
 697.20  3.22
 697.90  3.22
 698.60  3.22
 699.30  3.22
 700.00  3.23
 700.70  3.23
 701.40  3.23
 702.10  3.23
 702.80  3.23
 703.50  3.23
 704.20  3.23
 704.90  3.23
 705.60  3.23
 706.30  3.24
 707.00  3.24
 707.70  3.24
 708.40  3.24
 709.10  3.24
 709.80  3.24
 710.50  3.24
 711.20  3.24
 711.90  3.24
 712.60  3.24
 713.30  3.25
 714.00  3.25
 714.70  3.25
 715.40  3.25
 716.10  3.25
 716.80  3.25
 717.50  3.25
 718.20  3.25
 718.90  3.25
 719.60  3.26
 720.30  3.26
 721.00  3.26
 721.70  3.26
 722.40  3.26
 723.10  3.26
 723.80  3.26
 724.50  3.26
 725.20  3.26
 725.90  3.26
 726.60  3.27
 727.30  3.27
 728.00  3.27
 728.70  3.27
 729.40  3.27
 730.10  3.27
 730.80  3.27
 731.50  3.27
 732.20  3.27
 732.90  3.27
 733.60  3.28
 734.30  3.28
 735.00  3.28
 735.70  3.28
 736.40  3.28
 737.10  3.28
 737.80  3.28
 738.50  3.28
 739.20  3.28
 739.90  3.28
 740.60  3.28
 741.30  3.29
 742.00  3.29
 742.70  3.29
 743.40  3.29
 744.10  3.29
 744.80  3.29
 745.50  3.29
 746.20  3.29
 746.90  3.29
 747.60  3.29
 748.30  3.30
 749.00  3.30
 749.70  3.30
 750.40  3.30
 751.10  3.30
 751.80  3.30
 752.50  3.30
 753.20  3.30
 753.90  3.30
 754.60  3.30
 755.30  3.30
 756.00  3.31
 756.70  3.31
 757.40  3.31
 758.10  3.31
 758.80  3.31
 759.50  3.31
 760.20  3.31
 760.90  3.31
 761.60  3.31
 762.30  3.31
 763.00  3.31
 763.70  3.31
 764.40  3.32
 765.10  3.32
 765.80  3.32
 766.50  3.32
 767.20  3.32
 767.90  3.32
 768.60  3.32
 769.30  3.32
 770.00  3.32
 770.70  3.32
 771.40  3.32
 772.10  3.32
 772.80  3.33
 773.50  3.33
 774.20  3.33
 774.90  3.33
 775.60  3.33
 776.30  3.33
 777.00  3.33
 777.70  3.33
 778.40  3.33
 779.10  3.33
 779.80  3.33
 780.50  3.33
 781.20  3.34
 781.90  3.34
 782.60  3.34
 783.30  3.34
 784.00  3.34
 784.70  3.34
 785.40  3.34
 786.10  3.34
 786.80  3.34
 787.50  3.34
 788.20  3.34
 788.90  3.34
 789.60  3.34
 790.30  3.35
 791.00  3.35
 791.70  3.35
 792.40  3.35
 793.10  3.35
 793.80  3.35
 794.50  3.35
 795.20  3.35
 795.90  3.35
 796.60  3.35
 797.30  3.35
 798.00  3.35
 798.70  3.35
 799.40  3.36
 800.10  3.36
 800.80  3.36
 801.50  3.36
 802.20  3.36
 802.90  3.36
 803.60  3.36
 804.30  3.36
 805.00  3.36
 805.70  3.36
 806.40  3.36
 807.10  3.36
 807.80  3.36
 808.50  3.36
 809.20  3.37
 809.90  3.37
 810.60  3.37
 811.30  3.37
 812.00  3.37
 812.70  3.37
 813.40  3.37
 814.10  3.37
 814.80  3.37
 815.50  3.37
 816.20  3.37
 816.90  3.37
 817.60  3.37
 818.30  3.37
 819.00  3.38
 819.70  3.38
 820.40  3.38
 821.10  3.38
 821.80  3.38
 822.50  3.38
 823.20  3.38
 823.90  3.38
 824.60  3.38
 825.30  3.38
 826.00  3.38
 826.70  3.38
 827.40  3.38
 828.10  3.38
 828.80  3.38
 829.50  3.39
 830.20  3.39
 830.90  3.39
 831.60  3.39
 832.30  3.39
 833.00  3.39
 833.70  3.39
 834.40  3.39
 835.10  3.39
 835.80  3.39
 836.50  3.39
 837.20  3.39
 837.90  3.39
 838.60  3.39
 839.30  3.39
 840.00  3.39
 840.70  3.40
 841.40  3.40
 842.10  3.40
 842.80  3.40
 843.50  3.40
 844.20  3.40
 844.90  3.40
 845.60  3.40
 846.30  3.40
 847.00  3.40
 847.70  3.40
 848.40  3.40
 849.10  3.40
 849.80  3.40
 850.50  3.40
 851.20  3.40
 851.90  3.40
 852.60  3.41
 853.30  3.41
 854.00  3.41
 854.70  3.41
 855.40  3.41
 856.10  3.41
 856.80  3.41
 857.50  3.41
 858.20  3.41
 858.90  3.41
 859.60  3.41
 860.30  3.41
 861.00  3.41
 861.70  3.41
 862.40  3.41
 863.10  3.41
 863.80  3.41
 864.50  3.42
 865.20  3.42
 865.90  3.42
 866.60  3.42
 867.30  3.42
 868.00  3.42
 868.70  3.42
 869.40  3.42
 870.10  3.42
 870.80  3.42
 871.50  3.42
 872.20  3.42
 872.90  3.42
 873.60  3.42
 874.30  3.42
 875.00  3.42
 875.70  3.42
 876.40  3.42
 877.10  3.43
 877.80  3.43
 878.50  3.43
 879.20  3.43
 879.90  3.43
 880.60  3.43
 881.30  3.43
 882.00  3.43
 882.70  3.43
 883.40  3.43
 884.10  3.43
 884.80  3.43
 885.50  3.43
 886.20  3.43
 886.90  3.43
 887.60  3.43
 888.30  3.43
 889.00  3.43
 889.70  3.43
 890.40  3.43
 891.10  3.44
 891.80  3.44
 892.50  3.44
 893.20  3.44
 893.90  3.44
 894.60  3.44
 895.30  3.44
 896.00  3.44
 896.70  3.44
 897.40  3.44
 898.10  3.44
 898.80  3.44
 899.50  3.44
 900.20  3.44
 900.90  3.44
 901.60  3.44
 902.30  3.44
 903.00  3.44
 903.70  3.44
 904.40  3.44
 905.10  3.44
 905.80  3.45
 906.50  3.45
 907.20  3.45
 907.90  3.45
 908.60  3.45
 909.30  3.45
 910.00  3.45
 910.70  3.45
 911.40  3.45
 912.10  3.45
 912.80  3.45
 913.50  3.45
 914.20  3.45
 914.90  3.45
 915.60  3.45
 916.30  3.45
 917.00  3.45
 917.70  3.45
 918.40  3.45
 919.10  3.45
 919.80  3.45
 920.50  3.45
 921.20  3.46
 921.90  3.46
 922.60  3.46
 923.30  3.46
 924.00  3.46
 924.70  3.46
 925.40  3.46
 926.10  3.46
 926.80  3.46
 927.50  3.46
 928.20  3.46
 928.90  3.46
 929.60  3.46
 930.30  3.46
 931.00  3.46
 931.70  3.46
 932.40  3.46
 933.10  3.46
 933.80  3.46
 934.50  3.46
 935.20  3.46
 935.90  3.46
 936.60  3.46
 937.30  3.46
 938.00  3.47
 938.70  3.47
 939.40  3.47
 940.10  3.47
 940.80  3.47
 941.50  3.47
 942.20  3.47
 942.90  3.47
 943.60  3.47
 944.30  3.47
 945.00  3.47
 945.70  3.47
 946.40  3.47
 947.10  3.47
 947.80  3.47
 948.50  3.47
 949.20  3.47
 949.90  3.47
 950.60  3.47
 951.30  3.47
 952.00  3.47
 952.70  3.47
 953.40  3.47
 954.10  3.47
 954.80  3.47
 955.50  3.47
 956.20  3.48
 956.90  3.48
 957.60  3.48
 958.30  3.48
 959.00  3.48
 959.70  3.48
 960.40  3.48
 961.10  3.48
 961.80  3.48
 962.50  3.48
 963.20  3.48
 963.90  3.48
 964.60  3.48
 965.30  3.48
 966.00  3.48
 966.70  3.48
 967.40  3.48
 968.10  3.48
 968.80  3.48
 969.50  3.48
 970.20  3.48
 970.90  3.48
 971.60  3.48
 972.30  3.48
 973.00  3.48
 973.70  3.48
 974.40  3.48
 975.10  3.48
 975.80  3.49
 976.50  3.49
 977.20  3.49
 977.90  3.49
 978.60  3.49
 979.30  3.49
 980.00  3.49
 980.70  3.49
 981.40  3.49
 982.10  3.49
 982.80  3.49
 983.50  3.49
 984.20  3.49
 984.90  3.49
 985.60  3.49
 986.30  3.49
 987.00  3.49
 987.70  3.49
 988.40  3.49
 989.10  3.49
 989.80  3.49
 990.50  3.49
 991.20  3.49
 991.90  3.49
 992.60  3.49
 993.30  3.49
 994.00  3.49
 994.70  3.49
 995.40  3.49
 996.10  3.49
 996.80  3.49
 997.50  3.50
 998.20  3.50
 998.90  3.50
 999.60  3.50
 1000.30  3.50
 1001.00  3.50
 1001.70  3.50
 1002.40  3.50
 1003.10  3.50
 1003.80  3.50
 1004.50  3.50
 1005.20  3.50
 1005.90  3.50
 1006.60  3.50
 1007.30  3.50
 1008.00  3.50
 1008.70  3.50
 1009.40  3.50
 1010.10  3.50
 1010.80  3.50
 1011.50  3.50
 1012.20  3.50
 1012.90  3.50
 1013.60  3.50
 1014.30  3.50
 1015.00  3.50
 1015.70  3.50
 1016.40  3.50
 1017.10  3.50
 1017.80  3.50
 1018.50  3.50
 1019.20  3.50
 1019.90  3.50
 1020.60  3.50
 1021.30  3.50
 1022.00  3.51
 1022.70  3.51
 1023.40  3.51
 1024.10  3.51
 1024.80  3.51
 1025.50  3.51
 1026.20  3.51
 1026.90  3.51
 1027.60  3.51
 1028.30  3.51
 1029.00  3.51
 1029.70  3.51
 1030.40  3.51
 1031.10  3.51
 1031.80  3.51
 1032.50  3.51
 1033.20  3.51
 1033.90  3.51
 1034.60  3.51
 1035.30  3.51
 1036.00  3.51
 1036.70  3.51
 1037.40  3.51
 1038.10  3.51
 1038.80  3.51
 1039.50  3.51
 1040.20  3.51
 1040.90  3.51
 1041.60  3.51
 1042.30  3.51
 1043.00  3.51
 1043.70  3.51
 1044.40  3.51
 1045.10  3.51
 1045.80  3.51
 1046.50  3.51
 1047.20  3.51
 1047.90  3.51
 1048.60  3.51
 1049.30  3.52
 1050.00  3.52
 1050.70  3.52
 1051.40  3.52
 1052.10  3.52
 1052.80  3.52
 1053.50  3.52
 1054.20  3.52
 1054.90  3.52
 1055.60  3.52
 1056.30  3.52
 1057.00  3.52
 1057.70  3.52
 1058.40  3.52
 1059.10  3.52
 1059.80  3.52
 1060.50  3.52
 1061.20  3.52
 1061.90  3.52
 1062.60  3.52
 1063.30  3.52
 1064.00  3.52
 1064.70  3.52
 1065.40  3.52
 1066.10  3.52
 1066.80  3.52
 1067.50  3.52
 1068.20  3.52
 1068.90  3.52
 1069.60  3.52
 1070.30  3.52
 1071.00  3.52
 1071.70  3.52
 1072.40  3.52
 1073.10  3.52
 1073.80  3.52
 1074.50  3.52
 1075.20  3.52
 1075.90  3.52
 1076.60  3.52
 1077.30  3.52
 1078.00  3.52
 1078.70  3.52
 1079.40  3.52
 1080.10  3.52
 1080.80  3.53
 1081.50  3.53
 1082.20  3.53
 1082.90  3.53
 1083.60  3.53
 1084.30  3.53
 1085.00  3.53
 1085.70  3.53
 1086.40  3.53
 1087.10  3.53
 1087.80  3.53
 1088.50  3.53
 1089.20  3.53
 1089.90  3.53
 1090.60  3.53
 1091.30  3.53
 1092.00  3.53
 1092.70  3.53
 1093.40  3.53
 1094.10  3.53
 1094.80  3.53
 1095.50  3.53
 1096.20  3.53
 1096.90  3.53
 1097.60  3.53
 1098.30  3.53
 1099.00  3.53
 1099.70  3.53
 1100.40  3.53
 1101.10  3.53
 1101.80  3.53
 1102.50  3.53
 1103.20  3.53
 1103.90  3.53
 1104.60  3.53
 1105.30  3.53
 1106.00  3.53
 1106.70  3.53
 1107.40  3.53
 1108.10  3.53
 1108.80  3.53
 1109.50  3.53
 1110.20  3.53
 1110.90  3.53
 1111.60  3.53
 1112.30  3.53
 1113.00  3.53
 1113.70  3.53
 1114.40  3.53
 1115.10  3.53
 1115.80  3.53
 1116.50  3.53
 1117.20  3.53
 1117.90  3.54
 1118.60  3.54
 1119.30  3.54
 1120.00  3.54
 1120.70  3.54
 1121.40  3.54
 1122.10  3.54
 1122.80  3.54
 1123.50  3.54
 1124.20  3.54
 1124.90  3.54
 1125.60  3.54
 1126.30  3.54
 1127.00  3.54
 1127.70  3.54
 1128.40  3.54
 1129.10  3.54
 1129.80  3.54
 1130.50  3.54
 1131.20  3.54
 1131.90  3.54
 1132.60  3.54
 1133.30  3.54
 1134.00  3.54
 1134.70  3.54
 1135.40  3.54
 1136.10  3.54
 1136.80  3.54
 1137.50  3.54
 1138.20  3.54
 1138.90  3.54
 1139.60  3.54
 1140.30  3.54
 1141.00  3.54
 1141.70  3.54
 1142.40  3.54
 1143.10  3.54
 1143.80  3.54
 1144.50  3.54
 1145.20  3.54
 1145.90  3.54
 1146.60  3.54
 1147.30  3.54
 1148.00  3.54
 1148.70  3.54
 1149.40  3.54
 1150.10  3.54
 1150.80  3.54
 1151.50  3.54
 1152.20  3.54
 1152.90  3.54
 1153.60  3.54
 1154.30  3.54
 1155.00  3.54
 1155.70  3.54
 1156.40  3.54
 1157.10  3.54
 1157.80  3.54
 1158.50  3.54
 1159.20  3.54
 1159.90  3.54
 1160.60  3.54
 1161.30  3.54
 1162.00  3.54
 1162.70  3.55
 1163.40  3.55
 1164.10  3.55
 1164.80  3.55
 1165.50  3.55
 1166.20  3.55
 1166.90  3.55
 1167.60  3.55
 1168.30  3.55
 1169.00  3.55
 1169.70  3.55
 1170.40  3.55
 1171.10  3.55
 1171.80  3.55
 1172.50  3.55
 1173.20  3.55
 1173.90  3.55
 1174.60  3.55
 1175.30  3.55
 1176.00  3.55
 1176.70  3.55
 1177.40  3.55
 1178.10  3.55
 1178.80  3.55
 1179.50  3.55
 1180.20  3.55
 1180.90  3.55
 1181.60  3.55
 1182.30  3.55
 1183.00  3.55
 1183.70  3.55
 1184.40  3.55
 1185.10  3.55
 1185.80  3.55
 1186.50  3.55
 1187.20  3.55
 1187.90  3.55
 1188.60  3.55
 1189.30  3.55
 1190.00  3.55
 1190.70  3.55
 1191.40  3.55
 1192.10  3.55
 1192.80  3.55
 1193.50  3.55
 1194.20  3.55
 1194.90  3.55
 1195.60  3.55
 1196.30  3.55
 1197.00  3.55
 1197.70  3.55
 1198.40  3.55
 1199.10  3.55
 1199.80  3.55
 1200.50  3.55
 1201.20  3.55
 1201.90  3.55
 1202.60  3.55
 1203.30  3.55
 1204.00  3.55
 1204.70  3.55
 1205.40  3.55
 1206.10  3.55
 1206.80  3.55
 1207.50  3.55
 1208.20  3.55
 1208.90  3.55
 1209.60  3.55
 1210.30  3.55
 1211.00  3.55
 1211.70  3.55
 1212.40  3.55
 1213.10  3.55
 1213.80  3.55
 1214.50  3.55
 1215.20  3.55
 1215.90  3.55
 1216.60  3.55
 1217.30  3.55
 1218.00  3.55
 1218.70  3.55
 1219.40  3.55
 1220.10  3.56
 1220.80  3.56
 1221.50  3.56
 1222.20  3.56
 1222.90  3.56
 1223.60  3.56
 1224.30  3.56
 1225.00  3.56
 1225.70  3.56
 1226.40  3.56
 1227.10  3.56
 1227.80  3.56
 1228.50  3.56
 1229.20  3.56
 1229.90  3.56
 1230.60  3.56
 1231.30  3.56
 1232.00  3.56
 1232.70  3.56
 1233.40  3.56
 1234.10  3.56
 1234.80  3.56
 1235.50  3.56
 1236.20  3.56
 1236.90  3.56
 1237.60  3.56
 1238.30  3.56
 1239.00  3.56
 1239.70  3.56
 1240.40  3.56
 1241.10  3.56
 1241.80  3.56
 1242.50  3.56
 1243.20  3.56
 1243.90  3.56
 1244.60  3.56
 1245.30  3.56
 1246.00  3.56
 1246.70  3.56
 1247.40  3.56
 1248.10  3.56
 1248.80  3.56
 1249.50  3.56
 1250.20  3.56
 1250.90  3.56
 1251.60  3.56
 1252.30  3.56
 1253.00  3.56
 1253.70  3.56
 1254.40  3.56
 1255.10  3.56
 1255.80  3.56
 1256.50  3.56
 1257.20  3.56
 1257.90  3.56
 1258.60  3.56
 1259.30  3.56
 1260.00  3.56
 1260.70  3.56
 1261.40  3.56
 1262.10  3.56
 1262.80  3.56
 1263.50  3.56
 1264.20  3.56
 1264.90  3.56
 1265.60  3.56
 1266.30  3.56
 1267.00  3.56
 1267.70  3.56
 1268.40  3.56
 1269.10  3.56
 1269.80  3.56
 1270.50  3.56
 1271.20  3.56
 1271.90  3.56
 1272.60  3.56
 1273.30  3.56
 1274.00  3.56
 1274.70  3.56
 1275.40  3.56
 1276.10  3.56
 1276.80  3.56
 1277.50  3.56
 1278.20  3.56
 1278.90  3.56
 1279.60  3.56
 1280.30  3.56
 1281.00  3.56
 1281.70  3.56
 1282.40  3.56
 1283.10  3.56
 1283.80  3.56
 1284.50  3.56
 1285.20  3.56
 1285.90  3.56
 1286.60  3.56
 1287.30  3.56
 1288.00  3.56
 1288.70  3.56
 1289.40  3.56
 1290.10  3.56
 1290.80  3.56
 1291.50  3.56
 1292.20  3.56
 1292.90  3.56
 1293.60  3.56
 1294.30  3.56
 1295.00  3.56
 1295.70  3.56
 1296.40  3.56
 1297.10  3.56
 1297.80  3.56
 1298.50  3.56
 1299.20  3.56
 1299.90  3.56
 1300.60  3.56
 1301.30  3.57
 1302.00  3.57
 1302.70  3.57
 1303.40  3.57
 1304.10  3.57
 1304.80  3.57
 1305.50  3.57
 1306.20  3.57
 1306.90  3.57
 1307.60  3.57
 1308.30  3.57
 1309.00  3.57
 1309.70  3.57
 1310.40  3.57
 1311.10  3.57
 1311.80  3.57
 1312.50  3.57
 1313.20  3.57
 1313.90  3.57
 1314.60  3.57
 1315.30  3.57
 1316.00  3.57
 1316.70  3.57
 1317.40  3.57
 1318.10  3.57
 1318.80  3.57
 1319.50  3.57
 1320.20  3.57
 1320.90  3.57
 1321.60  3.57
 1322.30  3.57
 1323.00  3.57
 1323.70  3.57
 1324.40  3.57
 1325.10  3.57
 1325.80  3.57
 1326.50  3.57
 1327.20  3.57
 1327.90  3.57
 1328.60  3.57
 1329.30  3.57
 1330.00  3.57
 1330.70  3.57
 1331.40  3.57
 1332.10  3.57
 1332.80  3.57
 1333.50  3.57
 1334.20  3.57
 1334.90  3.57
 1335.60  3.57
 1336.30  3.57
 1337.00  3.57
 1337.70  3.57
 1338.40  3.57
 1339.10  3.57
 1339.80  3.57
 1340.50  3.57
 1341.20  3.57
 1341.90  3.57
 1342.60  3.57
 1343.30  3.57
 1344.00  3.57
 1344.70  3.57
 1345.40  3.57
 1346.10  3.57
 1346.80  3.57
 1347.50  3.57
 1348.20  3.57
 1348.90  3.57
 1349.60  3.57
 1350.30  3.57
 1351.00  3.57
 1351.70  3.57
 1352.40  3.57
 1353.10  3.57
 1353.80  3.57
 1354.50  3.57
 1355.20  3.57
 1355.90  3.57
 1356.60  3.57
 1357.30  3.57
 1358.00  3.57
 1358.70  3.57
 1359.40  3.57
 1360.10  3.57
 1360.80  3.57
 1361.50  3.57
 1362.20  3.57
 1362.90  3.57
 1363.60  3.57
 1364.30  3.57
 1365.00  3.57
 1365.70  3.57
 1366.40  3.57
 1367.10  3.57
 1367.80  3.57
 1368.50  3.57
 1369.20  3.57
 1369.90  3.57
 1370.60  3.57
 1371.30  3.57
 1372.00  3.57
 1372.70  3.57
 1373.40  3.57
 1374.10  3.57
 1374.80  3.57
 1375.50  3.57
 1376.20  3.57
 1376.90  3.57
 1377.60  3.57
 1378.30  3.57
 1379.00  3.57
 1379.70  3.57
 1380.40  3.57
 1381.10  3.57
 1381.80  3.57
 1382.50  3.57
 1383.20  3.57
 1383.90  3.57
 1384.60  3.57
 1385.30  3.57
 1386.00  3.57
 1386.70  3.57
 1387.40  3.57
 1388.10  3.57
 1388.80  3.57
 1389.50  3.57
 1390.20  3.57
 1390.90  3.57
 1391.60  3.57
 1392.30  3.57
 1393.00  3.57
 1393.70  3.57
 1394.40  3.57
 1395.10  3.57
 1395.80  3.57
 1396.50  3.57
 1397.20  3.57
 1397.90  3.57
 1398.60  3.57
 1399.30  3.57
 1400.00  3.57
 1400.70  3.57
 1401.40  3.57
 1402.10  3.57
 1402.80  3.57
 1403.50  3.57
 1404.20  3.57
 1404.90  3.57
 1405.60  3.57
 1406.30  3.57
 1407.00  3.57
 1407.70  3.57
 1408.40  3.57
 1409.10  3.57
 1409.80  3.57
 1410.50  3.57
 1411.20  3.57
 1411.90  3.57
 1412.60  3.57
 1413.30  3.57
 1414.00  3.57
 1414.70  3.57
 1415.40  3.57
 1416.10  3.57
 1416.80  3.57
 1417.50  3.57
 1418.20  3.57
 1418.90  3.57
 1419.60  3.57
 1420.30  3.57
 1421.00  3.57
 1421.70  3.57
 1422.40  3.57
 1423.10  3.57
 1423.80  3.57
 1424.50  3.57
 1425.20  3.57
 1425.90  3.57
 1426.60  3.57
 1427.30  3.57
 1428.00  3.57
 1428.70  3.57
 1429.40  3.57
 1430.10  3.57
 1430.80  3.57
 1431.50  3.57
 1432.20  3.57
 1432.90  3.57
 1433.60  3.57
 1434.30  3.57
 1435.00  3.57
 1435.70  3.57
 1436.40  3.57
 1437.10  3.57
 1437.80  3.57
 1438.50  3.57
 1439.20  3.57
 1439.90  3.57
 1440.60  3.58
 1441.30  3.58
 1442.00  3.58
 1442.70  3.58
 1443.40  3.58
 1444.10  3.58
 1444.80  3.58
 1445.50  3.58
 1446.20  3.58
 1446.90  3.58
 1447.60  3.58
 1448.30  3.58
 1449.00  3.58
 1449.70  3.58
 1450.40  3.58
 1451.10  3.58
 1451.80  3.58
 1452.50  3.58
 1453.20  3.58
 1453.90  3.58
 1454.60  3.58
 1455.30  3.58
 1456.00  3.58
 1456.70  3.58
 1457.40  3.58
 1458.10  3.58
 1458.80  3.58
 1459.50  3.58
 1460.20  3.58
 1460.90  3.58
 1461.60  3.58
 1462.30  3.58
 1463.00  3.58
 1463.70  3.58
 1464.40  3.58
 1465.10  3.58
 1465.80  3.58
 1466.50  3.58
 1467.20  3.58
 1467.90  3.58
 1468.60  3.58
 1469.30  3.58
 1470.00  3.58
 1470.70  3.58
 1471.40  3.58
 1472.10  3.58
 1472.80  3.58
 1473.50  3.58
 1474.20  3.58
 1474.90  3.58
 1475.60  3.58
 1476.30  3.58
 1477.00  3.58
 1477.70  3.58
 1478.40  3.58
 1479.10  3.58
 1479.80  3.58
 1480.50  3.58
 1481.20  3.58
 1481.90  3.58
 1482.60  3.58
 1483.30  3.58
 1484.00  3.58
 1484.70  3.58
 1485.40  3.58
 1486.10  3.58
 1486.80  3.58
 1487.50  3.58
 1488.20  3.58
 1488.90  3.58
 1489.60  3.58
 1490.30  3.58
 1491.00  3.58
 1491.70  3.58
 1492.40  3.58
 1493.10  3.58
 1493.80  3.58
 1494.50  3.58
 1495.20  3.58
 1495.90  3.58
 1496.60  3.58
 1497.30  3.58
 1498.00  3.58
 1498.70  3.58
 1499.40  3.58
 1500.10  3.58
 1500.80  3.58
 1501.50  3.58
 1502.20  3.58
 1502.90  3.58
 1503.60  3.58
 1504.30  3.58
 1505.00  3.58
 1505.70  3.58
 1506.40  3.58
 1507.10  3.58
 1507.80  3.58
 1508.50  3.58
 1509.20  3.58
 1509.90  3.58
 1510.60  3.58
 1511.30  3.58
 1512.00  3.58
 1512.70  3.58
 1513.40  3.58
 1514.10  3.58
 1514.80  3.58
 1515.50  3.58
 1516.20  3.58
 1516.90  3.58
 1517.60  3.58
 1518.30  3.58
 1519.00  3.58
 1519.70  3.58
 1520.40  3.58
 1521.10  3.58
 1521.80  3.58
 1522.50  3.58
 1523.20  3.58
 1523.90  3.58
 1524.60  3.58
 1525.30  3.58
 1526.00  3.58
 1526.70  3.58
 1527.40  3.58
 1528.10  3.58
 1528.80  3.58
 1529.50  3.58
 1530.20  3.58
 1530.90  3.58
 1531.60  3.58
 1532.30  3.58
 1533.00  3.58
 1533.70  3.58
 1534.40  3.58
 1535.10  3.58
 1535.80  3.58
 1536.50  3.58
 1537.20  3.58
 1537.90  3.58
 1538.60  3.58
 1539.30  3.58
 1540.00  3.58
 1540.70  3.58
 1541.40  3.58
 1542.10  3.58
 1542.80  3.58
 1543.50  3.58
 1544.20  3.58
 1544.90  3.58
 1545.60  3.58
 1546.30  3.58
 1547.00  3.58
 1547.70  3.58
 1548.40  3.58
 1549.10  3.58
 1549.80  3.58
 1550.50  3.58
 1551.20  3.58
 1551.90  3.58
 1552.60  3.58
 1553.30  3.58
 1554.00  3.58
 1554.70  3.58
 1555.40  3.58
 1556.10  3.58
 1556.80  3.58
 1557.50  3.58
 1558.20  3.58
 1558.90  3.58
 1559.60  3.58
 1560.30  3.58
 1561.00  3.58
 1561.70  3.58
 1562.40  3.58
 1563.10  3.58
 1563.80  3.58
 1564.50  3.58
 1565.20  3.58
 1565.90  3.58
 1566.60  3.58
 1567.30  3.58
 1568.00  3.58
 1568.70  3.58
 1569.40  3.58
 1570.10  3.58
 1570.80  3.58
 1571.50  3.58
 1572.20  3.58
 1572.90  3.58
 1573.60  3.58
 1574.30  3.58
 1575.00  3.58
 1575.70  3.58
 1576.40  3.58
 1577.10  3.58
 1577.80  3.58
 1578.50  3.58
 1579.20  3.58
 1579.90  3.58
 1580.60  3.58
 1581.30  3.58
 1582.00  3.58
 1582.70  3.58
 1583.40  3.58
 1584.10  3.58
 1584.80  3.58
 1585.50  3.58
 1586.20  3.58
 1586.90  3.58
 1587.60  3.58
 1588.30  3.58
 1589.00  3.58
 1589.70  3.58
 1590.40  3.58
 1591.10  3.58
 1591.80  3.58
 1592.50  3.58
 1593.20  3.58
 1593.90  3.58
 1594.60  3.58
 1595.30  3.58
 1596.00  3.58
 1596.70  3.58
 1597.40  3.58
 1598.10  3.58
 1598.80  3.58
 1599.50  3.58
 1600.20  3.58
 1600.90  3.58
 1601.60  3.58
 1602.30  3.58
 1603.00  3.58
 1603.70  3.58
 1604.40  3.58
 1605.10  3.58
 1605.80  3.58
 1606.50  3.58
 1607.20  3.58
 1607.90  3.58
 1608.60  3.58
 1609.30  3.58
 1610.00  3.58
 1610.70  3.58
 1611.40  3.58
 1612.10  3.58
 1612.80  3.58
 1613.50  3.58
 1614.20  3.58
 1614.90  3.58
 1615.60  3.58
 1616.30  3.58
 1617.00  3.58
 1617.70  3.58
 1618.40  3.58
 1619.10  3.58
 1619.80  3.58
 1620.50  3.58
 1621.20  3.58
 1621.90  3.58
 1622.60  3.58
 1623.30  3.58
 1624.00  3.58
 1624.70  3.58
 1625.40  3.58
 1626.10  3.58
 1626.80  3.58
 1627.50  3.58
 1628.20  3.58
 1628.90  3.58
 1629.60  3.58
 1630.30  3.58
 1631.00  3.58
 1631.70  3.58
 1632.40  3.58
 1633.10  3.58
 1633.80  3.58
 1634.50  3.58
 1635.20  3.58
 1635.90  3.58
 1636.60  3.58
 1637.30  3.58
 1638.00  3.58
 1638.70  3.58
 1639.40  3.58
 1640.10  3.58
 1640.80  3.58
 1641.50  3.58
 1642.20  3.58
 1642.90  3.58
 1643.60  3.58
 1644.30  3.58
 1645.00  3.58
 1645.70  3.58
 1646.40  3.58
 1647.10  3.58
 1647.80  3.58
 1648.50  3.58
 1649.20  3.58
 1649.90  3.58
 1650.60  3.58
 1651.30  3.58
 1652.00  3.58
 1652.70  3.58
 1653.40  3.58
 1654.10  3.58
 1654.80  3.58
 1655.50  3.58
 1656.20  3.58
 1656.90  3.58
 1657.60  3.58
 1658.30  3.58
 1659.00  3.58
 1659.70  3.58
 1660.40  3.58
 1661.10  3.58
 1661.80  3.58
 1662.50  3.58
 1663.20  3.58
 1663.90  3.58
 1664.60  3.58
 1665.30  3.58
 1666.00  3.58
 1666.70  3.58
 1667.40  3.58
 1668.10  3.58
 1668.80  3.58
 1669.50  3.58
 1670.20  3.58
 1670.90  3.58
 1671.60  3.58
 1672.30  3.58
 1673.00  3.58
 1673.70  3.58
 1674.40  3.58
 1675.10  3.58
 1675.80  3.58
 1676.50  3.58
 1677.20  3.58
 1677.90  3.58
 1678.60  3.58
 1679.30  3.58
 1680.00  3.58
 1680.70  3.58
 1681.40  3.58
 1682.10  3.58
 1682.80  3.58
 1683.50  3.58
 1684.20  3.58
 1684.90  3.58
 1685.60  3.58
 1686.30  3.58
 1687.00  3.58
 1687.70  3.58
 1688.40  3.58
 1689.10  3.58
 1689.80  3.58
 1690.50  3.58
 1691.20  3.58
 1691.90  3.58
 1692.60  3.58
 1693.30  3.58
 1694.00  3.58
 1694.70  3.58
 1695.40  3.58
 1696.10  3.58
 1696.80  3.58
 1697.50  3.58
 1698.20  3.58
 1698.90  3.58
 1699.60  3.58
 1700.30  3.58
 1701.00  3.58
 1701.70  3.58
 1702.40  3.58
 1703.10  3.58
 1703.80  3.58
 1704.50  3.58
 1705.20  3.58
 1705.90  3.58
 1706.60  3.58
 1707.30  3.58
 1708.00  3.58
 1708.70  3.58
 1709.40  3.58
 1710.10  3.58
 1710.80  3.58
 1711.50  3.58
 1712.20  3.58
 1712.90  3.58
 1713.60  3.58
 1714.30  3.58
 1715.00  3.58
 1715.70  3.58
 1716.40  3.58
 1717.10  3.58
 1717.80  3.58
 1718.50  3.58
 1719.20  3.58
 1719.90  3.58
 1720.60  3.58
 1721.30  3.58
 1722.00  3.58
 1722.70  3.58
 1723.40  3.58
 1724.10  3.58
 1724.80  3.58
 1725.50  3.58
 1726.20  3.58
 1726.90  3.58
 1727.60  3.58
 1728.30  3.58
 1729.00  3.58
 1729.70  3.58
 1730.40  3.58
 1731.10  3.58
 1731.80  3.58
 1732.50  3.58
 1733.20  3.58
 1733.90  3.58
 1734.60  3.58
 1735.30  3.58
 1736.00  3.58
 1736.70  3.58
 1737.40  3.58
 1738.10  3.58
 1738.80  3.58
 1739.50  3.58
 1740.20  3.58
 1740.90  3.58
 1741.60  3.58
 1742.30  3.58
 1743.00  3.58
 1743.70  3.58
 1744.40  3.58
 1745.10  3.58
 1745.80  3.58
 1746.50  3.58
 1747.20  3.58
 1747.90  3.58
 1748.60  3.58
 1749.30  3.58
 1750.00  3.58
 1750.70  3.58
 1751.40  3.58
 1752.10  3.58
 1752.80  3.58
 1753.50  3.58
 1754.20  3.58
 1754.90  3.58
 1755.60  3.58
 1756.30  3.58
 1757.00  3.58
 1757.70  3.58
 1758.40  3.58
 1759.10  3.58
 1759.80  3.58
 1760.50  3.58
 1761.20  3.58
 1761.90  3.58
 1762.60  3.58
 1763.30  3.58
 1764.00  3.58
 1764.70  3.58
 1765.40  3.58
 1766.10  3.58
 1766.80  3.58
 1767.50  3.58
 1768.20  3.58
 1768.90  3.58
 1769.60  3.58
 1770.30  3.58
 1771.00  3.58
 1771.70  3.58
 1772.40  3.58
 1773.10  3.58
 1773.80  3.58
 1774.50  3.58
 1775.20  3.58
 1775.90  3.58
 1776.60  3.58
 1777.30  3.58
 1778.00  3.58
 1778.70  3.58
 1779.40  3.58
 1780.10  3.58
 1780.80  3.58
 1781.50  3.58
 1782.20  3.58
 1782.90  3.58
 1783.60  3.58
 1784.30  3.58
 1785.00  3.58
 1785.70  3.58
 1786.40  3.58
 1787.10  3.58
 1787.80  3.58
 1788.50  3.58
 1789.20  3.58
 1789.90  3.58
 1790.60  3.58
 1791.30  3.58
 1792.00  3.58
 1792.70  3.58
 1793.40  3.58
 1794.10  3.58
 1794.80  3.58
 1795.50  3.58
 1796.20  3.58
 1796.90  3.58
 1797.60  3.58
 1798.30  3.58
 1799.00  3.58
 1799.70  3.58
 1800.40  3.58
 1801.10  3.58
 1801.80  3.58
 1802.50  3.58
 1803.20  3.58
 1803.90  3.58
 1804.60  3.58
 1805.30  3.58
 1806.00  3.58
 1806.70  3.58
 1807.40  3.58
 1808.10  3.58
 1808.80  3.58
 1809.50  3.58
 1810.20  3.58
 1810.90  3.58
 1811.60  3.58
 1812.30  3.58
 1813.00  3.58
 1813.70  3.58
 1814.40  3.58
 1815.10  3.58
 1815.80  3.58
 1816.50  3.58
 1817.20  3.58
 1817.90  3.58
 1818.60  3.58
 1819.30  3.58
 1820.00  3.58
 1820.70  3.58
 1821.40  3.58
 1822.10  3.58
 1822.80  3.58
 1823.50  3.58
 1824.20  3.58
 1824.90  3.58
 1825.60  3.58
 1826.30  3.58
 1827.00  3.58
 1827.70  3.58
 1828.40  3.58
 1829.10  3.58
 1829.80  3.58
 1830.50  3.58
 1831.20  3.58
 1831.90  3.58
 1832.60  3.58
 1833.30  3.58
 1834.00  3.58
 1834.70  3.58
 1835.40  3.58
 1836.10  3.58
 1836.80  3.58
 1837.50  3.58
 1838.20  3.58
 1838.90  3.58
 1839.60  3.58
 1840.30  3.58
 1841.00  3.58
 1841.70  3.58
 1842.40  3.58
 1843.10  3.58
 1843.80  3.58
 1844.50  3.58
 1845.20  3.58
 1845.90  3.58
 1846.60  3.58
 1847.30  3.58
 1848.00  3.58
 1848.70  3.58
 1849.40  3.58
 1850.10  3.58
 1850.80  3.58
 1851.50  3.58
 1852.20  3.58
 1852.90  3.58
 1853.60  3.58
 1854.30  3.58
 1855.00  3.58
 1855.70  3.58
 1856.40  3.58
 1857.10  3.58
 1857.80  3.58
 1858.50  3.58
 1859.20  3.58
 1859.90  3.58
 1860.60  3.58
 1861.30  3.58
 1862.00  3.58
 1862.70  3.58
 1863.40  3.58
 1864.10  3.58
 1864.80  3.58
 1865.50  3.58
 1866.20  3.58
 1866.90  3.58
 1867.60  3.58
 1868.30  3.58
 1869.00  3.58
 1869.70  3.58
 1870.40  3.58
 1871.10  3.58
 1871.80  3.58
 1872.50  3.58
 1873.20  3.58
 1873.90  3.58
 1874.60  3.58
 1875.30  3.58
 1876.00  3.58
 1876.70  3.58
 1877.40  3.58
 1878.10  3.58
 1878.80  3.58
 1879.50  3.58
 1880.20  3.58
 1880.90  3.58
 1881.60  3.58
 1882.30  3.58
 1883.00  3.58
 1883.70  3.58
 1884.40  3.58
 1885.10  3.58
 1885.80  3.58
 1886.50  3.58
 1887.20  3.58
 1887.90  3.58
 1888.60  3.58
 1889.30  3.58
 1890.00  3.58
 1890.70  3.58
 1891.40  3.58
 1892.10  3.58
 1892.80  3.58
 1893.50  3.58
 1894.20  3.58
 1894.90  3.58
 1895.60  3.58
 1896.30  3.58
 1897.00  3.58
 1897.70  3.58
 1898.40  3.58
 1899.10  3.58
 1899.80  3.58
 1900.50  3.58
 1901.20  3.58
 1901.90  3.58
 1902.60  3.58
 1903.30  3.58
 1904.00  3.58
 1904.70  3.58
 1905.40  3.58
 1906.10  3.58
 1906.80  3.58
 1907.50  3.58
 1908.20  3.58
 1908.90  3.58
 1909.60  3.58
 1910.30  3.58
 1911.00  3.58
 1911.70  3.58
 1912.40  3.58
 1913.10  3.58
 1913.80  3.58
 1914.50  3.58
 1915.20  3.58
 1915.90  3.58
 1916.60  3.58
 1917.30  3.58
 1918.00  3.58
 1918.70  3.58
 1919.40  3.58
 1920.10  3.58
 1920.80  3.58
 1921.50  3.58
 1922.20  3.58
 1922.90  3.58
 1923.60  3.58
 1924.30  3.58
 1925.00  3.58
 1925.70  3.58
 1926.40  3.58
 1927.10  3.58
 1927.80  3.58
 1928.50  3.58
 1929.20  3.58
 1929.90  3.58
 1930.60  3.58
 1931.30  3.58
 1932.00  3.58
 1932.70  3.58
 1933.40  3.58
 1934.10  3.58
 1934.80  3.58
 1935.50  3.58
 1936.20  3.58
 1936.90  3.58
 1937.60  3.58
 1938.30  3.58
 1939.00  3.58
 1939.70  3.58
 1940.40  3.58
 1941.10  3.58
 1941.80  3.58
 1942.50  3.58
 1943.20  3.58
 1943.90  3.58
 1944.60  3.58
 1945.30  3.58
 1946.00  3.58
 1946.70  3.58
 1947.40  3.58
 1948.10  3.58
 1948.80  3.58
 1949.50  3.58
 1950.20  3.58
 1950.90  3.58
 1951.60  3.58
 1952.30  3.58
 1953.00  3.58
 1953.70  3.58
 1954.40  3.58
 1955.10  3.58
 1955.80  3.58
 1956.50  3.58
 1957.20  3.58
 1957.90  3.58
 1958.60  3.58
 1959.30  3.58
 1960.00  3.58
 1960.70  3.58
 1961.40  3.58
 1962.10  3.58
 1962.80  3.58
 1963.50  3.58
 1964.20  3.58
 1964.90  3.58
 1965.60  3.58
 1966.30  3.58
 1967.00  3.58
 1967.70  3.58
 1968.40  3.58
 1969.10  3.58
 1969.80  3.58
 1970.50  3.58
 1971.20  3.58
 1971.90  3.58
 1972.60  3.58
 1973.30  3.58
 1974.00  3.58
 1974.70  3.58
 1975.40  3.58
 1976.10  3.58
 1976.80  3.58
 1977.50  3.58
 1978.20  3.58
 1978.90  3.58
 1979.60  3.58
 1980.30  3.58
 1981.00  3.58
 1981.70  3.58
 1982.40  3.58
 1983.10  3.58
 1983.80  3.58
 1984.50  3.58
 1985.20  3.58
 1985.90  3.58
 1986.60  3.58
 1987.30  3.58
 1988.00  3.58
 1988.70  3.58
 1989.40  3.58
 1990.10  3.58
 1990.80  3.58
 1991.50  3.58
 1992.20  3.58
 1992.90  3.58
 1993.60  3.58
 1994.30  3.58
 1995.00  3.58
 1995.70  3.58
 1996.40  3.58
 1997.10  3.58
 1997.80  3.58
 1998.50  3.58
 1999.20  3.58
 1999.90  3.58
 2000.60  3.58
 2001.30  3.58
 2002.00  3.58
 2002.70  3.58
 2003.40  3.58
 2004.10  3.58
 2004.80  3.58
 2005.50  3.58
 2006.20  3.58
 2006.90  3.58
 2007.60  3.58
 2008.30  3.58
 2009.00  3.58
 2009.70  3.58
 2010.40  3.58
 2011.10  3.58
 2011.80  3.58
 2012.50  3.58
 2013.20  3.58
 2013.90  3.58
 2014.60  3.58
 2015.30  3.58
 2016.00  3.58
 2016.70  3.58
 2017.40  3.58
 2018.10  3.58
 2018.80  3.58
 2019.50  3.58
 2020.20  3.58
 2020.90  3.58
 2021.60  3.58
 2022.30  3.58
 2023.00  3.58
 2023.70  3.58
 2024.40  3.58
 2025.10  3.58
 2025.80  3.58
 2026.50  3.58
 2027.20  3.58
 2027.90  3.58
 2028.60  3.58
 2029.30  3.58
 2030.00  3.58
 2030.70  3.58
 2031.40  3.58
 2032.10  3.58
 2032.80  3.58
 2033.50  3.58
 2034.20  3.58
 2034.90  3.58
 2035.60  3.58
 2036.30  3.58
 2037.00  3.58
 2037.70  3.58
 2038.40  3.58
 2039.10  3.58
 2039.80  3.58
 2040.50  3.58
 2041.20  3.58
 2041.90  3.58
 2042.60  3.58
 2043.30  3.58
 2044.00  3.58
 2044.70  3.58
 2045.40  3.58
 2046.10  3.58
 2046.80  3.58
 2047.50  3.58
 2048.20  3.58
 2048.90  3.58
 2049.60  3.58
 2050.30  3.58
 2051.00  3.58
 2051.70  3.58
 2052.40  3.58
 2053.10  3.58
 2053.80  3.58
 2054.50  3.58
 2055.20  3.58
 2055.90  3.58
 2056.60  3.58
 2057.30  3.58
 2058.00  3.58
 2058.70  3.58
 2059.40  3.58
 2060.10  3.58
 2060.80  3.58
 2061.50  3.58
 2062.20  3.58
 2062.90  3.58
 2063.60  3.58
 2064.30  3.58
 2065.00  3.58
 2065.70  3.58
 2066.40  3.58
 2067.10  3.58
 2067.80  3.58
 2068.50  3.58
 2069.20  3.58
 2069.90  3.58
 2070.60  3.58
 2071.30  3.58
 2072.00  3.58
 2072.70  3.58
 2073.40  3.58
 2074.10  3.58
 2074.80  3.58
 2075.50  3.58
 2076.20  3.58
 2076.90  3.58
 2077.60  3.58
 2078.30  3.58
 2079.00  3.58
 2079.70  3.58
 2080.40  3.58
 2081.10  3.58
 2081.80  3.58
 2082.50  3.58
 2083.20  3.58
 2083.90  3.58
 2084.60  3.58
 2085.30  3.58
 2086.00  3.58
 2086.70  3.58
 2087.40  3.58
 2088.10  3.58
 2088.80  3.58
 2089.50  3.58
 2090.20  3.58
 2090.90  3.58
 2091.60  3.58
 2092.30  3.58
 2093.00  3.58
 2093.70  3.58
 2094.40  3.58
 2095.10  3.58
 2095.80  3.58
 2096.50  3.58
 2097.20  3.58
 2097.90  3.58
 2098.60  3.58
 2099.30  3.58
 2100.00  3.58
 2100.70  3.58
 2101.40  3.58
 2102.10  3.58
 2102.80  3.58
 2103.50  3.58
 2104.20  3.58
 2104.90  3.58
 2105.60  3.58
 2106.30  3.58
 2107.00  3.58
 2107.70  3.58
 2108.40  3.58
 2109.10  3.58
 2109.80  3.58
 2110.50  3.58
 2111.20  3.58
 2111.90  3.58
 2112.60  3.58
 2113.30  3.58
 2114.00  3.58
 2114.70  3.58
 2115.40  3.58
 2116.10  3.58
 2116.80  3.58
 2117.50  3.58
 2118.20  3.58
 2118.90  3.58
 2119.60  3.58
 2120.30  3.58
 2121.00  3.58
 2121.70  3.58
 2122.40  3.58
 2123.10  3.58
 2123.80  3.58
 2124.50  3.58
 2125.20  3.58
 2125.90  3.58
 2126.60  3.58
 2127.30  3.58
 2128.00  3.58
 2128.70  3.58
 2129.40  3.58
 2130.10  3.58
 2130.80  3.58
 2131.50  3.58
 2132.20  3.58
 2132.90  3.58
 2133.60  3.58
 2134.30  3.58
 2135.00  3.58
 2135.70  3.58
 2136.40  3.58
 2137.10  3.58
 2137.80  3.58
 2138.50  3.58
 2139.20  3.58
 2139.90  3.58
 2140.60  3.58
 2141.30  3.58
 2142.00  3.58
 2142.70  3.58
 2143.40  3.58
 2144.10  3.58
 2144.80  3.58
 2145.50  3.58
 2146.20  3.58
 2146.90  3.58
 2147.60  3.58
 2148.30  3.58
 2149.00  3.58
 2149.70  3.58
 2150.40  3.58
 2151.10  3.58
 2151.80  3.58
 2152.50  3.58
 2153.20  3.58
 2153.90  3.58
 2154.60  3.58
 2155.30  3.58
 2156.00  3.58
 2156.70  3.58
 2157.40  3.58
 2158.10  3.58
 2158.80  3.58
 2159.50  3.58
 2160.20  3.58
 2160.90  3.58
 2161.60  3.58
 2162.30  3.58
 2163.00  3.58
 2163.70  3.58
 2164.40  3.58
 2165.10  3.58
 2165.80  3.58
 2166.50  3.58
 2167.20  3.58
 2167.90  3.58
 2168.60  3.58
 2169.30  3.58
 2170.00  3.58
 2170.70  3.58
 2171.40  3.58
 2172.10  3.58
 2172.80  3.58
 2173.50  3.58
 2174.20  3.58
 2174.90  3.58
 2175.60  3.58
 2176.30  3.58
 2177.00  3.58
 2177.70  3.58
 2178.40  3.58
 2179.10  3.58
 2179.80  3.58
 2180.50  3.58
 2181.20  3.58
 2181.90  3.58
 2182.60  3.58
 2183.30  3.58
 2184.00  3.58
 2184.70  3.58
 2185.40  3.58
 2186.10  3.58
 2186.80  3.58
 2187.50  3.58
 2188.20  3.58
 2188.90  3.58
 2189.60  3.58
 2190.30  3.58
 2191.00  3.58
 2191.70  3.58
 2192.40  3.58
 2193.10  3.58
 2193.80  3.58
 2194.50  3.58
 2195.20  3.58
 2195.90  3.58
 2196.60  3.58
 2197.30  3.58
 2198.00  3.58
 2198.70  3.58
 2199.40  3.58
 2200.10  3.58
 2200.80  3.58
 2201.50  3.58
 2202.20  3.58
 2202.90  3.58
 2203.60  3.58
 2204.30  3.58
 2205.00  3.58
 2205.70  3.58
 2206.40  3.58
 2207.10  3.58
 2207.80  3.58
 2208.50  3.58
 2209.20  3.58
 2209.90  3.58
 2210.60  3.58
 2211.30  3.58
 2212.00  3.58
 2212.70  3.58
 2213.40  3.58
 2214.10  3.58
 2214.80  3.58
 2215.50  3.58
 2216.20  3.58
 2216.90  3.58
 2217.60  3.58
 2218.30  3.58
 2219.00  3.58
 2219.70  3.58
 2220.40  3.58
 2221.10  3.58
 2221.80  3.58
 2222.50  3.58
 2223.20  3.58
 2223.90  3.58
 2224.60  3.58
 2225.30  3.58
 2226.00  3.58
 2226.70  3.58
 2227.40  3.58
 2228.10  3.58
 2228.80  3.58
 2229.50  3.58
 2230.20  3.58
 2230.90  3.58
 2231.60  3.58
 2232.30  3.58
 2233.00  3.58
 2233.70  3.58
 2234.40  3.58
 2235.10  3.58
 2235.80  3.58
 2236.50  3.58
 2237.20  3.58
 2237.90  3.58
 2238.60  3.58
 2239.30  3.58
 2240.00  3.58
 2240.70  3.58
 2241.40  3.58
 2242.10  3.58
 2242.80  3.58
 2243.50  3.58
 2244.20  3.58
 2244.90  3.58
 2245.60  3.58
 2246.30  3.58
 2247.00  3.58
 2247.70  3.58
 2248.40  3.58
 2249.10  3.58
 2249.80  3.58
 2250.50  3.58
 2251.20  3.58
 2251.90  3.58
 2252.60  3.58
 2253.30  3.58
 2254.00  3.58
 2254.70  3.58
 2255.40  3.58
 2256.10  3.58
 2256.80  3.58
 2257.50  3.58
 2258.20  3.58
 2258.90  3.58
 2259.60  3.58
 2260.30  3.58
 2261.00  3.58
 2261.70  3.58
 2262.40  3.58
 2263.10  3.58
 2263.80  3.58
 2264.50  3.58
 2265.20  3.58
 2265.90  3.58
 2266.60  3.58
 2267.30  3.58
 2268.00  3.58
 2268.70  3.58
 2269.40  3.58
 2270.10  3.58
 2270.80  3.58
 2271.50  3.58
 2272.20  3.58
 2272.90  3.58
 2273.60  3.58
 2274.30  3.58
 2275.00  3.58
 2275.70  3.58
 2276.40  3.58
 2277.10  3.58
 2277.80  3.58
 2278.50  3.58
 2279.20  3.58
 2279.90  3.58
 2280.60  3.58
 2281.30  3.58
 2282.00  3.58
 2282.70  3.58
 2283.40  3.58
 2284.10  3.58
 2284.80  3.58
 2285.50  3.58
 2286.20  3.58
 2286.90  3.58
 2287.60  3.58
 2288.30  3.58
 2289.00  3.58
 2289.70  3.58
 2290.40  3.58
 2291.10  3.58
 2291.80  3.58
 2292.50  3.58
 2293.20  3.58
 2293.90  3.58
 2294.60  3.58
 2295.30  3.58
 2296.00  3.58
 2296.70  3.58
 2297.40  3.58
 2298.10  3.58
 2298.80  3.58
 2299.50  3.58
 2300.20  3.58
 2300.90  3.58
 2301.60  3.58
 2302.30  3.58
 2303.00  3.58
 2303.70  3.58
 2304.40  3.58
 2305.10  3.58
 2305.80  3.58
 2306.50  3.58
 2307.20  3.58
 2307.90  3.58
 2308.60  3.58
 2309.30  3.58
 2310.00  3.58
 2310.70  3.58
 2311.40  3.58
 2312.10  3.58
 2312.80  3.58
 2313.50  3.58
 2314.20  3.58
 2314.90  3.58
 2315.60  3.58
 2316.30  3.58
 2317.00  3.58
 2317.70  3.58
 2318.40  3.58
 2319.10  3.58
 2319.80  3.58
 2320.50  3.58
 2321.20  3.58
 2321.90  3.58
 2322.60  3.58
 2323.30  3.58
 2324.00  3.58
 2324.70  3.58
 2325.40  3.58
 2326.10  3.58
 2326.80  3.58
 2327.50  3.58
 2328.20  3.58
 2328.90  3.58
 2329.60  3.58
 2330.30  3.58
 2331.00  3.58
 2331.70  3.58
 2332.40  3.58
 2333.10  3.58
 2333.80  3.58
 2334.50  3.58
 2335.20  3.58
 2335.90  3.58
 2336.60  3.58
 2337.30  3.58
 2338.00  3.58
 2338.70  3.58
 2339.40  3.58
 2340.10  3.58
 2340.80  3.58
 2341.50  3.58
 2342.20  3.58
 2342.90  3.58
 2343.60  3.58
 2344.30  3.58
 2345.00  3.58
 2345.70  3.58
 2346.40  3.58
 2347.10  3.58
 2347.80  3.58
 2348.50  3.58
 2349.20  3.58
 2349.90  3.58
 2350.60  3.58
 2351.30  3.58
 2352.00  3.58
 2352.70  3.58
 2353.40  3.58
 2354.10  3.58
 2354.80  3.58
 2355.50  3.58
 2356.20  3.58
 2356.90  3.58
 2357.60  3.58
 2358.30  3.58
 2359.00  3.58
 2359.70  3.58
 2360.40  3.58
 2361.10  3.58
 2361.80  3.58
 2362.50  3.58
 2363.20  3.58
 2363.90  3.58
 2364.60  3.58
 2365.30  3.58
 2366.00  3.58
 2366.70  3.58
 2367.40  3.58
 2368.10  3.58
 2368.80  3.58
 2369.50  3.58
 2370.20  3.58
 2370.90  3.58
 2371.60  3.58
 2372.30  3.58
 2373.00  3.58
 2373.70  3.58
 2374.40  3.58
 2375.10  3.58
 2375.80  3.58
 2376.50  3.58
 2377.20  3.58
 2377.90  3.58
 2378.60  3.58
 2379.30  3.58
 2380.00  3.58
 2380.70  3.58
 2381.40  3.58
 2382.10  3.58
 2382.80  3.58
 2383.50  3.58
 2384.20  3.58
 2384.90  3.58
 2385.60  3.58
 2386.30  3.58
 2387.00  3.58
 2387.70  3.58
 2388.40  3.58
 2389.10  3.58
 2389.80  3.58
 2390.50  3.58
 2391.20  3.58
 2391.90  3.58
 2392.60  3.58
 2393.30  3.58
 2394.00  3.58
 2394.70  3.58
 2395.40  3.58
 2396.10  3.58
 2396.80  3.58
 2397.50  3.58
 2398.20  3.58
 2398.90  3.58
 2399.60  3.58
 2400.30  3.58
 2401.00  3.58
 2401.70  3.58
 2402.40  3.58
 2403.10  3.58
 2403.80  3.58
 2404.50  3.58
 2405.20  3.58
 2405.90  3.58
 2406.60  3.58
 2407.30  3.58
 2408.00  3.58
 2408.70  3.58
 2409.40  3.58
 2410.10  3.58
 2410.80  3.58
 2411.50  3.58
 2412.20  3.58
 2412.90  3.58
 2413.60  3.58
 2414.30  3.58
 2415.00  3.58
 2415.70  3.58
 2416.40  3.58
 2417.10  3.58
 2417.80  3.58
 2418.50  3.58
 2419.20  3.58
 2419.90  3.58
 2420.60  3.58
 2421.30  3.58
 2422.00  3.58
 2422.70  3.58
 2423.40  3.58
 2424.10  3.58
 2424.80  3.58
 2425.50  3.58
 2426.20  3.58
 2426.90  3.58
 2427.60  3.58
 2428.30  3.58
 2429.00  3.58
 2429.70  3.58
 2430.40  3.58
 2431.10  3.58
 2431.80  3.58
 2432.50  3.58
 2433.20  3.58
 2433.90  3.58
 2434.60  3.58
 2435.30  3.58
 2436.00  3.58
 2436.70  3.58
 2437.40  3.58
 2438.10  3.58
 2438.80  3.58
 2439.50  3.58
 2440.20  3.58
 2440.90  3.58
 2441.60  3.58
 2442.30  3.58
 2443.00  3.58
 2443.70  3.58
 2444.40  3.58
 2445.10  3.58
 2445.80  3.58
 2446.50  3.58
 2447.20  3.58
 2447.90  3.58
 2448.60  3.58
 2449.30  3.58
 2450.00  3.58
 2450.70  3.58
 2451.40  3.58
 2452.10  3.58
 2452.80  3.58
 2453.50  3.58
 2454.20  3.58
 2454.90  3.58
 2455.60  3.58
 2456.30  3.58
 2457.00  3.58
 2457.70  3.58
 2458.40  3.58
 2459.10  3.58
 2459.80  3.58
 2460.50  3.58
 2461.20  3.58
 2461.90  3.58
 2462.60  3.58
 2463.30  3.58
 2464.00  3.58
 2464.70  3.58
 2465.40  3.58
 2466.10  3.58
 2466.80  3.58
 2467.50  3.58
 2468.20  3.58
 2468.90  3.58
 2469.60  3.58
 2470.30  3.58
 2471.00  3.58
 2471.70  3.58
 2472.40  3.58
 2473.10  3.58
 2473.80  3.58
 2474.50  3.58
 2475.20  3.58
 2475.90  3.58
 2476.60  3.58
 2477.30  3.58
 2478.00  3.58
 2478.70  3.58
 2479.40  3.58
 2480.10  3.58
 2480.80  3.58
 2481.50  3.58
 2482.20  3.58
 2482.90  3.58
 2483.60  3.58
 2484.30  3.58
 2485.00  3.58
 2485.70  3.58
 2486.40  3.58
 2487.10  3.58
 2487.80  3.58
 2488.50  3.58
 2489.20  3.58
 2489.90  3.58
 2490.60  3.58
 2491.30  3.58
 2492.00  3.58
 2492.70  3.58
 2493.40  3.58
 2494.10  3.58
 2494.80  3.58
 2495.50  3.58
 2496.20  3.58
 2496.90  3.58
 2497.60  3.58
 2498.30  3.58
 2499.00  3.58
 2499.70  3.58
 2500.40  3.58
 2501.10  3.58
 2501.80  3.58
 2502.50  3.58
 2503.20  3.58
 2503.90  3.58
 2504.60  3.58
 2505.30  3.58
 2506.00  3.58
 2506.70  3.58
 2507.40  3.58
 2508.10  3.58
 2508.80  3.58
 2509.50  3.58
 2510.20  3.58
 2510.90  3.58
 2511.60  3.58
 2512.30  3.58
 2513.00  3.58
 2513.70  3.58
 2514.40  3.58
 2515.10  3.58
 2515.80  3.58
 2516.50  3.58
 2517.20  3.58
 2517.90  3.58
 2518.60  3.58
 2519.30  3.58
 2520.00  3.58
 2520.70  3.58
 2521.40  3.58
 2522.10  3.58
 2522.80  3.58
 2523.50  3.58
 2524.20  3.58
 2524.90  3.58
 2525.60  3.58
 2526.30  3.58
 2527.00  3.58
 2527.70  3.58
 2528.40  3.58
 2529.10  3.58
 2529.80  3.58
 2530.50  3.58
 2531.20  3.58
 2531.90  3.58
 2532.60  3.58
 2533.30  3.58
 2534.00  3.58
 2534.70  3.58
 2535.40  3.58
 2536.10  3.58
 2536.80  3.58
 2537.50  3.58
 2538.20  3.58
 2538.90  3.58
 2539.60  3.58
 2540.30  3.58
 2541.00  3.58
 2541.70  3.58
 2542.40  3.58
 2543.10  3.58
 2543.80  3.58
 2544.50  3.58
 2545.20  3.58
 2545.90  3.58
 2546.60  3.58
 2547.30  3.58
 2548.00  3.58
 2548.70  3.58
 2549.40  3.58
 2550.10  3.58
 2550.80  3.58
 2551.50  3.58
 2552.20  3.58
 2552.90  3.58
 2553.60  3.58
 2554.30  3.58
 2555.00  3.58
 2555.70  3.58
 2556.40  3.58
 2557.10  3.58
 2557.80  3.58
 2558.50  3.58
 2559.20  3.58
 2559.90  3.58
 2560.60  3.58
 2561.30  3.58
 2562.00  3.58
 2562.70  3.58
 2563.40  3.58
 2564.10  3.58
 2564.80  3.58
 2565.50  3.58
 2566.20  3.58
 2566.90  3.58
 2567.60  3.58
 2568.30  3.58
 2569.00  3.58
 2569.70  3.58
 2570.40  3.58
 2571.10  3.58
 2571.80  3.58
 2572.50  3.58
 2573.20  3.58
 2573.90  3.58
 2574.60  3.58
 2575.30  3.58
 2576.00  3.58
 2576.70  3.58
 2577.40  3.58
 2578.10  3.58
 2578.80  3.58
 2579.50  3.58
 2580.20  3.58
 2580.90  3.58
 2581.60  3.58
 2582.30  3.58
 2583.00  3.58
 2583.70  3.58
 2584.40  3.58
 2585.10  3.58
 2585.80  3.58
 2586.50  3.58
 2587.20  3.58
 2587.90  3.58
 2588.60  3.58
 2589.30  3.58
 2590.00  3.58
 2590.70  3.58
 2591.40  3.58
 2592.10  3.58
 2592.80  3.58
 2593.50  3.58
 2594.20  3.58
 2594.90  3.58
 2595.60  3.58
 2596.30  3.58
 2597.00  3.58
 2597.70  3.58
 2598.40  3.58
 2599.10  3.58
 2599.80  3.58
 2600.50  3.58
 2601.20  3.58
 2601.90  3.58
 2602.60  3.58
 2603.30  3.58
 2604.00  3.58
 2604.70  3.58
 2605.40  3.58
 2606.10  3.58
 2606.80  3.58
 2607.50  3.58
 2608.20  3.58
 2608.90  3.58
 2609.60  3.58
 2610.30  3.58
 2611.00  3.58
 2611.70  3.58
 2612.40  3.58
 2613.10  3.58
 2613.80  3.58
 2614.50  3.58
 2615.20  3.58
 2615.90  3.58
 2616.60  3.58
 2617.30  3.58
 2618.00  3.58
 2618.70  3.58
 2619.40  3.58
 2620.10  3.58
 2620.80  3.58
 2621.50  3.58
 2622.20  3.58
 2622.90  3.58
 2623.60  3.58
 2624.30  3.58
 2625.00  3.58
 2625.70  3.58
 2626.40  3.58
 2627.10  3.58
 2627.80  3.58
 2628.50  3.58
 2629.20  3.58
 2629.90  3.58
 2630.60  3.58
 2631.30  3.58
 2632.00  3.58
 2632.70  3.58
 2633.40  3.58
 2634.10  3.58
 2634.80  3.58
 2635.50  3.58
 2636.20  3.58
 2636.90  3.58
 2637.60  3.58
 2638.30  3.58
 2639.00  3.58
 2639.70  3.58
 2640.40  3.58
 2641.10  3.58
 2641.80  3.58
 2642.50  3.58
 2643.20  3.58
 2643.90  3.58
 2644.60  3.58
 2645.30  3.58
 2646.00  3.58
 2646.70  3.58
 2647.40  3.58
 2648.10  3.58
 2648.80  3.58
 2649.50  3.58
 2650.20  3.58
 2650.90  3.58
 2651.60  3.58
 2652.30  3.58
 2653.00  3.58
 2653.70  3.58
 2654.40  3.58
 2655.10  3.58
 2655.80  3.58
 2656.50  3.58
 2657.20  3.58
 2657.90  3.58
 2658.60  3.58
 2659.30  3.58
 2660.00  3.58
 2660.70  3.58
 2661.40  3.58
 2662.10  3.58
 2662.80  3.58
 2663.50  3.58
 2664.20  3.58
 2664.90  3.58
 2665.60  3.58
 2666.30  3.58
 2667.00  3.58
 2667.70  3.58
 2668.40  3.58
 2669.10  3.58
 2669.80  3.58
 2670.50  3.58
 2671.20  3.58
 2671.90  3.58
 2672.60  3.58
 2673.30  3.58
 2674.00  3.58
 2674.70  3.58
 2675.40  3.58
 2676.10  3.58
 2676.80  3.58
 2677.50  3.58
 2678.20  3.58
 2678.90  3.58
 2679.60  3.58
 2680.30  3.58
 2681.00  3.58
 2681.70  3.58
 2682.40  3.58
 2683.10  3.58
 2683.80  3.58
 2684.50  3.58
 2685.20  3.58
 2685.90  3.58
 2686.60  3.58
 2687.30  3.58
 2688.00  3.58
 2688.70  3.58
 2689.40  3.58
 2690.10  3.58
 2690.80  3.58
 2691.50  3.58
 2692.20  3.58
 2692.90  3.58
 2693.60  3.58
 2694.30  3.58
 2695.00  3.58
 2695.70  3.58
 2696.40  3.58
 2697.10  3.58
 2697.80  3.58
 2698.50  3.58
 2699.20  3.58
 2699.90  3.58
 2700.60  3.58
 2701.30  3.58
 2702.00  3.58
 2702.70  3.58
 2703.40  3.58
 2704.10  3.58
 2704.80  3.58
 2705.50  3.58
 2706.20  3.58
 2706.90  3.58
 2707.60  3.58
 2708.30  3.58
 2709.00  3.58
 2709.70  3.58
 2710.40  3.58
 2711.10  3.58
 2711.80  3.58
 2712.50  3.58
 2713.20  3.58
 2713.90  3.58
 2714.60  3.58
 2715.30  3.58
 2716.00  3.58
 2716.70  3.58
 2717.40  3.58
 2718.10  3.58
 2718.80  3.58
 2719.50  3.58
 2720.20  3.58
 2720.90  3.58
 2721.60  3.58
 2722.30  3.58
 2723.00  3.58
 2723.70  3.58
 2724.40  3.58
 2725.10  3.58
 2725.80  3.58
 2726.50  3.58
 2727.20  3.58
 2727.90  3.58
 2728.60  3.58
 2729.30  3.58
 2730.00  3.58
 2730.70  3.58
 2731.40  3.58
 2732.10  3.58
 2732.80  3.58
 2733.50  3.58
 2734.20  3.58
 2734.90  3.58
 2735.60  3.58
 2736.30  3.58
 2737.00  3.58
 2737.70  3.58
 2738.40  3.58
 2739.10  3.58
 2739.80  3.58
 2740.50  3.58
 2741.20  3.58
 2741.90  3.58
 2742.60  3.58
 2743.30  3.58
 2744.00  3.58
 2744.70  3.58
 2745.40  3.58
 2746.10  3.58
 2746.80  3.58
 2747.50  3.58
 2748.20  3.58
 2748.90  3.58
 2749.60  3.58
 2750.30  3.58
 2751.00  3.58
 2751.70  3.58
 2752.40  3.58
 2753.10  3.58
 2753.80  3.58
 2754.50  3.58
 2755.20  3.58
 2755.90  3.58
 2756.60  3.58
 2757.30  3.58
 2758.00  3.58
 2758.70  3.58
 2759.40  3.58
 2760.10  3.58
 2760.80  3.58
 2761.50  3.58
 2762.20  3.58
 2762.90  3.58
 2763.60  3.58
 2764.30  3.58
 2765.00  3.58
 2765.70  3.58
 2766.40  3.58
 2767.10  3.58
 2767.80  3.58
 2768.50  3.58
 2769.20  3.58
 2769.90  3.58
 2770.60  3.58
 2771.30  3.58
 2772.00  3.58
 2772.70  3.58
 2773.40  3.58
 2774.10  3.58
 2774.80  3.58
 2775.50  3.58
 2776.20  3.58
 2776.90  3.58
 2777.60  3.58
 2778.30  3.58
 2779.00  3.58
 2779.70  3.58
 2780.40  3.58
 2781.10  3.58
 2781.80  3.58
 2782.50  3.58
 2783.20  3.58
 2783.90  3.58
 2784.60  3.58
 2785.30  3.58
 2786.00  3.58
 2786.70  3.58
 2787.40  3.58
 2788.10  3.58
 2788.80  3.58
 2789.50  3.58
 2790.20  3.58
 2790.90  3.58
 2791.60  3.58
 2792.30  3.58
 2793.00  3.58
 2793.70  3.58
 2794.40  3.58
 2795.10  3.58
 2795.80  3.58
 2796.50  3.58
 2797.20  3.58
 2797.90  3.58
 2798.60  3.58
 2799.30  3.58
 2800.00  3.58
 2800.70  3.58
 2801.40  3.58
 2802.10  3.58
 2802.80  3.58
 2803.50  3.58
 2804.20  3.58
 2804.90  3.58
 2805.60  3.58
 2806.30  3.58
 2807.00  3.58
 2807.70  3.58
 2808.40  3.58
 2809.10  3.58
 2809.80  3.58
 2810.50  3.58
 2811.20  3.58
 2811.90  3.58
 2812.60  3.58
 2813.30  3.58
 2814.00  3.58
 2814.70  3.58
 2815.40  3.58
 2816.10  3.58
 2816.80  3.58
 2817.50  3.58
 2818.20  3.58
 2818.90  3.58
 2819.60  3.58
 2820.30  3.58
 2821.00  3.58
 2821.70  3.58
 2822.40  3.58
 2823.10  3.58
 2823.80  3.58
 2824.50  3.58
 2825.20  3.58
 2825.90  3.58
 2826.60  3.58
 2827.30  3.58
 2828.00  3.58
 2828.70  3.58
 2829.40  3.58
 2830.10  3.58
 2830.80  3.58
 2831.50  3.58
 2832.20  3.58
 2832.90  3.58
 2833.60  3.58
 2834.30  3.58
 2835.00  3.58
 2835.70  3.58
 2836.40  3.58
 2837.10  3.58
 2837.80  3.58
 2838.50  3.58
 2839.20  3.58
 2839.90  3.58
 2840.60  3.58
 2841.30  3.58
 2842.00  3.58
 2842.70  3.58
 2843.40  3.58
 2844.10  3.58
 2844.80  3.58
 2845.50  3.58
 2846.20  3.58
 2846.90  3.58
 2847.60  3.58
 2848.30  3.58
 2849.00  3.58
 2849.70  3.58
 2850.40  3.58
 2851.10  3.58
 2851.80  3.58
 2852.50  3.58
 2853.20  3.58
 2853.90  3.58
 2854.60  3.58
 2855.30  3.58
 2856.00  3.58
 2856.70  3.58
 2857.40  3.58
 2858.10  3.58
 2858.80  3.58
 2859.50  3.58
 2860.20  3.58
 2860.90  3.58
 2861.60  3.58
 2862.30  3.58
 2863.00  3.58
 2863.70  3.58
 2864.40  3.58
 2865.10  3.58
 2865.80  3.58
 2866.50  3.58
 2867.20  3.58
 2867.90  3.58
 2868.60  3.58
 2869.30  3.58
 2870.00  3.58
 2870.70  3.58
 2871.40  3.58
 2872.10  3.58
 2872.80  3.58
 2873.50  3.58
 2874.20  3.58
 2874.90  3.58
 2875.60  3.58
 2876.30  3.58
 2877.00  3.58
 2877.70  3.58
 2878.40  3.58
 2879.10  3.58
 2879.80  3.58
 2880.50  3.58
 2881.20  3.58
 2881.90  3.58
 2882.60  3.58
 2883.30  3.58
 2884.00  3.58
 2884.70  3.58
 2885.40  3.58
 2886.10  3.58
 2886.80  3.58
 2887.50  3.58
 2888.20  3.58
 2888.90  3.58
 2889.60  3.58
 2890.30  3.58
 2891.00  3.58
 2891.70  3.58
 2892.40  3.58
 2893.10  3.58
 2893.80  3.58
 2894.50  3.58
 2895.20  3.58
 2895.90  3.58
 2896.60  3.58
 2897.30  3.58
 2898.00  3.58
 2898.70  3.58
 2899.40  3.58
 2900.10  3.58
 2900.80  3.58
 2901.50  3.58
 2902.20  3.58
 2902.90  3.58
 2903.60  3.58
 2904.30  3.58
 2905.00  3.58
 2905.70  3.58
 2906.40  3.58
 2907.10  3.58
 2907.80  3.58
 2908.50  3.58
 2909.20  3.58
 2909.90  3.58
 2910.60  3.58
 2911.30  3.58
 2912.00  3.58
 2912.70  3.58
 2913.40  3.58
 2914.10  3.58
 2914.80  3.58
 2915.50  3.58
 2916.20  3.58
 2916.90  3.58
 2917.60  3.58
 2918.30  3.58
 2919.00  3.58
 2919.70  3.58
 2920.40  3.58
 2921.10  3.58
 2921.80  3.58
 2922.50  3.58
 2923.20  3.58
 2923.90  3.58
 2924.60  3.58
 2925.30  3.58
 2926.00  3.58
 2926.70  3.58
 2927.40  3.58
 2928.10  3.58
 2928.80  3.58
 2929.50  3.58
 2930.20  3.58
 2930.90  3.58
 2931.60  3.58
 2932.30  3.58
 2933.00  3.58
 2933.70  3.58
 2934.40  3.58
 2935.10  3.58
 2935.80  3.58
 2936.50  3.58
 2937.20  3.58
 2937.90  3.58
 2938.60  3.58
 2939.30  3.58
 2940.00  3.58
 2940.70  3.58
 2941.40  3.58
 2942.10  3.58
 2942.80  3.58
 2943.50  3.58
 2944.20  3.58
 2944.90  3.58
 2945.60  3.58
 2946.30  3.58
 2947.00  3.58
 2947.70  3.58
 2948.40  3.58
 2949.10  3.58
 2949.80  3.58
 2950.50  3.58
 2951.20  3.58
 2951.90  3.58
 2952.60  3.58
 2953.30  3.58
 2954.00  3.58
 2954.70  3.58
 2955.40  3.58
 2956.10  3.58
 2956.80  3.58
 2957.50  3.58
 2958.20  3.58
 2958.90  3.58
 2959.60  3.58
 2960.30  3.58
 2961.00  3.58
 2961.70  3.58
 2962.40  3.58
 2963.10  3.58
 2963.80  3.58
 2964.50  3.58
 2965.20  3.58
 2965.90  3.58
 2966.60  3.58
 2967.30  3.58
 2968.00  3.58
 2968.70  3.58
 2969.40  3.58
 2970.10  3.58
 2970.80  3.58
 2971.50  3.58
 2972.20  3.58
 2972.90  3.58
 2973.60  3.58
 2974.30  3.58
 2975.00  3.58
 2975.70  3.58
 2976.40  3.58
 2977.10  3.58
 2977.80  3.58
 2978.50  3.58
 2979.20  3.58
 2979.90  3.58
 2980.60  3.58
 2981.30  3.58
 2982.00  3.58
 2982.70  3.58
 2983.40  3.58
 2984.10  3.58
 2984.80  3.58
 2985.50  3.58
 2986.20  3.58
 2986.90  3.58
 2987.60  3.58
 2988.30  3.58
 2989.00  3.58
 2989.70  3.58
 2990.40  3.58
 2991.10  3.58
 2991.80  3.58
 2992.50  3.58
 2993.20  3.58
 2993.90  3.58
 2994.60  3.58
 2995.30  3.58
 2996.00  3.58
 2996.70  3.58
 2997.40  3.58
 2998.10  3.58
 2998.80  3.58
 2999.50  3.58
