#Navio B MarAd
#Manobra de Curva Giro
#
#Eta 
#
#temp      rot 
 0.00  1.00
 0.70  1.00
 1.40  1.00
 2.10  1.00
 2.80  1.00
 3.50  1.00
 4.20  1.00
 4.90  1.00
 5.60  1.00
 6.30  1.00
 7.00  1.00
 7.70  1.00
 8.40  1.00
 9.10  1.00
 9.80  1.01
 10.50  1.01
 11.20  1.01
 11.90  1.01
 12.60  1.01
 13.30  1.01
 14.00  1.01
 14.70  1.01
 15.40  1.01
 16.10  1.01
 16.80  1.01
 17.50  1.01
 18.20  1.01
 18.90  1.01
 19.60  1.01
 20.30  1.01
 21.00  1.01
 21.70  1.01
 22.40  1.01
 23.10  1.01
 23.80  1.01
 24.50  1.02
 25.20  1.02
 25.90  1.02
 26.60  1.02
 27.30  1.02
 28.00  1.02
 28.70  1.02
 29.40  1.02
 30.10  1.02
 30.80  1.02
 31.50  1.02
 32.20  1.02
 32.90  1.02
 33.60  1.02
 34.30  1.02
 35.00  1.02
 35.70  1.02
 36.40  1.02
 37.10  1.02
 37.80  1.03
 38.50  1.03
 39.20  1.03
 39.90  1.03
 40.60  1.03
 41.30  1.03
 42.00  1.03
 42.70  1.03
 43.40  1.03
 44.10  1.03
 44.80  1.03
 45.50  1.03
 46.20  1.03
 46.90  1.03
 47.60  1.03
 48.30  1.04
 49.00  1.04
 49.70  1.04
 50.40  1.04
 51.10  1.04
 51.80  1.04
 52.50  1.04
 53.20  1.04
 53.90  1.04
 54.60  1.04
 55.30  1.04
 56.00  1.04
 56.70  1.04
 57.40  1.04
 58.10  1.05
 58.80  1.05
 59.50  1.05
 60.20  1.05
 60.90  1.05
 61.60  1.05
 62.30  1.05
 63.00  1.05
 63.70  1.05
 64.40  1.05
 65.10  1.05
 65.80  1.05
 66.50  1.06
 67.20  1.06
 67.90  1.06
 68.60  1.06
 69.30  1.06
 70.00  1.06
 70.70  1.06
 71.40  1.06
 72.10  1.06
 72.80  1.06
 73.50  1.06
 74.20  1.07
 74.90  1.07
 75.60  1.07
 76.30  1.07
 77.00  1.07
 77.70  1.07
 78.40  1.07
 79.10  1.07
 79.80  1.07
 80.50  1.08
 81.20  1.08
 81.90  1.08
 82.60  1.08
 83.30  1.08
 84.00  1.08
 84.70  1.08
 85.40  1.08
 86.10  1.08
 86.80  1.09
 87.50  1.09
 88.20  1.09
 88.90  1.09
 89.60  1.09
 90.30  1.09
 91.00  1.09
 91.70  1.09
 92.40  1.10
 93.10  1.10
 93.80  1.10
 94.50  1.10
 95.20  1.10
 95.90  1.10
 96.60  1.10
 97.30  1.10
 98.00  1.11
 98.70  1.11
 99.40  1.11
 100.10  1.11
 100.80  1.11
 101.50  1.11
 102.20  1.11
 102.90  1.12
 103.60  1.12
 104.30  1.12
 105.00  1.12
 105.70  1.12
 106.40  1.12
 107.10  1.12
 107.80  1.13
 108.50  1.13
 109.20  1.13
 109.90  1.13
 110.60  1.13
 111.30  1.13
 112.00  1.13
 112.70  1.14
 113.40  1.14
 114.10  1.14
 114.80  1.14
 115.50  1.14
 116.20  1.14
 116.90  1.15
 117.60  1.15
 118.30  1.15
 119.00  1.15
 119.70  1.15
 120.40  1.15
 121.10  1.16
 121.80  1.16
 122.50  1.16
 123.20  1.16
 123.90  1.16
 124.60  1.16
 125.30  1.17
 126.00  1.17
 126.70  1.17
 127.40  1.17
 128.10  1.17
 128.80  1.18
 129.50  1.18
 130.20  1.18
 130.90  1.18
 131.60  1.18
 132.30  1.18
 133.00  1.19
 133.70  1.19
 134.40  1.19
 135.10  1.19
 135.80  1.19
 136.50  1.20
 137.20  1.20
 137.90  1.20
 138.60  1.20
 139.30  1.20
 140.00  1.21
 140.70  1.21
 141.40  1.21
 142.10  1.21
 142.80  1.21
 143.50  1.21
 144.20  1.22
 144.90  1.22
 145.60  1.22
 146.30  1.22
 147.00  1.23
 147.70  1.23
 148.40  1.23
 149.10  1.23
 149.80  1.23
 150.50  1.24
 151.20  1.24
 151.90  1.24
 152.60  1.24
 153.30  1.24
 154.00  1.25
 154.70  1.25
 155.40  1.25
 156.10  1.25
 156.80  1.25
 157.50  1.26
 158.20  1.26
 158.90  1.26
 159.60  1.26
 160.30  1.27
 161.00  1.27
 161.70  1.27
 162.40  1.27
 163.10  1.27
 163.80  1.28
 164.50  1.28
 165.20  1.28
 165.90  1.28
 166.60  1.29
 167.30  1.29
 168.00  1.29
 168.70  1.29
 169.40  1.29
 170.10  1.30
 170.80  1.30
 171.50  1.30
 172.20  1.30
 172.90  1.31
 173.60  1.31
 174.30  1.31
 175.00  1.31
 175.70  1.32
 176.40  1.32
 177.10  1.32
 177.80  1.32
 178.50  1.32
 179.20  1.33
 179.90  1.33
 180.60  1.33
 181.30  1.33
 182.00  1.34
 182.70  1.34
 183.40  1.34
 184.10  1.34
 184.80  1.35
 185.50  1.35
 186.20  1.35
 186.90  1.35
 187.60  1.36
 188.30  1.36
 189.00  1.36
 189.70  1.36
 190.40  1.37
 191.10  1.37
 191.80  1.37
 192.50  1.37
 193.20  1.38
 193.90  1.38
 194.60  1.38
 195.30  1.38
 196.00  1.39
 196.70  1.39
 197.40  1.39
 198.10  1.39
 198.80  1.40
 199.50  1.40
 200.20  1.40
 200.90  1.40
 201.60  1.41
 202.30  1.41
 203.00  1.41
 203.70  1.41
 204.40  1.42
 205.10  1.42
 205.80  1.42
 206.50  1.42
 207.20  1.43
 207.90  1.43
 208.60  1.43
 209.30  1.44
 210.00  1.44
 210.70  1.44
 211.40  1.44
 212.10  1.45
 212.80  1.45
 213.50  1.45
 214.20  1.45
 214.90  1.46
 215.60  1.46
 216.30  1.46
 217.00  1.46
 217.70  1.47
 218.40  1.47
 219.10  1.47
 219.80  1.48
 220.50  1.48
 221.20  1.48
 221.90  1.48
 222.60  1.49
 223.30  1.49
 224.00  1.49
 224.70  1.49
 225.40  1.50
 226.10  1.50
 226.80  1.50
 227.50  1.50
 228.20  1.51
 228.90  1.51
 229.60  1.51
 230.30  1.52
 231.00  1.52
 231.70  1.52
 232.40  1.52
 233.10  1.53
 233.80  1.53
 234.50  1.53
 235.20  1.53
 235.90  1.54
 236.60  1.54
 237.30  1.54
 238.00  1.55
 238.70  1.55
 239.40  1.55
 240.10  1.55
 240.80  1.56
 241.50  1.56
 242.20  1.56
 242.90  1.57
 243.60  1.57
 244.30  1.57
 245.00  1.57
 245.70  1.58
 246.40  1.58
 247.10  1.58
 247.80  1.58
 248.50  1.59
 249.20  1.59
 249.90  1.59
 250.60  1.60
 251.30  1.60
 252.00  1.60
 252.70  1.60
 253.40  1.61
 254.10  1.61
 254.80  1.61
 255.50  1.62
 256.20  1.62
 256.90  1.62
 257.60  1.62
 258.30  1.63
 259.00  1.63
 259.70  1.63
 260.40  1.64
 261.10  1.64
 261.80  1.64
 262.50  1.64
 263.20  1.65
 263.90  1.65
 264.60  1.65
 265.30  1.65
 266.00  1.66
 266.70  1.66
 267.40  1.66
 268.10  1.67
 268.80  1.67
 269.50  1.67
 270.20  1.67
 270.90  1.68
 271.60  1.68
 272.30  1.68
 273.00  1.69
 273.70  1.69
 274.40  1.69
 275.10  1.69
 275.80  1.70
 276.50  1.70
 277.20  1.70
 277.90  1.71
 278.60  1.71
 279.30  1.71
 280.00  1.71
 280.70  1.72
 281.40  1.72
 282.10  1.72
 282.80  1.73
 283.50  1.73
 284.20  1.73
 284.90  1.73
 285.60  1.74
 286.30  1.74
 287.00  1.74
 287.70  1.75
 288.40  1.75
 289.10  1.75
 289.80  1.75
 290.50  1.76
 291.20  1.76
 291.90  1.76
 292.60  1.77
 293.30  1.77
 294.00  1.77
 294.70  1.77
 295.40  1.78
 296.10  1.78
 296.80  1.78
 297.50  1.79
 298.20  1.79
 298.90  1.79
 299.60  1.79
 300.30  1.80
 301.00  1.80
 301.70  1.80
 302.40  1.81
 303.10  1.81
 303.80  1.81
 304.50  1.81
 305.20  1.82
 305.90  1.82
 306.60  1.82
 307.30  1.82
 308.00  1.83
 308.70  1.83
 309.40  1.83
 310.10  1.84
 310.80  1.84
 311.50  1.84
 312.20  1.84
 312.90  1.85
 313.60  1.85
 314.30  1.85
 315.00  1.86
 315.70  1.86
 316.40  1.86
 317.10  1.86
 317.80  1.87
 318.50  1.87
 319.20  1.87
 319.90  1.88
 320.60  1.88
 321.30  1.88
 322.00  1.88
 322.70  1.89
 323.40  1.89
 324.10  1.89
 324.80  1.89
 325.50  1.90
 326.20  1.90
 326.90  1.90
 327.60  1.91
 328.30  1.91
 329.00  1.91
 329.70  1.91
 330.40  1.92
 331.10  1.92
 331.80  1.92
 332.50  1.93
 333.20  1.93
 333.90  1.93
 334.60  1.93
 335.30  1.94
 336.00  1.94
 336.70  1.94
 337.40  1.95
 338.10  1.95
 338.80  1.95
 339.50  1.95
 340.20  1.96
 340.90  1.96
 341.60  1.96
 342.30  1.96
 343.00  1.97
 343.70  1.97
 344.40  1.97
 345.10  1.98
 345.80  1.98
 346.50  1.98
 347.20  1.98
 347.90  1.99
 348.60  1.99
 349.30  1.99
 350.00  1.99
 350.70  2.00
 351.40  2.00
 352.10  2.00
 352.80  2.01
 353.50  2.01
 354.20  2.01
 354.90  2.01
 355.60  2.02
 356.30  2.02
 357.00  2.02
 357.70  2.02
 358.40  2.03
 359.10  2.03
 359.80  2.03
 360.50  2.04
 361.20  2.04
 361.90  2.04
 362.60  2.04
 363.30  2.05
 364.00  2.05
 364.70  2.05
 365.40  2.05
 366.10  2.06
 366.80  2.06
 367.50  2.06
 368.20  2.07
 368.90  2.07
 369.60  2.07
 370.30  2.07
 371.00  2.08
 371.70  2.08
 372.40  2.08
 373.10  2.08
 373.80  2.09
 374.50  2.09
 375.20  2.09
 375.90  2.10
 376.60  2.10
 377.30  2.10
 378.00  2.10
 378.70  2.11
 379.40  2.11
 380.10  2.11
 380.80  2.11
 381.50  2.12
 382.20  2.12
 382.90  2.12
 383.60  2.12
 384.30  2.13
 385.00  2.13
 385.70  2.13
 386.40  2.13
 387.10  2.14
 387.80  2.14
 388.50  2.14
 389.20  2.15
 389.90  2.15
 390.60  2.15
 391.30  2.15
 392.00  2.16
 392.70  2.16
 393.40  2.16
 394.10  2.16
 394.80  2.17
 395.50  2.17
 396.20  2.17
 396.90  2.17
 397.60  2.18
 398.30  2.18
 399.00  2.18
 399.70  2.18
 400.40  2.19
 401.10  2.19
 401.80  2.19
 402.50  2.19
 403.20  2.20
 403.90  2.20
 404.60  2.20
 405.30  2.20
 406.00  2.21
 406.70  2.21
 407.40  2.21
 408.10  2.21
 408.80  2.22
 409.50  2.22
 410.20  2.22
 410.90  2.22
 411.60  2.23
 412.30  2.23
 413.00  2.23
 413.70  2.23
 414.40  2.24
 415.10  2.24
 415.80  2.24
 416.50  2.24
 417.20  2.25
 417.90  2.25
 418.60  2.25
 419.30  2.25
 420.00  2.26
 420.70  2.26
 421.40  2.26
 422.10  2.26
 422.80  2.27
 423.50  2.27
 424.20  2.27
 424.90  2.27
 425.60  2.28
 426.30  2.28
 427.00  2.28
 427.70  2.28
 428.40  2.29
 429.10  2.29
 429.80  2.29
 430.50  2.29
 431.20  2.30
 431.90  2.30
 432.60  2.30
 433.30  2.30
 434.00  2.31
 434.70  2.31
 435.40  2.31
 436.10  2.31
 436.80  2.32
 437.50  2.32
 438.20  2.32
 438.90  2.32
 439.60  2.32
 440.30  2.33
 441.00  2.33
 441.70  2.33
 442.40  2.33
 443.10  2.34
 443.80  2.34
 444.50  2.34
 445.20  2.34
 445.90  2.35
 446.60  2.35
 447.30  2.35
 448.00  2.35
 448.70  2.36
 449.40  2.36
 450.10  2.36
 450.80  2.36
 451.50  2.36
 452.20  2.37
 452.90  2.37
 453.60  2.37
 454.30  2.37
 455.00  2.38
 455.70  2.38
 456.40  2.38
 457.10  2.38
 457.80  2.39
 458.50  2.39
 459.20  2.39
 459.90  2.39
 460.60  2.39
 461.30  2.40
 462.00  2.40
 462.70  2.40
 463.40  2.40
 464.10  2.41
 464.80  2.41
 465.50  2.41
 466.20  2.41
 466.90  2.41
 467.60  2.42
 468.30  2.42
 469.00  2.42
 469.70  2.42
 470.40  2.43
 471.10  2.43
 471.80  2.43
 472.50  2.43
 473.20  2.43
 473.90  2.44
 474.60  2.44
 475.30  2.44
 476.00  2.44
 476.70  2.45
 477.40  2.45
 478.10  2.45
 478.80  2.45
 479.50  2.45
 480.20  2.46
 480.90  2.46
 481.60  2.46
 482.30  2.46
 483.00  2.46
 483.70  2.47
 484.40  2.47
 485.10  2.47
 485.80  2.47
 486.50  2.48
 487.20  2.48
 487.90  2.48
 488.60  2.48
 489.30  2.48
 490.00  2.49
 490.70  2.49
 491.40  2.49
 492.10  2.49
 492.80  2.49
 493.50  2.50
 494.20  2.50
 494.90  2.50
 495.60  2.50
 496.30  2.50
 497.00  2.51
 497.70  2.51
 498.40  2.51
 499.10  2.51
 499.80  2.51
 500.50  2.52
 501.20  2.52
 501.90  2.52
 502.60  2.52
 503.30  2.52
 504.00  2.53
 504.70  2.53
 505.40  2.53
 506.10  2.53
 506.80  2.53
 507.50  2.54
 508.20  2.54
 508.90  2.54
 509.60  2.54
 510.30  2.54
 511.00  2.55
 511.70  2.55
 512.40  2.55
 513.10  2.55
 513.80  2.55
 514.50  2.56
 515.20  2.56
 515.90  2.56
 516.60  2.56
 517.30  2.56
 518.00  2.57
 518.70  2.57
 519.40  2.57
 520.10  2.57
 520.80  2.57
 521.50  2.58
 522.20  2.58
 522.90  2.58
 523.60  2.58
 524.30  2.58
 525.00  2.59
 525.70  2.59
 526.40  2.59
 527.10  2.59
 527.80  2.59
 528.50  2.60
 529.20  2.60
 529.90  2.60
 530.60  2.60
 531.30  2.60
 532.00  2.60
 532.70  2.61
 533.40  2.61
 534.10  2.61
 534.80  2.61
 535.50  2.61
 536.20  2.62
 536.90  2.62
 537.60  2.62
 538.30  2.62
 539.00  2.62
 539.70  2.63
 540.40  2.63
 541.10  2.63
 541.80  2.63
 542.50  2.63
 543.20  2.63
 543.90  2.64
 544.60  2.64
 545.30  2.64
 546.00  2.64
 546.70  2.64
 547.40  2.65
 548.10  2.65
 548.80  2.65
 549.50  2.65
 550.20  2.65
 550.90  2.65
 551.60  2.66
 552.30  2.66
 553.00  2.66
 553.70  2.66
 554.40  2.66
 555.10  2.66
 555.80  2.67
 556.50  2.67
 557.20  2.67
 557.90  2.67
 558.60  2.67
 559.30  2.68
 560.00  2.68
 560.70  2.68
 561.40  2.68
 562.10  2.68
 562.80  2.68
 563.50  2.69
 564.20  2.69
 564.90  2.69
 565.60  2.69
 566.30  2.69
 567.00  2.69
 567.70  2.70
 568.40  2.70
 569.10  2.70
 569.80  2.70
 570.50  2.70
 571.20  2.70
 571.90  2.71
 572.60  2.71
 573.30  2.71
 574.00  2.71
 574.70  2.71
 575.40  2.71
 576.10  2.72
 576.80  2.72
 577.50  2.72
 578.20  2.72
 578.90  2.72
 579.60  2.72
 580.30  2.73
 581.00  2.73
 581.70  2.73
 582.40  2.73
 583.10  2.73
 583.80  2.73
 584.50  2.73
 585.20  2.74
 585.90  2.74
 586.60  2.74
 587.30  2.74
 588.00  2.74
 588.70  2.74
 589.40  2.75
 590.10  2.75
 590.80  2.75
 591.50  2.75
 592.20  2.75
 592.90  2.75
 593.60  2.76
 594.30  2.76
 595.00  2.76
 595.70  2.76
 596.40  2.76
 597.10  2.76
 597.80  2.76
 598.50  2.77
 599.20  2.77
 599.90  2.77
 600.60  2.77
 601.30  2.77
 602.00  2.77
 602.70  2.78
 603.40  2.78
 604.10  2.78
 604.80  2.78
 605.50  2.78
 606.20  2.78
 606.90  2.78
 607.60  2.79
 608.30  2.79
 609.00  2.79
 609.70  2.79
 610.40  2.79
 611.10  2.79
 611.80  2.79
 612.50  2.80
 613.20  2.80
 613.90  2.80
 614.60  2.80
 615.30  2.80
 616.00  2.80
 616.70  2.80
 617.40  2.81
 618.10  2.81
 618.80  2.81
 619.50  2.81
 620.20  2.81
 620.90  2.81
 621.60  2.81
 622.30  2.82
 623.00  2.82
 623.70  2.82
 624.40  2.82
 625.10  2.82
 625.80  2.82
 626.50  2.82
 627.20  2.83
 627.90  2.83
 628.60  2.83
 629.30  2.83
 630.00  2.83
 630.70  2.83
 631.40  2.83
 632.10  2.84
 632.80  2.84
 633.50  2.84
 634.20  2.84
 634.90  2.84
 635.60  2.84
 636.30  2.84
 637.00  2.85
 637.70  2.85
 638.40  2.85
 639.10  2.85
 639.80  2.85
 640.50  2.85
 641.20  2.85
 641.90  2.85
 642.60  2.86
 643.30  2.86
 644.00  2.86
 644.70  2.86
 645.40  2.86
 646.10  2.86
 646.80  2.86
 647.50  2.87
 648.20  2.87
 648.90  2.87
 649.60  2.87
 650.30  2.87
 651.00  2.87
 651.70  2.87
 652.40  2.87
 653.10  2.88
 653.80  2.88
 654.50  2.88
 655.20  2.88
 655.90  2.88
 656.60  2.88
 657.30  2.88
 658.00  2.88
 658.70  2.89
 659.40  2.89
 660.10  2.89
 660.80  2.89
 661.50  2.89
 662.20  2.89
 662.90  2.89
 663.60  2.89
 664.30  2.90
 665.00  2.90
 665.70  2.90
 666.40  2.90
 667.10  2.90
 667.80  2.90
 668.50  2.90
 669.20  2.90
 669.90  2.91
 670.60  2.91
 671.30  2.91
 672.00  2.91
 672.70  2.91
 673.40  2.91
 674.10  2.91
 674.80  2.91
 675.50  2.92
 676.20  2.92
 676.90  2.92
 677.60  2.92
 678.30  2.92
 679.00  2.92
 679.70  2.92
 680.40  2.92
 681.10  2.92
 681.80  2.93
 682.50  2.93
 683.20  2.93
 683.90  2.93
 684.60  2.93
 685.30  2.93
 686.00  2.93
 686.70  2.93
 687.40  2.93
 688.10  2.94
 688.80  2.94
 689.50  2.94
 690.20  2.94
 690.90  2.94
 691.60  2.94
 692.30  2.94
 693.00  2.94
 693.70  2.95
 694.40  2.95
 695.10  2.95
 695.80  2.95
 696.50  2.95
 697.20  2.95
 697.90  2.95
 698.60  2.95
 699.30  2.95
 700.00  2.95
 700.70  2.96
 701.40  2.96
 702.10  2.96
 702.80  2.96
 703.50  2.96
 704.20  2.96
 704.90  2.96
 705.60  2.96
 706.30  2.96
 707.00  2.97
 707.70  2.97
 708.40  2.97
 709.10  2.97
 709.80  2.97
 710.50  2.97
 711.20  2.97
 711.90  2.97
 712.60  2.97
 713.30  2.98
 714.00  2.98
 714.70  2.98
 715.40  2.98
 716.10  2.98
 716.80  2.98
 717.50  2.98
 718.20  2.98
 718.90  2.98
 719.60  2.98
 720.30  2.99
 721.00  2.99
 721.70  2.99
 722.40  2.99
 723.10  2.99
 723.80  2.99
 724.50  2.99
 725.20  2.99
 725.90  2.99
 726.60  2.99
 727.30  3.00
 728.00  3.00
 728.70  3.00
 729.40  3.00
 730.10  3.00
 730.80  3.00
 731.50  3.00
 732.20  3.00
 732.90  3.00
 733.60  3.00
 734.30  3.01
 735.00  3.01
 735.70  3.01
 736.40  3.01
 737.10  3.01
 737.80  3.01
 738.50  3.01
 739.20  3.01
 739.90  3.01
 740.60  3.01
 741.30  3.01
 742.00  3.02
 742.70  3.02
 743.40  3.02
 744.10  3.02
 744.80  3.02
 745.50  3.02
 746.20  3.02
 746.90  3.02
 747.60  3.02
 748.30  3.02
 749.00  3.02
 749.70  3.03
 750.40  3.03
 751.10  3.03
 751.80  3.03
 752.50  3.03
 753.20  3.03
 753.90  3.03
 754.60  3.03
 755.30  3.03
 756.00  3.03
 756.70  3.03
 757.40  3.04
 758.10  3.04
 758.80  3.04
 759.50  3.04
 760.20  3.04
 760.90  3.04
 761.60  3.04
 762.30  3.04
 763.00  3.04
 763.70  3.04
 764.40  3.04
 765.10  3.05
 765.80  3.05
 766.50  3.05
 767.20  3.05
 767.90  3.05
 768.60  3.05
 769.30  3.05
 770.00  3.05
 770.70  3.05
 771.40  3.05
 772.10  3.05
 772.80  3.05
 773.50  3.06
 774.20  3.06
 774.90  3.06
 775.60  3.06
 776.30  3.06
 777.00  3.06
 777.70  3.06
 778.40  3.06
 779.10  3.06
 779.80  3.06
 780.50  3.06
 781.20  3.06
 781.90  3.07
 782.60  3.07
 783.30  3.07
 784.00  3.07
 784.70  3.07
 785.40  3.07
 786.10  3.07
 786.80  3.07
 787.50  3.07
 788.20  3.07
 788.90  3.07
 789.60  3.07
 790.30  3.07
 791.00  3.08
 791.70  3.08
 792.40  3.08
 793.10  3.08
 793.80  3.08
 794.50  3.08
 795.20  3.08
 795.90  3.08
 796.60  3.08
 797.30  3.08
 798.00  3.08
 798.70  3.08
 799.40  3.08
 800.10  3.09
 800.80  3.09
 801.50  3.09
 802.20  3.09
 802.90  3.09
 803.60  3.09
 804.30  3.09
 805.00  3.09
 805.70  3.09
 806.40  3.09
 807.10  3.09
 807.80  3.09
 808.50  3.09
 809.20  3.10
 809.90  3.10
 810.60  3.10
 811.30  3.10
 812.00  3.10
 812.70  3.10
 813.40  3.10
 814.10  3.10
 814.80  3.10
 815.50  3.10
 816.20  3.10
 816.90  3.10
 817.60  3.10
 818.30  3.10
 819.00  3.11
 819.70  3.11
 820.40  3.11
 821.10  3.11
 821.80  3.11
 822.50  3.11
 823.20  3.11
 823.90  3.11
 824.60  3.11
 825.30  3.11
 826.00  3.11
 826.70  3.11
 827.40  3.11
 828.10  3.11
 828.80  3.11
 829.50  3.12
 830.20  3.12
 830.90  3.12
 831.60  3.12
 832.30  3.12
 833.00  3.12
 833.70  3.12
 834.40  3.12
 835.10  3.12
 835.80  3.12
 836.50  3.12
 837.20  3.12
 837.90  3.12
 838.60  3.12
 839.30  3.12
 840.00  3.13
 840.70  3.13
 841.40  3.13
 842.10  3.13
 842.80  3.13
 843.50  3.13
 844.20  3.13
 844.90  3.13
 845.60  3.13
 846.30  3.13
 847.00  3.13
 847.70  3.13
 848.40  3.13
 849.10  3.13
 849.80  3.13
 850.50  3.13
 851.20  3.14
 851.90  3.14
 852.60  3.14
 853.30  3.14
 854.00  3.14
 854.70  3.14
 855.40  3.14
 856.10  3.14
 856.80  3.14
 857.50  3.14
 858.20  3.14
 858.90  3.14
 859.60  3.14
 860.30  3.14
 861.00  3.14
 861.70  3.14
 862.40  3.15
 863.10  3.15
 863.80  3.15
 864.50  3.15
 865.20  3.15
 865.90  3.15
 866.60  3.15
 867.30  3.15
 868.00  3.15
 868.70  3.15
 869.40  3.15
 870.10  3.15
 870.80  3.15
 871.50  3.15
 872.20  3.15
 872.90  3.15
 873.60  3.15
 874.30  3.16
 875.00  3.16
 875.70  3.16
 876.40  3.16
 877.10  3.16
 877.80  3.16
 878.50  3.16
 879.20  3.16
 879.90  3.16
 880.60  3.16
 881.30  3.16
 882.00  3.16
 882.70  3.16
 883.40  3.16
 884.10  3.16
 884.80  3.16
 885.50  3.16
 886.20  3.16
 886.90  3.17
 887.60  3.17
 888.30  3.17
 889.00  3.17
 889.70  3.17
 890.40  3.17
 891.10  3.17
 891.80  3.17
 892.50  3.17
 893.20  3.17
 893.90  3.17
 894.60  3.17
 895.30  3.17
 896.00  3.17
 896.70  3.17
 897.40  3.17
 898.10  3.17
 898.80  3.17
 899.50  3.17
 900.20  3.18
 900.90  3.18
 901.60  3.18
 902.30  3.18
 903.00  3.18
 903.70  3.18
 904.40  3.18
 905.10  3.18
 905.80  3.18
 906.50  3.18
 907.20  3.18
 907.90  3.18
 908.60  3.18
 909.30  3.18
 910.00  3.18
 910.70  3.18
 911.40  3.18
 912.10  3.18
 912.80  3.18
 913.50  3.18
 914.20  3.19
 914.90  3.19
 915.60  3.19
 916.30  3.19
 917.00  3.19
 917.70  3.19
 918.40  3.19
 919.10  3.19
 919.80  3.19
 920.50  3.19
 921.20  3.19
 921.90  3.19
 922.60  3.19
 923.30  3.19
 924.00  3.19
 924.70  3.19
 925.40  3.19
 926.10  3.19
 926.80  3.19
 927.50  3.19
 928.20  3.19
 928.90  3.19
 929.60  3.20
 930.30  3.20
 931.00  3.20
 931.70  3.20
 932.40  3.20
 933.10  3.20
 933.80  3.20
 934.50  3.20
 935.20  3.20
 935.90  3.20
 936.60  3.20
 937.30  3.20
 938.00  3.20
 938.70  3.20
 939.40  3.20
 940.10  3.20
 940.80  3.20
 941.50  3.20
 942.20  3.20
 942.90  3.20
 943.60  3.20
 944.30  3.20
 945.00  3.21
 945.70  3.21
 946.40  3.21
 947.10  3.21
 947.80  3.21
 948.50  3.21
 949.20  3.21
 949.90  3.21
 950.60  3.21
 951.30  3.21
 952.00  3.21
 952.70  3.21
 953.40  3.21
 954.10  3.21
 954.80  3.21
 955.50  3.21
 956.20  3.21
 956.90  3.21
 957.60  3.21
 958.30  3.21
 959.00  3.21
 959.70  3.21
 960.40  3.21
 961.10  3.21
 961.80  3.22
 962.50  3.22
 963.20  3.22
 963.90  3.22
 964.60  3.22
 965.30  3.22
 966.00  3.22
 966.70  3.22
 967.40  3.22
 968.10  3.22
 968.80  3.22
 969.50  3.22
 970.20  3.22
 970.90  3.22
 971.60  3.22
 972.30  3.22
 973.00  3.22
 973.70  3.22
 974.40  3.22
 975.10  3.22
 975.80  3.22
 976.50  3.22
 977.20  3.22
 977.90  3.22
 978.60  3.22
 979.30  3.22
 980.00  3.23
 980.70  3.23
 981.40  3.23
 982.10  3.23
 982.80  3.23
 983.50  3.23
 984.20  3.23
 984.90  3.23
 985.60  3.23
 986.30  3.23
 987.00  3.23
 987.70  3.23
 988.40  3.23
 989.10  3.23
 989.80  3.23
 990.50  3.23
 991.20  3.23
 991.90  3.23
 992.60  3.23
 993.30  3.23
 994.00  3.23
 994.70  3.23
 995.40  3.23
 996.10  3.23
 996.80  3.23
 997.50  3.23
 998.20  3.23
 998.90  3.23
 999.60  3.24
 1000.30  3.24
 1001.00  3.24
 1001.70  3.24
 1002.40  3.24
 1003.10  3.24
 1003.80  3.24
 1004.50  3.24
 1005.20  3.24
 1005.90  3.24
 1006.60  3.24
 1007.30  3.24
 1008.00  3.24
 1008.70  3.24
 1009.40  3.24
 1010.10  3.24
 1010.80  3.24
 1011.50  3.24
 1012.20  3.24
 1012.90  3.24
 1013.60  3.24
 1014.30  3.24
 1015.00  3.24
 1015.70  3.24
 1016.40  3.24
 1017.10  3.24
 1017.80  3.24
 1018.50  3.24
 1019.20  3.24
 1019.90  3.24
 1020.60  3.24
 1021.30  3.25
 1022.00  3.25
 1022.70  3.25
 1023.40  3.25
 1024.10  3.25
 1024.80  3.25
 1025.50  3.25
 1026.20  3.25
 1026.90  3.25
 1027.60  3.25
 1028.30  3.25
 1029.00  3.25
 1029.70  3.25
 1030.40  3.25
 1031.10  3.25
 1031.80  3.25
 1032.50  3.25
 1033.20  3.25
 1033.90  3.25
 1034.60  3.25
 1035.30  3.25
 1036.00  3.25
 1036.70  3.25
 1037.40  3.25
 1038.10  3.25
 1038.80  3.25
 1039.50  3.25
 1040.20  3.25
 1040.90  3.25
 1041.60  3.25
 1042.30  3.25
 1043.00  3.25
 1043.70  3.25
 1044.40  3.26
 1045.10  3.26
 1045.80  3.26
 1046.50  3.26
 1047.20  3.26
 1047.90  3.26
 1048.60  3.26
 1049.30  3.26
 1050.00  3.26
 1050.70  3.26
 1051.40  3.26
 1052.10  3.26
 1052.80  3.26
 1053.50  3.26
 1054.20  3.26
 1054.90  3.26
 1055.60  3.26
 1056.30  3.26
 1057.00  3.26
 1057.70  3.26
 1058.40  3.26
 1059.10  3.26
 1059.80  3.26
 1060.50  3.26
 1061.20  3.26
 1061.90  3.26
 1062.60  3.26
 1063.30  3.26
 1064.00  3.26
 1064.70  3.26
 1065.40  3.26
 1066.10  3.26
 1066.80  3.26
 1067.50  3.26
 1068.20  3.26
 1068.90  3.26
 1069.60  3.26
 1070.30  3.27
 1071.00  3.27
 1071.70  3.27
 1072.40  3.27
 1073.10  3.27
 1073.80  3.27
 1074.50  3.27
 1075.20  3.27
 1075.90  3.27
 1076.60  3.27
 1077.30  3.27
 1078.00  3.27
 1078.70  3.27
 1079.40  3.27
 1080.10  3.27
 1080.80  3.27
 1081.50  3.27
 1082.20  3.27
 1082.90  3.27
 1083.60  3.27
 1084.30  3.27
 1085.00  3.27
 1085.70  3.27
 1086.40  3.27
 1087.10  3.27
 1087.80  3.27
 1088.50  3.27
 1089.20  3.27
 1089.90  3.27
 1090.60  3.27
 1091.30  3.27
 1092.00  3.27
 1092.70  3.27
 1093.40  3.27
 1094.10  3.27
 1094.80  3.27
 1095.50  3.27
 1096.20  3.27
 1096.90  3.27
 1097.60  3.27
 1098.30  3.27
 1099.00  3.28
 1099.70  3.28
 1100.40  3.28
 1101.10  3.28
 1101.80  3.28
 1102.50  3.28
 1103.20  3.28
 1103.90  3.28
 1104.60  3.28
 1105.30  3.28
 1106.00  3.28
 1106.70  3.28
 1107.40  3.28
 1108.10  3.28
 1108.80  3.28
 1109.50  3.28
 1110.20  3.28
 1110.90  3.28
 1111.60  3.28
 1112.30  3.28
 1113.00  3.28
 1113.70  3.28
 1114.40  3.28
 1115.10  3.28
 1115.80  3.28
 1116.50  3.28
 1117.20  3.28
 1117.90  3.28
 1118.60  3.28
 1119.30  3.28
 1120.00  3.28
 1120.70  3.28
 1121.40  3.28
 1122.10  3.28
 1122.80  3.28
 1123.50  3.28
 1124.20  3.28
 1124.90  3.28
 1125.60  3.28
 1126.30  3.28
 1127.00  3.28
 1127.70  3.28
 1128.40  3.28
 1129.10  3.28
 1129.80  3.28
 1130.50  3.28
 1131.20  3.28
 1131.90  3.28
 1132.60  3.29
 1133.30  3.29
 1134.00  3.29
 1134.70  3.29
 1135.40  3.29
 1136.10  3.29
 1136.80  3.29
 1137.50  3.29
 1138.20  3.29
 1138.90  3.29
 1139.60  3.29
 1140.30  3.29
 1141.00  3.29
 1141.70  3.29
 1142.40  3.29
 1143.10  3.29
 1143.80  3.29
 1144.50  3.29
 1145.20  3.29
 1145.90  3.29
 1146.60  3.29
 1147.30  3.29
 1148.00  3.29
 1148.70  3.29
 1149.40  3.29
 1150.10  3.29
 1150.80  3.29
 1151.50  3.29
 1152.20  3.29
 1152.90  3.29
 1153.60  3.29
 1154.30  3.29
 1155.00  3.29
 1155.70  3.29
 1156.40  3.29
 1157.10  3.29
 1157.80  3.29
 1158.50  3.29
 1159.20  3.29
 1159.90  3.29
 1160.60  3.29
 1161.30  3.29
 1162.00  3.29
 1162.70  3.29
 1163.40  3.29
 1164.10  3.29
 1164.80  3.29
 1165.50  3.29
 1166.20  3.29
 1166.90  3.29
 1167.60  3.29
 1168.30  3.29
 1169.00  3.29
 1169.70  3.29
 1170.40  3.30
 1171.10  3.30
 1171.80  3.30
 1172.50  3.30
 1173.20  3.30
 1173.90  3.30
 1174.60  3.30
 1175.30  3.30
 1176.00  3.30
 1176.70  3.30
 1177.40  3.30
 1178.10  3.30
 1178.80  3.30
 1179.50  3.30
 1180.20  3.30
 1180.90  3.30
 1181.60  3.30
 1182.30  3.30
 1183.00  3.30
 1183.70  3.30
 1184.40  3.30
 1185.10  3.30
 1185.80  3.30
 1186.50  3.30
 1187.20  3.30
 1187.90  3.30
 1188.60  3.30
 1189.30  3.30
 1190.00  3.30
 1190.70  3.30
 1191.40  3.30
 1192.10  3.30
 1192.80  3.30
 1193.50  3.30
 1194.20  3.30
 1194.90  3.30
 1195.60  3.30
 1196.30  3.30
 1197.00  3.30
 1197.70  3.30
 1198.40  3.30
 1199.10  3.30
 1199.80  3.30
 1200.50  3.30
 1201.20  3.30
 1201.90  3.30
 1202.60  3.30
 1203.30  3.30
 1204.00  3.30
 1204.70  3.30
 1205.40  3.30
 1206.10  3.30
 1206.80  3.30
 1207.50  3.30
 1208.20  3.30
 1208.90  3.30
 1209.60  3.30
 1210.30  3.30
 1211.00  3.30
 1211.70  3.30
 1212.40  3.30
 1213.10  3.30
 1213.80  3.30
 1214.50  3.30
 1215.20  3.30
 1215.90  3.30
 1216.60  3.31
 1217.30  3.31
 1218.00  3.31
 1218.70  3.31
 1219.40  3.31
 1220.10  3.31
 1220.80  3.31
 1221.50  3.31
 1222.20  3.31
 1222.90  3.31
 1223.60  3.31
 1224.30  3.31
 1225.00  3.31
 1225.70  3.31
 1226.40  3.31
 1227.10  3.31
 1227.80  3.31
 1228.50  3.31
 1229.20  3.31
 1229.90  3.31
 1230.60  3.31
 1231.30  3.31
 1232.00  3.31
 1232.70  3.31
 1233.40  3.31
 1234.10  3.31
 1234.80  3.31
 1235.50  3.31
 1236.20  3.31
 1236.90  3.31
 1237.60  3.31
 1238.30  3.31
 1239.00  3.31
 1239.70  3.31
 1240.40  3.31
 1241.10  3.31
 1241.80  3.31
 1242.50  3.31
 1243.20  3.31
 1243.90  3.31
 1244.60  3.31
 1245.30  3.31
 1246.00  3.31
 1246.70  3.31
 1247.40  3.31
 1248.10  3.31
 1248.80  3.31
 1249.50  3.31
 1250.20  3.31
 1250.90  3.31
 1251.60  3.31
 1252.30  3.31
 1253.00  3.31
 1253.70  3.31
 1254.40  3.31
 1255.10  3.31
 1255.80  3.31
 1256.50  3.31
 1257.20  3.31
 1257.90  3.31
 1258.60  3.31
 1259.30  3.31
 1260.00  3.31
 1260.70  3.31
 1261.40  3.31
 1262.10  3.31
 1262.80  3.31
 1263.50  3.31
 1264.20  3.31
 1264.90  3.31
 1265.60  3.31
 1266.30  3.31
 1267.00  3.31
 1267.70  3.31
 1268.40  3.31
 1269.10  3.31
 1269.80  3.31
 1270.50  3.31
 1271.20  3.31
 1271.90  3.31
 1272.60  3.31
 1273.30  3.31
 1274.00  3.32
 1274.70  3.32
 1275.40  3.32
 1276.10  3.32
 1276.80  3.32
 1277.50  3.32
 1278.20  3.32
 1278.90  3.32
 1279.60  3.32
 1280.30  3.32
 1281.00  3.32
 1281.70  3.32
 1282.40  3.32
 1283.10  3.32
 1283.80  3.32
 1284.50  3.32
 1285.20  3.32
 1285.90  3.32
 1286.60  3.32
 1287.30  3.32
 1288.00  3.32
 1288.70  3.32
 1289.40  3.32
 1290.10  3.32
 1290.80  3.32
 1291.50  3.32
 1292.20  3.32
 1292.90  3.32
 1293.60  3.32
 1294.30  3.32
 1295.00  3.32
 1295.70  3.32
 1296.40  3.32
 1297.10  3.32
 1297.80  3.32
 1298.50  3.32
 1299.20  3.32
 1299.90  3.32
 1300.60  3.32
 1301.30  3.32
 1302.00  3.32
 1302.70  3.32
 1303.40  3.32
 1304.10  3.32
 1304.80  3.32
 1305.50  3.32
 1306.20  3.32
 1306.90  3.32
 1307.60  3.32
 1308.30  3.32
 1309.00  3.32
 1309.70  3.32
 1310.40  3.32
 1311.10  3.32
 1311.80  3.32
 1312.50  3.32
 1313.20  3.32
 1313.90  3.32
 1314.60  3.32
 1315.30  3.32
 1316.00  3.32
 1316.70  3.32
 1317.40  3.32
 1318.10  3.32
 1318.80  3.32
 1319.50  3.32
 1320.20  3.32
 1320.90  3.32
 1321.60  3.32
 1322.30  3.32
 1323.00  3.32
 1323.70  3.32
 1324.40  3.32
 1325.10  3.32
 1325.80  3.32
 1326.50  3.32
 1327.20  3.32
 1327.90  3.32
 1328.60  3.32
 1329.30  3.32
 1330.00  3.32
 1330.70  3.32
 1331.40  3.32
 1332.10  3.32
 1332.80  3.32
 1333.50  3.32
 1334.20  3.32
 1334.90  3.32
 1335.60  3.32
 1336.30  3.32
 1337.00  3.32
 1337.70  3.32
 1338.40  3.32
 1339.10  3.32
 1339.80  3.32
 1340.50  3.32
 1341.20  3.32
 1341.90  3.32
 1342.60  3.32
 1343.30  3.32
 1344.00  3.32
 1344.70  3.32
 1345.40  3.32
 1346.10  3.32
 1346.80  3.32
 1347.50  3.32
 1348.20  3.32
 1348.90  3.32
 1349.60  3.32
 1350.30  3.33
 1351.00  3.33
 1351.70  3.33
 1352.40  3.33
 1353.10  3.33
 1353.80  3.33
 1354.50  3.33
 1355.20  3.33
 1355.90  3.33
 1356.60  3.33
 1357.30  3.33
 1358.00  3.33
 1358.70  3.33
 1359.40  3.33
 1360.10  3.33
 1360.80  3.33
 1361.50  3.33
 1362.20  3.33
 1362.90  3.33
 1363.60  3.33
 1364.30  3.33
 1365.00  3.33
 1365.70  3.33
 1366.40  3.33
 1367.10  3.33
 1367.80  3.33
 1368.50  3.33
 1369.20  3.33
 1369.90  3.33
 1370.60  3.33
 1371.30  3.33
 1372.00  3.33
 1372.70  3.33
 1373.40  3.33
 1374.10  3.33
 1374.80  3.33
 1375.50  3.33
 1376.20  3.33
 1376.90  3.33
 1377.60  3.33
 1378.30  3.33
 1379.00  3.33
 1379.70  3.33
 1380.40  3.33
 1381.10  3.33
 1381.80  3.33
 1382.50  3.33
 1383.20  3.33
 1383.90  3.33
 1384.60  3.33
 1385.30  3.33
 1386.00  3.33
 1386.70  3.33
 1387.40  3.33
 1388.10  3.33
 1388.80  3.33
 1389.50  3.33
 1390.20  3.33
 1390.90  3.33
 1391.60  3.33
 1392.30  3.33
 1393.00  3.33
 1393.70  3.33
 1394.40  3.33
 1395.10  3.33
 1395.80  3.33
 1396.50  3.33
 1397.20  3.33
 1397.90  3.33
 1398.60  3.33
 1399.30  3.33
 1400.00  3.33
 1400.70  3.33
 1401.40  3.33
 1402.10  3.33
 1402.80  3.33
 1403.50  3.33
 1404.20  3.33
 1404.90  3.33
 1405.60  3.33
 1406.30  3.33
 1407.00  3.33
 1407.70  3.33
 1408.40  3.33
 1409.10  3.33
 1409.80  3.33
 1410.50  3.33
 1411.20  3.33
 1411.90  3.33
 1412.60  3.33
 1413.30  3.33
 1414.00  3.33
 1414.70  3.33
 1415.40  3.33
 1416.10  3.33
 1416.80  3.33
 1417.50  3.33
 1418.20  3.33
 1418.90  3.33
 1419.60  3.33
 1420.30  3.33
 1421.00  3.33
 1421.70  3.33
 1422.40  3.33
 1423.10  3.33
 1423.80  3.33
 1424.50  3.33
 1425.20  3.33
 1425.90  3.33
 1426.60  3.33
 1427.30  3.33
 1428.00  3.33
 1428.70  3.33
 1429.40  3.33
 1430.10  3.33
 1430.80  3.33
 1431.50  3.33
 1432.20  3.33
 1432.90  3.33
 1433.60  3.33
 1434.30  3.33
 1435.00  3.33
 1435.70  3.33
 1436.40  3.33
 1437.10  3.33
 1437.80  3.33
 1438.50  3.33
 1439.20  3.33
 1439.90  3.33
 1440.60  3.33
 1441.30  3.33
 1442.00  3.33
 1442.70  3.33
 1443.40  3.33
 1444.10  3.33
 1444.80  3.33
 1445.50  3.33
 1446.20  3.33
 1446.90  3.33
 1447.60  3.33
 1448.30  3.33
 1449.00  3.33
 1449.70  3.33
 1450.40  3.33
 1451.10  3.33
 1451.80  3.33
 1452.50  3.33
 1453.20  3.33
 1453.90  3.33
 1454.60  3.33
 1455.30  3.33
 1456.00  3.33
 1456.70  3.33
 1457.40  3.33
 1458.10  3.33
 1458.80  3.33
 1459.50  3.33
 1460.20  3.33
 1460.90  3.33
 1461.60  3.33
 1462.30  3.33
 1463.00  3.33
 1463.70  3.33
 1464.40  3.33
 1465.10  3.34
 1465.80  3.34
 1466.50  3.34
 1467.20  3.34
 1467.90  3.34
 1468.60  3.34
 1469.30  3.34
 1470.00  3.34
 1470.70  3.34
 1471.40  3.34
 1472.10  3.34
 1472.80  3.34
 1473.50  3.34
 1474.20  3.34
 1474.90  3.34
 1475.60  3.34
 1476.30  3.34
 1477.00  3.34
 1477.70  3.34
 1478.40  3.34
 1479.10  3.34
 1479.80  3.34
 1480.50  3.34
 1481.20  3.34
 1481.90  3.34
 1482.60  3.34
 1483.30  3.34
 1484.00  3.34
 1484.70  3.34
 1485.40  3.34
 1486.10  3.34
 1486.80  3.34
 1487.50  3.34
 1488.20  3.34
 1488.90  3.34
 1489.60  3.34
 1490.30  3.34
 1491.00  3.34
 1491.70  3.34
 1492.40  3.34
 1493.10  3.34
 1493.80  3.34
 1494.50  3.34
 1495.20  3.34
 1495.90  3.34
 1496.60  3.34
 1497.30  3.34
 1498.00  3.34
 1498.70  3.34
 1499.40  3.34
 1500.10  3.34
 1500.80  3.34
 1501.50  3.34
 1502.20  3.34
 1502.90  3.34
 1503.60  3.34
 1504.30  3.34
 1505.00  3.34
 1505.70  3.34
 1506.40  3.34
 1507.10  3.34
 1507.80  3.34
 1508.50  3.34
 1509.20  3.34
 1509.90  3.34
 1510.60  3.34
 1511.30  3.34
 1512.00  3.34
 1512.70  3.34
 1513.40  3.34
 1514.10  3.34
 1514.80  3.34
 1515.50  3.34
 1516.20  3.34
 1516.90  3.34
 1517.60  3.34
 1518.30  3.34
 1519.00  3.34
 1519.70  3.34
 1520.40  3.34
 1521.10  3.34
 1521.80  3.34
 1522.50  3.34
 1523.20  3.34
 1523.90  3.34
 1524.60  3.34
 1525.30  3.34
 1526.00  3.34
 1526.70  3.34
 1527.40  3.34
 1528.10  3.34
 1528.80  3.34
 1529.50  3.34
 1530.20  3.34
 1530.90  3.34
 1531.60  3.34
 1532.30  3.34
 1533.00  3.34
 1533.70  3.34
 1534.40  3.34
 1535.10  3.34
 1535.80  3.34
 1536.50  3.34
 1537.20  3.34
 1537.90  3.34
 1538.60  3.34
 1539.30  3.34
 1540.00  3.34
 1540.70  3.34
 1541.40  3.34
 1542.10  3.34
 1542.80  3.34
 1543.50  3.34
 1544.20  3.34
 1544.90  3.34
 1545.60  3.34
 1546.30  3.34
 1547.00  3.34
 1547.70  3.34
 1548.40  3.34
 1549.10  3.34
 1549.80  3.34
 1550.50  3.34
 1551.20  3.34
 1551.90  3.34
 1552.60  3.34
 1553.30  3.34
 1554.00  3.34
 1554.70  3.34
 1555.40  3.34
 1556.10  3.34
 1556.80  3.34
 1557.50  3.34
 1558.20  3.34
 1558.90  3.34
 1559.60  3.34
 1560.30  3.34
 1561.00  3.34
 1561.70  3.34
 1562.40  3.34
 1563.10  3.34
 1563.80  3.34
 1564.50  3.34
 1565.20  3.34
 1565.90  3.34
 1566.60  3.34
 1567.30  3.34
 1568.00  3.34
 1568.70  3.34
 1569.40  3.34
 1570.10  3.34
 1570.80  3.34
 1571.50  3.34
 1572.20  3.34
 1572.90  3.34
 1573.60  3.34
 1574.30  3.34
 1575.00  3.34
 1575.70  3.34
 1576.40  3.34
 1577.10  3.34
 1577.80  3.34
 1578.50  3.34
 1579.20  3.34
 1579.90  3.34
 1580.60  3.34
 1581.30  3.34
 1582.00  3.34
 1582.70  3.34
 1583.40  3.34
 1584.10  3.34
 1584.80  3.34
 1585.50  3.34
 1586.20  3.34
 1586.90  3.34
 1587.60  3.34
 1588.30  3.34
 1589.00  3.34
 1589.70  3.34
 1590.40  3.34
 1591.10  3.34
 1591.80  3.34
 1592.50  3.34
 1593.20  3.34
 1593.90  3.34
 1594.60  3.34
 1595.30  3.34
 1596.00  3.34
 1596.70  3.34
 1597.40  3.34
 1598.10  3.34
 1598.80  3.34
 1599.50  3.34
 1600.20  3.34
 1600.90  3.34
 1601.60  3.34
 1602.30  3.34
 1603.00  3.34
 1603.70  3.34
 1604.40  3.34
 1605.10  3.34
 1605.80  3.34
 1606.50  3.34
 1607.20  3.34
 1607.90  3.34
 1608.60  3.34
 1609.30  3.34
 1610.00  3.34
 1610.70  3.34
 1611.40  3.34
 1612.10  3.34
 1612.80  3.34
 1613.50  3.34
 1614.20  3.34
 1614.90  3.34
 1615.60  3.34
 1616.30  3.34
 1617.00  3.34
 1617.70  3.34
 1618.40  3.34
 1619.10  3.34
 1619.80  3.34
 1620.50  3.34
 1621.20  3.34
 1621.90  3.34
 1622.60  3.34
 1623.30  3.34
 1624.00  3.34
 1624.70  3.34
 1625.40  3.34
 1626.10  3.34
 1626.80  3.34
 1627.50  3.34
 1628.20  3.34
 1628.90  3.34
 1629.60  3.34
 1630.30  3.34
 1631.00  3.34
 1631.70  3.34
 1632.40  3.34
 1633.10  3.34
 1633.80  3.34
 1634.50  3.34
 1635.20  3.34
 1635.90  3.34
 1636.60  3.34
 1637.30  3.34
 1638.00  3.34
 1638.70  3.34
 1639.40  3.34
 1640.10  3.34
 1640.80  3.34
 1641.50  3.34
 1642.20  3.34
 1642.90  3.34
 1643.60  3.34
 1644.30  3.34
 1645.00  3.34
 1645.70  3.34
 1646.40  3.34
 1647.10  3.34
 1647.80  3.34
 1648.50  3.34
 1649.20  3.34
 1649.90  3.34
 1650.60  3.34
 1651.30  3.34
 1652.00  3.34
 1652.70  3.34
 1653.40  3.34
 1654.10  3.34
 1654.80  3.34
 1655.50  3.34
 1656.20  3.34
 1656.90  3.34
 1657.60  3.34
 1658.30  3.34
 1659.00  3.34
 1659.70  3.34
 1660.40  3.34
 1661.10  3.34
 1661.80  3.34
 1662.50  3.34
 1663.20  3.34
 1663.90  3.34
 1664.60  3.34
 1665.30  3.34
 1666.00  3.34
 1666.70  3.34
 1667.40  3.34
 1668.10  3.34
 1668.80  3.34
 1669.50  3.34
 1670.20  3.34
 1670.90  3.34
 1671.60  3.34
 1672.30  3.34
 1673.00  3.34
 1673.70  3.34
 1674.40  3.34
 1675.10  3.34
 1675.80  3.34
 1676.50  3.34
 1677.20  3.34
 1677.90  3.34
 1678.60  3.34
 1679.30  3.34
 1680.00  3.34
 1680.70  3.34
 1681.40  3.34
 1682.10  3.34
 1682.80  3.34
 1683.50  3.34
 1684.20  3.34
 1684.90  3.34
 1685.60  3.34
 1686.30  3.34
 1687.00  3.34
 1687.70  3.34
 1688.40  3.34
 1689.10  3.34
 1689.80  3.34
 1690.50  3.34
 1691.20  3.34
 1691.90  3.34
 1692.60  3.34
 1693.30  3.34
 1694.00  3.34
 1694.70  3.34
 1695.40  3.34
 1696.10  3.34
 1696.80  3.34
 1697.50  3.34
 1698.20  3.34
 1698.90  3.34
 1699.60  3.34
 1700.30  3.34
 1701.00  3.34
 1701.70  3.34
 1702.40  3.34
 1703.10  3.34
 1703.80  3.34
 1704.50  3.34
 1705.20  3.34
 1705.90  3.34
 1706.60  3.34
 1707.30  3.34
 1708.00  3.34
 1708.70  3.34
 1709.40  3.34
 1710.10  3.34
 1710.80  3.34
 1711.50  3.34
 1712.20  3.34
 1712.90  3.34
 1713.60  3.35
 1714.30  3.35
 1715.00  3.35
 1715.70  3.35
 1716.40  3.35
 1717.10  3.35
 1717.80  3.35
 1718.50  3.35
 1719.20  3.35
 1719.90  3.35
 1720.60  3.35
 1721.30  3.35
 1722.00  3.35
 1722.70  3.35
 1723.40  3.35
 1724.10  3.35
 1724.80  3.35
 1725.50  3.35
 1726.20  3.35
 1726.90  3.35
 1727.60  3.35
 1728.30  3.35
 1729.00  3.35
 1729.70  3.35
 1730.40  3.35
 1731.10  3.35
 1731.80  3.35
 1732.50  3.35
 1733.20  3.35
 1733.90  3.35
 1734.60  3.35
 1735.30  3.35
 1736.00  3.35
 1736.70  3.35
 1737.40  3.35
 1738.10  3.35
 1738.80  3.35
 1739.50  3.35
 1740.20  3.35
 1740.90  3.35
 1741.60  3.35
 1742.30  3.35
 1743.00  3.35
 1743.70  3.35
 1744.40  3.35
 1745.10  3.35
 1745.80  3.35
 1746.50  3.35
 1747.20  3.35
 1747.90  3.35
 1748.60  3.35
 1749.30  3.35
 1750.00  3.35
 1750.70  3.35
 1751.40  3.35
 1752.10  3.35
 1752.80  3.35
 1753.50  3.35
 1754.20  3.35
 1754.90  3.35
 1755.60  3.35
 1756.30  3.35
 1757.00  3.35
 1757.70  3.35
 1758.40  3.35
 1759.10  3.35
 1759.80  3.35
 1760.50  3.35
 1761.20  3.35
 1761.90  3.35
 1762.60  3.35
 1763.30  3.35
 1764.00  3.35
 1764.70  3.35
 1765.40  3.35
 1766.10  3.35
 1766.80  3.35
 1767.50  3.35
 1768.20  3.35
 1768.90  3.35
 1769.60  3.35
 1770.30  3.35
 1771.00  3.35
 1771.70  3.35
 1772.40  3.35
 1773.10  3.35
 1773.80  3.35
 1774.50  3.35
 1775.20  3.35
 1775.90  3.35
 1776.60  3.35
 1777.30  3.35
 1778.00  3.35
 1778.70  3.35
 1779.40  3.35
 1780.10  3.35
 1780.80  3.35
 1781.50  3.35
 1782.20  3.35
 1782.90  3.35
 1783.60  3.35
 1784.30  3.35
 1785.00  3.35
 1785.70  3.35
 1786.40  3.35
 1787.10  3.35
 1787.80  3.35
 1788.50  3.35
 1789.20  3.35
 1789.90  3.35
 1790.60  3.35
 1791.30  3.35
 1792.00  3.35
 1792.70  3.35
 1793.40  3.35
 1794.10  3.35
 1794.80  3.35
 1795.50  3.35
 1796.20  3.35
 1796.90  3.35
 1797.60  3.35
 1798.30  3.35
 1799.00  3.35
 1799.70  3.35
 1800.40  3.35
 1801.10  3.35
 1801.80  3.35
 1802.50  3.35
 1803.20  3.35
 1803.90  3.35
 1804.60  3.35
 1805.30  3.35
 1806.00  3.35
 1806.70  3.35
 1807.40  3.35
 1808.10  3.35
 1808.80  3.35
 1809.50  3.35
 1810.20  3.35
 1810.90  3.35
 1811.60  3.35
 1812.30  3.35
 1813.00  3.35
 1813.70  3.35
 1814.40  3.35
 1815.10  3.35
 1815.80  3.35
 1816.50  3.35
 1817.20  3.35
 1817.90  3.35
 1818.60  3.35
 1819.30  3.35
 1820.00  3.35
 1820.70  3.35
 1821.40  3.35
 1822.10  3.35
 1822.80  3.35
 1823.50  3.35
 1824.20  3.35
 1824.90  3.35
 1825.60  3.35
 1826.30  3.35
 1827.00  3.35
 1827.70  3.35
 1828.40  3.35
 1829.10  3.35
 1829.80  3.35
 1830.50  3.35
 1831.20  3.35
 1831.90  3.35
 1832.60  3.35
 1833.30  3.35
 1834.00  3.35
 1834.70  3.35
 1835.40  3.35
 1836.10  3.35
 1836.80  3.35
 1837.50  3.35
 1838.20  3.35
 1838.90  3.35
 1839.60  3.35
 1840.30  3.35
 1841.00  3.35
 1841.70  3.35
 1842.40  3.35
 1843.10  3.35
 1843.80  3.35
 1844.50  3.35
 1845.20  3.35
 1845.90  3.35
 1846.60  3.35
 1847.30  3.35
 1848.00  3.35
 1848.70  3.35
 1849.40  3.35
 1850.10  3.35
 1850.80  3.35
 1851.50  3.35
 1852.20  3.35
 1852.90  3.35
 1853.60  3.35
 1854.30  3.35
 1855.00  3.35
 1855.70  3.35
 1856.40  3.35
 1857.10  3.35
 1857.80  3.35
 1858.50  3.35
 1859.20  3.35
 1859.90  3.35
 1860.60  3.35
 1861.30  3.35
 1862.00  3.35
 1862.70  3.35
 1863.40  3.35
 1864.10  3.35
 1864.80  3.35
 1865.50  3.35
 1866.20  3.35
 1866.90  3.35
 1867.60  3.35
 1868.30  3.35
 1869.00  3.35
 1869.70  3.35
 1870.40  3.35
 1871.10  3.35
 1871.80  3.35
 1872.50  3.35
 1873.20  3.35
 1873.90  3.35
 1874.60  3.35
 1875.30  3.35
 1876.00  3.35
 1876.70  3.35
 1877.40  3.35
 1878.10  3.35
 1878.80  3.35
 1879.50  3.35
 1880.20  3.35
 1880.90  3.35
 1881.60  3.35
 1882.30  3.35
 1883.00  3.35
 1883.70  3.35
 1884.40  3.35
 1885.10  3.35
 1885.80  3.35
 1886.50  3.35
 1887.20  3.35
 1887.90  3.35
 1888.60  3.35
 1889.30  3.35
 1890.00  3.35
 1890.70  3.35
 1891.40  3.35
 1892.10  3.35
 1892.80  3.35
 1893.50  3.35
 1894.20  3.35
 1894.90  3.35
 1895.60  3.35
 1896.30  3.35
 1897.00  3.35
 1897.70  3.35
 1898.40  3.35
 1899.10  3.35
 1899.80  3.35
 1900.50  3.35
 1901.20  3.35
 1901.90  3.35
 1902.60  3.35
 1903.30  3.35
 1904.00  3.35
 1904.70  3.35
 1905.40  3.35
 1906.10  3.35
 1906.80  3.35
 1907.50  3.35
 1908.20  3.35
 1908.90  3.35
 1909.60  3.35
 1910.30  3.35
 1911.00  3.35
 1911.70  3.35
 1912.40  3.35
 1913.10  3.35
 1913.80  3.35
 1914.50  3.35
 1915.20  3.35
 1915.90  3.35
 1916.60  3.35
 1917.30  3.35
 1918.00  3.35
 1918.70  3.35
 1919.40  3.35
 1920.10  3.35
 1920.80  3.35
 1921.50  3.35
 1922.20  3.35
 1922.90  3.35
 1923.60  3.35
 1924.30  3.35
 1925.00  3.35
 1925.70  3.35
 1926.40  3.35
 1927.10  3.35
 1927.80  3.35
 1928.50  3.35
 1929.20  3.35
 1929.90  3.35
 1930.60  3.35
 1931.30  3.35
 1932.00  3.35
 1932.70  3.35
 1933.40  3.35
 1934.10  3.35
 1934.80  3.35
 1935.50  3.35
 1936.20  3.35
 1936.90  3.35
 1937.60  3.35
 1938.30  3.35
 1939.00  3.35
 1939.70  3.35
 1940.40  3.35
 1941.10  3.35
 1941.80  3.35
 1942.50  3.35
 1943.20  3.35
 1943.90  3.35
 1944.60  3.35
 1945.30  3.35
 1946.00  3.35
 1946.70  3.35
 1947.40  3.35
 1948.10  3.35
 1948.80  3.35
 1949.50  3.35
 1950.20  3.35
 1950.90  3.35
 1951.60  3.35
 1952.30  3.35
 1953.00  3.35
 1953.70  3.35
 1954.40  3.35
 1955.10  3.35
 1955.80  3.35
 1956.50  3.35
 1957.20  3.35
 1957.90  3.35
 1958.60  3.35
 1959.30  3.35
 1960.00  3.35
 1960.70  3.35
 1961.40  3.35
 1962.10  3.35
 1962.80  3.35
 1963.50  3.35
 1964.20  3.35
 1964.90  3.35
 1965.60  3.35
 1966.30  3.35
 1967.00  3.35
 1967.70  3.35
 1968.40  3.35
 1969.10  3.35
 1969.80  3.35
 1970.50  3.35
 1971.20  3.35
 1971.90  3.35
 1972.60  3.35
 1973.30  3.35
 1974.00  3.35
 1974.70  3.35
 1975.40  3.35
 1976.10  3.35
 1976.80  3.35
 1977.50  3.35
 1978.20  3.35
 1978.90  3.35
 1979.60  3.35
 1980.30  3.35
 1981.00  3.35
 1981.70  3.35
 1982.40  3.35
 1983.10  3.35
 1983.80  3.35
 1984.50  3.35
 1985.20  3.35
 1985.90  3.35
 1986.60  3.35
 1987.30  3.35
 1988.00  3.35
 1988.70  3.35
 1989.40  3.35
 1990.10  3.35
 1990.80  3.35
 1991.50  3.35
 1992.20  3.35
 1992.90  3.35
 1993.60  3.35
 1994.30  3.35
 1995.00  3.35
 1995.70  3.35
 1996.40  3.35
 1997.10  3.35
 1997.80  3.35
 1998.50  3.35
 1999.20  3.35
 1999.90  3.35
 2000.60  3.35
 2001.30  3.35
 2002.00  3.35
 2002.70  3.35
 2003.40  3.35
 2004.10  3.35
 2004.80  3.35
 2005.50  3.35
 2006.20  3.35
 2006.90  3.35
 2007.60  3.35
 2008.30  3.35
 2009.00  3.35
 2009.70  3.35
 2010.40  3.35
 2011.10  3.35
 2011.80  3.35
 2012.50  3.35
 2013.20  3.35
 2013.90  3.35
 2014.60  3.35
 2015.30  3.35
 2016.00  3.35
 2016.70  3.35
 2017.40  3.35
 2018.10  3.35
 2018.80  3.35
 2019.50  3.35
 2020.20  3.35
 2020.90  3.35
 2021.60  3.35
 2022.30  3.35
 2023.00  3.35
 2023.70  3.35
 2024.40  3.35
 2025.10  3.35
 2025.80  3.35
 2026.50  3.35
 2027.20  3.35
 2027.90  3.35
 2028.60  3.35
 2029.30  3.35
 2030.00  3.35
 2030.70  3.35
 2031.40  3.35
 2032.10  3.35
 2032.80  3.35
 2033.50  3.35
 2034.20  3.35
 2034.90  3.35
 2035.60  3.35
 2036.30  3.35
 2037.00  3.35
 2037.70  3.35
 2038.40  3.35
 2039.10  3.35
 2039.80  3.35
 2040.50  3.35
 2041.20  3.35
 2041.90  3.35
 2042.60  3.35
 2043.30  3.35
 2044.00  3.35
 2044.70  3.35
 2045.40  3.35
 2046.10  3.35
 2046.80  3.35
 2047.50  3.35
 2048.20  3.35
 2048.90  3.35
 2049.60  3.35
 2050.30  3.35
 2051.00  3.35
 2051.70  3.35
 2052.40  3.35
 2053.10  3.35
 2053.80  3.35
 2054.50  3.35
 2055.20  3.35
 2055.90  3.35
 2056.60  3.35
 2057.30  3.35
 2058.00  3.35
 2058.70  3.35
 2059.40  3.35
 2060.10  3.35
 2060.80  3.35
 2061.50  3.35
 2062.20  3.35
 2062.90  3.35
 2063.60  3.35
 2064.30  3.35
 2065.00  3.35
 2065.70  3.35
 2066.40  3.35
 2067.10  3.35
 2067.80  3.35
 2068.50  3.35
 2069.20  3.35
 2069.90  3.35
 2070.60  3.35
 2071.30  3.35
 2072.00  3.35
 2072.70  3.35
 2073.40  3.35
 2074.10  3.35
 2074.80  3.35
 2075.50  3.35
 2076.20  3.35
 2076.90  3.35
 2077.60  3.35
 2078.30  3.35
 2079.00  3.35
 2079.70  3.35
 2080.40  3.35
 2081.10  3.35
 2081.80  3.35
 2082.50  3.35
 2083.20  3.35
 2083.90  3.35
 2084.60  3.35
 2085.30  3.35
 2086.00  3.35
 2086.70  3.35
 2087.40  3.35
 2088.10  3.35
 2088.80  3.35
 2089.50  3.35
 2090.20  3.35
 2090.90  3.35
 2091.60  3.35
 2092.30  3.35
 2093.00  3.35
 2093.70  3.35
 2094.40  3.35
 2095.10  3.35
 2095.80  3.35
 2096.50  3.35
 2097.20  3.35
 2097.90  3.35
 2098.60  3.35
 2099.30  3.35
 2100.00  3.35
 2100.70  3.35
 2101.40  3.35
 2102.10  3.35
 2102.80  3.35
 2103.50  3.35
 2104.20  3.35
 2104.90  3.35
 2105.60  3.35
 2106.30  3.35
 2107.00  3.35
 2107.70  3.35
 2108.40  3.35
 2109.10  3.35
 2109.80  3.35
 2110.50  3.35
 2111.20  3.35
 2111.90  3.35
 2112.60  3.35
 2113.30  3.35
 2114.00  3.35
 2114.70  3.35
 2115.40  3.35
 2116.10  3.35
 2116.80  3.35
 2117.50  3.35
 2118.20  3.35
 2118.90  3.35
 2119.60  3.35
 2120.30  3.35
 2121.00  3.35
 2121.70  3.35
 2122.40  3.35
 2123.10  3.35
 2123.80  3.35
 2124.50  3.35
 2125.20  3.35
 2125.90  3.35
 2126.60  3.35
 2127.30  3.35
 2128.00  3.35
 2128.70  3.35
 2129.40  3.35
 2130.10  3.35
 2130.80  3.35
 2131.50  3.35
 2132.20  3.35
 2132.90  3.35
 2133.60  3.35
 2134.30  3.35
 2135.00  3.35
 2135.70  3.35
 2136.40  3.35
 2137.10  3.35
 2137.80  3.35
 2138.50  3.35
 2139.20  3.35
 2139.90  3.35
 2140.60  3.35
 2141.30  3.35
 2142.00  3.35
 2142.70  3.35
 2143.40  3.35
 2144.10  3.35
 2144.80  3.35
 2145.50  3.35
 2146.20  3.35
 2146.90  3.35
 2147.60  3.35
 2148.30  3.35
 2149.00  3.35
 2149.70  3.35
 2150.40  3.35
 2151.10  3.35
 2151.80  3.35
 2152.50  3.35
 2153.20  3.35
 2153.90  3.35
 2154.60  3.35
 2155.30  3.35
 2156.00  3.35
 2156.70  3.35
 2157.40  3.35
 2158.10  3.35
 2158.80  3.35
 2159.50  3.35
 2160.20  3.35
 2160.90  3.35
 2161.60  3.35
 2162.30  3.35
 2163.00  3.35
 2163.70  3.35
 2164.40  3.35
 2165.10  3.35
 2165.80  3.35
 2166.50  3.35
 2167.20  3.35
 2167.90  3.35
 2168.60  3.35
 2169.30  3.35
 2170.00  3.35
 2170.70  3.35
 2171.40  3.35
 2172.10  3.35
 2172.80  3.35
 2173.50  3.35
 2174.20  3.35
 2174.90  3.35
 2175.60  3.35
 2176.30  3.35
 2177.00  3.35
 2177.70  3.35
 2178.40  3.35
 2179.10  3.35
 2179.80  3.35
 2180.50  3.35
 2181.20  3.35
 2181.90  3.35
 2182.60  3.35
 2183.30  3.35
 2184.00  3.35
 2184.70  3.35
 2185.40  3.35
 2186.10  3.35
 2186.80  3.35
 2187.50  3.35
 2188.20  3.35
 2188.90  3.35
 2189.60  3.35
 2190.30  3.35
 2191.00  3.35
 2191.70  3.35
 2192.40  3.35
 2193.10  3.35
 2193.80  3.35
 2194.50  3.35
 2195.20  3.35
 2195.90  3.35
 2196.60  3.35
 2197.30  3.35
 2198.00  3.35
 2198.70  3.35
 2199.40  3.35
 2200.10  3.35
 2200.80  3.35
 2201.50  3.35
 2202.20  3.35
 2202.90  3.35
 2203.60  3.35
 2204.30  3.35
 2205.00  3.35
 2205.70  3.35
 2206.40  3.35
 2207.10  3.35
 2207.80  3.35
 2208.50  3.35
 2209.20  3.35
 2209.90  3.35
 2210.60  3.35
 2211.30  3.35
 2212.00  3.35
 2212.70  3.35
 2213.40  3.35
 2214.10  3.35
 2214.80  3.35
 2215.50  3.35
 2216.20  3.35
 2216.90  3.35
 2217.60  3.35
 2218.30  3.35
 2219.00  3.35
 2219.70  3.35
 2220.40  3.35
 2221.10  3.35
 2221.80  3.35
 2222.50  3.35
 2223.20  3.35
 2223.90  3.35
 2224.60  3.35
 2225.30  3.35
 2226.00  3.35
 2226.70  3.35
 2227.40  3.35
 2228.10  3.35
 2228.80  3.35
 2229.50  3.35
 2230.20  3.35
 2230.90  3.35
 2231.60  3.35
 2232.30  3.35
 2233.00  3.35
 2233.70  3.35
 2234.40  3.35
 2235.10  3.35
 2235.80  3.35
 2236.50  3.35
 2237.20  3.35
 2237.90  3.35
 2238.60  3.35
 2239.30  3.35
 2240.00  3.35
 2240.70  3.35
 2241.40  3.35
 2242.10  3.35
 2242.80  3.35
 2243.50  3.35
 2244.20  3.35
 2244.90  3.35
 2245.60  3.35
 2246.30  3.35
 2247.00  3.35
 2247.70  3.35
 2248.40  3.35
 2249.10  3.35
 2249.80  3.35
 2250.50  3.35
 2251.20  3.35
 2251.90  3.35
 2252.60  3.35
 2253.30  3.35
 2254.00  3.35
 2254.70  3.35
 2255.40  3.35
 2256.10  3.35
 2256.80  3.35
 2257.50  3.35
 2258.20  3.35
 2258.90  3.35
 2259.60  3.35
 2260.30  3.35
 2261.00  3.35
 2261.70  3.35
 2262.40  3.35
 2263.10  3.35
 2263.80  3.35
 2264.50  3.35
 2265.20  3.35
 2265.90  3.35
 2266.60  3.35
 2267.30  3.35
 2268.00  3.35
 2268.70  3.35
 2269.40  3.35
 2270.10  3.35
 2270.80  3.35
 2271.50  3.35
 2272.20  3.35
 2272.90  3.35
 2273.60  3.35
 2274.30  3.35
 2275.00  3.35
 2275.70  3.35
 2276.40  3.35
 2277.10  3.35
 2277.80  3.35
 2278.50  3.35
 2279.20  3.35
 2279.90  3.35
 2280.60  3.35
 2281.30  3.35
 2282.00  3.35
 2282.70  3.35
 2283.40  3.35
 2284.10  3.35
 2284.80  3.35
 2285.50  3.35
 2286.20  3.35
 2286.90  3.35
 2287.60  3.35
 2288.30  3.35
 2289.00  3.35
 2289.70  3.35
 2290.40  3.35
 2291.10  3.35
 2291.80  3.35
 2292.50  3.35
 2293.20  3.35
 2293.90  3.35
 2294.60  3.35
 2295.30  3.35
 2296.00  3.35
 2296.70  3.35
 2297.40  3.35
 2298.10  3.35
 2298.80  3.35
 2299.50  3.35
 2300.20  3.35
 2300.90  3.35
 2301.60  3.35
 2302.30  3.35
 2303.00  3.35
 2303.70  3.35
 2304.40  3.35
 2305.10  3.35
 2305.80  3.35
 2306.50  3.35
 2307.20  3.35
 2307.90  3.35
 2308.60  3.35
 2309.30  3.35
 2310.00  3.35
 2310.70  3.35
 2311.40  3.35
 2312.10  3.35
 2312.80  3.35
 2313.50  3.35
 2314.20  3.35
 2314.90  3.35
 2315.60  3.35
 2316.30  3.35
 2317.00  3.35
 2317.70  3.35
 2318.40  3.35
 2319.10  3.35
 2319.80  3.35
 2320.50  3.35
 2321.20  3.35
 2321.90  3.35
 2322.60  3.35
 2323.30  3.35
 2324.00  3.35
 2324.70  3.35
 2325.40  3.35
 2326.10  3.35
 2326.80  3.35
 2327.50  3.35
 2328.20  3.35
 2328.90  3.35
 2329.60  3.35
 2330.30  3.35
 2331.00  3.35
 2331.70  3.35
 2332.40  3.35
 2333.10  3.35
 2333.80  3.35
 2334.50  3.35
 2335.20  3.35
 2335.90  3.35
 2336.60  3.35
 2337.30  3.35
 2338.00  3.35
 2338.70  3.35
 2339.40  3.35
 2340.10  3.35
 2340.80  3.35
 2341.50  3.35
 2342.20  3.35
 2342.90  3.35
 2343.60  3.35
 2344.30  3.35
 2345.00  3.35
 2345.70  3.35
 2346.40  3.35
 2347.10  3.35
 2347.80  3.35
 2348.50  3.35
 2349.20  3.35
 2349.90  3.35
 2350.60  3.35
 2351.30  3.35
 2352.00  3.35
 2352.70  3.35
 2353.40  3.35
 2354.10  3.35
 2354.80  3.35
 2355.50  3.35
 2356.20  3.35
 2356.90  3.35
 2357.60  3.35
 2358.30  3.35
 2359.00  3.35
 2359.70  3.35
 2360.40  3.35
 2361.10  3.35
 2361.80  3.35
 2362.50  3.35
 2363.20  3.35
 2363.90  3.35
 2364.60  3.35
 2365.30  3.35
 2366.00  3.35
 2366.70  3.35
 2367.40  3.35
 2368.10  3.35
 2368.80  3.35
 2369.50  3.35
 2370.20  3.35
 2370.90  3.35
 2371.60  3.35
 2372.30  3.35
 2373.00  3.35
 2373.70  3.35
 2374.40  3.35
 2375.10  3.35
 2375.80  3.35
 2376.50  3.35
 2377.20  3.35
 2377.90  3.35
 2378.60  3.35
 2379.30  3.35
 2380.00  3.35
 2380.70  3.35
 2381.40  3.35
 2382.10  3.35
 2382.80  3.35
 2383.50  3.35
 2384.20  3.35
 2384.90  3.35
 2385.60  3.35
 2386.30  3.35
 2387.00  3.35
 2387.70  3.35
 2388.40  3.35
 2389.10  3.35
 2389.80  3.35
 2390.50  3.35
 2391.20  3.35
 2391.90  3.35
 2392.60  3.35
 2393.30  3.35
 2394.00  3.35
 2394.70  3.35
 2395.40  3.35
 2396.10  3.35
 2396.80  3.35
 2397.50  3.35
 2398.20  3.35
 2398.90  3.35
 2399.60  3.35
 2400.30  3.35
 2401.00  3.35
 2401.70  3.35
 2402.40  3.35
 2403.10  3.35
 2403.80  3.35
 2404.50  3.35
 2405.20  3.35
 2405.90  3.35
 2406.60  3.35
 2407.30  3.35
 2408.00  3.35
 2408.70  3.35
 2409.40  3.35
 2410.10  3.35
 2410.80  3.35
 2411.50  3.35
 2412.20  3.35
 2412.90  3.35
 2413.60  3.35
 2414.30  3.35
 2415.00  3.35
 2415.70  3.35
 2416.40  3.35
 2417.10  3.35
 2417.80  3.35
 2418.50  3.35
 2419.20  3.35
 2419.90  3.35
 2420.60  3.35
 2421.30  3.35
 2422.00  3.35
 2422.70  3.35
 2423.40  3.35
 2424.10  3.35
 2424.80  3.35
 2425.50  3.35
 2426.20  3.35
 2426.90  3.35
 2427.60  3.35
 2428.30  3.35
 2429.00  3.35
 2429.70  3.35
 2430.40  3.35
 2431.10  3.35
 2431.80  3.35
 2432.50  3.35
 2433.20  3.35
 2433.90  3.35
 2434.60  3.35
 2435.30  3.35
 2436.00  3.35
 2436.70  3.35
 2437.40  3.35
 2438.10  3.35
 2438.80  3.35
 2439.50  3.35
 2440.20  3.35
 2440.90  3.35
 2441.60  3.35
 2442.30  3.35
 2443.00  3.35
 2443.70  3.35
 2444.40  3.35
 2445.10  3.35
 2445.80  3.35
 2446.50  3.35
 2447.20  3.35
 2447.90  3.35
 2448.60  3.35
 2449.30  3.35
 2450.00  3.35
 2450.70  3.35
 2451.40  3.35
 2452.10  3.35
 2452.80  3.35
 2453.50  3.35
 2454.20  3.35
 2454.90  3.35
 2455.60  3.35
 2456.30  3.35
 2457.00  3.35
 2457.70  3.35
 2458.40  3.35
 2459.10  3.35
 2459.80  3.35
 2460.50  3.35
 2461.20  3.35
 2461.90  3.35
 2462.60  3.35
 2463.30  3.35
 2464.00  3.35
 2464.70  3.35
 2465.40  3.35
 2466.10  3.35
 2466.80  3.35
 2467.50  3.35
 2468.20  3.35
 2468.90  3.35
 2469.60  3.35
 2470.30  3.35
 2471.00  3.35
 2471.70  3.35
 2472.40  3.35
 2473.10  3.35
 2473.80  3.35
 2474.50  3.35
 2475.20  3.35
 2475.90  3.35
 2476.60  3.35
 2477.30  3.35
 2478.00  3.35
 2478.70  3.35
 2479.40  3.35
 2480.10  3.35
 2480.80  3.35
 2481.50  3.35
 2482.20  3.35
 2482.90  3.35
 2483.60  3.35
 2484.30  3.35
 2485.00  3.35
 2485.70  3.35
 2486.40  3.35
 2487.10  3.35
 2487.80  3.35
 2488.50  3.35
 2489.20  3.35
 2489.90  3.35
 2490.60  3.35
 2491.30  3.35
 2492.00  3.35
 2492.70  3.35
 2493.40  3.35
 2494.10  3.35
 2494.80  3.35
 2495.50  3.35
 2496.20  3.35
 2496.90  3.35
 2497.60  3.35
 2498.30  3.35
 2499.00  3.35
 2499.70  3.35
 2500.40  3.35
 2501.10  3.35
 2501.80  3.35
 2502.50  3.35
 2503.20  3.35
 2503.90  3.35
 2504.60  3.35
 2505.30  3.35
 2506.00  3.35
 2506.70  3.35
 2507.40  3.35
 2508.10  3.35
 2508.80  3.35
 2509.50  3.35
 2510.20  3.35
 2510.90  3.35
 2511.60  3.35
 2512.30  3.35
 2513.00  3.35
 2513.70  3.35
 2514.40  3.35
 2515.10  3.35
 2515.80  3.35
 2516.50  3.35
 2517.20  3.35
 2517.90  3.35
 2518.60  3.35
 2519.30  3.35
 2520.00  3.35
 2520.70  3.35
 2521.40  3.35
 2522.10  3.35
 2522.80  3.35
 2523.50  3.35
 2524.20  3.35
 2524.90  3.35
 2525.60  3.35
 2526.30  3.35
 2527.00  3.35
 2527.70  3.35
 2528.40  3.35
 2529.10  3.35
 2529.80  3.35
 2530.50  3.35
 2531.20  3.35
 2531.90  3.35
 2532.60  3.35
 2533.30  3.35
 2534.00  3.35
 2534.70  3.35
 2535.40  3.35
 2536.10  3.35
 2536.80  3.35
 2537.50  3.35
 2538.20  3.35
 2538.90  3.35
 2539.60  3.35
 2540.30  3.35
 2541.00  3.35
 2541.70  3.35
 2542.40  3.35
 2543.10  3.35
 2543.80  3.35
 2544.50  3.35
 2545.20  3.35
 2545.90  3.35
 2546.60  3.35
 2547.30  3.35
 2548.00  3.35
 2548.70  3.35
 2549.40  3.35
 2550.10  3.35
 2550.80  3.35
 2551.50  3.35
 2552.20  3.35
 2552.90  3.35
 2553.60  3.35
 2554.30  3.35
 2555.00  3.35
 2555.70  3.35
 2556.40  3.35
 2557.10  3.35
 2557.80  3.35
 2558.50  3.35
 2559.20  3.35
 2559.90  3.35
 2560.60  3.35
 2561.30  3.35
 2562.00  3.35
 2562.70  3.35
 2563.40  3.35
 2564.10  3.35
 2564.80  3.35
 2565.50  3.35
 2566.20  3.35
 2566.90  3.35
 2567.60  3.35
 2568.30  3.35
 2569.00  3.35
 2569.70  3.35
 2570.40  3.35
 2571.10  3.35
 2571.80  3.35
 2572.50  3.35
 2573.20  3.35
 2573.90  3.35
 2574.60  3.35
 2575.30  3.35
 2576.00  3.35
 2576.70  3.35
 2577.40  3.35
 2578.10  3.35
 2578.80  3.35
 2579.50  3.35
 2580.20  3.35
 2580.90  3.35
 2581.60  3.35
 2582.30  3.35
 2583.00  3.35
 2583.70  3.35
 2584.40  3.35
 2585.10  3.35
 2585.80  3.35
 2586.50  3.35
 2587.20  3.35
 2587.90  3.35
 2588.60  3.35
 2589.30  3.35
 2590.00  3.35
 2590.70  3.35
 2591.40  3.35
 2592.10  3.35
 2592.80  3.35
 2593.50  3.35
 2594.20  3.35
 2594.90  3.35
 2595.60  3.35
 2596.30  3.35
 2597.00  3.35
 2597.70  3.35
 2598.40  3.35
 2599.10  3.35
 2599.80  3.35
 2600.50  3.35
 2601.20  3.35
 2601.90  3.35
 2602.60  3.35
 2603.30  3.35
 2604.00  3.35
 2604.70  3.35
 2605.40  3.35
 2606.10  3.35
 2606.80  3.35
 2607.50  3.35
 2608.20  3.35
 2608.90  3.35
 2609.60  3.35
 2610.30  3.35
 2611.00  3.35
 2611.70  3.35
 2612.40  3.35
 2613.10  3.35
 2613.80  3.35
 2614.50  3.35
 2615.20  3.35
 2615.90  3.35
 2616.60  3.35
 2617.30  3.35
 2618.00  3.35
 2618.70  3.35
 2619.40  3.35
 2620.10  3.35
 2620.80  3.35
 2621.50  3.35
 2622.20  3.35
 2622.90  3.35
 2623.60  3.35
 2624.30  3.35
 2625.00  3.35
 2625.70  3.35
 2626.40  3.35
 2627.10  3.35
 2627.80  3.35
 2628.50  3.35
 2629.20  3.35
 2629.90  3.35
 2630.60  3.35
 2631.30  3.35
 2632.00  3.35
 2632.70  3.35
 2633.40  3.35
 2634.10  3.35
 2634.80  3.35
 2635.50  3.35
 2636.20  3.35
 2636.90  3.35
 2637.60  3.35
 2638.30  3.35
 2639.00  3.35
 2639.70  3.35
 2640.40  3.35
 2641.10  3.35
 2641.80  3.35
 2642.50  3.35
 2643.20  3.35
 2643.90  3.35
 2644.60  3.35
 2645.30  3.35
 2646.00  3.35
 2646.70  3.35
 2647.40  3.35
 2648.10  3.35
 2648.80  3.35
 2649.50  3.35
 2650.20  3.35
 2650.90  3.35
 2651.60  3.35
 2652.30  3.35
 2653.00  3.35
 2653.70  3.35
 2654.40  3.35
 2655.10  3.35
 2655.80  3.35
 2656.50  3.35
 2657.20  3.35
 2657.90  3.35
 2658.60  3.35
 2659.30  3.35
 2660.00  3.35
 2660.70  3.35
 2661.40  3.35
 2662.10  3.35
 2662.80  3.35
 2663.50  3.35
 2664.20  3.35
 2664.90  3.35
 2665.60  3.35
 2666.30  3.35
 2667.00  3.35
 2667.70  3.35
 2668.40  3.35
 2669.10  3.35
 2669.80  3.35
 2670.50  3.35
 2671.20  3.35
 2671.90  3.35
 2672.60  3.35
 2673.30  3.35
 2674.00  3.35
 2674.70  3.35
 2675.40  3.35
 2676.10  3.35
 2676.80  3.35
 2677.50  3.35
 2678.20  3.35
 2678.90  3.35
 2679.60  3.35
 2680.30  3.35
 2681.00  3.35
 2681.70  3.35
 2682.40  3.35
 2683.10  3.35
 2683.80  3.35
 2684.50  3.35
 2685.20  3.35
 2685.90  3.35
 2686.60  3.35
 2687.30  3.35
 2688.00  3.35
 2688.70  3.35
 2689.40  3.35
 2690.10  3.35
 2690.80  3.35
 2691.50  3.35
 2692.20  3.35
 2692.90  3.35
 2693.60  3.35
 2694.30  3.35
 2695.00  3.35
 2695.70  3.35
 2696.40  3.35
 2697.10  3.35
 2697.80  3.35
 2698.50  3.35
 2699.20  3.35
 2699.90  3.35
 2700.60  3.35
 2701.30  3.35
 2702.00  3.35
 2702.70  3.35
 2703.40  3.35
 2704.10  3.35
 2704.80  3.35
 2705.50  3.35
 2706.20  3.35
 2706.90  3.35
 2707.60  3.35
 2708.30  3.35
 2709.00  3.35
 2709.70  3.35
 2710.40  3.35
 2711.10  3.35
 2711.80  3.35
 2712.50  3.35
 2713.20  3.35
 2713.90  3.35
 2714.60  3.35
 2715.30  3.35
 2716.00  3.35
 2716.70  3.35
 2717.40  3.35
 2718.10  3.35
 2718.80  3.35
 2719.50  3.35
 2720.20  3.35
 2720.90  3.35
 2721.60  3.35
 2722.30  3.35
 2723.00  3.35
 2723.70  3.35
 2724.40  3.35
 2725.10  3.35
 2725.80  3.35
 2726.50  3.35
 2727.20  3.35
 2727.90  3.35
 2728.60  3.35
 2729.30  3.35
 2730.00  3.35
 2730.70  3.35
 2731.40  3.35
 2732.10  3.35
 2732.80  3.35
 2733.50  3.35
 2734.20  3.35
 2734.90  3.35
 2735.60  3.35
 2736.30  3.35
 2737.00  3.35
 2737.70  3.35
 2738.40  3.35
 2739.10  3.35
 2739.80  3.35
 2740.50  3.35
 2741.20  3.35
 2741.90  3.35
 2742.60  3.35
 2743.30  3.35
 2744.00  3.35
 2744.70  3.35
 2745.40  3.35
 2746.10  3.35
 2746.80  3.35
 2747.50  3.35
 2748.20  3.35
 2748.90  3.35
 2749.60  3.35
 2750.30  3.35
 2751.00  3.35
 2751.70  3.35
 2752.40  3.35
 2753.10  3.35
 2753.80  3.35
 2754.50  3.35
 2755.20  3.35
 2755.90  3.35
 2756.60  3.35
 2757.30  3.35
 2758.00  3.35
 2758.70  3.35
 2759.40  3.35
 2760.10  3.35
 2760.80  3.35
 2761.50  3.35
 2762.20  3.35
 2762.90  3.35
 2763.60  3.35
 2764.30  3.35
 2765.00  3.35
 2765.70  3.35
 2766.40  3.35
 2767.10  3.35
 2767.80  3.35
 2768.50  3.35
 2769.20  3.35
 2769.90  3.35
 2770.60  3.35
 2771.30  3.35
 2772.00  3.35
 2772.70  3.35
 2773.40  3.35
 2774.10  3.35
 2774.80  3.35
 2775.50  3.35
 2776.20  3.35
 2776.90  3.35
 2777.60  3.35
 2778.30  3.35
 2779.00  3.35
 2779.70  3.35
 2780.40  3.35
 2781.10  3.35
 2781.80  3.35
 2782.50  3.35
 2783.20  3.35
 2783.90  3.35
 2784.60  3.35
 2785.30  3.35
 2786.00  3.35
 2786.70  3.35
 2787.40  3.35
 2788.10  3.35
 2788.80  3.35
 2789.50  3.35
 2790.20  3.35
 2790.90  3.35
 2791.60  3.35
 2792.30  3.35
 2793.00  3.35
 2793.70  3.35
 2794.40  3.35
 2795.10  3.35
 2795.80  3.35
 2796.50  3.35
 2797.20  3.35
 2797.90  3.35
 2798.60  3.35
 2799.30  3.35
 2800.00  3.35
 2800.70  3.35
 2801.40  3.35
 2802.10  3.35
 2802.80  3.35
 2803.50  3.35
 2804.20  3.35
 2804.90  3.35
 2805.60  3.35
 2806.30  3.35
 2807.00  3.35
 2807.70  3.35
 2808.40  3.35
 2809.10  3.35
 2809.80  3.35
 2810.50  3.35
 2811.20  3.35
 2811.90  3.35
 2812.60  3.35
 2813.30  3.35
 2814.00  3.35
 2814.70  3.35
 2815.40  3.35
 2816.10  3.35
 2816.80  3.35
 2817.50  3.35
 2818.20  3.35
 2818.90  3.35
 2819.60  3.35
 2820.30  3.35
 2821.00  3.35
 2821.70  3.35
 2822.40  3.35
 2823.10  3.35
 2823.80  3.35
 2824.50  3.35
 2825.20  3.35
 2825.90  3.35
 2826.60  3.35
 2827.30  3.35
 2828.00  3.35
 2828.70  3.35
 2829.40  3.35
 2830.10  3.35
 2830.80  3.35
 2831.50  3.35
 2832.20  3.35
 2832.90  3.35
 2833.60  3.35
 2834.30  3.35
 2835.00  3.35
 2835.70  3.35
 2836.40  3.35
 2837.10  3.35
 2837.80  3.35
 2838.50  3.35
 2839.20  3.35
 2839.90  3.35
 2840.60  3.35
 2841.30  3.35
 2842.00  3.35
 2842.70  3.35
 2843.40  3.35
 2844.10  3.35
 2844.80  3.35
 2845.50  3.35
 2846.20  3.35
 2846.90  3.35
 2847.60  3.35
 2848.30  3.35
 2849.00  3.35
 2849.70  3.35
 2850.40  3.35
 2851.10  3.35
 2851.80  3.35
 2852.50  3.35
 2853.20  3.35
 2853.90  3.35
 2854.60  3.35
 2855.30  3.35
 2856.00  3.35
 2856.70  3.35
 2857.40  3.35
 2858.10  3.35
 2858.80  3.35
 2859.50  3.35
 2860.20  3.35
 2860.90  3.35
 2861.60  3.35
 2862.30  3.35
 2863.00  3.35
 2863.70  3.35
 2864.40  3.35
 2865.10  3.35
 2865.80  3.35
 2866.50  3.35
 2867.20  3.35
 2867.90  3.35
 2868.60  3.35
 2869.30  3.35
 2870.00  3.35
 2870.70  3.35
 2871.40  3.35
 2872.10  3.35
 2872.80  3.35
 2873.50  3.35
 2874.20  3.35
 2874.90  3.35
 2875.60  3.35
 2876.30  3.35
 2877.00  3.35
 2877.70  3.35
 2878.40  3.35
 2879.10  3.35
 2879.80  3.35
 2880.50  3.35
 2881.20  3.35
 2881.90  3.35
 2882.60  3.35
 2883.30  3.35
 2884.00  3.35
 2884.70  3.35
 2885.40  3.35
 2886.10  3.35
 2886.80  3.35
 2887.50  3.35
 2888.20  3.35
 2888.90  3.35
 2889.60  3.35
 2890.30  3.35
 2891.00  3.35
 2891.70  3.35
 2892.40  3.35
 2893.10  3.35
 2893.80  3.35
 2894.50  3.35
 2895.20  3.35
 2895.90  3.35
 2896.60  3.35
 2897.30  3.35
 2898.00  3.35
 2898.70  3.35
 2899.40  3.35
 2900.10  3.35
 2900.80  3.35
 2901.50  3.35
 2902.20  3.35
 2902.90  3.35
 2903.60  3.35
 2904.30  3.35
 2905.00  3.35
 2905.70  3.35
 2906.40  3.35
 2907.10  3.35
 2907.80  3.35
 2908.50  3.35
 2909.20  3.35
 2909.90  3.35
 2910.60  3.35
 2911.30  3.35
 2912.00  3.35
 2912.70  3.35
 2913.40  3.35
 2914.10  3.35
 2914.80  3.35
 2915.50  3.35
 2916.20  3.35
 2916.90  3.35
 2917.60  3.35
 2918.30  3.35
 2919.00  3.35
 2919.70  3.35
 2920.40  3.35
 2921.10  3.35
 2921.80  3.35
 2922.50  3.35
 2923.20  3.35
 2923.90  3.35
 2924.60  3.35
 2925.30  3.35
 2926.00  3.35
 2926.70  3.35
 2927.40  3.35
 2928.10  3.35
 2928.80  3.35
 2929.50  3.35
 2930.20  3.35
 2930.90  3.35
 2931.60  3.35
 2932.30  3.35
 2933.00  3.35
 2933.70  3.35
 2934.40  3.35
 2935.10  3.35
 2935.80  3.35
 2936.50  3.35
 2937.20  3.35
 2937.90  3.35
 2938.60  3.35
 2939.30  3.35
 2940.00  3.35
 2940.70  3.35
 2941.40  3.35
 2942.10  3.35
 2942.80  3.35
 2943.50  3.35
 2944.20  3.35
 2944.90  3.35
 2945.60  3.35
 2946.30  3.35
 2947.00  3.35
 2947.70  3.35
 2948.40  3.35
 2949.10  3.35
 2949.80  3.35
 2950.50  3.35
 2951.20  3.35
 2951.90  3.35
 2952.60  3.35
 2953.30  3.35
 2954.00  3.35
 2954.70  3.35
 2955.40  3.35
 2956.10  3.35
 2956.80  3.35
 2957.50  3.35
 2958.20  3.35
 2958.90  3.35
 2959.60  3.35
 2960.30  3.35
 2961.00  3.35
 2961.70  3.35
 2962.40  3.35
 2963.10  3.35
 2963.80  3.35
 2964.50  3.35
 2965.20  3.35
 2965.90  3.35
 2966.60  3.35
 2967.30  3.35
 2968.00  3.35
 2968.70  3.35
 2969.40  3.35
 2970.10  3.35
 2970.80  3.35
 2971.50  3.35
 2972.20  3.35
 2972.90  3.35
 2973.60  3.35
 2974.30  3.35
 2975.00  3.35
 2975.70  3.35
 2976.40  3.35
 2977.10  3.35
 2977.80  3.35
 2978.50  3.35
 2979.20  3.35
 2979.90  3.35
 2980.60  3.35
 2981.30  3.35
 2982.00  3.35
 2982.70  3.35
 2983.40  3.35
 2984.10  3.35
 2984.80  3.35
 2985.50  3.35
 2986.20  3.35
 2986.90  3.35
 2987.60  3.35
 2988.30  3.35
 2989.00  3.35
 2989.70  3.35
 2990.40  3.35
 2991.10  3.35
 2991.80  3.35
 2992.50  3.35
 2993.20  3.35
 2993.90  3.35
 2994.60  3.35
 2995.30  3.35
 2996.00  3.35
 2996.70  3.35
 2997.40  3.35
 2998.10  3.35
 2998.80  3.35
 2999.50  3.35
