#Navio B MarAd
#Manobra de Curva Giro
#
#Beta 
#
#temp      rot 
 0.00  -0.00
 0.70  -0.00
 1.40  -0.00
 2.10  0.00
 2.80  0.00
 3.50  0.00
 4.20  0.00
 4.90  0.00
 5.60  0.00
 6.30  0.01
 7.00  0.01
 7.70  0.01
 8.40  0.01
 9.10  0.01
 9.80  0.01
 10.50  0.01
 11.20  0.01
 11.90  0.01
 12.60  0.01
 13.30  0.01
 14.00  0.02
 14.70  0.02
 15.40  0.02
 16.10  0.02
 16.80  0.02
 17.50  0.02
 18.20  0.02
 18.90  0.02
 19.60  0.02
 20.30  0.02
 21.00  0.03
 21.70  0.03
 22.40  0.03
 23.10  0.03
 23.80  0.03
 24.50  0.03
 25.20  0.03
 25.90  0.03
 26.60  0.04
 27.30  0.04
 28.00  0.04
 28.70  0.04
 29.40  0.04
 30.10  0.04
 30.80  0.04
 31.50  0.04
 32.20  0.05
 32.90  0.05
 33.60  0.05
 34.30  0.05
 35.00  0.05
 35.70  0.05
 36.40  0.05
 37.10  0.05
 37.80  0.06
 38.50  0.06
 39.20  0.06
 39.90  0.06
 40.60  0.06
 41.30  0.06
 42.00  0.06
 42.70  0.07
 43.40  0.07
 44.10  0.07
 44.80  0.07
 45.50  0.07
 46.20  0.07
 46.90  0.07
 47.60  0.08
 48.30  0.08
 49.00  0.08
 49.70  0.08
 50.40  0.08
 51.10  0.08
 51.80  0.08
 52.50  0.09
 53.20  0.09
 53.90  0.09
 54.60  0.09
 55.30  0.09
 56.00  0.09
 56.70  0.09
 57.40  0.10
 58.10  0.10
 58.80  0.10
 59.50  0.10
 60.20  0.10
 60.90  0.10
 61.60  0.10
 62.30  0.11
 63.00  0.11
 63.70  0.11
 64.40  0.11
 65.10  0.11
 65.80  0.11
 66.50  0.11
 67.20  0.12
 67.90  0.12
 68.60  0.12
 69.30  0.12
 70.00  0.12
 70.70  0.12
 71.40  0.13
 72.10  0.13
 72.80  0.13
 73.50  0.13
 74.20  0.13
 74.90  0.13
 75.60  0.13
 76.30  0.14
 77.00  0.14
 77.70  0.14
 78.40  0.14
 79.10  0.14
 79.80  0.14
 80.50  0.14
 81.20  0.15
 81.90  0.15
 82.60  0.15
 83.30  0.15
 84.00  0.15
 84.70  0.15
 85.40  0.15
 86.10  0.16
 86.80  0.16
 87.50  0.16
 88.20  0.16
 88.90  0.16
 89.60  0.16
 90.30  0.16
 91.00  0.17
 91.70  0.17
 92.40  0.17
 93.10  0.17
 93.80  0.17
 94.50  0.17
 95.20  0.17
 95.90  0.18
 96.60  0.18
 97.30  0.18
 98.00  0.18
 98.70  0.18
 99.40  0.18
 100.10  0.18
 100.80  0.19
 101.50  0.19
 102.20  0.19
 102.90  0.19
 103.60  0.19
 104.30  0.19
 105.00  0.19
 105.70  0.19
 106.40  0.20
 107.10  0.20
 107.80  0.20
 108.50  0.20
 109.20  0.20
 109.90  0.20
 110.60  0.20
 111.30  0.20
 112.00  0.21
 112.70  0.21
 113.40  0.21
 114.10  0.21
 114.80  0.21
 115.50  0.21
 116.20  0.21
 116.90  0.21
 117.60  0.22
 118.30  0.22
 119.00  0.22
 119.70  0.22
 120.40  0.22
 121.10  0.22
 121.80  0.22
 122.50  0.22
 123.20  0.23
 123.90  0.23
 124.60  0.23
 125.30  0.23
 126.00  0.23
 126.70  0.23
 127.40  0.23
 128.10  0.23
 128.80  0.24
 129.50  0.24
 130.20  0.24
 130.90  0.24
 131.60  0.24
 132.30  0.24
 133.00  0.24
 133.70  0.24
 134.40  0.24
 135.10  0.25
 135.80  0.25
 136.50  0.25
 137.20  0.25
 137.90  0.25
 138.60  0.25
 139.30  0.25
 140.00  0.25
 140.70  0.25
 141.40  0.26
 142.10  0.26
 142.80  0.26
 143.50  0.26
 144.20  0.26
 144.90  0.26
 145.60  0.26
 146.30  0.26
 147.00  0.26
 147.70  0.26
 148.40  0.27
 149.10  0.27
 149.80  0.27
 150.50  0.27
 151.20  0.27
 151.90  0.27
 152.60  0.27
 153.30  0.27
 154.00  0.27
 154.70  0.27
 155.40  0.28
 156.10  0.28
 156.80  0.28
 157.50  0.28
 158.20  0.28
 158.90  0.28
 159.60  0.28
 160.30  0.28
 161.00  0.28
 161.70  0.28
 162.40  0.28
 163.10  0.29
 163.80  0.29
 164.50  0.29
 165.20  0.29
 165.90  0.29
 166.60  0.29
 167.30  0.29
 168.00  0.29
 168.70  0.29
 169.40  0.29
 170.10  0.29
 170.80  0.30
 171.50  0.30
 172.20  0.30
 172.90  0.30
 173.60  0.30
 174.30  0.30
 175.00  0.30
 175.70  0.30
 176.40  0.30
 177.10  0.30
 177.80  0.30
 178.50  0.30
 179.20  0.30
 179.90  0.31
 180.60  0.31
 181.30  0.31
 182.00  0.31
 182.70  0.31
 183.40  0.31
 184.10  0.31
 184.80  0.31
 185.50  0.31
 186.20  0.31
 186.90  0.31
 187.60  0.31
 188.30  0.31
 189.00  0.32
 189.70  0.32
 190.40  0.32
 191.10  0.32
 191.80  0.32
 192.50  0.32
 193.20  0.32
 193.90  0.32
 194.60  0.32
 195.30  0.32
 196.00  0.32
 196.70  0.32
 197.40  0.32
 198.10  0.32
 198.80  0.33
 199.50  0.33
 200.20  0.33
 200.90  0.33
 201.60  0.33
 202.30  0.33
 203.00  0.33
 203.70  0.33
 204.40  0.33
 205.10  0.33
 205.80  0.33
 206.50  0.33
 207.20  0.33
 207.90  0.33
 208.60  0.33
 209.30  0.33
 210.00  0.34
 210.70  0.34
 211.40  0.34
 212.10  0.34
 212.80  0.34
 213.50  0.34
 214.20  0.34
 214.90  0.34
 215.60  0.34
 216.30  0.34
 217.00  0.34
 217.70  0.34
 218.40  0.34
 219.10  0.34
 219.80  0.34
 220.50  0.34
 221.20  0.34
 221.90  0.34
 222.60  0.35
 223.30  0.35
 224.00  0.35
 224.70  0.35
 225.40  0.35
 226.10  0.35
 226.80  0.35
 227.50  0.35
 228.20  0.35
 228.90  0.35
 229.60  0.35
 230.30  0.35
 231.00  0.35
 231.70  0.35
 232.40  0.35
 233.10  0.35
 233.80  0.35
 234.50  0.35
 235.20  0.35
 235.90  0.35
 236.60  0.35
 237.30  0.36
 238.00  0.36
 238.70  0.36
 239.40  0.36
 240.10  0.36
 240.80  0.36
 241.50  0.36
 242.20  0.36
 242.90  0.36
 243.60  0.36
 244.30  0.36
 245.00  0.36
 245.70  0.36
 246.40  0.36
 247.10  0.36
 247.80  0.36
 248.50  0.36
 249.20  0.36
 249.90  0.36
 250.60  0.36
 251.30  0.36
 252.00  0.36
 252.70  0.36
 253.40  0.37
 254.10  0.37
 254.80  0.37
 255.50  0.37
 256.20  0.37
 256.90  0.37
 257.60  0.37
 258.30  0.37
 259.00  0.37
 259.70  0.37
 260.40  0.37
 261.10  0.37
 261.80  0.37
 262.50  0.37
 263.20  0.37
 263.90  0.37
 264.60  0.37
 265.30  0.37
 266.00  0.37
 266.70  0.37
 267.40  0.37
 268.10  0.37
 268.80  0.37
 269.50  0.37
 270.20  0.37
 270.90  0.37
 271.60  0.37
 272.30  0.37
 273.00  0.37
 273.70  0.38
 274.40  0.38
 275.10  0.38
 275.80  0.38
 276.50  0.38
 277.20  0.38
 277.90  0.38
 278.60  0.38
 279.30  0.38
 280.00  0.38
 280.70  0.38
 281.40  0.38
 282.10  0.38
 282.80  0.38
 283.50  0.38
 284.20  0.38
 284.90  0.38
 285.60  0.38
 286.30  0.38
 287.00  0.38
 287.70  0.38
 288.40  0.38
 289.10  0.38
 289.80  0.38
 290.50  0.38
 291.20  0.38
 291.90  0.38
 292.60  0.38
 293.30  0.38
 294.00  0.38
 294.70  0.38
 295.40  0.38
 296.10  0.38
 296.80  0.38
 297.50  0.38
 298.20  0.38
 298.90  0.39
 299.60  0.39
 300.30  0.39
 301.00  0.39
 301.70  0.39
 302.40  0.39
 303.10  0.39
 303.80  0.39
 304.50  0.39
 305.20  0.39
 305.90  0.39
 306.60  0.39
 307.30  0.39
 308.00  0.39
 308.70  0.39
 309.40  0.39
 310.10  0.39
 310.80  0.39
 311.50  0.39
 312.20  0.39
 312.90  0.39
 313.60  0.39
 314.30  0.39
 315.00  0.39
 315.70  0.39
 316.40  0.39
 317.10  0.39
 317.80  0.39
 318.50  0.39
 319.20  0.39
 319.90  0.39
 320.60  0.39
 321.30  0.39
 322.00  0.39
 322.70  0.39
 323.40  0.39
 324.10  0.39
 324.80  0.39
 325.50  0.39
 326.20  0.39
 326.90  0.39
 327.60  0.39
 328.30  0.39
 329.00  0.39
 329.70  0.39
 330.40  0.39
 331.10  0.39
 331.80  0.39
 332.50  0.39
 333.20  0.39
 333.90  0.39
 334.60  0.39
 335.30  0.40
 336.00  0.40
 336.70  0.40
 337.40  0.40
 338.10  0.40
 338.80  0.40
 339.50  0.40
 340.20  0.40
 340.90  0.40
 341.60  0.40
 342.30  0.40
 343.00  0.40
 343.70  0.40
 344.40  0.40
 345.10  0.40
 345.80  0.40
 346.50  0.40
 347.20  0.40
 347.90  0.40
 348.60  0.40
 349.30  0.40
 350.00  0.40
 350.70  0.40
 351.40  0.40
 352.10  0.40
 352.80  0.40
 353.50  0.40
 354.20  0.40
 354.90  0.40
 355.60  0.40
 356.30  0.40
 357.00  0.40
 357.70  0.40
 358.40  0.40
 359.10  0.40
 359.80  0.40
 360.50  0.40
 361.20  0.40
 361.90  0.40
 362.60  0.40
 363.30  0.40
 364.00  0.40
 364.70  0.40
 365.40  0.40
 366.10  0.40
 366.80  0.40
 367.50  0.40
 368.20  0.40
 368.90  0.40
 369.60  0.40
 370.30  0.40
 371.00  0.40
 371.70  0.40
 372.40  0.40
 373.10  0.40
 373.80  0.40
 374.50  0.40
 375.20  0.40
 375.90  0.40
 376.60  0.40
 377.30  0.40
 378.00  0.40
 378.70  0.40
 379.40  0.40
 380.10  0.40
 380.80  0.40
 381.50  0.40
 382.20  0.40
 382.90  0.40
 383.60  0.40
 384.30  0.40
 385.00  0.40
 385.70  0.40
 386.40  0.40
 387.10  0.40
 387.80  0.40
 388.50  0.40
 389.20  0.40
 389.90  0.40
 390.60  0.40
 391.30  0.40
 392.00  0.40
 392.70  0.40
 393.40  0.40
 394.10  0.40
 394.80  0.40
 395.50  0.40
 396.20  0.40
 396.90  0.40
 397.60  0.40
 398.30  0.40
 399.00  0.40
 399.70  0.40
 400.40  0.40
 401.10  0.40
 401.80  0.40
 402.50  0.40
 403.20  0.40
 403.90  0.40
 404.60  0.40
 405.30  0.40
 406.00  0.40
 406.70  0.40
 407.40  0.40
 408.10  0.40
 408.80  0.40
 409.50  0.40
 410.20  0.40
 410.90  0.40
 411.60  0.41
 412.30  0.41
 413.00  0.41
 413.70  0.41
 414.40  0.41
 415.10  0.41
 415.80  0.41
 416.50  0.41
 417.20  0.41
 417.90  0.41
 418.60  0.41
 419.30  0.41
 420.00  0.41
 420.70  0.41
 421.40  0.41
 422.10  0.41
 422.80  0.41
 423.50  0.41
 424.20  0.41
 424.90  0.41
 425.60  0.41
 426.30  0.41
 427.00  0.41
 427.70  0.41
 428.40  0.41
 429.10  0.41
 429.80  0.41
 430.50  0.41
 431.20  0.41
 431.90  0.41
 432.60  0.41
 433.30  0.41
 434.00  0.41
 434.70  0.41
 435.40  0.41
 436.10  0.41
 436.80  0.41
 437.50  0.41
 438.20  0.41
 438.90  0.41
 439.60  0.41
 440.30  0.41
 441.00  0.41
 441.70  0.41
 442.40  0.41
 443.10  0.41
 443.80  0.41
 444.50  0.41
 445.20  0.41
 445.90  0.41
 446.60  0.41
 447.30  0.41
 448.00  0.41
 448.70  0.41
 449.40  0.41
 450.10  0.41
 450.80  0.41
 451.50  0.41
 452.20  0.41
 452.90  0.41
 453.60  0.41
 454.30  0.41
 455.00  0.41
 455.70  0.41
 456.40  0.41
 457.10  0.41
 457.80  0.41
 458.50  0.41
 459.20  0.41
 459.90  0.41
 460.60  0.41
 461.30  0.41
 462.00  0.41
 462.70  0.41
 463.40  0.41
 464.10  0.41
 464.80  0.41
 465.50  0.41
 466.20  0.41
 466.90  0.41
 467.60  0.41
 468.30  0.41
 469.00  0.41
 469.70  0.41
 470.40  0.41
 471.10  0.41
 471.80  0.41
 472.50  0.41
 473.20  0.41
 473.90  0.41
 474.60  0.41
 475.30  0.41
 476.00  0.41
 476.70  0.41
 477.40  0.41
 478.10  0.41
 478.80  0.41
 479.50  0.41
 480.20  0.41
 480.90  0.41
 481.60  0.41
 482.30  0.41
 483.00  0.41
 483.70  0.41
 484.40  0.41
 485.10  0.41
 485.80  0.41
 486.50  0.41
 487.20  0.41
 487.90  0.41
 488.60  0.41
 489.30  0.41
 490.00  0.41
 490.70  0.41
 491.40  0.41
 492.10  0.41
 492.80  0.41
 493.50  0.41
 494.20  0.41
 494.90  0.41
 495.60  0.41
 496.30  0.41
 497.00  0.41
 497.70  0.41
 498.40  0.41
 499.10  0.41
 499.80  0.41
 500.50  0.41
 501.20  0.41
 501.90  0.41
 502.60  0.41
 503.30  0.41
 504.00  0.41
 504.70  0.41
 505.40  0.41
 506.10  0.41
 506.80  0.41
 507.50  0.41
 508.20  0.41
 508.90  0.41
 509.60  0.41
 510.30  0.41
 511.00  0.41
 511.70  0.41
 512.40  0.41
 513.10  0.41
 513.80  0.41
 514.50  0.41
 515.20  0.41
 515.90  0.41
 516.60  0.41
 517.30  0.41
 518.00  0.40
 518.70  0.40
 519.40  0.40
 520.10  0.40
 520.80  0.40
 521.50  0.40
 522.20  0.40
 522.90  0.40
 523.60  0.40
 524.30  0.40
 525.00  0.40
 525.70  0.40
 526.40  0.40
 527.10  0.40
 527.80  0.40
 528.50  0.40
 529.20  0.40
 529.90  0.40
 530.60  0.40
 531.30  0.40
 532.00  0.40
 532.70  0.40
 533.40  0.40
 534.10  0.40
 534.80  0.40
 535.50  0.40
 536.20  0.40
 536.90  0.40
 537.60  0.40
 538.30  0.40
 539.00  0.40
 539.70  0.40
 540.40  0.40
 541.10  0.40
 541.80  0.40
 542.50  0.40
 543.20  0.40
 543.90  0.40
 544.60  0.40
 545.30  0.40
 546.00  0.40
 546.70  0.40
 547.40  0.40
 548.10  0.40
 548.80  0.40
 549.50  0.40
 550.20  0.40
 550.90  0.40
 551.60  0.40
 552.30  0.40
 553.00  0.40
 553.70  0.40
 554.40  0.40
 555.10  0.40
 555.80  0.40
 556.50  0.40
 557.20  0.40
 557.90  0.40
 558.60  0.40
 559.30  0.40
 560.00  0.40
 560.70  0.40
 561.40  0.40
 562.10  0.40
 562.80  0.40
 563.50  0.40
 564.20  0.40
 564.90  0.40
 565.60  0.40
 566.30  0.40
 567.00  0.40
 567.70  0.40
 568.40  0.40
 569.10  0.40
 569.80  0.40
 570.50  0.40
 571.20  0.40
 571.90  0.40
 572.60  0.40
 573.30  0.40
 574.00  0.40
 574.70  0.40
 575.40  0.40
 576.10  0.40
 576.80  0.40
 577.50  0.40
 578.20  0.40
 578.90  0.40
 579.60  0.40
 580.30  0.40
 581.00  0.40
 581.70  0.40
 582.40  0.40
 583.10  0.40
 583.80  0.40
 584.50  0.40
 585.20  0.40
 585.90  0.40
 586.60  0.40
 587.30  0.40
 588.00  0.40
 588.70  0.40
 589.40  0.40
 590.10  0.40
 590.80  0.40
 591.50  0.40
 592.20  0.40
 592.90  0.40
 593.60  0.40
 594.30  0.40
 595.00  0.40
 595.70  0.40
 596.40  0.40
 597.10  0.40
 597.80  0.40
 598.50  0.40
 599.20  0.40
 599.90  0.40
 600.60  0.40
 601.30  0.40
 602.00  0.40
 602.70  0.40
 603.40  0.40
 604.10  0.40
 604.80  0.40
 605.50  0.40
 606.20  0.40
 606.90  0.40
 607.60  0.40
 608.30  0.40
 609.00  0.40
 609.70  0.40
 610.40  0.40
 611.10  0.40
 611.80  0.40
 612.50  0.40
 613.20  0.40
 613.90  0.40
 614.60  0.40
 615.30  0.40
 616.00  0.40
 616.70  0.40
 617.40  0.40
 618.10  0.40
 618.80  0.40
 619.50  0.40
 620.20  0.40
 620.90  0.40
 621.60  0.40
 622.30  0.40
 623.00  0.40
 623.70  0.40
 624.40  0.40
 625.10  0.40
 625.80  0.40
 626.50  0.40
 627.20  0.40
 627.90  0.40
 628.60  0.40
 629.30  0.40
 630.00  0.40
 630.70  0.40
 631.40  0.40
 632.10  0.40
 632.80  0.40
 633.50  0.40
 634.20  0.40
 634.90  0.40
 635.60  0.40
 636.30  0.40
 637.00  0.40
 637.70  0.40
 638.40  0.40
 639.10  0.40
 639.80  0.40
 640.50  0.40
 641.20  0.40
 641.90  0.40
 642.60  0.40
 643.30  0.40
 644.00  0.40
 644.70  0.40
 645.40  0.40
 646.10  0.40
 646.80  0.40
 647.50  0.40
 648.20  0.40
 648.90  0.40
 649.60  0.40
 650.30  0.40
 651.00  0.40
 651.70  0.40
 652.40  0.40
 653.10  0.40
 653.80  0.40
 654.50  0.40
 655.20  0.40
 655.90  0.40
 656.60  0.40
 657.30  0.40
 658.00  0.40
 658.70  0.40
 659.40  0.40
 660.10  0.40
 660.80  0.40
 661.50  0.40
 662.20  0.40
 662.90  0.40
 663.60  0.40
 664.30  0.40
 665.00  0.40
 665.70  0.40
 666.40  0.40
 667.10  0.40
 667.80  0.40
 668.50  0.40
 669.20  0.40
 669.90  0.40
 670.60  0.40
 671.30  0.40
 672.00  0.40
 672.70  0.40
 673.40  0.40
 674.10  0.40
 674.80  0.40
 675.50  0.40
 676.20  0.40
 676.90  0.40
 677.60  0.40
 678.30  0.40
 679.00  0.40
 679.70  0.40
 680.40  0.40
 681.10  0.40
 681.80  0.40
 682.50  0.40
 683.20  0.40
 683.90  0.40
 684.60  0.40
 685.30  0.40
 686.00  0.40
 686.70  0.40
 687.40  0.40
 688.10  0.40
 688.80  0.40
 689.50  0.40
 690.20  0.39
 690.90  0.39
 691.60  0.39
 692.30  0.39
 693.00  0.39
 693.70  0.39
 694.40  0.39
 695.10  0.39
 695.80  0.39
 696.50  0.39
 697.20  0.39
 697.90  0.39
 698.60  0.39
 699.30  0.39
 700.00  0.39
 700.70  0.39
 701.40  0.39
 702.10  0.39
 702.80  0.39
 703.50  0.39
 704.20  0.39
 704.90  0.39
 705.60  0.39
 706.30  0.39
 707.00  0.39
 707.70  0.39
 708.40  0.39
 709.10  0.39
 709.80  0.39
 710.50  0.39
 711.20  0.39
 711.90  0.39
 712.60  0.39
 713.30  0.39
 714.00  0.39
 714.70  0.39
 715.40  0.39
 716.10  0.39
 716.80  0.39
 717.50  0.39
 718.20  0.39
 718.90  0.39
 719.60  0.39
 720.30  0.39
 721.00  0.39
 721.70  0.39
 722.40  0.39
 723.10  0.39
 723.80  0.39
 724.50  0.39
 725.20  0.39
 725.90  0.39
 726.60  0.39
 727.30  0.39
 728.00  0.39
 728.70  0.39
 729.40  0.39
 730.10  0.39
 730.80  0.39
 731.50  0.39
 732.20  0.39
 732.90  0.39
 733.60  0.39
 734.30  0.39
 735.00  0.39
 735.70  0.39
 736.40  0.39
 737.10  0.39
 737.80  0.39
 738.50  0.39
 739.20  0.39
 739.90  0.39
 740.60  0.39
 741.30  0.39
 742.00  0.39
 742.70  0.39
 743.40  0.39
 744.10  0.39
 744.80  0.39
 745.50  0.39
 746.20  0.39
 746.90  0.39
 747.60  0.39
 748.30  0.39
 749.00  0.39
 749.70  0.39
 750.40  0.39
 751.10  0.39
 751.80  0.39
 752.50  0.39
 753.20  0.39
 753.90  0.39
 754.60  0.39
 755.30  0.39
 756.00  0.39
 756.70  0.39
 757.40  0.39
 758.10  0.39
 758.80  0.39
 759.50  0.39
 760.20  0.39
 760.90  0.39
 761.60  0.39
 762.30  0.39
 763.00  0.39
 763.70  0.39
 764.40  0.39
 765.10  0.39
 765.80  0.39
 766.50  0.39
 767.20  0.39
 767.90  0.39
 768.60  0.39
 769.30  0.39
 770.00  0.39
 770.70  0.39
 771.40  0.39
 772.10  0.39
 772.80  0.39
 773.50  0.39
 774.20  0.39
 774.90  0.39
 775.60  0.39
 776.30  0.39
 777.00  0.39
 777.70  0.39
 778.40  0.39
 779.10  0.39
 779.80  0.39
 780.50  0.39
 781.20  0.39
 781.90  0.39
 782.60  0.39
 783.30  0.39
 784.00  0.39
 784.70  0.39
 785.40  0.39
 786.10  0.39
 786.80  0.39
 787.50  0.39
 788.20  0.39
 788.90  0.39
 789.60  0.39
 790.30  0.39
 791.00  0.39
 791.70  0.39
 792.40  0.39
 793.10  0.39
 793.80  0.39
 794.50  0.39
 795.20  0.39
 795.90  0.39
 796.60  0.39
 797.30  0.39
 798.00  0.39
 798.70  0.39
 799.40  0.39
 800.10  0.39
 800.80  0.39
 801.50  0.39
 802.20  0.39
 802.90  0.39
 803.60  0.39
 804.30  0.39
 805.00  0.39
 805.70  0.39
 806.40  0.39
 807.10  0.39
 807.80  0.39
 808.50  0.39
 809.20  0.39
 809.90  0.39
 810.60  0.39
 811.30  0.39
 812.00  0.39
 812.70  0.39
 813.40  0.39
 814.10  0.39
 814.80  0.39
 815.50  0.39
 816.20  0.39
 816.90  0.39
 817.60  0.39
 818.30  0.39
 819.00  0.39
 819.70  0.39
 820.40  0.39
 821.10  0.39
 821.80  0.39
 822.50  0.39
 823.20  0.39
 823.90  0.39
 824.60  0.39
 825.30  0.39
 826.00  0.39
 826.70  0.39
 827.40  0.39
 828.10  0.39
 828.80  0.39
 829.50  0.39
 830.20  0.39
 830.90  0.39
 831.60  0.39
 832.30  0.39
 833.00  0.39
 833.70  0.39
 834.40  0.39
 835.10  0.39
 835.80  0.39
 836.50  0.39
 837.20  0.39
 837.90  0.39
 838.60  0.39
 839.30  0.39
 840.00  0.39
 840.70  0.39
 841.40  0.39
 842.10  0.39
 842.80  0.39
 843.50  0.39
 844.20  0.39
 844.90  0.39
 845.60  0.39
 846.30  0.39
 847.00  0.39
 847.70  0.39
 848.40  0.39
 849.10  0.39
 849.80  0.39
 850.50  0.39
 851.20  0.39
 851.90  0.39
 852.60  0.39
 853.30  0.39
 854.00  0.39
 854.70  0.39
 855.40  0.39
 856.10  0.39
 856.80  0.39
 857.50  0.39
 858.20  0.39
 858.90  0.39
 859.60  0.39
 860.30  0.39
 861.00  0.39
 861.70  0.39
 862.40  0.39
 863.10  0.39
 863.80  0.39
 864.50  0.39
 865.20  0.39
 865.90  0.39
 866.60  0.39
 867.30  0.39
 868.00  0.39
 868.70  0.39
 869.40  0.39
 870.10  0.39
 870.80  0.39
 871.50  0.39
 872.20  0.39
 872.90  0.39
 873.60  0.39
 874.30  0.39
 875.00  0.39
 875.70  0.39
 876.40  0.38
 877.10  0.38
 877.80  0.38
 878.50  0.38
 879.20  0.38
 879.90  0.38
 880.60  0.38
 881.30  0.38
 882.00  0.38
 882.70  0.38
 883.40  0.38
 884.10  0.38
 884.80  0.38
 885.50  0.38
 886.20  0.38
 886.90  0.38
 887.60  0.38
 888.30  0.38
 889.00  0.38
 889.70  0.38
 890.40  0.38
 891.10  0.38
 891.80  0.38
 892.50  0.38
 893.20  0.38
 893.90  0.38
 894.60  0.38
 895.30  0.38
 896.00  0.38
 896.70  0.38
 897.40  0.38
 898.10  0.38
 898.80  0.38
 899.50  0.38
 900.20  0.38
 900.90  0.38
 901.60  0.38
 902.30  0.38
 903.00  0.38
 903.70  0.38
 904.40  0.38
 905.10  0.38
 905.80  0.38
 906.50  0.38
 907.20  0.38
 907.90  0.38
 908.60  0.38
 909.30  0.38
 910.00  0.38
 910.70  0.38
 911.40  0.38
 912.10  0.38
 912.80  0.38
 913.50  0.38
 914.20  0.38
 914.90  0.38
 915.60  0.38
 916.30  0.38
 917.00  0.38
 917.70  0.38
 918.40  0.38
 919.10  0.38
 919.80  0.38
 920.50  0.38
 921.20  0.38
 921.90  0.38
 922.60  0.38
 923.30  0.38
 924.00  0.38
 924.70  0.38
 925.40  0.38
 926.10  0.38
 926.80  0.38
 927.50  0.38
 928.20  0.38
 928.90  0.38
 929.60  0.38
 930.30  0.38
 931.00  0.38
 931.70  0.38
 932.40  0.38
 933.10  0.38
 933.80  0.38
 934.50  0.38
 935.20  0.38
 935.90  0.38
 936.60  0.38
 937.30  0.38
 938.00  0.38
 938.70  0.38
 939.40  0.38
 940.10  0.38
 940.80  0.38
 941.50  0.38
 942.20  0.38
 942.90  0.38
 943.60  0.38
 944.30  0.38
 945.00  0.38
 945.70  0.38
 946.40  0.38
 947.10  0.38
 947.80  0.38
 948.50  0.38
 949.20  0.38
 949.90  0.38
 950.60  0.38
 951.30  0.38
 952.00  0.38
 952.70  0.38
 953.40  0.38
 954.10  0.38
 954.80  0.38
 955.50  0.38
 956.20  0.38
 956.90  0.38
 957.60  0.38
 958.30  0.38
 959.00  0.38
 959.70  0.38
 960.40  0.38
 961.10  0.38
 961.80  0.38
 962.50  0.38
 963.20  0.38
 963.90  0.38
 964.60  0.38
 965.30  0.38
 966.00  0.38
 966.70  0.38
 967.40  0.38
 968.10  0.38
 968.80  0.38
 969.50  0.38
 970.20  0.38
 970.90  0.38
 971.60  0.38
 972.30  0.38
 973.00  0.38
 973.70  0.38
 974.40  0.38
 975.10  0.38
 975.80  0.38
 976.50  0.38
 977.20  0.38
 977.90  0.38
 978.60  0.38
 979.30  0.38
 980.00  0.38
 980.70  0.38
 981.40  0.38
 982.10  0.38
 982.80  0.38
 983.50  0.38
 984.20  0.38
 984.90  0.38
 985.60  0.38
 986.30  0.38
 987.00  0.38
 987.70  0.38
 988.40  0.38
 989.10  0.38
 989.80  0.38
 990.50  0.38
 991.20  0.38
 991.90  0.38
 992.60  0.38
 993.30  0.38
 994.00  0.38
 994.70  0.38
 995.40  0.38
 996.10  0.38
 996.80  0.38
 997.50  0.38
 998.20  0.38
 998.90  0.38
 999.60  0.38
 1000.30  0.38
 1001.00  0.38
 1001.70  0.38
 1002.40  0.38
 1003.10  0.38
 1003.80  0.38
 1004.50  0.38
 1005.20  0.38
 1005.90  0.38
 1006.60  0.38
 1007.30  0.38
 1008.00  0.38
 1008.70  0.38
 1009.40  0.38
 1010.10  0.38
 1010.80  0.38
 1011.50  0.38
 1012.20  0.38
 1012.90  0.38
 1013.60  0.38
 1014.30  0.38
 1015.00  0.38
 1015.70  0.38
 1016.40  0.38
 1017.10  0.38
 1017.80  0.38
 1018.50  0.38
 1019.20  0.38
 1019.90  0.38
 1020.60  0.38
 1021.30  0.38
 1022.00  0.38
 1022.70  0.38
 1023.40  0.38
 1024.10  0.38
 1024.80  0.38
 1025.50  0.38
 1026.20  0.38
 1026.90  0.38
 1027.60  0.38
 1028.30  0.38
 1029.00  0.38
 1029.70  0.38
 1030.40  0.38
 1031.10  0.38
 1031.80  0.38
 1032.50  0.38
 1033.20  0.38
 1033.90  0.38
 1034.60  0.38
 1035.30  0.38
 1036.00  0.38
 1036.70  0.38
 1037.40  0.38
 1038.10  0.38
 1038.80  0.38
 1039.50  0.38
 1040.20  0.38
 1040.90  0.38
 1041.60  0.38
 1042.30  0.38
 1043.00  0.38
 1043.70  0.38
 1044.40  0.38
 1045.10  0.38
 1045.80  0.38
 1046.50  0.38
 1047.20  0.38
 1047.90  0.38
 1048.60  0.38
 1049.30  0.38
 1050.00  0.38
 1050.70  0.38
 1051.40  0.38
 1052.10  0.38
 1052.80  0.38
 1053.50  0.38
 1054.20  0.38
 1054.90  0.38
 1055.60  0.38
 1056.30  0.38
 1057.00  0.38
 1057.70  0.38
 1058.40  0.38
 1059.10  0.38
 1059.80  0.38
 1060.50  0.38
 1061.20  0.38
 1061.90  0.38
 1062.60  0.38
 1063.30  0.38
 1064.00  0.38
 1064.70  0.38
 1065.40  0.38
 1066.10  0.38
 1066.80  0.38
 1067.50  0.38
 1068.20  0.38
 1068.90  0.38
 1069.60  0.38
 1070.30  0.38
 1071.00  0.38
 1071.70  0.38
 1072.40  0.38
 1073.10  0.38
 1073.80  0.38
 1074.50  0.38
 1075.20  0.38
 1075.90  0.38
 1076.60  0.38
 1077.30  0.38
 1078.00  0.38
 1078.70  0.38
 1079.40  0.38
 1080.10  0.38
 1080.80  0.38
 1081.50  0.38
 1082.20  0.38
 1082.90  0.38
 1083.60  0.38
 1084.30  0.38
 1085.00  0.38
 1085.70  0.38
 1086.40  0.38
 1087.10  0.38
 1087.80  0.38
 1088.50  0.38
 1089.20  0.38
 1089.90  0.38
 1090.60  0.38
 1091.30  0.38
 1092.00  0.38
 1092.70  0.38
 1093.40  0.38
 1094.10  0.38
 1094.80  0.38
 1095.50  0.38
 1096.20  0.38
 1096.90  0.38
 1097.60  0.38
 1098.30  0.38
 1099.00  0.38
 1099.70  0.38
 1100.40  0.38
 1101.10  0.38
 1101.80  0.38
 1102.50  0.38
 1103.20  0.38
 1103.90  0.38
 1104.60  0.38
 1105.30  0.38
 1106.00  0.38
 1106.70  0.38
 1107.40  0.38
 1108.10  0.38
 1108.80  0.38
 1109.50  0.38
 1110.20  0.38
 1110.90  0.38
 1111.60  0.38
 1112.30  0.38
 1113.00  0.38
 1113.70  0.38
 1114.40  0.38
 1115.10  0.38
 1115.80  0.38
 1116.50  0.38
 1117.20  0.38
 1117.90  0.38
 1118.60  0.38
 1119.30  0.38
 1120.00  0.38
 1120.70  0.38
 1121.40  0.38
 1122.10  0.38
 1122.80  0.38
 1123.50  0.38
 1124.20  0.38
 1124.90  0.38
 1125.60  0.38
 1126.30  0.38
 1127.00  0.38
 1127.70  0.38
 1128.40  0.38
 1129.10  0.38
 1129.80  0.38
 1130.50  0.38
 1131.20  0.38
 1131.90  0.38
 1132.60  0.38
 1133.30  0.38
 1134.00  0.38
 1134.70  0.38
 1135.40  0.38
 1136.10  0.38
 1136.80  0.38
 1137.50  0.38
 1138.20  0.38
 1138.90  0.38
 1139.60  0.38
 1140.30  0.38
 1141.00  0.38
 1141.70  0.38
 1142.40  0.38
 1143.10  0.38
 1143.80  0.38
 1144.50  0.38
 1145.20  0.38
 1145.90  0.38
 1146.60  0.38
 1147.30  0.38
 1148.00  0.38
 1148.70  0.38
 1149.40  0.38
 1150.10  0.38
 1150.80  0.38
 1151.50  0.38
 1152.20  0.38
 1152.90  0.38
 1153.60  0.38
 1154.30  0.38
 1155.00  0.38
 1155.70  0.38
 1156.40  0.38
 1157.10  0.38
 1157.80  0.38
 1158.50  0.38
 1159.20  0.38
 1159.90  0.38
 1160.60  0.38
 1161.30  0.38
 1162.00  0.38
 1162.70  0.38
 1163.40  0.38
 1164.10  0.38
 1164.80  0.38
 1165.50  0.38
 1166.20  0.38
 1166.90  0.38
 1167.60  0.38
 1168.30  0.38
 1169.00  0.38
 1169.70  0.38
 1170.40  0.38
 1171.10  0.38
 1171.80  0.38
 1172.50  0.38
 1173.20  0.38
 1173.90  0.38
 1174.60  0.38
 1175.30  0.38
 1176.00  0.38
 1176.70  0.38
 1177.40  0.38
 1178.10  0.38
 1178.80  0.38
 1179.50  0.38
 1180.20  0.38
 1180.90  0.38
 1181.60  0.38
 1182.30  0.38
 1183.00  0.38
 1183.70  0.38
 1184.40  0.38
 1185.10  0.38
 1185.80  0.38
 1186.50  0.38
 1187.20  0.38
 1187.90  0.38
 1188.60  0.38
 1189.30  0.38
 1190.00  0.38
 1190.70  0.38
 1191.40  0.38
 1192.10  0.38
 1192.80  0.38
 1193.50  0.38
 1194.20  0.38
 1194.90  0.38
 1195.60  0.38
 1196.30  0.38
 1197.00  0.38
 1197.70  0.38
 1198.40  0.38
 1199.10  0.38
 1199.80  0.38
 1200.50  0.38
 1201.20  0.38
 1201.90  0.38
 1202.60  0.38
 1203.30  0.38
 1204.00  0.38
 1204.70  0.38
 1205.40  0.38
 1206.10  0.38
 1206.80  0.38
 1207.50  0.38
 1208.20  0.38
 1208.90  0.38
 1209.60  0.38
 1210.30  0.38
 1211.00  0.38
 1211.70  0.38
 1212.40  0.38
 1213.10  0.38
 1213.80  0.38
 1214.50  0.38
 1215.20  0.38
 1215.90  0.38
 1216.60  0.38
 1217.30  0.38
 1218.00  0.38
 1218.70  0.38
 1219.40  0.38
 1220.10  0.38
 1220.80  0.38
 1221.50  0.38
 1222.20  0.38
 1222.90  0.38
 1223.60  0.38
 1224.30  0.38
 1225.00  0.38
 1225.70  0.38
 1226.40  0.38
 1227.10  0.38
 1227.80  0.38
 1228.50  0.38
 1229.20  0.38
 1229.90  0.38
 1230.60  0.38
 1231.30  0.38
 1232.00  0.38
 1232.70  0.38
 1233.40  0.38
 1234.10  0.38
 1234.80  0.38
 1235.50  0.38
 1236.20  0.38
 1236.90  0.38
 1237.60  0.38
 1238.30  0.38
 1239.00  0.38
 1239.70  0.38
 1240.40  0.38
 1241.10  0.38
 1241.80  0.38
 1242.50  0.38
 1243.20  0.38
 1243.90  0.38
 1244.60  0.38
 1245.30  0.38
 1246.00  0.38
 1246.70  0.38
 1247.40  0.38
 1248.10  0.38
 1248.80  0.38
 1249.50  0.38
 1250.20  0.38
 1250.90  0.38
 1251.60  0.38
 1252.30  0.38
 1253.00  0.38
 1253.70  0.38
 1254.40  0.38
 1255.10  0.38
 1255.80  0.38
 1256.50  0.38
 1257.20  0.38
 1257.90  0.38
 1258.60  0.38
 1259.30  0.38
 1260.00  0.38
 1260.70  0.38
 1261.40  0.38
 1262.10  0.38
 1262.80  0.38
 1263.50  0.38
 1264.20  0.38
 1264.90  0.38
 1265.60  0.38
 1266.30  0.38
 1267.00  0.38
 1267.70  0.38
 1268.40  0.38
 1269.10  0.38
 1269.80  0.38
 1270.50  0.38
 1271.20  0.38
 1271.90  0.38
 1272.60  0.38
 1273.30  0.38
 1274.00  0.38
 1274.70  0.38
 1275.40  0.38
 1276.10  0.38
 1276.80  0.38
 1277.50  0.38
 1278.20  0.38
 1278.90  0.38
 1279.60  0.38
 1280.30  0.38
 1281.00  0.38
 1281.70  0.38
 1282.40  0.38
 1283.10  0.38
 1283.80  0.38
 1284.50  0.38
 1285.20  0.38
 1285.90  0.38
 1286.60  0.38
 1287.30  0.38
 1288.00  0.38
 1288.70  0.38
 1289.40  0.38
 1290.10  0.38
 1290.80  0.38
 1291.50  0.38
 1292.20  0.38
 1292.90  0.38
 1293.60  0.38
 1294.30  0.38
 1295.00  0.38
 1295.70  0.38
 1296.40  0.38
 1297.10  0.38
 1297.80  0.38
 1298.50  0.38
 1299.20  0.38
 1299.90  0.38
 1300.60  0.38
 1301.30  0.38
 1302.00  0.38
 1302.70  0.38
 1303.40  0.38
 1304.10  0.38
 1304.80  0.38
 1305.50  0.38
 1306.20  0.38
 1306.90  0.38
 1307.60  0.38
 1308.30  0.38
 1309.00  0.38
 1309.70  0.38
 1310.40  0.38
 1311.10  0.38
 1311.80  0.38
 1312.50  0.38
 1313.20  0.38
 1313.90  0.38
 1314.60  0.38
 1315.30  0.38
 1316.00  0.38
 1316.70  0.38
 1317.40  0.38
 1318.10  0.38
 1318.80  0.38
 1319.50  0.38
 1320.20  0.38
 1320.90  0.38
 1321.60  0.37
 1322.30  0.37
 1323.00  0.37
 1323.70  0.37
 1324.40  0.37
 1325.10  0.37
 1325.80  0.37
 1326.50  0.37
 1327.20  0.37
 1327.90  0.37
 1328.60  0.37
 1329.30  0.37
 1330.00  0.37
 1330.70  0.37
 1331.40  0.37
 1332.10  0.37
 1332.80  0.37
 1333.50  0.37
 1334.20  0.37
 1334.90  0.37
 1335.60  0.37
 1336.30  0.37
 1337.00  0.37
 1337.70  0.37
 1338.40  0.37
 1339.10  0.37
 1339.80  0.37
 1340.50  0.37
 1341.20  0.37
 1341.90  0.37
 1342.60  0.37
 1343.30  0.37
 1344.00  0.37
 1344.70  0.37
 1345.40  0.37
 1346.10  0.37
 1346.80  0.37
 1347.50  0.37
 1348.20  0.37
 1348.90  0.37
 1349.60  0.37
 1350.30  0.37
 1351.00  0.37
 1351.70  0.37
 1352.40  0.37
 1353.10  0.37
 1353.80  0.37
 1354.50  0.37
 1355.20  0.37
 1355.90  0.37
 1356.60  0.37
 1357.30  0.37
 1358.00  0.37
 1358.70  0.37
 1359.40  0.37
 1360.10  0.37
 1360.80  0.37
 1361.50  0.37
 1362.20  0.37
 1362.90  0.37
 1363.60  0.37
 1364.30  0.37
 1365.00  0.37
 1365.70  0.37
 1366.40  0.37
 1367.10  0.37
 1367.80  0.37
 1368.50  0.37
 1369.20  0.37
 1369.90  0.37
 1370.60  0.37
 1371.30  0.37
 1372.00  0.37
 1372.70  0.37
 1373.40  0.37
 1374.10  0.37
 1374.80  0.37
 1375.50  0.37
 1376.20  0.37
 1376.90  0.37
 1377.60  0.37
 1378.30  0.37
 1379.00  0.37
 1379.70  0.37
 1380.40  0.37
 1381.10  0.37
 1381.80  0.37
 1382.50  0.37
 1383.20  0.37
 1383.90  0.37
 1384.60  0.37
 1385.30  0.37
 1386.00  0.37
 1386.70  0.37
 1387.40  0.37
 1388.10  0.37
 1388.80  0.37
 1389.50  0.37
 1390.20  0.37
 1390.90  0.37
 1391.60  0.37
 1392.30  0.37
 1393.00  0.37
 1393.70  0.37
 1394.40  0.37
 1395.10  0.37
 1395.80  0.37
 1396.50  0.37
 1397.20  0.37
 1397.90  0.37
 1398.60  0.37
 1399.30  0.37
 1400.00  0.37
 1400.70  0.37
 1401.40  0.37
 1402.10  0.37
 1402.80  0.37
 1403.50  0.37
 1404.20  0.37
 1404.90  0.37
 1405.60  0.37
 1406.30  0.37
 1407.00  0.37
 1407.70  0.37
 1408.40  0.37
 1409.10  0.37
 1409.80  0.37
 1410.50  0.37
 1411.20  0.37
 1411.90  0.37
 1412.60  0.37
 1413.30  0.37
 1414.00  0.37
 1414.70  0.37
 1415.40  0.37
 1416.10  0.37
 1416.80  0.37
 1417.50  0.37
 1418.20  0.37
 1418.90  0.37
 1419.60  0.37
 1420.30  0.37
 1421.00  0.37
 1421.70  0.37
 1422.40  0.37
 1423.10  0.37
 1423.80  0.37
 1424.50  0.37
 1425.20  0.37
 1425.90  0.37
 1426.60  0.37
 1427.30  0.37
 1428.00  0.37
 1428.70  0.37
 1429.40  0.37
 1430.10  0.37
 1430.80  0.37
 1431.50  0.37
 1432.20  0.37
 1432.90  0.37
 1433.60  0.37
 1434.30  0.37
 1435.00  0.37
 1435.70  0.37
 1436.40  0.37
 1437.10  0.37
 1437.80  0.37
 1438.50  0.37
 1439.20  0.37
 1439.90  0.37
 1440.60  0.37
 1441.30  0.37
 1442.00  0.37
 1442.70  0.37
 1443.40  0.37
 1444.10  0.37
 1444.80  0.37
 1445.50  0.37
 1446.20  0.37
 1446.90  0.37
 1447.60  0.37
 1448.30  0.37
 1449.00  0.37
 1449.70  0.37
 1450.40  0.37
 1451.10  0.37
 1451.80  0.37
 1452.50  0.37
 1453.20  0.37
 1453.90  0.37
 1454.60  0.37
 1455.30  0.37
 1456.00  0.37
 1456.70  0.37
 1457.40  0.37
 1458.10  0.37
 1458.80  0.37
 1459.50  0.37
 1460.20  0.37
 1460.90  0.37
 1461.60  0.37
 1462.30  0.37
 1463.00  0.37
 1463.70  0.37
 1464.40  0.37
 1465.10  0.37
 1465.80  0.37
 1466.50  0.37
 1467.20  0.37
 1467.90  0.37
 1468.60  0.37
 1469.30  0.37
 1470.00  0.37
 1470.70  0.37
 1471.40  0.37
 1472.10  0.37
 1472.80  0.37
 1473.50  0.37
 1474.20  0.37
 1474.90  0.37
 1475.60  0.37
 1476.30  0.37
 1477.00  0.37
 1477.70  0.37
 1478.40  0.37
 1479.10  0.37
 1479.80  0.37
 1480.50  0.37
 1481.20  0.37
 1481.90  0.37
 1482.60  0.37
 1483.30  0.37
 1484.00  0.37
 1484.70  0.37
 1485.40  0.37
 1486.10  0.37
 1486.80  0.37
 1487.50  0.37
 1488.20  0.37
 1488.90  0.37
 1489.60  0.37
 1490.30  0.37
 1491.00  0.37
 1491.70  0.37
 1492.40  0.37
 1493.10  0.37
 1493.80  0.37
 1494.50  0.37
 1495.20  0.37
 1495.90  0.37
 1496.60  0.37
 1497.30  0.37
 1498.00  0.37
 1498.70  0.37
 1499.40  0.37
 1500.10  0.37
 1500.80  0.37
 1501.50  0.37
 1502.20  0.37
 1502.90  0.37
 1503.60  0.37
 1504.30  0.37
 1505.00  0.37
 1505.70  0.37
 1506.40  0.37
 1507.10  0.37
 1507.80  0.37
 1508.50  0.37
 1509.20  0.37
 1509.90  0.37
 1510.60  0.37
 1511.30  0.37
 1512.00  0.37
 1512.70  0.37
 1513.40  0.37
 1514.10  0.37
 1514.80  0.37
 1515.50  0.37
 1516.20  0.37
 1516.90  0.37
 1517.60  0.37
 1518.30  0.37
 1519.00  0.37
 1519.70  0.37
 1520.40  0.37
 1521.10  0.37
 1521.80  0.37
 1522.50  0.37
 1523.20  0.37
 1523.90  0.37
 1524.60  0.37
 1525.30  0.37
 1526.00  0.37
 1526.70  0.37
 1527.40  0.37
 1528.10  0.37
 1528.80  0.37
 1529.50  0.37
 1530.20  0.37
 1530.90  0.37
 1531.60  0.37
 1532.30  0.37
 1533.00  0.37
 1533.70  0.37
 1534.40  0.37
 1535.10  0.37
 1535.80  0.37
 1536.50  0.37
 1537.20  0.37
 1537.90  0.37
 1538.60  0.37
 1539.30  0.37
 1540.00  0.37
 1540.70  0.37
 1541.40  0.37
 1542.10  0.37
 1542.80  0.37
 1543.50  0.37
 1544.20  0.37
 1544.90  0.37
 1545.60  0.37
 1546.30  0.37
 1547.00  0.37
 1547.70  0.37
 1548.40  0.37
 1549.10  0.37
 1549.80  0.37
 1550.50  0.37
 1551.20  0.37
 1551.90  0.37
 1552.60  0.37
 1553.30  0.37
 1554.00  0.37
 1554.70  0.37
 1555.40  0.37
 1556.10  0.37
 1556.80  0.37
 1557.50  0.37
 1558.20  0.37
 1558.90  0.37
 1559.60  0.37
 1560.30  0.37
 1561.00  0.37
 1561.70  0.37
 1562.40  0.37
 1563.10  0.37
 1563.80  0.37
 1564.50  0.37
 1565.20  0.37
 1565.90  0.37
 1566.60  0.37
 1567.30  0.37
 1568.00  0.37
 1568.70  0.37
 1569.40  0.37
 1570.10  0.37
 1570.80  0.37
 1571.50  0.37
 1572.20  0.37
 1572.90  0.37
 1573.60  0.37
 1574.30  0.37
 1575.00  0.37
 1575.70  0.37
 1576.40  0.37
 1577.10  0.37
 1577.80  0.37
 1578.50  0.37
 1579.20  0.37
 1579.90  0.37
 1580.60  0.37
 1581.30  0.37
 1582.00  0.37
 1582.70  0.37
 1583.40  0.37
 1584.10  0.37
 1584.80  0.37
 1585.50  0.37
 1586.20  0.37
 1586.90  0.37
 1587.60  0.37
 1588.30  0.37
 1589.00  0.37
 1589.70  0.37
 1590.40  0.37
 1591.10  0.37
 1591.80  0.37
 1592.50  0.37
 1593.20  0.37
 1593.90  0.37
 1594.60  0.37
 1595.30  0.37
 1596.00  0.37
 1596.70  0.37
 1597.40  0.37
 1598.10  0.37
 1598.80  0.37
 1599.50  0.37
 1600.20  0.37
 1600.90  0.37
 1601.60  0.37
 1602.30  0.37
 1603.00  0.37
 1603.70  0.37
 1604.40  0.37
 1605.10  0.37
 1605.80  0.37
 1606.50  0.37
 1607.20  0.37
 1607.90  0.37
 1608.60  0.37
 1609.30  0.37
 1610.00  0.37
 1610.70  0.37
 1611.40  0.37
 1612.10  0.37
 1612.80  0.37
 1613.50  0.37
 1614.20  0.37
 1614.90  0.37
 1615.60  0.37
 1616.30  0.37
 1617.00  0.37
 1617.70  0.37
 1618.40  0.37
 1619.10  0.37
 1619.80  0.37
 1620.50  0.37
 1621.20  0.37
 1621.90  0.37
 1622.60  0.37
 1623.30  0.37
 1624.00  0.37
 1624.70  0.37
 1625.40  0.37
 1626.10  0.37
 1626.80  0.37
 1627.50  0.37
 1628.20  0.37
 1628.90  0.37
 1629.60  0.37
 1630.30  0.37
 1631.00  0.37
 1631.70  0.37
 1632.40  0.37
 1633.10  0.37
 1633.80  0.37
 1634.50  0.37
 1635.20  0.37
 1635.90  0.37
 1636.60  0.37
 1637.30  0.37
 1638.00  0.37
 1638.70  0.37
 1639.40  0.37
 1640.10  0.37
 1640.80  0.37
 1641.50  0.37
 1642.20  0.37
 1642.90  0.37
 1643.60  0.37
 1644.30  0.37
 1645.00  0.37
 1645.70  0.37
 1646.40  0.37
 1647.10  0.37
 1647.80  0.37
 1648.50  0.37
 1649.20  0.37
 1649.90  0.37
 1650.60  0.37
 1651.30  0.37
 1652.00  0.37
 1652.70  0.37
 1653.40  0.37
 1654.10  0.37
 1654.80  0.37
 1655.50  0.37
 1656.20  0.37
 1656.90  0.37
 1657.60  0.37
 1658.30  0.37
 1659.00  0.37
 1659.70  0.37
 1660.40  0.37
 1661.10  0.37
 1661.80  0.37
 1662.50  0.37
 1663.20  0.37
 1663.90  0.37
 1664.60  0.37
 1665.30  0.37
 1666.00  0.37
 1666.70  0.37
 1667.40  0.37
 1668.10  0.37
 1668.80  0.37
 1669.50  0.37
 1670.20  0.37
 1670.90  0.37
 1671.60  0.37
 1672.30  0.37
 1673.00  0.37
 1673.70  0.37
 1674.40  0.37
 1675.10  0.37
 1675.80  0.37
 1676.50  0.37
 1677.20  0.37
 1677.90  0.37
 1678.60  0.37
 1679.30  0.37
 1680.00  0.37
 1680.70  0.37
 1681.40  0.37
 1682.10  0.37
 1682.80  0.37
 1683.50  0.37
 1684.20  0.37
 1684.90  0.37
 1685.60  0.37
 1686.30  0.37
 1687.00  0.37
 1687.70  0.37
 1688.40  0.37
 1689.10  0.37
 1689.80  0.37
 1690.50  0.37
 1691.20  0.37
 1691.90  0.37
 1692.60  0.37
 1693.30  0.37
 1694.00  0.37
 1694.70  0.37
 1695.40  0.37
 1696.10  0.37
 1696.80  0.37
 1697.50  0.37
 1698.20  0.37
 1698.90  0.37
 1699.60  0.37
 1700.30  0.37
 1701.00  0.37
 1701.70  0.37
 1702.40  0.37
 1703.10  0.37
 1703.80  0.37
 1704.50  0.37
 1705.20  0.37
 1705.90  0.37
 1706.60  0.37
 1707.30  0.37
 1708.00  0.37
 1708.70  0.37
 1709.40  0.37
 1710.10  0.37
 1710.80  0.37
 1711.50  0.37
 1712.20  0.37
 1712.90  0.37
 1713.60  0.37
 1714.30  0.37
 1715.00  0.37
 1715.70  0.37
 1716.40  0.37
 1717.10  0.37
 1717.80  0.37
 1718.50  0.37
 1719.20  0.37
 1719.90  0.37
 1720.60  0.37
 1721.30  0.37
 1722.00  0.37
 1722.70  0.37
 1723.40  0.37
 1724.10  0.37
 1724.80  0.37
 1725.50  0.37
 1726.20  0.37
 1726.90  0.37
 1727.60  0.37
 1728.30  0.37
 1729.00  0.37
 1729.70  0.37
 1730.40  0.37
 1731.10  0.37
 1731.80  0.37
 1732.50  0.37
 1733.20  0.37
 1733.90  0.37
 1734.60  0.37
 1735.30  0.37
 1736.00  0.37
 1736.70  0.37
 1737.40  0.37
 1738.10  0.37
 1738.80  0.37
 1739.50  0.37
 1740.20  0.37
 1740.90  0.37
 1741.60  0.37
 1742.30  0.37
 1743.00  0.37
 1743.70  0.37
 1744.40  0.37
 1745.10  0.37
 1745.80  0.37
 1746.50  0.37
 1747.20  0.37
 1747.90  0.37
 1748.60  0.37
 1749.30  0.37
 1750.00  0.37
 1750.70  0.37
 1751.40  0.37
 1752.10  0.37
 1752.80  0.37
 1753.50  0.37
 1754.20  0.37
 1754.90  0.37
 1755.60  0.37
 1756.30  0.37
 1757.00  0.37
 1757.70  0.37
 1758.40  0.37
 1759.10  0.37
 1759.80  0.37
 1760.50  0.37
 1761.20  0.37
 1761.90  0.37
 1762.60  0.37
 1763.30  0.37
 1764.00  0.37
 1764.70  0.37
 1765.40  0.37
 1766.10  0.37
 1766.80  0.37
 1767.50  0.37
 1768.20  0.37
 1768.90  0.37
 1769.60  0.37
 1770.30  0.37
 1771.00  0.37
 1771.70  0.37
 1772.40  0.37
 1773.10  0.37
 1773.80  0.37
 1774.50  0.37
 1775.20  0.37
 1775.90  0.37
 1776.60  0.37
 1777.30  0.37
 1778.00  0.37
 1778.70  0.37
 1779.40  0.37
 1780.10  0.37
 1780.80  0.37
 1781.50  0.37
 1782.20  0.37
 1782.90  0.37
 1783.60  0.37
 1784.30  0.37
 1785.00  0.37
 1785.70  0.37
 1786.40  0.37
 1787.10  0.37
 1787.80  0.37
 1788.50  0.37
 1789.20  0.37
 1789.90  0.37
 1790.60  0.37
 1791.30  0.37
 1792.00  0.37
 1792.70  0.37
 1793.40  0.37
 1794.10  0.37
 1794.80  0.37
 1795.50  0.37
 1796.20  0.37
 1796.90  0.37
 1797.60  0.37
 1798.30  0.37
 1799.00  0.37
 1799.70  0.37
 1800.40  0.37
 1801.10  0.37
 1801.80  0.37
 1802.50  0.37
 1803.20  0.37
 1803.90  0.37
 1804.60  0.37
 1805.30  0.37
 1806.00  0.37
 1806.70  0.37
 1807.40  0.37
 1808.10  0.37
 1808.80  0.37
 1809.50  0.37
 1810.20  0.37
 1810.90  0.37
 1811.60  0.37
 1812.30  0.37
 1813.00  0.37
 1813.70  0.37
 1814.40  0.37
 1815.10  0.37
 1815.80  0.37
 1816.50  0.37
 1817.20  0.37
 1817.90  0.37
 1818.60  0.37
 1819.30  0.37
 1820.00  0.37
 1820.70  0.37
 1821.40  0.37
 1822.10  0.37
 1822.80  0.37
 1823.50  0.37
 1824.20  0.37
 1824.90  0.37
 1825.60  0.37
 1826.30  0.37
 1827.00  0.37
 1827.70  0.37
 1828.40  0.37
 1829.10  0.37
 1829.80  0.37
 1830.50  0.37
 1831.20  0.37
 1831.90  0.37
 1832.60  0.37
 1833.30  0.37
 1834.00  0.37
 1834.70  0.37
 1835.40  0.37
 1836.10  0.37
 1836.80  0.37
 1837.50  0.37
 1838.20  0.37
 1838.90  0.37
 1839.60  0.37
 1840.30  0.37
 1841.00  0.37
 1841.70  0.37
 1842.40  0.37
 1843.10  0.37
 1843.80  0.37
 1844.50  0.37
 1845.20  0.37
 1845.90  0.37
 1846.60  0.37
 1847.30  0.37
 1848.00  0.37
 1848.70  0.37
 1849.40  0.37
 1850.10  0.37
 1850.80  0.37
 1851.50  0.37
 1852.20  0.37
 1852.90  0.37
 1853.60  0.37
 1854.30  0.37
 1855.00  0.37
 1855.70  0.37
 1856.40  0.37
 1857.10  0.37
 1857.80  0.37
 1858.50  0.37
 1859.20  0.37
 1859.90  0.37
 1860.60  0.37
 1861.30  0.37
 1862.00  0.37
 1862.70  0.37
 1863.40  0.37
 1864.10  0.37
 1864.80  0.37
 1865.50  0.37
 1866.20  0.37
 1866.90  0.37
 1867.60  0.37
 1868.30  0.37
 1869.00  0.37
 1869.70  0.37
 1870.40  0.37
 1871.10  0.37
 1871.80  0.37
 1872.50  0.37
 1873.20  0.37
 1873.90  0.37
 1874.60  0.37
 1875.30  0.37
 1876.00  0.37
 1876.70  0.37
 1877.40  0.37
 1878.10  0.37
 1878.80  0.37
 1879.50  0.37
 1880.20  0.37
 1880.90  0.37
 1881.60  0.37
 1882.30  0.37
 1883.00  0.37
 1883.70  0.37
 1884.40  0.37
 1885.10  0.37
 1885.80  0.37
 1886.50  0.37
 1887.20  0.37
 1887.90  0.37
 1888.60  0.37
 1889.30  0.37
 1890.00  0.37
 1890.70  0.37
 1891.40  0.37
 1892.10  0.37
 1892.80  0.37
 1893.50  0.37
 1894.20  0.37
 1894.90  0.37
 1895.60  0.37
 1896.30  0.37
 1897.00  0.37
 1897.70  0.37
 1898.40  0.37
 1899.10  0.37
 1899.80  0.37
 1900.50  0.37
 1901.20  0.37
 1901.90  0.37
 1902.60  0.37
 1903.30  0.37
 1904.00  0.37
 1904.70  0.37
 1905.40  0.37
 1906.10  0.37
 1906.80  0.37
 1907.50  0.37
 1908.20  0.37
 1908.90  0.37
 1909.60  0.37
 1910.30  0.37
 1911.00  0.37
 1911.70  0.37
 1912.40  0.37
 1913.10  0.37
 1913.80  0.37
 1914.50  0.37
 1915.20  0.37
 1915.90  0.37
 1916.60  0.37
 1917.30  0.37
 1918.00  0.37
 1918.70  0.37
 1919.40  0.37
 1920.10  0.37
 1920.80  0.37
 1921.50  0.37
 1922.20  0.37
 1922.90  0.37
 1923.60  0.37
 1924.30  0.37
 1925.00  0.37
 1925.70  0.37
 1926.40  0.37
 1927.10  0.37
 1927.80  0.37
 1928.50  0.37
 1929.20  0.37
 1929.90  0.37
 1930.60  0.37
 1931.30  0.37
 1932.00  0.37
 1932.70  0.37
 1933.40  0.37
 1934.10  0.37
 1934.80  0.37
 1935.50  0.37
 1936.20  0.37
 1936.90  0.37
 1937.60  0.37
 1938.30  0.37
 1939.00  0.37
 1939.70  0.37
 1940.40  0.37
 1941.10  0.37
 1941.80  0.37
 1942.50  0.37
 1943.20  0.37
 1943.90  0.37
 1944.60  0.37
 1945.30  0.37
 1946.00  0.37
 1946.70  0.37
 1947.40  0.37
 1948.10  0.37
 1948.80  0.37
 1949.50  0.37
 1950.20  0.37
 1950.90  0.37
 1951.60  0.37
 1952.30  0.37
 1953.00  0.37
 1953.70  0.37
 1954.40  0.37
 1955.10  0.37
 1955.80  0.37
 1956.50  0.37
 1957.20  0.37
 1957.90  0.37
 1958.60  0.37
 1959.30  0.37
 1960.00  0.37
 1960.70  0.37
 1961.40  0.37
 1962.10  0.37
 1962.80  0.37
 1963.50  0.37
 1964.20  0.37
 1964.90  0.37
 1965.60  0.37
 1966.30  0.37
 1967.00  0.37
 1967.70  0.37
 1968.40  0.37
 1969.10  0.37
 1969.80  0.37
 1970.50  0.37
 1971.20  0.37
 1971.90  0.37
 1972.60  0.37
 1973.30  0.37
 1974.00  0.37
 1974.70  0.37
 1975.40  0.37
 1976.10  0.37
 1976.80  0.37
 1977.50  0.37
 1978.20  0.37
 1978.90  0.37
 1979.60  0.37
 1980.30  0.37
 1981.00  0.37
 1981.70  0.37
 1982.40  0.37
 1983.10  0.37
 1983.80  0.37
 1984.50  0.37
 1985.20  0.37
 1985.90  0.37
 1986.60  0.37
 1987.30  0.37
 1988.00  0.37
 1988.70  0.37
 1989.40  0.37
 1990.10  0.37
 1990.80  0.37
 1991.50  0.37
 1992.20  0.37
 1992.90  0.37
 1993.60  0.37
 1994.30  0.37
 1995.00  0.37
 1995.70  0.37
 1996.40  0.37
 1997.10  0.37
 1997.80  0.37
 1998.50  0.37
 1999.20  0.37
 1999.90  0.37
 2000.60  0.37
 2001.30  0.37
 2002.00  0.37
 2002.70  0.37
 2003.40  0.37
 2004.10  0.37
 2004.80  0.37
 2005.50  0.37
 2006.20  0.37
 2006.90  0.37
 2007.60  0.37
 2008.30  0.37
 2009.00  0.37
 2009.70  0.37
 2010.40  0.37
 2011.10  0.37
 2011.80  0.37
 2012.50  0.37
 2013.20  0.37
 2013.90  0.37
 2014.60  0.37
 2015.30  0.37
 2016.00  0.37
 2016.70  0.37
 2017.40  0.37
 2018.10  0.37
 2018.80  0.37
 2019.50  0.37
 2020.20  0.37
 2020.90  0.37
 2021.60  0.37
 2022.30  0.37
 2023.00  0.37
 2023.70  0.37
 2024.40  0.37
 2025.10  0.37
 2025.80  0.37
 2026.50  0.37
 2027.20  0.37
 2027.90  0.37
 2028.60  0.37
 2029.30  0.37
 2030.00  0.37
 2030.70  0.37
 2031.40  0.37
 2032.10  0.37
 2032.80  0.37
 2033.50  0.37
 2034.20  0.37
 2034.90  0.37
 2035.60  0.37
 2036.30  0.37
 2037.00  0.37
 2037.70  0.37
 2038.40  0.37
 2039.10  0.37
 2039.80  0.37
 2040.50  0.37
 2041.20  0.37
 2041.90  0.37
 2042.60  0.37
 2043.30  0.37
 2044.00  0.37
 2044.70  0.37
 2045.40  0.37
 2046.10  0.37
 2046.80  0.37
 2047.50  0.37
 2048.20  0.37
 2048.90  0.37
 2049.60  0.37
 2050.30  0.37
 2051.00  0.37
 2051.70  0.37
 2052.40  0.37
 2053.10  0.37
 2053.80  0.37
 2054.50  0.37
 2055.20  0.37
 2055.90  0.37
 2056.60  0.37
 2057.30  0.37
 2058.00  0.37
 2058.70  0.37
 2059.40  0.37
 2060.10  0.37
 2060.80  0.37
 2061.50  0.37
 2062.20  0.37
 2062.90  0.37
 2063.60  0.37
 2064.30  0.37
 2065.00  0.37
 2065.70  0.37
 2066.40  0.37
 2067.10  0.37
 2067.80  0.37
 2068.50  0.37
 2069.20  0.37
 2069.90  0.37
 2070.60  0.37
 2071.30  0.37
 2072.00  0.37
 2072.70  0.37
 2073.40  0.37
 2074.10  0.37
 2074.80  0.37
 2075.50  0.37
 2076.20  0.37
 2076.90  0.37
 2077.60  0.37
 2078.30  0.37
 2079.00  0.37
 2079.70  0.37
 2080.40  0.37
 2081.10  0.37
 2081.80  0.37
 2082.50  0.37
 2083.20  0.37
 2083.90  0.37
 2084.60  0.37
 2085.30  0.37
 2086.00  0.37
 2086.70  0.37
 2087.40  0.37
 2088.10  0.37
 2088.80  0.37
 2089.50  0.37
 2090.20  0.37
 2090.90  0.37
 2091.60  0.37
 2092.30  0.37
 2093.00  0.37
 2093.70  0.37
 2094.40  0.37
 2095.10  0.37
 2095.80  0.37
 2096.50  0.37
 2097.20  0.37
 2097.90  0.37
 2098.60  0.37
 2099.30  0.37
 2100.00  0.37
 2100.70  0.37
 2101.40  0.37
 2102.10  0.37
 2102.80  0.37
 2103.50  0.37
 2104.20  0.37
 2104.90  0.37
 2105.60  0.37
 2106.30  0.37
 2107.00  0.37
 2107.70  0.37
 2108.40  0.37
 2109.10  0.37
 2109.80  0.37
 2110.50  0.37
 2111.20  0.37
 2111.90  0.37
 2112.60  0.37
 2113.30  0.37
 2114.00  0.37
 2114.70  0.37
 2115.40  0.37
 2116.10  0.37
 2116.80  0.37
 2117.50  0.37
 2118.20  0.37
 2118.90  0.37
 2119.60  0.37
 2120.30  0.37
 2121.00  0.37
 2121.70  0.37
 2122.40  0.37
 2123.10  0.37
 2123.80  0.37
 2124.50  0.37
 2125.20  0.37
 2125.90  0.37
 2126.60  0.37
 2127.30  0.37
 2128.00  0.37
 2128.70  0.37
 2129.40  0.37
 2130.10  0.37
 2130.80  0.37
 2131.50  0.37
 2132.20  0.37
 2132.90  0.37
 2133.60  0.37
 2134.30  0.37
 2135.00  0.37
 2135.70  0.37
 2136.40  0.37
 2137.10  0.37
 2137.80  0.37
 2138.50  0.37
 2139.20  0.37
 2139.90  0.37
 2140.60  0.37
 2141.30  0.37
 2142.00  0.37
 2142.70  0.37
 2143.40  0.37
 2144.10  0.37
 2144.80  0.37
 2145.50  0.37
 2146.20  0.37
 2146.90  0.37
 2147.60  0.37
 2148.30  0.37
 2149.00  0.37
 2149.70  0.37
 2150.40  0.37
 2151.10  0.37
 2151.80  0.37
 2152.50  0.37
 2153.20  0.37
 2153.90  0.37
 2154.60  0.37
 2155.30  0.37
 2156.00  0.37
 2156.70  0.37
 2157.40  0.37
 2158.10  0.37
 2158.80  0.37
 2159.50  0.37
 2160.20  0.37
 2160.90  0.37
 2161.60  0.37
 2162.30  0.37
 2163.00  0.37
 2163.70  0.37
 2164.40  0.37
 2165.10  0.37
 2165.80  0.37
 2166.50  0.37
 2167.20  0.37
 2167.90  0.37
 2168.60  0.37
 2169.30  0.37
 2170.00  0.37
 2170.70  0.37
 2171.40  0.37
 2172.10  0.37
 2172.80  0.37
 2173.50  0.37
 2174.20  0.37
 2174.90  0.37
 2175.60  0.37
 2176.30  0.37
 2177.00  0.37
 2177.70  0.37
 2178.40  0.37
 2179.10  0.37
 2179.80  0.37
 2180.50  0.37
 2181.20  0.37
 2181.90  0.37
 2182.60  0.37
 2183.30  0.37
 2184.00  0.37
 2184.70  0.37
 2185.40  0.37
 2186.10  0.37
 2186.80  0.37
 2187.50  0.37
 2188.20  0.37
 2188.90  0.37
 2189.60  0.37
 2190.30  0.37
 2191.00  0.37
 2191.70  0.37
 2192.40  0.37
 2193.10  0.37
 2193.80  0.37
 2194.50  0.37
 2195.20  0.37
 2195.90  0.37
 2196.60  0.37
 2197.30  0.37
 2198.00  0.37
 2198.70  0.37
 2199.40  0.37
 2200.10  0.37
 2200.80  0.37
 2201.50  0.37
 2202.20  0.37
 2202.90  0.37
 2203.60  0.37
 2204.30  0.37
 2205.00  0.37
 2205.70  0.37
 2206.40  0.37
 2207.10  0.37
 2207.80  0.37
 2208.50  0.37
 2209.20  0.37
 2209.90  0.37
 2210.60  0.37
 2211.30  0.37
 2212.00  0.37
 2212.70  0.37
 2213.40  0.37
 2214.10  0.37
 2214.80  0.37
 2215.50  0.37
 2216.20  0.37
 2216.90  0.37
 2217.60  0.37
 2218.30  0.37
 2219.00  0.37
 2219.70  0.37
 2220.40  0.37
 2221.10  0.37
 2221.80  0.37
 2222.50  0.37
 2223.20  0.37
 2223.90  0.37
 2224.60  0.37
 2225.30  0.37
 2226.00  0.37
 2226.70  0.37
 2227.40  0.37
 2228.10  0.37
 2228.80  0.37
 2229.50  0.37
 2230.20  0.37
 2230.90  0.37
 2231.60  0.37
 2232.30  0.37
 2233.00  0.37
 2233.70  0.37
 2234.40  0.37
 2235.10  0.37
 2235.80  0.37
 2236.50  0.37
 2237.20  0.37
 2237.90  0.37
 2238.60  0.37
 2239.30  0.37
 2240.00  0.37
 2240.70  0.37
 2241.40  0.37
 2242.10  0.37
 2242.80  0.37
 2243.50  0.37
 2244.20  0.37
 2244.90  0.37
 2245.60  0.37
 2246.30  0.37
 2247.00  0.37
 2247.70  0.37
 2248.40  0.37
 2249.10  0.37
 2249.80  0.37
 2250.50  0.37
 2251.20  0.37
 2251.90  0.37
 2252.60  0.37
 2253.30  0.37
 2254.00  0.37
 2254.70  0.37
 2255.40  0.37
 2256.10  0.37
 2256.80  0.37
 2257.50  0.37
 2258.20  0.37
 2258.90  0.37
 2259.60  0.37
 2260.30  0.37
 2261.00  0.37
 2261.70  0.37
 2262.40  0.37
 2263.10  0.37
 2263.80  0.37
 2264.50  0.37
 2265.20  0.37
 2265.90  0.37
 2266.60  0.37
 2267.30  0.37
 2268.00  0.37
 2268.70  0.37
 2269.40  0.37
 2270.10  0.37
 2270.80  0.37
 2271.50  0.37
 2272.20  0.37
 2272.90  0.37
 2273.60  0.37
 2274.30  0.37
 2275.00  0.37
 2275.70  0.37
 2276.40  0.37
 2277.10  0.37
 2277.80  0.37
 2278.50  0.37
 2279.20  0.37
 2279.90  0.37
 2280.60  0.37
 2281.30  0.37
 2282.00  0.37
 2282.70  0.37
 2283.40  0.37
 2284.10  0.37
 2284.80  0.37
 2285.50  0.37
 2286.20  0.37
 2286.90  0.37
 2287.60  0.37
 2288.30  0.37
 2289.00  0.37
 2289.70  0.37
 2290.40  0.37
 2291.10  0.37
 2291.80  0.37
 2292.50  0.37
 2293.20  0.37
 2293.90  0.37
 2294.60  0.37
 2295.30  0.37
 2296.00  0.37
 2296.70  0.37
 2297.40  0.37
 2298.10  0.37
 2298.80  0.37
 2299.50  0.37
 2300.20  0.37
 2300.90  0.37
 2301.60  0.37
 2302.30  0.37
 2303.00  0.37
 2303.70  0.37
 2304.40  0.37
 2305.10  0.37
 2305.80  0.37
 2306.50  0.37
 2307.20  0.37
 2307.90  0.37
 2308.60  0.37
 2309.30  0.37
 2310.00  0.37
 2310.70  0.37
 2311.40  0.37
 2312.10  0.37
 2312.80  0.37
 2313.50  0.37
 2314.20  0.37
 2314.90  0.37
 2315.60  0.37
 2316.30  0.37
 2317.00  0.37
 2317.70  0.37
 2318.40  0.37
 2319.10  0.37
 2319.80  0.37
 2320.50  0.37
 2321.20  0.37
 2321.90  0.37
 2322.60  0.37
 2323.30  0.37
 2324.00  0.37
 2324.70  0.37
 2325.40  0.37
 2326.10  0.37
 2326.80  0.37
 2327.50  0.37
 2328.20  0.37
 2328.90  0.37
 2329.60  0.37
 2330.30  0.37
 2331.00  0.37
 2331.70  0.37
 2332.40  0.37
 2333.10  0.37
 2333.80  0.37
 2334.50  0.37
 2335.20  0.37
 2335.90  0.37
 2336.60  0.37
 2337.30  0.37
 2338.00  0.37
 2338.70  0.37
 2339.40  0.37
 2340.10  0.37
 2340.80  0.37
 2341.50  0.37
 2342.20  0.37
 2342.90  0.37
 2343.60  0.37
 2344.30  0.37
 2345.00  0.37
 2345.70  0.37
 2346.40  0.37
 2347.10  0.37
 2347.80  0.37
 2348.50  0.37
 2349.20  0.37
 2349.90  0.37
 2350.60  0.37
 2351.30  0.37
 2352.00  0.37
 2352.70  0.37
 2353.40  0.37
 2354.10  0.37
 2354.80  0.37
 2355.50  0.37
 2356.20  0.37
 2356.90  0.37
 2357.60  0.37
 2358.30  0.37
 2359.00  0.37
 2359.70  0.37
 2360.40  0.37
 2361.10  0.37
 2361.80  0.37
 2362.50  0.37
 2363.20  0.37
 2363.90  0.37
 2364.60  0.37
 2365.30  0.37
 2366.00  0.37
 2366.70  0.37
 2367.40  0.37
 2368.10  0.37
 2368.80  0.37
 2369.50  0.37
 2370.20  0.37
 2370.90  0.37
 2371.60  0.37
 2372.30  0.37
 2373.00  0.37
 2373.70  0.37
 2374.40  0.37
 2375.10  0.37
 2375.80  0.37
 2376.50  0.37
 2377.20  0.37
 2377.90  0.37
 2378.60  0.37
 2379.30  0.37
 2380.00  0.37
 2380.70  0.37
 2381.40  0.37
 2382.10  0.37
 2382.80  0.37
 2383.50  0.37
 2384.20  0.37
 2384.90  0.37
 2385.60  0.37
 2386.30  0.37
 2387.00  0.37
 2387.70  0.37
 2388.40  0.37
 2389.10  0.37
 2389.80  0.37
 2390.50  0.37
 2391.20  0.37
 2391.90  0.37
 2392.60  0.37
 2393.30  0.37
 2394.00  0.37
 2394.70  0.37
 2395.40  0.37
 2396.10  0.37
 2396.80  0.37
 2397.50  0.37
 2398.20  0.37
 2398.90  0.37
 2399.60  0.37
 2400.30  0.37
 2401.00  0.37
 2401.70  0.37
 2402.40  0.37
 2403.10  0.37
 2403.80  0.37
 2404.50  0.37
 2405.20  0.37
 2405.90  0.37
 2406.60  0.37
 2407.30  0.37
 2408.00  0.37
 2408.70  0.37
 2409.40  0.37
 2410.10  0.37
 2410.80  0.37
 2411.50  0.37
 2412.20  0.37
 2412.90  0.37
 2413.60  0.37
 2414.30  0.37
 2415.00  0.37
 2415.70  0.37
 2416.40  0.37
 2417.10  0.37
 2417.80  0.37
 2418.50  0.37
 2419.20  0.37
 2419.90  0.37
 2420.60  0.37
 2421.30  0.37
 2422.00  0.37
 2422.70  0.37
 2423.40  0.37
 2424.10  0.37
 2424.80  0.37
 2425.50  0.37
 2426.20  0.37
 2426.90  0.37
 2427.60  0.37
 2428.30  0.37
 2429.00  0.37
 2429.70  0.37
 2430.40  0.37
 2431.10  0.37
 2431.80  0.37
 2432.50  0.37
 2433.20  0.37
 2433.90  0.37
 2434.60  0.37
 2435.30  0.37
 2436.00  0.37
 2436.70  0.37
 2437.40  0.37
 2438.10  0.37
 2438.80  0.37
 2439.50  0.37
 2440.20  0.37
 2440.90  0.37
 2441.60  0.37
 2442.30  0.37
 2443.00  0.37
 2443.70  0.37
 2444.40  0.37
 2445.10  0.37
 2445.80  0.37
 2446.50  0.37
 2447.20  0.37
 2447.90  0.37
 2448.60  0.37
 2449.30  0.37
 2450.00  0.37
 2450.70  0.37
 2451.40  0.37
 2452.10  0.37
 2452.80  0.37
 2453.50  0.37
 2454.20  0.37
 2454.90  0.37
 2455.60  0.37
 2456.30  0.37
 2457.00  0.37
 2457.70  0.37
 2458.40  0.37
 2459.10  0.37
 2459.80  0.37
 2460.50  0.37
 2461.20  0.37
 2461.90  0.37
 2462.60  0.37
 2463.30  0.37
 2464.00  0.37
 2464.70  0.37
 2465.40  0.37
 2466.10  0.37
 2466.80  0.37
 2467.50  0.37
 2468.20  0.37
 2468.90  0.37
 2469.60  0.37
 2470.30  0.37
 2471.00  0.37
 2471.70  0.37
 2472.40  0.37
 2473.10  0.37
 2473.80  0.37
 2474.50  0.37
 2475.20  0.37
 2475.90  0.37
 2476.60  0.37
 2477.30  0.37
 2478.00  0.37
 2478.70  0.37
 2479.40  0.37
 2480.10  0.37
 2480.80  0.37
 2481.50  0.37
 2482.20  0.37
 2482.90  0.37
 2483.60  0.37
 2484.30  0.37
 2485.00  0.37
 2485.70  0.37
 2486.40  0.37
 2487.10  0.37
 2487.80  0.37
 2488.50  0.37
 2489.20  0.37
 2489.90  0.37
 2490.60  0.37
 2491.30  0.37
 2492.00  0.37
 2492.70  0.37
 2493.40  0.37
 2494.10  0.37
 2494.80  0.37
 2495.50  0.37
 2496.20  0.37
 2496.90  0.37
 2497.60  0.37
 2498.30  0.37
 2499.00  0.37
 2499.70  0.37
 2500.40  0.37
 2501.10  0.37
 2501.80  0.37
 2502.50  0.37
 2503.20  0.37
 2503.90  0.37
 2504.60  0.37
 2505.30  0.37
 2506.00  0.37
 2506.70  0.37
 2507.40  0.37
 2508.10  0.37
 2508.80  0.37
 2509.50  0.37
 2510.20  0.37
 2510.90  0.37
 2511.60  0.37
 2512.30  0.37
 2513.00  0.37
 2513.70  0.37
 2514.40  0.37
 2515.10  0.37
 2515.80  0.37
 2516.50  0.37
 2517.20  0.37
 2517.90  0.37
 2518.60  0.37
 2519.30  0.37
 2520.00  0.37
 2520.70  0.37
 2521.40  0.37
 2522.10  0.37
 2522.80  0.37
 2523.50  0.37
 2524.20  0.37
 2524.90  0.37
 2525.60  0.37
 2526.30  0.37
 2527.00  0.37
 2527.70  0.37
 2528.40  0.37
 2529.10  0.37
 2529.80  0.37
 2530.50  0.37
 2531.20  0.37
 2531.90  0.37
 2532.60  0.37
 2533.30  0.37
 2534.00  0.37
 2534.70  0.37
 2535.40  0.37
 2536.10  0.37
 2536.80  0.37
 2537.50  0.37
 2538.20  0.37
 2538.90  0.37
 2539.60  0.37
 2540.30  0.37
 2541.00  0.37
 2541.70  0.37
 2542.40  0.37
 2543.10  0.37
 2543.80  0.37
 2544.50  0.37
 2545.20  0.37
 2545.90  0.37
 2546.60  0.37
 2547.30  0.37
 2548.00  0.37
 2548.70  0.37
 2549.40  0.37
 2550.10  0.37
 2550.80  0.37
 2551.50  0.37
 2552.20  0.37
 2552.90  0.37
 2553.60  0.37
 2554.30  0.37
 2555.00  0.37
 2555.70  0.37
 2556.40  0.37
 2557.10  0.37
 2557.80  0.37
 2558.50  0.37
 2559.20  0.37
 2559.90  0.37
 2560.60  0.37
 2561.30  0.37
 2562.00  0.37
 2562.70  0.37
 2563.40  0.37
 2564.10  0.37
 2564.80  0.37
 2565.50  0.37
 2566.20  0.37
 2566.90  0.37
 2567.60  0.37
 2568.30  0.37
 2569.00  0.37
 2569.70  0.37
 2570.40  0.37
 2571.10  0.37
 2571.80  0.37
 2572.50  0.37
 2573.20  0.37
 2573.90  0.37
 2574.60  0.37
 2575.30  0.37
 2576.00  0.37
 2576.70  0.37
 2577.40  0.37
 2578.10  0.37
 2578.80  0.37
 2579.50  0.37
 2580.20  0.37
 2580.90  0.37
 2581.60  0.37
 2582.30  0.37
 2583.00  0.37
 2583.70  0.37
 2584.40  0.37
 2585.10  0.37
 2585.80  0.37
 2586.50  0.37
 2587.20  0.37
 2587.90  0.37
 2588.60  0.37
 2589.30  0.37
 2590.00  0.37
 2590.70  0.37
 2591.40  0.37
 2592.10  0.37
 2592.80  0.37
 2593.50  0.37
 2594.20  0.37
 2594.90  0.37
 2595.60  0.37
 2596.30  0.37
 2597.00  0.37
 2597.70  0.37
 2598.40  0.37
 2599.10  0.37
 2599.80  0.37
 2600.50  0.37
 2601.20  0.37
 2601.90  0.37
 2602.60  0.37
 2603.30  0.37
 2604.00  0.37
 2604.70  0.37
 2605.40  0.37
 2606.10  0.37
 2606.80  0.37
 2607.50  0.37
 2608.20  0.37
 2608.90  0.37
 2609.60  0.37
 2610.30  0.37
 2611.00  0.37
 2611.70  0.37
 2612.40  0.37
 2613.10  0.37
 2613.80  0.37
 2614.50  0.37
 2615.20  0.37
 2615.90  0.37
 2616.60  0.37
 2617.30  0.37
 2618.00  0.37
 2618.70  0.37
 2619.40  0.37
 2620.10  0.37
 2620.80  0.37
 2621.50  0.37
 2622.20  0.37
 2622.90  0.37
 2623.60  0.37
 2624.30  0.37
 2625.00  0.37
 2625.70  0.37
 2626.40  0.37
 2627.10  0.37
 2627.80  0.37
 2628.50  0.37
 2629.20  0.37
 2629.90  0.37
 2630.60  0.37
 2631.30  0.37
 2632.00  0.37
 2632.70  0.37
 2633.40  0.37
 2634.10  0.37
 2634.80  0.37
 2635.50  0.37
 2636.20  0.37
 2636.90  0.37
 2637.60  0.37
 2638.30  0.37
 2639.00  0.37
 2639.70  0.37
 2640.40  0.37
 2641.10  0.37
 2641.80  0.37
 2642.50  0.37
 2643.20  0.37
 2643.90  0.37
 2644.60  0.37
 2645.30  0.37
 2646.00  0.37
 2646.70  0.37
 2647.40  0.37
 2648.10  0.37
 2648.80  0.37
 2649.50  0.37
 2650.20  0.37
 2650.90  0.37
 2651.60  0.37
 2652.30  0.37
 2653.00  0.37
 2653.70  0.37
 2654.40  0.37
 2655.10  0.37
 2655.80  0.37
 2656.50  0.37
 2657.20  0.37
 2657.90  0.37
 2658.60  0.37
 2659.30  0.37
 2660.00  0.37
 2660.70  0.37
 2661.40  0.37
 2662.10  0.37
 2662.80  0.37
 2663.50  0.37
 2664.20  0.37
 2664.90  0.37
 2665.60  0.37
 2666.30  0.37
 2667.00  0.37
 2667.70  0.37
 2668.40  0.37
 2669.10  0.37
 2669.80  0.37
 2670.50  0.37
 2671.20  0.37
 2671.90  0.37
 2672.60  0.37
 2673.30  0.37
 2674.00  0.37
 2674.70  0.37
 2675.40  0.37
 2676.10  0.37
 2676.80  0.37
 2677.50  0.37
 2678.20  0.37
 2678.90  0.37
 2679.60  0.37
 2680.30  0.37
 2681.00  0.37
 2681.70  0.37
 2682.40  0.37
 2683.10  0.37
 2683.80  0.37
 2684.50  0.37
 2685.20  0.37
 2685.90  0.37
 2686.60  0.37
 2687.30  0.37
 2688.00  0.37
 2688.70  0.37
 2689.40  0.37
 2690.10  0.37
 2690.80  0.37
 2691.50  0.37
 2692.20  0.37
 2692.90  0.37
 2693.60  0.37
 2694.30  0.37
 2695.00  0.37
 2695.70  0.37
 2696.40  0.37
 2697.10  0.37
 2697.80  0.37
 2698.50  0.37
 2699.20  0.37
 2699.90  0.37
 2700.60  0.37
 2701.30  0.37
 2702.00  0.37
 2702.70  0.37
 2703.40  0.37
 2704.10  0.37
 2704.80  0.37
 2705.50  0.37
 2706.20  0.37
 2706.90  0.37
 2707.60  0.37
 2708.30  0.37
 2709.00  0.37
 2709.70  0.37
 2710.40  0.37
 2711.10  0.37
 2711.80  0.37
 2712.50  0.37
 2713.20  0.37
 2713.90  0.37
 2714.60  0.37
 2715.30  0.37
 2716.00  0.37
 2716.70  0.37
 2717.40  0.37
 2718.10  0.37
 2718.80  0.37
 2719.50  0.37
 2720.20  0.37
 2720.90  0.37
 2721.60  0.37
 2722.30  0.37
 2723.00  0.37
 2723.70  0.37
 2724.40  0.37
 2725.10  0.37
 2725.80  0.37
 2726.50  0.37
 2727.20  0.37
 2727.90  0.37
 2728.60  0.37
 2729.30  0.37
 2730.00  0.37
 2730.70  0.37
 2731.40  0.37
 2732.10  0.37
 2732.80  0.37
 2733.50  0.37
 2734.20  0.37
 2734.90  0.37
 2735.60  0.37
 2736.30  0.37
 2737.00  0.37
 2737.70  0.37
 2738.40  0.37
 2739.10  0.37
 2739.80  0.37
 2740.50  0.37
 2741.20  0.37
 2741.90  0.37
 2742.60  0.37
 2743.30  0.37
 2744.00  0.37
 2744.70  0.37
 2745.40  0.37
 2746.10  0.37
 2746.80  0.37
 2747.50  0.37
 2748.20  0.37
 2748.90  0.37
 2749.60  0.37
 2750.30  0.37
 2751.00  0.37
 2751.70  0.37
 2752.40  0.37
 2753.10  0.37
 2753.80  0.37
 2754.50  0.37
 2755.20  0.37
 2755.90  0.37
 2756.60  0.37
 2757.30  0.37
 2758.00  0.37
 2758.70  0.37
 2759.40  0.37
 2760.10  0.37
 2760.80  0.37
 2761.50  0.37
 2762.20  0.37
 2762.90  0.37
 2763.60  0.37
 2764.30  0.37
 2765.00  0.37
 2765.70  0.37
 2766.40  0.37
 2767.10  0.37
 2767.80  0.37
 2768.50  0.37
 2769.20  0.37
 2769.90  0.37
 2770.60  0.37
 2771.30  0.37
 2772.00  0.37
 2772.70  0.37
 2773.40  0.37
 2774.10  0.37
 2774.80  0.37
 2775.50  0.37
 2776.20  0.37
 2776.90  0.37
 2777.60  0.37
 2778.30  0.37
 2779.00  0.37
 2779.70  0.37
 2780.40  0.37
 2781.10  0.37
 2781.80  0.37
 2782.50  0.37
 2783.20  0.37
 2783.90  0.37
 2784.60  0.37
 2785.30  0.37
 2786.00  0.37
 2786.70  0.37
 2787.40  0.37
 2788.10  0.37
 2788.80  0.37
 2789.50  0.37
 2790.20  0.37
 2790.90  0.37
 2791.60  0.37
 2792.30  0.37
 2793.00  0.37
 2793.70  0.37
 2794.40  0.37
 2795.10  0.37
 2795.80  0.37
 2796.50  0.37
 2797.20  0.37
 2797.90  0.37
 2798.60  0.37
 2799.30  0.37
 2800.00  0.37
 2800.70  0.37
 2801.40  0.37
 2802.10  0.37
 2802.80  0.37
 2803.50  0.37
 2804.20  0.37
 2804.90  0.37
 2805.60  0.37
 2806.30  0.37
 2807.00  0.37
 2807.70  0.37
 2808.40  0.37
 2809.10  0.37
 2809.80  0.37
 2810.50  0.37
 2811.20  0.37
 2811.90  0.37
 2812.60  0.37
 2813.30  0.37
 2814.00  0.37
 2814.70  0.37
 2815.40  0.37
 2816.10  0.37
 2816.80  0.37
 2817.50  0.37
 2818.20  0.37
 2818.90  0.37
 2819.60  0.37
 2820.30  0.37
 2821.00  0.37
 2821.70  0.37
 2822.40  0.37
 2823.10  0.37
 2823.80  0.37
 2824.50  0.37
 2825.20  0.37
 2825.90  0.37
 2826.60  0.37
 2827.30  0.37
 2828.00  0.37
 2828.70  0.37
 2829.40  0.37
 2830.10  0.37
 2830.80  0.37
 2831.50  0.37
 2832.20  0.37
 2832.90  0.37
 2833.60  0.37
 2834.30  0.37
 2835.00  0.37
 2835.70  0.37
 2836.40  0.37
 2837.10  0.37
 2837.80  0.37
 2838.50  0.37
 2839.20  0.37
 2839.90  0.37
 2840.60  0.37
 2841.30  0.37
 2842.00  0.37
 2842.70  0.37
 2843.40  0.37
 2844.10  0.37
 2844.80  0.37
 2845.50  0.37
 2846.20  0.37
 2846.90  0.37
 2847.60  0.37
 2848.30  0.37
 2849.00  0.37
 2849.70  0.37
 2850.40  0.37
 2851.10  0.37
 2851.80  0.37
 2852.50  0.37
 2853.20  0.37
 2853.90  0.37
 2854.60  0.37
 2855.30  0.37
 2856.00  0.37
 2856.70  0.37
 2857.40  0.37
 2858.10  0.37
 2858.80  0.37
 2859.50  0.37
 2860.20  0.37
 2860.90  0.37
 2861.60  0.37
 2862.30  0.37
 2863.00  0.37
 2863.70  0.37
 2864.40  0.37
 2865.10  0.37
 2865.80  0.37
 2866.50  0.37
 2867.20  0.37
 2867.90  0.37
 2868.60  0.37
 2869.30  0.37
 2870.00  0.37
 2870.70  0.37
 2871.40  0.37
 2872.10  0.37
 2872.80  0.37
 2873.50  0.37
 2874.20  0.37
 2874.90  0.37
 2875.60  0.37
 2876.30  0.37
 2877.00  0.37
 2877.70  0.37
 2878.40  0.37
 2879.10  0.37
 2879.80  0.37
 2880.50  0.37
 2881.20  0.37
 2881.90  0.37
 2882.60  0.37
 2883.30  0.37
 2884.00  0.37
 2884.70  0.37
 2885.40  0.37
 2886.10  0.37
 2886.80  0.37
 2887.50  0.37
 2888.20  0.37
 2888.90  0.37
 2889.60  0.37
 2890.30  0.37
 2891.00  0.37
 2891.70  0.37
 2892.40  0.37
 2893.10  0.37
 2893.80  0.37
 2894.50  0.37
 2895.20  0.37
 2895.90  0.37
 2896.60  0.37
 2897.30  0.37
 2898.00  0.37
 2898.70  0.37
 2899.40  0.37
 2900.10  0.37
 2900.80  0.37
 2901.50  0.37
 2902.20  0.37
 2902.90  0.37
 2903.60  0.37
 2904.30  0.37
 2905.00  0.37
 2905.70  0.37
 2906.40  0.37
 2907.10  0.37
 2907.80  0.37
 2908.50  0.37
 2909.20  0.37
 2909.90  0.37
 2910.60  0.37
 2911.30  0.37
 2912.00  0.37
 2912.70  0.37
 2913.40  0.37
 2914.10  0.37
 2914.80  0.37
 2915.50  0.37
 2916.20  0.37
 2916.90  0.37
 2917.60  0.37
 2918.30  0.37
 2919.00  0.37
 2919.70  0.37
 2920.40  0.37
 2921.10  0.37
 2921.80  0.37
 2922.50  0.37
 2923.20  0.37
 2923.90  0.37
 2924.60  0.37
 2925.30  0.37
 2926.00  0.37
 2926.70  0.37
 2927.40  0.37
 2928.10  0.37
 2928.80  0.37
 2929.50  0.37
 2930.20  0.37
 2930.90  0.37
 2931.60  0.37
 2932.30  0.37
 2933.00  0.37
 2933.70  0.37
 2934.40  0.37
 2935.10  0.37
 2935.80  0.37
 2936.50  0.37
 2937.20  0.37
 2937.90  0.37
 2938.60  0.37
 2939.30  0.37
 2940.00  0.37
 2940.70  0.37
 2941.40  0.37
 2942.10  0.37
 2942.80  0.37
 2943.50  0.37
 2944.20  0.37
 2944.90  0.37
 2945.60  0.37
 2946.30  0.37
 2947.00  0.37
 2947.70  0.37
 2948.40  0.37
 2949.10  0.37
 2949.80  0.37
 2950.50  0.37
 2951.20  0.37
 2951.90  0.37
 2952.60  0.37
 2953.30  0.37
 2954.00  0.37
 2954.70  0.37
 2955.40  0.37
 2956.10  0.37
 2956.80  0.37
 2957.50  0.37
 2958.20  0.37
 2958.90  0.37
 2959.60  0.37
 2960.30  0.37
 2961.00  0.37
 2961.70  0.37
 2962.40  0.37
 2963.10  0.37
 2963.80  0.37
 2964.50  0.37
 2965.20  0.37
 2965.90  0.37
 2966.60  0.37
 2967.30  0.37
 2968.00  0.37
 2968.70  0.37
 2969.40  0.37
 2970.10  0.37
 2970.80  0.37
 2971.50  0.37
 2972.20  0.37
 2972.90  0.37
 2973.60  0.37
 2974.30  0.37
 2975.00  0.37
 2975.70  0.37
 2976.40  0.37
 2977.10  0.37
 2977.80  0.37
 2978.50  0.37
 2979.20  0.37
 2979.90  0.37
 2980.60  0.37
 2981.30  0.37
 2982.00  0.37
 2982.70  0.37
 2983.40  0.37
 2984.10  0.37
 2984.80  0.37
 2985.50  0.37
 2986.20  0.37
 2986.90  0.37
 2987.60  0.37
 2988.30  0.37
 2989.00  0.37
 2989.70  0.37
 2990.40  0.37
 2991.10  0.37
 2991.80  0.37
 2992.50  0.37
 2993.20  0.37
 2993.90  0.37
 2994.60  0.37
 2995.30  0.37
 2996.00  0.37
 2996.70  0.37
 2997.40  0.37
 2998.10  0.37
 2998.80  0.37
 2999.50  0.37
