#Navio B MarAd
#Manobra de Curva Giro
#
#Eta 
#
#temp      rot 
 0.00  1.00
 0.70  1.00
 1.40  1.00
 2.10  1.00
 2.80  1.00
 3.50  1.00
 4.20  1.00
 4.90  1.00
 5.60  1.00
 6.30  1.00
 7.00  1.00
 7.70  1.00
 8.40  1.00
 9.10  1.00
 9.80  1.01
 10.50  1.01
 11.20  1.01
 11.90  1.01
 12.60  1.01
 13.30  1.01
 14.00  1.01
 14.70  1.01
 15.40  1.01
 16.10  1.01
 16.80  1.01
 17.50  1.01
 18.20  1.01
 18.90  1.01
 19.60  1.01
 20.30  1.01
 21.00  1.01
 21.70  1.01
 22.40  1.01
 23.10  1.01
 23.80  1.01
 24.50  1.02
 25.20  1.02
 25.90  1.02
 26.60  1.02
 27.30  1.02
 28.00  1.02
 28.70  1.02
 29.40  1.02
 30.10  1.02
 30.80  1.02
 31.50  1.02
 32.20  1.02
 32.90  1.02
 33.60  1.02
 34.30  1.02
 35.00  1.02
 35.70  1.02
 36.40  1.02
 37.10  1.03
 37.80  1.03
 38.50  1.03
 39.20  1.03
 39.90  1.03
 40.60  1.03
 41.30  1.03
 42.00  1.03
 42.70  1.03
 43.40  1.03
 44.10  1.03
 44.80  1.03
 45.50  1.03
 46.20  1.03
 46.90  1.03
 47.60  1.04
 48.30  1.04
 49.00  1.04
 49.70  1.04
 50.40  1.04
 51.10  1.04
 51.80  1.04
 52.50  1.04
 53.20  1.04
 53.90  1.04
 54.60  1.04
 55.30  1.04
 56.00  1.04
 56.70  1.05
 57.40  1.05
 58.10  1.05
 58.80  1.05
 59.50  1.05
 60.20  1.05
 60.90  1.05
 61.60  1.05
 62.30  1.05
 63.00  1.05
 63.70  1.05
 64.40  1.05
 65.10  1.06
 65.80  1.06
 66.50  1.06
 67.20  1.06
 67.90  1.06
 68.60  1.06
 69.30  1.06
 70.00  1.06
 70.70  1.06
 71.40  1.06
 72.10  1.07
 72.80  1.07
 73.50  1.07
 74.20  1.07
 74.90  1.07
 75.60  1.07
 76.30  1.07
 77.00  1.07
 77.70  1.07
 78.40  1.08
 79.10  1.08
 79.80  1.08
 80.50  1.08
 81.20  1.08
 81.90  1.08
 82.60  1.08
 83.30  1.08
 84.00  1.09
 84.70  1.09
 85.40  1.09
 86.10  1.09
 86.80  1.09
 87.50  1.09
 88.20  1.09
 88.90  1.10
 89.60  1.10
 90.30  1.10
 91.00  1.10
 91.70  1.10
 92.40  1.10
 93.10  1.10
 93.80  1.11
 94.50  1.11
 95.20  1.11
 95.90  1.11
 96.60  1.11
 97.30  1.11
 98.00  1.11
 98.70  1.12
 99.40  1.12
 100.10  1.12
 100.80  1.12
 101.50  1.12
 102.20  1.12
 102.90  1.13
 103.60  1.13
 104.30  1.13
 105.00  1.13
 105.70  1.13
 106.40  1.13
 107.10  1.14
 107.80  1.14
 108.50  1.14
 109.20  1.14
 109.90  1.14
 110.60  1.14
 111.30  1.15
 112.00  1.15
 112.70  1.15
 113.40  1.15
 114.10  1.15
 114.80  1.16
 115.50  1.16
 116.20  1.16
 116.90  1.16
 117.60  1.16
 118.30  1.17
 119.00  1.17
 119.70  1.17
 120.40  1.17
 121.10  1.17
 121.80  1.18
 122.50  1.18
 123.20  1.18
 123.90  1.18
 124.60  1.18
 125.30  1.19
 126.00  1.19
 126.70  1.19
 127.40  1.19
 128.10  1.19
 128.80  1.20
 129.50  1.20
 130.20  1.20
 130.90  1.20
 131.60  1.21
 132.30  1.21
 133.00  1.21
 133.70  1.21
 134.40  1.21
 135.10  1.22
 135.80  1.22
 136.50  1.22
 137.20  1.22
 137.90  1.23
 138.60  1.23
 139.30  1.23
 140.00  1.23
 140.70  1.23
 141.40  1.24
 142.10  1.24
 142.80  1.24
 143.50  1.24
 144.20  1.25
 144.90  1.25
 145.60  1.25
 146.30  1.25
 147.00  1.26
 147.70  1.26
 148.40  1.26
 149.10  1.26
 149.80  1.27
 150.50  1.27
 151.20  1.27
 151.90  1.27
 152.60  1.28
 153.30  1.28
 154.00  1.28
 154.70  1.28
 155.40  1.29
 156.10  1.29
 156.80  1.29
 157.50  1.29
 158.20  1.30
 158.90  1.30
 159.60  1.30
 160.30  1.31
 161.00  1.31
 161.70  1.31
 162.40  1.31
 163.10  1.32
 163.80  1.32
 164.50  1.32
 165.20  1.32
 165.90  1.33
 166.60  1.33
 167.30  1.33
 168.00  1.34
 168.70  1.34
 169.40  1.34
 170.10  1.34
 170.80  1.35
 171.50  1.35
 172.20  1.35
 172.90  1.36
 173.60  1.36
 174.30  1.36
 175.00  1.36
 175.70  1.37
 176.40  1.37
 177.10  1.37
 177.80  1.38
 178.50  1.38
 179.20  1.38
 179.90  1.38
 180.60  1.39
 181.30  1.39
 182.00  1.39
 182.70  1.40
 183.40  1.40
 184.10  1.40
 184.80  1.40
 185.50  1.41
 186.20  1.41
 186.90  1.41
 187.60  1.42
 188.30  1.42
 189.00  1.42
 189.70  1.43
 190.40  1.43
 191.10  1.43
 191.80  1.43
 192.50  1.44
 193.20  1.44
 193.90  1.44
 194.60  1.45
 195.30  1.45
 196.00  1.45
 196.70  1.46
 197.40  1.46
 198.10  1.46
 198.80  1.47
 199.50  1.47
 200.20  1.47
 200.90  1.48
 201.60  1.48
 202.30  1.48
 203.00  1.48
 203.70  1.49
 204.40  1.49
 205.10  1.49
 205.80  1.50
 206.50  1.50
 207.20  1.50
 207.90  1.51
 208.60  1.51
 209.30  1.51
 210.00  1.52
 210.70  1.52
 211.40  1.52
 212.10  1.53
 212.80  1.53
 213.50  1.53
 214.20  1.54
 214.90  1.54
 215.60  1.54
 216.30  1.55
 217.00  1.55
 217.70  1.55
 218.40  1.56
 219.10  1.56
 219.80  1.56
 220.50  1.56
 221.20  1.57
 221.90  1.57
 222.60  1.57
 223.30  1.58
 224.00  1.58
 224.70  1.58
 225.40  1.59
 226.10  1.59
 226.80  1.59
 227.50  1.60
 228.20  1.60
 228.90  1.60
 229.60  1.61
 230.30  1.61
 231.00  1.61
 231.70  1.62
 232.40  1.62
 233.10  1.62
 233.80  1.63
 234.50  1.63
 235.20  1.63
 235.90  1.64
 236.60  1.64
 237.30  1.64
 238.00  1.65
 238.70  1.65
 239.40  1.65
 240.10  1.66
 240.80  1.66
 241.50  1.66
 242.20  1.67
 242.90  1.67
 243.60  1.67
 244.30  1.68
 245.00  1.68
 245.70  1.68
 246.40  1.69
 247.10  1.69
 247.80  1.69
 248.50  1.70
 249.20  1.70
 249.90  1.70
 250.60  1.71
 251.30  1.71
 252.00  1.71
 252.70  1.72
 253.40  1.72
 254.10  1.72
 254.80  1.73
 255.50  1.73
 256.20  1.73
 256.90  1.74
 257.60  1.74
 258.30  1.75
 259.00  1.75
 259.70  1.75
 260.40  1.76
 261.10  1.76
 261.80  1.76
 262.50  1.77
 263.20  1.77
 263.90  1.77
 264.60  1.78
 265.30  1.78
 266.00  1.78
 266.70  1.79
 267.40  1.79
 268.10  1.79
 268.80  1.80
 269.50  1.80
 270.20  1.80
 270.90  1.81
 271.60  1.81
 272.30  1.81
 273.00  1.82
 273.70  1.82
 274.40  1.82
 275.10  1.83
 275.80  1.83
 276.50  1.83
 277.20  1.84
 277.90  1.84
 278.60  1.84
 279.30  1.85
 280.00  1.85
 280.70  1.85
 281.40  1.86
 282.10  1.86
 282.80  1.86
 283.50  1.87
 284.20  1.87
 284.90  1.87
 285.60  1.88
 286.30  1.88
 287.00  1.88
 287.70  1.89
 288.40  1.89
 289.10  1.89
 289.80  1.90
 290.50  1.90
 291.20  1.90
 291.90  1.91
 292.60  1.91
 293.30  1.91
 294.00  1.92
 294.70  1.92
 295.40  1.92
 296.10  1.93
 296.80  1.93
 297.50  1.93
 298.20  1.94
 298.90  1.94
 299.60  1.94
 300.30  1.95
 301.00  1.95
 301.70  1.95
 302.40  1.96
 303.10  1.96
 303.80  1.96
 304.50  1.97
 305.20  1.97
 305.90  1.97
 306.60  1.98
 307.30  1.98
 308.00  1.98
 308.70  1.99
 309.40  1.99
 310.10  1.99
 310.80  2.00
 311.50  2.00
 312.20  2.00
 312.90  2.01
 313.60  2.01
 314.30  2.01
 315.00  2.02
 315.70  2.02
 316.40  2.02
 317.10  2.03
 317.80  2.03
 318.50  2.03
 319.20  2.04
 319.90  2.04
 320.60  2.04
 321.30  2.05
 322.00  2.05
 322.70  2.05
 323.40  2.06
 324.10  2.06
 324.80  2.06
 325.50  2.07
 326.20  2.07
 326.90  2.07
 327.60  2.08
 328.30  2.08
 329.00  2.08
 329.70  2.09
 330.40  2.09
 331.10  2.09
 331.80  2.10
 332.50  2.10
 333.20  2.10
 333.90  2.11
 334.60  2.11
 335.30  2.11
 336.00  2.12
 336.70  2.12
 337.40  2.12
 338.10  2.13
 338.80  2.13
 339.50  2.13
 340.20  2.14
 340.90  2.14
 341.60  2.14
 342.30  2.14
 343.00  2.15
 343.70  2.15
 344.40  2.15
 345.10  2.16
 345.80  2.16
 346.50  2.16
 347.20  2.17
 347.90  2.17
 348.60  2.17
 349.30  2.18
 350.00  2.18
 350.70  2.18
 351.40  2.19
 352.10  2.19
 352.80  2.19
 353.50  2.20
 354.20  2.20
 354.90  2.20
 355.60  2.20
 356.30  2.21
 357.00  2.21
 357.70  2.21
 358.40  2.22
 359.10  2.22
 359.80  2.22
 360.50  2.23
 361.20  2.23
 361.90  2.23
 362.60  2.24
 363.30  2.24
 364.00  2.24
 364.70  2.24
 365.40  2.25
 366.10  2.25
 366.80  2.25
 367.50  2.26
 368.20  2.26
 368.90  2.26
 369.60  2.27
 370.30  2.27
 371.00  2.27
 371.70  2.28
 372.40  2.28
 373.10  2.28
 373.80  2.28
 374.50  2.29
 375.20  2.29
 375.90  2.29
 376.60  2.30
 377.30  2.30
 378.00  2.30
 378.70  2.31
 379.40  2.31
 380.10  2.31
 380.80  2.31
 381.50  2.32
 382.20  2.32
 382.90  2.32
 383.60  2.33
 384.30  2.33
 385.00  2.33
 385.70  2.33
 386.40  2.34
 387.10  2.34
 387.80  2.34
 388.50  2.35
 389.20  2.35
 389.90  2.35
 390.60  2.36
 391.30  2.36
 392.00  2.36
 392.70  2.36
 393.40  2.37
 394.10  2.37
 394.80  2.37
 395.50  2.38
 396.20  2.38
 396.90  2.38
 397.60  2.38
 398.30  2.39
 399.00  2.39
 399.70  2.39
 400.40  2.40
 401.10  2.40
 401.80  2.40
 402.50  2.40
 403.20  2.41
 403.90  2.41
 404.60  2.41
 405.30  2.41
 406.00  2.42
 406.70  2.42
 407.40  2.42
 408.10  2.43
 408.80  2.43
 409.50  2.43
 410.20  2.43
 410.90  2.44
 411.60  2.44
 412.30  2.44
 413.00  2.45
 413.70  2.45
 414.40  2.45
 415.10  2.45
 415.80  2.46
 416.50  2.46
 417.20  2.46
 417.90  2.46
 418.60  2.47
 419.30  2.47
 420.00  2.47
 420.70  2.47
 421.40  2.48
 422.10  2.48
 422.80  2.48
 423.50  2.49
 424.20  2.49
 424.90  2.49
 425.60  2.49
 426.30  2.50
 427.00  2.50
 427.70  2.50
 428.40  2.50
 429.10  2.51
 429.80  2.51
 430.50  2.51
 431.20  2.51
 431.90  2.52
 432.60  2.52
 433.30  2.52
 434.00  2.52
 434.70  2.53
 435.40  2.53
 436.10  2.53
 436.80  2.54
 437.50  2.54
 438.20  2.54
 438.90  2.54
 439.60  2.55
 440.30  2.55
 441.00  2.55
 441.70  2.55
 442.40  2.56
 443.10  2.56
 443.80  2.56
 444.50  2.56
 445.20  2.57
 445.90  2.57
 446.60  2.57
 447.30  2.57
 448.00  2.58
 448.70  2.58
 449.40  2.58
 450.10  2.58
 450.80  2.59
 451.50  2.59
 452.20  2.59
 452.90  2.59
 453.60  2.59
 454.30  2.60
 455.00  2.60
 455.70  2.60
 456.40  2.60
 457.10  2.61
 457.80  2.61
 458.50  2.61
 459.20  2.61
 459.90  2.62
 460.60  2.62
 461.30  2.62
 462.00  2.62
 462.70  2.63
 463.40  2.63
 464.10  2.63
 464.80  2.63
 465.50  2.64
 466.20  2.64
 466.90  2.64
 467.60  2.64
 468.30  2.65
 469.00  2.65
 469.70  2.65
 470.40  2.65
 471.10  2.65
 471.80  2.66
 472.50  2.66
 473.20  2.66
 473.90  2.66
 474.60  2.67
 475.30  2.67
 476.00  2.67
 476.70  2.67
 477.40  2.67
 478.10  2.68
 478.80  2.68
 479.50  2.68
 480.20  2.68
 480.90  2.69
 481.60  2.69
 482.30  2.69
 483.00  2.69
 483.70  2.70
 484.40  2.70
 485.10  2.70
 485.80  2.70
 486.50  2.70
 487.20  2.71
 487.90  2.71
 488.60  2.71
 489.30  2.71
 490.00  2.71
 490.70  2.72
 491.40  2.72
 492.10  2.72
 492.80  2.72
 493.50  2.73
 494.20  2.73
 494.90  2.73
 495.60  2.73
 496.30  2.73
 497.00  2.74
 497.70  2.74
 498.40  2.74
 499.10  2.74
 499.80  2.74
 500.50  2.75
 501.20  2.75
 501.90  2.75
 502.60  2.75
 503.30  2.76
 504.00  2.76
 504.70  2.76
 505.40  2.76
 506.10  2.76
 506.80  2.77
 507.50  2.77
 508.20  2.77
 508.90  2.77
 509.60  2.77
 510.30  2.78
 511.00  2.78
 511.70  2.78
 512.40  2.78
 513.10  2.78
 513.80  2.79
 514.50  2.79
 515.20  2.79
 515.90  2.79
 516.60  2.79
 517.30  2.80
 518.00  2.80
 518.70  2.80
 519.40  2.80
 520.10  2.80
 520.80  2.81
 521.50  2.81
 522.20  2.81
 522.90  2.81
 523.60  2.81
 524.30  2.82
 525.00  2.82
 525.70  2.82
 526.40  2.82
 527.10  2.82
 527.80  2.83
 528.50  2.83
 529.20  2.83
 529.90  2.83
 530.60  2.83
 531.30  2.83
 532.00  2.84
 532.70  2.84
 533.40  2.84
 534.10  2.84
 534.80  2.84
 535.50  2.85
 536.20  2.85
 536.90  2.85
 537.60  2.85
 538.30  2.85
 539.00  2.86
 539.70  2.86
 540.40  2.86
 541.10  2.86
 541.80  2.86
 542.50  2.86
 543.20  2.87
 543.90  2.87
 544.60  2.87
 545.30  2.87
 546.00  2.87
 546.70  2.88
 547.40  2.88
 548.10  2.88
 548.80  2.88
 549.50  2.88
 550.20  2.88
 550.90  2.89
 551.60  2.89
 552.30  2.89
 553.00  2.89
 553.70  2.89
 554.40  2.89
 555.10  2.90
 555.80  2.90
 556.50  2.90
 557.20  2.90
 557.90  2.90
 558.60  2.91
 559.30  2.91
 560.00  2.91
 560.70  2.91
 561.40  2.91
 562.10  2.91
 562.80  2.92
 563.50  2.92
 564.20  2.92
 564.90  2.92
 565.60  2.92
 566.30  2.92
 567.00  2.93
 567.70  2.93
 568.40  2.93
 569.10  2.93
 569.80  2.93
 570.50  2.93
 571.20  2.94
 571.90  2.94
 572.60  2.94
 573.30  2.94
 574.00  2.94
 574.70  2.94
 575.40  2.95
 576.10  2.95
 576.80  2.95
 577.50  2.95
 578.20  2.95
 578.90  2.95
 579.60  2.95
 580.30  2.96
 581.00  2.96
 581.70  2.96
 582.40  2.96
 583.10  2.96
 583.80  2.96
 584.50  2.97
 585.20  2.97
 585.90  2.97
 586.60  2.97
 587.30  2.97
 588.00  2.97
 588.70  2.98
 589.40  2.98
 590.10  2.98
 590.80  2.98
 591.50  2.98
 592.20  2.98
 592.90  2.98
 593.60  2.99
 594.30  2.99
 595.00  2.99
 595.70  2.99
 596.40  2.99
 597.10  2.99
 597.80  2.99
 598.50  3.00
 599.20  3.00
 599.90  3.00
 600.60  3.00
 601.30  3.00
 602.00  3.00
 602.70  3.01
 603.40  3.01
 604.10  3.01
 604.80  3.01
 605.50  3.01
 606.20  3.01
 606.90  3.01
 607.60  3.02
 608.30  3.02
 609.00  3.02
 609.70  3.02
 610.40  3.02
 611.10  3.02
 611.80  3.02
 612.50  3.03
 613.20  3.03
 613.90  3.03
 614.60  3.03
 615.30  3.03
 616.00  3.03
 616.70  3.03
 617.40  3.03
 618.10  3.04
 618.80  3.04
 619.50  3.04
 620.20  3.04
 620.90  3.04
 621.60  3.04
 622.30  3.04
 623.00  3.05
 623.70  3.05
 624.40  3.05
 625.10  3.05
 625.80  3.05
 626.50  3.05
 627.20  3.05
 627.90  3.06
 628.60  3.06
 629.30  3.06
 630.00  3.06
 630.70  3.06
 631.40  3.06
 632.10  3.06
 632.80  3.06
 633.50  3.07
 634.20  3.07
 634.90  3.07
 635.60  3.07
 636.30  3.07
 637.00  3.07
 637.70  3.07
 638.40  3.07
 639.10  3.08
 639.80  3.08
 640.50  3.08
 641.20  3.08
 641.90  3.08
 642.60  3.08
 643.30  3.08
 644.00  3.08
 644.70  3.09
 645.40  3.09
 646.10  3.09
 646.80  3.09
 647.50  3.09
 648.20  3.09
 648.90  3.09
 649.60  3.09
 650.30  3.10
 651.00  3.10
 651.70  3.10
 652.40  3.10
 653.10  3.10
 653.80  3.10
 654.50  3.10
 655.20  3.10
 655.90  3.11
 656.60  3.11
 657.30  3.11
 658.00  3.11
 658.70  3.11
 659.40  3.11
 660.10  3.11
 660.80  3.11
 661.50  3.11
 662.20  3.12
 662.90  3.12
 663.60  3.12
 664.30  3.12
 665.00  3.12
 665.70  3.12
 666.40  3.12
 667.10  3.12
 667.80  3.13
 668.50  3.13
 669.20  3.13
 669.90  3.13
 670.60  3.13
 671.30  3.13
 672.00  3.13
 672.70  3.13
 673.40  3.13
 674.10  3.14
 674.80  3.14
 675.50  3.14
 676.20  3.14
 676.90  3.14
 677.60  3.14
 678.30  3.14
 679.00  3.14
 679.70  3.14
 680.40  3.15
 681.10  3.15
 681.80  3.15
 682.50  3.15
 683.20  3.15
 683.90  3.15
 684.60  3.15
 685.30  3.15
 686.00  3.15
 686.70  3.15
 687.40  3.16
 688.10  3.16
 688.80  3.16
 689.50  3.16
 690.20  3.16
 690.90  3.16
 691.60  3.16
 692.30  3.16
 693.00  3.16
 693.70  3.16
 694.40  3.17
 695.10  3.17
 695.80  3.17
 696.50  3.17
 697.20  3.17
 697.90  3.17
 698.60  3.17
 699.30  3.17
 700.00  3.17
 700.70  3.18
 701.40  3.18
 702.10  3.18
 702.80  3.18
 703.50  3.18
 704.20  3.18
 704.90  3.18
 705.60  3.18
 706.30  3.18
 707.00  3.18
 707.70  3.18
 708.40  3.19
 709.10  3.19
 709.80  3.19
 710.50  3.19
 711.20  3.19
 711.90  3.19
 712.60  3.19
 713.30  3.19
 714.00  3.19
 714.70  3.19
 715.40  3.20
 716.10  3.20
 716.80  3.20
 717.50  3.20
 718.20  3.20
 718.90  3.20
 719.60  3.20
 720.30  3.20
 721.00  3.20
 721.70  3.20
 722.40  3.20
 723.10  3.21
 723.80  3.21
 724.50  3.21
 725.20  3.21
 725.90  3.21
 726.60  3.21
 727.30  3.21
 728.00  3.21
 728.70  3.21
 729.40  3.21
 730.10  3.21
 730.80  3.22
 731.50  3.22
 732.20  3.22
 732.90  3.22
 733.60  3.22
 734.30  3.22
 735.00  3.22
 735.70  3.22
 736.40  3.22
 737.10  3.22
 737.80  3.22
 738.50  3.22
 739.20  3.23
 739.90  3.23
 740.60  3.23
 741.30  3.23
 742.00  3.23
 742.70  3.23
 743.40  3.23
 744.10  3.23
 744.80  3.23
 745.50  3.23
 746.20  3.23
 746.90  3.23
 747.60  3.24
 748.30  3.24
 749.00  3.24
 749.70  3.24
 750.40  3.24
 751.10  3.24
 751.80  3.24
 752.50  3.24
 753.20  3.24
 753.90  3.24
 754.60  3.24
 755.30  3.24
 756.00  3.25
 756.70  3.25
 757.40  3.25
 758.10  3.25
 758.80  3.25
 759.50  3.25
 760.20  3.25
 760.90  3.25
 761.60  3.25
 762.30  3.25
 763.00  3.25
 763.70  3.25
 764.40  3.25
 765.10  3.26
 765.80  3.26
 766.50  3.26
 767.20  3.26
 767.90  3.26
 768.60  3.26
 769.30  3.26
 770.00  3.26
 770.70  3.26
 771.40  3.26
 772.10  3.26
 772.80  3.26
 773.50  3.26
 774.20  3.27
 774.90  3.27
 775.60  3.27
 776.30  3.27
 777.00  3.27
 777.70  3.27
 778.40  3.27
 779.10  3.27
 779.80  3.27
 780.50  3.27
 781.20  3.27
 781.90  3.27
 782.60  3.27
 783.30  3.27
 784.00  3.28
 784.70  3.28
 785.40  3.28
 786.10  3.28
 786.80  3.28
 787.50  3.28
 788.20  3.28
 788.90  3.28
 789.60  3.28
 790.30  3.28
 791.00  3.28
 791.70  3.28
 792.40  3.28
 793.10  3.28
 793.80  3.28
 794.50  3.29
 795.20  3.29
 795.90  3.29
 796.60  3.29
 797.30  3.29
 798.00  3.29
 798.70  3.29
 799.40  3.29
 800.10  3.29
 800.80  3.29
 801.50  3.29
 802.20  3.29
 802.90  3.29
 803.60  3.29
 804.30  3.29
 805.00  3.30
 805.70  3.30
 806.40  3.30
 807.10  3.30
 807.80  3.30
 808.50  3.30
 809.20  3.30
 809.90  3.30
 810.60  3.30
 811.30  3.30
 812.00  3.30
 812.70  3.30
 813.40  3.30
 814.10  3.30
 814.80  3.30
 815.50  3.30
 816.20  3.31
 816.90  3.31
 817.60  3.31
 818.30  3.31
 819.00  3.31
 819.70  3.31
 820.40  3.31
 821.10  3.31
 821.80  3.31
 822.50  3.31
 823.20  3.31
 823.90  3.31
 824.60  3.31
 825.30  3.31
 826.00  3.31
 826.70  3.31
 827.40  3.31
 828.10  3.32
 828.80  3.32
 829.50  3.32
 830.20  3.32
 830.90  3.32
 831.60  3.32
 832.30  3.32
 833.00  3.32
 833.70  3.32
 834.40  3.32
 835.10  3.32
 835.80  3.32
 836.50  3.32
 837.20  3.32
 837.90  3.32
 838.60  3.32
 839.30  3.32
 840.00  3.33
 840.70  3.33
 841.40  3.33
 842.10  3.33
 842.80  3.33
 843.50  3.33
 844.20  3.33
 844.90  3.33
 845.60  3.33
 846.30  3.33
 847.00  3.33
 847.70  3.33
 848.40  3.33
 849.10  3.33
 849.80  3.33
 850.50  3.33
 851.20  3.33
 851.90  3.33
 852.60  3.33
 853.30  3.34
 854.00  3.34
 854.70  3.34
 855.40  3.34
 856.10  3.34
 856.80  3.34
 857.50  3.34
 858.20  3.34
 858.90  3.34
 859.60  3.34
 860.30  3.34
 861.00  3.34
 861.70  3.34
 862.40  3.34
 863.10  3.34
 863.80  3.34
 864.50  3.34
 865.20  3.34
 865.90  3.34
 866.60  3.34
 867.30  3.35
 868.00  3.35
 868.70  3.35
 869.40  3.35
 870.10  3.35
 870.80  3.35
 871.50  3.35
 872.20  3.35
 872.90  3.35
 873.60  3.35
 874.30  3.35
 875.00  3.35
 875.70  3.35
 876.40  3.35
 877.10  3.35
 877.80  3.35
 878.50  3.35
 879.20  3.35
 879.90  3.35
 880.60  3.35
 881.30  3.36
 882.00  3.36
 882.70  3.36
 883.40  3.36
 884.10  3.36
 884.80  3.36
 885.50  3.36
 886.20  3.36
 886.90  3.36
 887.60  3.36
 888.30  3.36
 889.00  3.36
 889.70  3.36
 890.40  3.36
 891.10  3.36
 891.80  3.36
 892.50  3.36
 893.20  3.36
 893.90  3.36
 894.60  3.36
 895.30  3.36
 896.00  3.36
 896.70  3.36
 897.40  3.37
 898.10  3.37
 898.80  3.37
 899.50  3.37
 900.20  3.37
 900.90  3.37
 901.60  3.37
 902.30  3.37
 903.00  3.37
 903.70  3.37
 904.40  3.37
 905.10  3.37
 905.80  3.37
 906.50  3.37
 907.20  3.37
 907.90  3.37
 908.60  3.37
 909.30  3.37
 910.00  3.37
 910.70  3.37
 911.40  3.37
 912.10  3.37
 912.80  3.37
 913.50  3.37
 914.20  3.38
 914.90  3.38
 915.60  3.38
 916.30  3.38
 917.00  3.38
 917.70  3.38
 918.40  3.38
 919.10  3.38
 919.80  3.38
 920.50  3.38
 921.20  3.38
 921.90  3.38
 922.60  3.38
 923.30  3.38
 924.00  3.38
 924.70  3.38
 925.40  3.38
 926.10  3.38
 926.80  3.38
 927.50  3.38
 928.20  3.38
 928.90  3.38
 929.60  3.38
 930.30  3.38
 931.00  3.38
 931.70  3.38
 932.40  3.39
 933.10  3.39
 933.80  3.39
 934.50  3.39
 935.20  3.39
 935.90  3.39
 936.60  3.39
 937.30  3.39
 938.00  3.39
 938.70  3.39
 939.40  3.39
 940.10  3.39
 940.80  3.39
 941.50  3.39
 942.20  3.39
 942.90  3.39
 943.60  3.39
 944.30  3.39
 945.00  3.39
 945.70  3.39
 946.40  3.39
 947.10  3.39
 947.80  3.39
 948.50  3.39
 949.20  3.39
 949.90  3.39
 950.60  3.39
 951.30  3.39
 952.00  3.40
 952.70  3.40
 953.40  3.40
 954.10  3.40
 954.80  3.40
 955.50  3.40
 956.20  3.40
 956.90  3.40
 957.60  3.40
 958.30  3.40
 959.00  3.40
 959.70  3.40
 960.40  3.40
 961.10  3.40
 961.80  3.40
 962.50  3.40
 963.20  3.40
 963.90  3.40
 964.60  3.40
 965.30  3.40
 966.00  3.40
 966.70  3.40
 967.40  3.40
 968.10  3.40
 968.80  3.40
 969.50  3.40
 970.20  3.40
 970.90  3.40
 971.60  3.40
 972.30  3.40
 973.00  3.40
 973.70  3.41
 974.40  3.41
 975.10  3.41
 975.80  3.41
 976.50  3.41
 977.20  3.41
 977.90  3.41
 978.60  3.41
 979.30  3.41
 980.00  3.41
 980.70  3.41
 981.40  3.41
 982.10  3.41
 982.80  3.41
 983.50  3.41
 984.20  3.41
 984.90  3.41
 985.60  3.41
 986.30  3.41
 987.00  3.41
 987.70  3.41
 988.40  3.41
 989.10  3.41
 989.80  3.41
 990.50  3.41
 991.20  3.41
 991.90  3.41
 992.60  3.41
 993.30  3.41
 994.00  3.41
 994.70  3.41
 995.40  3.41
 996.10  3.41
 996.80  3.41
 997.50  3.42
 998.20  3.42
 998.90  3.42
 999.60  3.42
 1000.30  3.42
 1001.00  3.42
 1001.70  3.42
 1002.40  3.42
 1003.10  3.42
 1003.80  3.42
 1004.50  3.42
 1005.20  3.42
 1005.90  3.42
 1006.60  3.42
 1007.30  3.42
 1008.00  3.42
 1008.70  3.42
 1009.40  3.42
 1010.10  3.42
 1010.80  3.42
 1011.50  3.42
 1012.20  3.42
 1012.90  3.42
 1013.60  3.42
 1014.30  3.42
 1015.00  3.42
 1015.70  3.42
 1016.40  3.42
 1017.10  3.42
 1017.80  3.42
 1018.50  3.42
 1019.20  3.42
 1019.90  3.42
 1020.60  3.42
 1021.30  3.42
 1022.00  3.42
 1022.70  3.42
 1023.40  3.42
 1024.10  3.43
 1024.80  3.43
 1025.50  3.43
 1026.20  3.43
 1026.90  3.43
 1027.60  3.43
 1028.30  3.43
 1029.00  3.43
 1029.70  3.43
 1030.40  3.43
 1031.10  3.43
 1031.80  3.43
 1032.50  3.43
 1033.20  3.43
 1033.90  3.43
 1034.60  3.43
 1035.30  3.43
 1036.00  3.43
 1036.70  3.43
 1037.40  3.43
 1038.10  3.43
 1038.80  3.43
 1039.50  3.43
 1040.20  3.43
 1040.90  3.43
 1041.60  3.43
 1042.30  3.43
 1043.00  3.43
 1043.70  3.43
 1044.40  3.43
 1045.10  3.43
 1045.80  3.43
 1046.50  3.43
 1047.20  3.43
 1047.90  3.43
 1048.60  3.43
 1049.30  3.43
 1050.00  3.43
 1050.70  3.43
 1051.40  3.43
 1052.10  3.43
 1052.80  3.43
 1053.50  3.43
 1054.20  3.44
 1054.90  3.44
 1055.60  3.44
 1056.30  3.44
 1057.00  3.44
 1057.70  3.44
 1058.40  3.44
 1059.10  3.44
 1059.80  3.44
 1060.50  3.44
 1061.20  3.44
 1061.90  3.44
 1062.60  3.44
 1063.30  3.44
 1064.00  3.44
 1064.70  3.44
 1065.40  3.44
 1066.10  3.44
 1066.80  3.44
 1067.50  3.44
 1068.20  3.44
 1068.90  3.44
 1069.60  3.44
 1070.30  3.44
 1071.00  3.44
 1071.70  3.44
 1072.40  3.44
 1073.10  3.44
 1073.80  3.44
 1074.50  3.44
 1075.20  3.44
 1075.90  3.44
 1076.60  3.44
 1077.30  3.44
 1078.00  3.44
 1078.70  3.44
 1079.40  3.44
 1080.10  3.44
 1080.80  3.44
 1081.50  3.44
 1082.20  3.44
 1082.90  3.44
 1083.60  3.44
 1084.30  3.44
 1085.00  3.44
 1085.70  3.44
 1086.40  3.44
 1087.10  3.44
 1087.80  3.44
 1088.50  3.44
 1089.20  3.44
 1089.90  3.45
 1090.60  3.45
 1091.30  3.45
 1092.00  3.45
 1092.70  3.45
 1093.40  3.45
 1094.10  3.45
 1094.80  3.45
 1095.50  3.45
 1096.20  3.45
 1096.90  3.45
 1097.60  3.45
 1098.30  3.45
 1099.00  3.45
 1099.70  3.45
 1100.40  3.45
 1101.10  3.45
 1101.80  3.45
 1102.50  3.45
 1103.20  3.45
 1103.90  3.45
 1104.60  3.45
 1105.30  3.45
 1106.00  3.45
 1106.70  3.45
 1107.40  3.45
 1108.10  3.45
 1108.80  3.45
 1109.50  3.45
 1110.20  3.45
 1110.90  3.45
 1111.60  3.45
 1112.30  3.45
 1113.00  3.45
 1113.70  3.45
 1114.40  3.45
 1115.10  3.45
 1115.80  3.45
 1116.50  3.45
 1117.20  3.45
 1117.90  3.45
 1118.60  3.45
 1119.30  3.45
 1120.00  3.45
 1120.70  3.45
 1121.40  3.45
 1122.10  3.45
 1122.80  3.45
 1123.50  3.45
 1124.20  3.45
 1124.90  3.45
 1125.60  3.45
 1126.30  3.45
 1127.00  3.45
 1127.70  3.45
 1128.40  3.45
 1129.10  3.45
 1129.80  3.45
 1130.50  3.45
 1131.20  3.46
 1131.90  3.46
 1132.60  3.46
 1133.30  3.46
 1134.00  3.46
 1134.70  3.46
 1135.40  3.46
 1136.10  3.46
 1136.80  3.46
 1137.50  3.46
 1138.20  3.46
 1138.90  3.46
 1139.60  3.46
 1140.30  3.46
 1141.00  3.46
 1141.70  3.46
 1142.40  3.46
 1143.10  3.46
 1143.80  3.46
 1144.50  3.46
 1145.20  3.46
 1145.90  3.46
 1146.60  3.46
 1147.30  3.46
 1148.00  3.46
 1148.70  3.46
 1149.40  3.46
 1150.10  3.46
 1150.80  3.46
 1151.50  3.46
 1152.20  3.46
 1152.90  3.46
 1153.60  3.46
 1154.30  3.46
 1155.00  3.46
 1155.70  3.46
 1156.40  3.46
 1157.10  3.46
 1157.80  3.46
 1158.50  3.46
 1159.20  3.46
 1159.90  3.46
 1160.60  3.46
 1161.30  3.46
 1162.00  3.46
 1162.70  3.46
 1163.40  3.46
 1164.10  3.46
 1164.80  3.46
 1165.50  3.46
 1166.20  3.46
 1166.90  3.46
 1167.60  3.46
 1168.30  3.46
 1169.00  3.46
 1169.70  3.46
 1170.40  3.46
 1171.10  3.46
 1171.80  3.46
 1172.50  3.46
 1173.20  3.46
 1173.90  3.46
 1174.60  3.46
 1175.30  3.46
 1176.00  3.46
 1176.70  3.46
 1177.40  3.46
 1178.10  3.46
 1178.80  3.46
 1179.50  3.46
 1180.20  3.46
 1180.90  3.46
 1181.60  3.46
 1182.30  3.46
 1183.00  3.47
 1183.70  3.47
 1184.40  3.47
 1185.10  3.47
 1185.80  3.47
 1186.50  3.47
 1187.20  3.47
 1187.90  3.47
 1188.60  3.47
 1189.30  3.47
 1190.00  3.47
 1190.70  3.47
 1191.40  3.47
 1192.10  3.47
 1192.80  3.47
 1193.50  3.47
 1194.20  3.47
 1194.90  3.47
 1195.60  3.47
 1196.30  3.47
 1197.00  3.47
 1197.70  3.47
 1198.40  3.47
 1199.10  3.47
 1199.80  3.47
 1200.50  3.47
 1201.20  3.47
 1201.90  3.47
 1202.60  3.47
 1203.30  3.47
 1204.00  3.47
 1204.70  3.47
 1205.40  3.47
 1206.10  3.47
 1206.80  3.47
 1207.50  3.47
 1208.20  3.47
 1208.90  3.47
 1209.60  3.47
 1210.30  3.47
 1211.00  3.47
 1211.70  3.47
 1212.40  3.47
 1213.10  3.47
 1213.80  3.47
 1214.50  3.47
 1215.20  3.47
 1215.90  3.47
 1216.60  3.47
 1217.30  3.47
 1218.00  3.47
 1218.70  3.47
 1219.40  3.47
 1220.10  3.47
 1220.80  3.47
 1221.50  3.47
 1222.20  3.47
 1222.90  3.47
 1223.60  3.47
 1224.30  3.47
 1225.00  3.47
 1225.70  3.47
 1226.40  3.47
 1227.10  3.47
 1227.80  3.47
 1228.50  3.47
 1229.20  3.47
 1229.90  3.47
 1230.60  3.47
 1231.30  3.47
 1232.00  3.47
 1232.70  3.47
 1233.40  3.47
 1234.10  3.47
 1234.80  3.47
 1235.50  3.47
 1236.20  3.47
 1236.90  3.47
 1237.60  3.47
 1238.30  3.47
 1239.00  3.47
 1239.70  3.47
 1240.40  3.47
 1241.10  3.47
 1241.80  3.47
 1242.50  3.47
 1243.20  3.47
 1243.90  3.47
 1244.60  3.47
 1245.30  3.47
 1246.00  3.47
 1246.70  3.47
 1247.40  3.47
 1248.10  3.47
 1248.80  3.47
 1249.50  3.47
 1250.20  3.47
 1250.90  3.48
 1251.60  3.48
 1252.30  3.48
 1253.00  3.48
 1253.70  3.48
 1254.40  3.48
 1255.10  3.48
 1255.80  3.48
 1256.50  3.48
 1257.20  3.48
 1257.90  3.48
 1258.60  3.48
 1259.30  3.48
 1260.00  3.48
 1260.70  3.48
 1261.40  3.48
 1262.10  3.48
 1262.80  3.48
 1263.50  3.48
 1264.20  3.48
 1264.90  3.48
 1265.60  3.48
 1266.30  3.48
 1267.00  3.48
 1267.70  3.48
 1268.40  3.48
 1269.10  3.48
 1269.80  3.48
 1270.50  3.48
 1271.20  3.48
 1271.90  3.48
 1272.60  3.48
 1273.30  3.48
 1274.00  3.48
 1274.70  3.48
 1275.40  3.48
 1276.10  3.48
 1276.80  3.48
 1277.50  3.48
 1278.20  3.48
 1278.90  3.48
 1279.60  3.48
 1280.30  3.48
 1281.00  3.48
 1281.70  3.48
 1282.40  3.48
 1283.10  3.48
 1283.80  3.48
 1284.50  3.48
 1285.20  3.48
 1285.90  3.48
 1286.60  3.48
 1287.30  3.48
 1288.00  3.48
 1288.70  3.48
 1289.40  3.48
 1290.10  3.48
 1290.80  3.48
 1291.50  3.48
 1292.20  3.48
 1292.90  3.48
 1293.60  3.48
 1294.30  3.48
 1295.00  3.48
 1295.70  3.48
 1296.40  3.48
 1297.10  3.48
 1297.80  3.48
 1298.50  3.48
 1299.20  3.48
 1299.90  3.48
 1300.60  3.48
 1301.30  3.48
 1302.00  3.48
 1302.70  3.48
 1303.40  3.48
 1304.10  3.48
 1304.80  3.48
 1305.50  3.48
 1306.20  3.48
 1306.90  3.48
 1307.60  3.48
 1308.30  3.48
 1309.00  3.48
 1309.70  3.48
 1310.40  3.48
 1311.10  3.48
 1311.80  3.48
 1312.50  3.48
 1313.20  3.48
 1313.90  3.48
 1314.60  3.48
 1315.30  3.48
 1316.00  3.48
 1316.70  3.48
 1317.40  3.48
 1318.10  3.48
 1318.80  3.48
 1319.50  3.48
 1320.20  3.48
 1320.90  3.48
 1321.60  3.48
 1322.30  3.48
 1323.00  3.48
 1323.70  3.48
 1324.40  3.48
 1325.10  3.48
 1325.80  3.48
 1326.50  3.48
 1327.20  3.48
 1327.90  3.48
 1328.60  3.48
 1329.30  3.48
 1330.00  3.48
 1330.70  3.48
 1331.40  3.48
 1332.10  3.48
 1332.80  3.48
 1333.50  3.48
 1334.20  3.48
 1334.90  3.48
 1335.60  3.48
 1336.30  3.48
 1337.00  3.48
 1337.70  3.48
 1338.40  3.48
 1339.10  3.48
 1339.80  3.48
 1340.50  3.48
 1341.20  3.48
 1341.90  3.48
 1342.60  3.48
 1343.30  3.48
 1344.00  3.48
 1344.70  3.48
 1345.40  3.48
 1346.10  3.48
 1346.80  3.48
 1347.50  3.48
 1348.20  3.48
 1348.90  3.48
 1349.60  3.48
 1350.30  3.48
 1351.00  3.49
 1351.70  3.49
 1352.40  3.49
 1353.10  3.49
 1353.80  3.49
 1354.50  3.49
 1355.20  3.49
 1355.90  3.49
 1356.60  3.49
 1357.30  3.49
 1358.00  3.49
 1358.70  3.49
 1359.40  3.49
 1360.10  3.49
 1360.80  3.49
 1361.50  3.49
 1362.20  3.49
 1362.90  3.49
 1363.60  3.49
 1364.30  3.49
 1365.00  3.49
 1365.70  3.49
 1366.40  3.49
 1367.10  3.49
 1367.80  3.49
 1368.50  3.49
 1369.20  3.49
 1369.90  3.49
 1370.60  3.49
 1371.30  3.49
 1372.00  3.49
 1372.70  3.49
 1373.40  3.49
 1374.10  3.49
 1374.80  3.49
 1375.50  3.49
 1376.20  3.49
 1376.90  3.49
 1377.60  3.49
 1378.30  3.49
 1379.00  3.49
 1379.70  3.49
 1380.40  3.49
 1381.10  3.49
 1381.80  3.49
 1382.50  3.49
 1383.20  3.49
 1383.90  3.49
 1384.60  3.49
 1385.30  3.49
 1386.00  3.49
 1386.70  3.49
 1387.40  3.49
 1388.10  3.49
 1388.80  3.49
 1389.50  3.49
 1390.20  3.49
 1390.90  3.49
 1391.60  3.49
 1392.30  3.49
 1393.00  3.49
 1393.70  3.49
 1394.40  3.49
 1395.10  3.49
 1395.80  3.49
 1396.50  3.49
 1397.20  3.49
 1397.90  3.49
 1398.60  3.49
 1399.30  3.49
 1400.00  3.49
 1400.70  3.49
 1401.40  3.49
 1402.10  3.49
 1402.80  3.49
 1403.50  3.49
 1404.20  3.49
 1404.90  3.49
 1405.60  3.49
 1406.30  3.49
 1407.00  3.49
 1407.70  3.49
 1408.40  3.49
 1409.10  3.49
 1409.80  3.49
 1410.50  3.49
 1411.20  3.49
 1411.90  3.49
 1412.60  3.49
 1413.30  3.49
 1414.00  3.49
 1414.70  3.49
 1415.40  3.49
 1416.10  3.49
 1416.80  3.49
 1417.50  3.49
 1418.20  3.49
 1418.90  3.49
 1419.60  3.49
 1420.30  3.49
 1421.00  3.49
 1421.70  3.49
 1422.40  3.49
 1423.10  3.49
 1423.80  3.49
 1424.50  3.49
 1425.20  3.49
 1425.90  3.49
 1426.60  3.49
 1427.30  3.49
 1428.00  3.49
 1428.70  3.49
 1429.40  3.49
 1430.10  3.49
 1430.80  3.49
 1431.50  3.49
 1432.20  3.49
 1432.90  3.49
 1433.60  3.49
 1434.30  3.49
 1435.00  3.49
 1435.70  3.49
 1436.40  3.49
 1437.10  3.49
 1437.80  3.49
 1438.50  3.49
 1439.20  3.49
 1439.90  3.49
 1440.60  3.49
 1441.30  3.49
 1442.00  3.49
 1442.70  3.49
 1443.40  3.49
 1444.10  3.49
 1444.80  3.49
 1445.50  3.49
 1446.20  3.49
 1446.90  3.49
 1447.60  3.49
 1448.30  3.49
 1449.00  3.49
 1449.70  3.49
 1450.40  3.49
 1451.10  3.49
 1451.80  3.49
 1452.50  3.49
 1453.20  3.49
 1453.90  3.49
 1454.60  3.49
 1455.30  3.49
 1456.00  3.49
 1456.70  3.49
 1457.40  3.49
 1458.10  3.49
 1458.80  3.49
 1459.50  3.49
 1460.20  3.49
 1460.90  3.49
 1461.60  3.49
 1462.30  3.49
 1463.00  3.49
 1463.70  3.49
 1464.40  3.49
 1465.10  3.49
 1465.80  3.49
 1466.50  3.49
 1467.20  3.49
 1467.90  3.49
 1468.60  3.49
 1469.30  3.49
 1470.00  3.49
 1470.70  3.49
 1471.40  3.49
 1472.10  3.49
 1472.80  3.49
 1473.50  3.49
 1474.20  3.49
 1474.90  3.49
 1475.60  3.49
 1476.30  3.49
 1477.00  3.49
 1477.70  3.49
 1478.40  3.49
 1479.10  3.49
 1479.80  3.49
 1480.50  3.49
 1481.20  3.49
 1481.90  3.49
 1482.60  3.49
 1483.30  3.49
 1484.00  3.49
 1484.70  3.49
 1485.40  3.49
 1486.10  3.49
 1486.80  3.49
 1487.50  3.49
 1488.20  3.49
 1488.90  3.49
 1489.60  3.49
 1490.30  3.49
 1491.00  3.49
 1491.70  3.49
 1492.40  3.49
 1493.10  3.49
 1493.80  3.49
 1494.50  3.49
 1495.20  3.49
 1495.90  3.49
 1496.60  3.49
 1497.30  3.49
 1498.00  3.49
 1498.70  3.49
 1499.40  3.49
 1500.10  3.49
 1500.80  3.49
 1501.50  3.49
 1502.20  3.49
 1502.90  3.49
 1503.60  3.49
 1504.30  3.49
 1505.00  3.49
 1505.70  3.49
 1506.40  3.49
 1507.10  3.49
 1507.80  3.49
 1508.50  3.49
 1509.20  3.49
 1509.90  3.49
 1510.60  3.49
 1511.30  3.49
 1512.00  3.49
 1512.70  3.49
 1513.40  3.49
 1514.10  3.49
 1514.80  3.49
 1515.50  3.49
 1516.20  3.49
 1516.90  3.49
 1517.60  3.49
 1518.30  3.49
 1519.00  3.49
 1519.70  3.49
 1520.40  3.49
 1521.10  3.49
 1521.80  3.49
 1522.50  3.49
 1523.20  3.49
 1523.90  3.49
 1524.60  3.49
 1525.30  3.49
 1526.00  3.49
 1526.70  3.49
 1527.40  3.49
 1528.10  3.49
 1528.80  3.49
 1529.50  3.49
 1530.20  3.49
 1530.90  3.49
 1531.60  3.49
 1532.30  3.49
 1533.00  3.49
 1533.70  3.49
 1534.40  3.49
 1535.10  3.49
 1535.80  3.49
 1536.50  3.49
 1537.20  3.49
 1537.90  3.49
 1538.60  3.49
 1539.30  3.49
 1540.00  3.49
 1540.70  3.50
 1541.40  3.50
 1542.10  3.50
 1542.80  3.50
 1543.50  3.50
 1544.20  3.50
 1544.90  3.50
 1545.60  3.50
 1546.30  3.50
 1547.00  3.50
 1547.70  3.50
 1548.40  3.50
 1549.10  3.50
 1549.80  3.50
 1550.50  3.50
 1551.20  3.50
 1551.90  3.50
 1552.60  3.50
 1553.30  3.50
 1554.00  3.50
 1554.70  3.50
 1555.40  3.50
 1556.10  3.50
 1556.80  3.50
 1557.50  3.50
 1558.20  3.50
 1558.90  3.50
 1559.60  3.50
 1560.30  3.50
 1561.00  3.50
 1561.70  3.50
 1562.40  3.50
 1563.10  3.50
 1563.80  3.50
 1564.50  3.50
 1565.20  3.50
 1565.90  3.50
 1566.60  3.50
 1567.30  3.50
 1568.00  3.50
 1568.70  3.50
 1569.40  3.50
 1570.10  3.50
 1570.80  3.50
 1571.50  3.50
 1572.20  3.50
 1572.90  3.50
 1573.60  3.50
 1574.30  3.50
 1575.00  3.50
 1575.70  3.50
 1576.40  3.50
 1577.10  3.50
 1577.80  3.50
 1578.50  3.50
 1579.20  3.50
 1579.90  3.50
 1580.60  3.50
 1581.30  3.50
 1582.00  3.50
 1582.70  3.50
 1583.40  3.50
 1584.10  3.50
 1584.80  3.50
 1585.50  3.50
 1586.20  3.50
 1586.90  3.50
 1587.60  3.50
 1588.30  3.50
 1589.00  3.50
 1589.70  3.50
 1590.40  3.50
 1591.10  3.50
 1591.80  3.50
 1592.50  3.50
 1593.20  3.50
 1593.90  3.50
 1594.60  3.50
 1595.30  3.50
 1596.00  3.50
 1596.70  3.50
 1597.40  3.50
 1598.10  3.50
 1598.80  3.50
 1599.50  3.50
 1600.20  3.50
 1600.90  3.50
 1601.60  3.50
 1602.30  3.50
 1603.00  3.50
 1603.70  3.50
 1604.40  3.50
 1605.10  3.50
 1605.80  3.50
 1606.50  3.50
 1607.20  3.50
 1607.90  3.50
 1608.60  3.50
 1609.30  3.50
 1610.00  3.50
 1610.70  3.50
 1611.40  3.50
 1612.10  3.50
 1612.80  3.50
 1613.50  3.50
 1614.20  3.50
 1614.90  3.50
 1615.60  3.50
 1616.30  3.50
 1617.00  3.50
 1617.70  3.50
 1618.40  3.50
 1619.10  3.50
 1619.80  3.50
 1620.50  3.50
 1621.20  3.50
 1621.90  3.50
 1622.60  3.50
 1623.30  3.50
 1624.00  3.50
 1624.70  3.50
 1625.40  3.50
 1626.10  3.50
 1626.80  3.50
 1627.50  3.50
 1628.20  3.50
 1628.90  3.50
 1629.60  3.50
 1630.30  3.50
 1631.00  3.50
 1631.70  3.50
 1632.40  3.50
 1633.10  3.50
 1633.80  3.50
 1634.50  3.50
 1635.20  3.50
 1635.90  3.50
 1636.60  3.50
 1637.30  3.50
 1638.00  3.50
 1638.70  3.50
 1639.40  3.50
 1640.10  3.50
 1640.80  3.50
 1641.50  3.50
 1642.20  3.50
 1642.90  3.50
 1643.60  3.50
 1644.30  3.50
 1645.00  3.50
 1645.70  3.50
 1646.40  3.50
 1647.10  3.50
 1647.80  3.50
 1648.50  3.50
 1649.20  3.50
 1649.90  3.50
 1650.60  3.50
 1651.30  3.50
 1652.00  3.50
 1652.70  3.50
 1653.40  3.50
 1654.10  3.50
 1654.80  3.50
 1655.50  3.50
 1656.20  3.50
 1656.90  3.50
 1657.60  3.50
 1658.30  3.50
 1659.00  3.50
 1659.70  3.50
 1660.40  3.50
 1661.10  3.50
 1661.80  3.50
 1662.50  3.50
 1663.20  3.50
 1663.90  3.50
 1664.60  3.50
 1665.30  3.50
 1666.00  3.50
 1666.70  3.50
 1667.40  3.50
 1668.10  3.50
 1668.80  3.50
 1669.50  3.50
 1670.20  3.50
 1670.90  3.50
 1671.60  3.50
 1672.30  3.50
 1673.00  3.50
 1673.70  3.50
 1674.40  3.50
 1675.10  3.50
 1675.80  3.50
 1676.50  3.50
 1677.20  3.50
 1677.90  3.50
 1678.60  3.50
 1679.30  3.50
 1680.00  3.50
 1680.70  3.50
 1681.40  3.50
 1682.10  3.50
 1682.80  3.50
 1683.50  3.50
 1684.20  3.50
 1684.90  3.50
 1685.60  3.50
 1686.30  3.50
 1687.00  3.50
 1687.70  3.50
 1688.40  3.50
 1689.10  3.50
 1689.80  3.50
 1690.50  3.50
 1691.20  3.50
 1691.90  3.50
 1692.60  3.50
 1693.30  3.50
 1694.00  3.50
 1694.70  3.50
 1695.40  3.50
 1696.10  3.50
 1696.80  3.50
 1697.50  3.50
 1698.20  3.50
 1698.90  3.50
 1699.60  3.50
 1700.30  3.50
 1701.00  3.50
 1701.70  3.50
 1702.40  3.50
 1703.10  3.50
 1703.80  3.50
 1704.50  3.50
 1705.20  3.50
 1705.90  3.50
 1706.60  3.50
 1707.30  3.50
 1708.00  3.50
 1708.70  3.50
 1709.40  3.50
 1710.10  3.50
 1710.80  3.50
 1711.50  3.50
 1712.20  3.50
 1712.90  3.50
 1713.60  3.50
 1714.30  3.50
 1715.00  3.50
 1715.70  3.50
 1716.40  3.50
 1717.10  3.50
 1717.80  3.50
 1718.50  3.50
 1719.20  3.50
 1719.90  3.50
 1720.60  3.50
 1721.30  3.50
 1722.00  3.50
 1722.70  3.50
 1723.40  3.50
 1724.10  3.50
 1724.80  3.50
 1725.50  3.50
 1726.20  3.50
 1726.90  3.50
 1727.60  3.50
 1728.30  3.50
 1729.00  3.50
 1729.70  3.50
 1730.40  3.50
 1731.10  3.50
 1731.80  3.50
 1732.50  3.50
 1733.20  3.50
 1733.90  3.50
 1734.60  3.50
 1735.30  3.50
 1736.00  3.50
 1736.70  3.50
 1737.40  3.50
 1738.10  3.50
 1738.80  3.50
 1739.50  3.50
 1740.20  3.50
 1740.90  3.50
 1741.60  3.50
 1742.30  3.50
 1743.00  3.50
 1743.70  3.50
 1744.40  3.50
 1745.10  3.50
 1745.80  3.50
 1746.50  3.50
 1747.20  3.50
 1747.90  3.50
 1748.60  3.50
 1749.30  3.50
 1750.00  3.50
 1750.70  3.50
 1751.40  3.50
 1752.10  3.50
 1752.80  3.50
 1753.50  3.50
 1754.20  3.50
 1754.90  3.50
 1755.60  3.50
 1756.30  3.50
 1757.00  3.50
 1757.70  3.50
 1758.40  3.50
 1759.10  3.50
 1759.80  3.50
 1760.50  3.50
 1761.20  3.50
 1761.90  3.50
 1762.60  3.50
 1763.30  3.50
 1764.00  3.50
 1764.70  3.50
 1765.40  3.50
 1766.10  3.50
 1766.80  3.50
 1767.50  3.50
 1768.20  3.50
 1768.90  3.50
 1769.60  3.50
 1770.30  3.50
 1771.00  3.50
 1771.70  3.50
 1772.40  3.50
 1773.10  3.50
 1773.80  3.50
 1774.50  3.50
 1775.20  3.50
 1775.90  3.50
 1776.60  3.50
 1777.30  3.50
 1778.00  3.50
 1778.70  3.50
 1779.40  3.50
 1780.10  3.50
 1780.80  3.50
 1781.50  3.50
 1782.20  3.50
 1782.90  3.50
 1783.60  3.50
 1784.30  3.50
 1785.00  3.50
 1785.70  3.50
 1786.40  3.50
 1787.10  3.50
 1787.80  3.50
 1788.50  3.50
 1789.20  3.50
 1789.90  3.50
 1790.60  3.50
 1791.30  3.50
 1792.00  3.50
 1792.70  3.50
 1793.40  3.50
 1794.10  3.50
 1794.80  3.50
 1795.50  3.50
 1796.20  3.50
 1796.90  3.50
 1797.60  3.50
 1798.30  3.50
 1799.00  3.50
 1799.70  3.50
 1800.40  3.50
 1801.10  3.50
 1801.80  3.50
 1802.50  3.50
 1803.20  3.50
 1803.90  3.50
 1804.60  3.50
 1805.30  3.50
 1806.00  3.50
 1806.70  3.50
 1807.40  3.50
 1808.10  3.50
 1808.80  3.50
 1809.50  3.50
 1810.20  3.50
 1810.90  3.50
 1811.60  3.50
 1812.30  3.50
 1813.00  3.50
 1813.70  3.50
 1814.40  3.50
 1815.10  3.50
 1815.80  3.50
 1816.50  3.50
 1817.20  3.50
 1817.90  3.50
 1818.60  3.50
 1819.30  3.50
 1820.00  3.50
 1820.70  3.50
 1821.40  3.50
 1822.10  3.50
 1822.80  3.50
 1823.50  3.50
 1824.20  3.50
 1824.90  3.50
 1825.60  3.50
 1826.30  3.50
 1827.00  3.50
 1827.70  3.50
 1828.40  3.50
 1829.10  3.50
 1829.80  3.50
 1830.50  3.50
 1831.20  3.50
 1831.90  3.50
 1832.60  3.50
 1833.30  3.50
 1834.00  3.50
 1834.70  3.50
 1835.40  3.50
 1836.10  3.50
 1836.80  3.50
 1837.50  3.50
 1838.20  3.50
 1838.90  3.50
 1839.60  3.50
 1840.30  3.50
 1841.00  3.50
 1841.70  3.50
 1842.40  3.50
 1843.10  3.50
 1843.80  3.50
 1844.50  3.50
 1845.20  3.50
 1845.90  3.50
 1846.60  3.50
 1847.30  3.50
 1848.00  3.50
 1848.70  3.50
 1849.40  3.50
 1850.10  3.50
 1850.80  3.50
 1851.50  3.50
 1852.20  3.50
 1852.90  3.50
 1853.60  3.50
 1854.30  3.50
 1855.00  3.50
 1855.70  3.50
 1856.40  3.50
 1857.10  3.50
 1857.80  3.50
 1858.50  3.50
 1859.20  3.50
 1859.90  3.50
 1860.60  3.50
 1861.30  3.50
 1862.00  3.50
 1862.70  3.50
 1863.40  3.50
 1864.10  3.50
 1864.80  3.50
 1865.50  3.50
 1866.20  3.50
 1866.90  3.50
 1867.60  3.50
 1868.30  3.50
 1869.00  3.50
 1869.70  3.50
 1870.40  3.50
 1871.10  3.50
 1871.80  3.50
 1872.50  3.50
 1873.20  3.50
 1873.90  3.50
 1874.60  3.50
 1875.30  3.50
 1876.00  3.50
 1876.70  3.50
 1877.40  3.50
 1878.10  3.50
 1878.80  3.50
 1879.50  3.50
 1880.20  3.50
 1880.90  3.50
 1881.60  3.50
 1882.30  3.50
 1883.00  3.50
 1883.70  3.50
 1884.40  3.50
 1885.10  3.50
 1885.80  3.50
 1886.50  3.50
 1887.20  3.50
 1887.90  3.50
 1888.60  3.50
 1889.30  3.50
 1890.00  3.50
 1890.70  3.50
 1891.40  3.50
 1892.10  3.50
 1892.80  3.50
 1893.50  3.50
 1894.20  3.50
 1894.90  3.50
 1895.60  3.50
 1896.30  3.50
 1897.00  3.50
 1897.70  3.50
 1898.40  3.50
 1899.10  3.50
 1899.80  3.50
 1900.50  3.50
 1901.20  3.50
 1901.90  3.50
 1902.60  3.50
 1903.30  3.50
 1904.00  3.50
 1904.70  3.50
 1905.40  3.50
 1906.10  3.50
 1906.80  3.50
 1907.50  3.50
 1908.20  3.50
 1908.90  3.50
 1909.60  3.50
 1910.30  3.50
 1911.00  3.50
 1911.70  3.50
 1912.40  3.50
 1913.10  3.50
 1913.80  3.50
 1914.50  3.50
 1915.20  3.50
 1915.90  3.50
 1916.60  3.50
 1917.30  3.50
 1918.00  3.50
 1918.70  3.50
 1919.40  3.50
 1920.10  3.50
 1920.80  3.50
 1921.50  3.50
 1922.20  3.50
 1922.90  3.50
 1923.60  3.50
 1924.30  3.50
 1925.00  3.50
 1925.70  3.50
 1926.40  3.50
 1927.10  3.50
 1927.80  3.50
 1928.50  3.50
 1929.20  3.50
 1929.90  3.50
 1930.60  3.50
 1931.30  3.50
 1932.00  3.50
 1932.70  3.50
 1933.40  3.50
 1934.10  3.50
 1934.80  3.50
 1935.50  3.50
 1936.20  3.50
 1936.90  3.50
 1937.60  3.50
 1938.30  3.50
 1939.00  3.50
 1939.70  3.50
 1940.40  3.50
 1941.10  3.50
 1941.80  3.50
 1942.50  3.50
 1943.20  3.50
 1943.90  3.50
 1944.60  3.50
 1945.30  3.50
 1946.00  3.50
 1946.70  3.50
 1947.40  3.50
 1948.10  3.50
 1948.80  3.50
 1949.50  3.50
 1950.20  3.50
 1950.90  3.50
 1951.60  3.50
 1952.30  3.50
 1953.00  3.50
 1953.70  3.50
 1954.40  3.50
 1955.10  3.50
 1955.80  3.50
 1956.50  3.50
 1957.20  3.50
 1957.90  3.50
 1958.60  3.50
 1959.30  3.50
 1960.00  3.50
 1960.70  3.50
 1961.40  3.50
 1962.10  3.50
 1962.80  3.50
 1963.50  3.50
 1964.20  3.50
 1964.90  3.50
 1965.60  3.50
 1966.30  3.50
 1967.00  3.50
 1967.70  3.50
 1968.40  3.50
 1969.10  3.50
 1969.80  3.50
 1970.50  3.50
 1971.20  3.50
 1971.90  3.50
 1972.60  3.50
 1973.30  3.50
 1974.00  3.50
 1974.70  3.50
 1975.40  3.50
 1976.10  3.50
 1976.80  3.50
 1977.50  3.50
 1978.20  3.50
 1978.90  3.50
 1979.60  3.50
 1980.30  3.50
 1981.00  3.50
 1981.70  3.50
 1982.40  3.50
 1983.10  3.50
 1983.80  3.50
 1984.50  3.50
 1985.20  3.50
 1985.90  3.50
 1986.60  3.50
 1987.30  3.50
 1988.00  3.50
 1988.70  3.50
 1989.40  3.50
 1990.10  3.50
 1990.80  3.50
 1991.50  3.50
 1992.20  3.50
 1992.90  3.50
 1993.60  3.50
 1994.30  3.50
 1995.00  3.50
 1995.70  3.50
 1996.40  3.50
 1997.10  3.50
 1997.80  3.50
 1998.50  3.50
 1999.20  3.50
 1999.90  3.50
 2000.60  3.50
 2001.30  3.50
 2002.00  3.50
 2002.70  3.50
 2003.40  3.50
 2004.10  3.50
 2004.80  3.50
 2005.50  3.50
 2006.20  3.50
 2006.90  3.50
 2007.60  3.50
 2008.30  3.50
 2009.00  3.50
 2009.70  3.50
 2010.40  3.50
 2011.10  3.50
 2011.80  3.50
 2012.50  3.50
 2013.20  3.50
 2013.90  3.50
 2014.60  3.50
 2015.30  3.50
 2016.00  3.50
 2016.70  3.50
 2017.40  3.50
 2018.10  3.50
 2018.80  3.50
 2019.50  3.50
 2020.20  3.50
 2020.90  3.50
 2021.60  3.50
 2022.30  3.50
 2023.00  3.50
 2023.70  3.50
 2024.40  3.50
 2025.10  3.50
 2025.80  3.50
 2026.50  3.50
 2027.20  3.50
 2027.90  3.50
 2028.60  3.50
 2029.30  3.50
 2030.00  3.50
 2030.70  3.50
 2031.40  3.50
 2032.10  3.50
 2032.80  3.50
 2033.50  3.50
 2034.20  3.50
 2034.90  3.50
 2035.60  3.50
 2036.30  3.50
 2037.00  3.50
 2037.70  3.50
 2038.40  3.50
 2039.10  3.50
 2039.80  3.50
 2040.50  3.50
 2041.20  3.50
 2041.90  3.50
 2042.60  3.50
 2043.30  3.50
 2044.00  3.50
 2044.70  3.50
 2045.40  3.50
 2046.10  3.50
 2046.80  3.50
 2047.50  3.50
 2048.20  3.50
 2048.90  3.50
 2049.60  3.50
 2050.30  3.50
 2051.00  3.50
 2051.70  3.50
 2052.40  3.50
 2053.10  3.50
 2053.80  3.50
 2054.50  3.50
 2055.20  3.50
 2055.90  3.50
 2056.60  3.50
 2057.30  3.50
 2058.00  3.50
 2058.70  3.50
 2059.40  3.50
 2060.10  3.50
 2060.80  3.50
 2061.50  3.50
 2062.20  3.50
 2062.90  3.50
 2063.60  3.50
 2064.30  3.50
 2065.00  3.50
 2065.70  3.50
 2066.40  3.50
 2067.10  3.50
 2067.80  3.50
 2068.50  3.50
 2069.20  3.50
 2069.90  3.50
 2070.60  3.50
 2071.30  3.50
 2072.00  3.50
 2072.70  3.50
 2073.40  3.50
 2074.10  3.50
 2074.80  3.50
 2075.50  3.50
 2076.20  3.50
 2076.90  3.50
 2077.60  3.50
 2078.30  3.50
 2079.00  3.50
 2079.70  3.50
 2080.40  3.50
 2081.10  3.50
 2081.80  3.50
 2082.50  3.50
 2083.20  3.50
 2083.90  3.50
 2084.60  3.50
 2085.30  3.50
 2086.00  3.50
 2086.70  3.50
 2087.40  3.50
 2088.10  3.50
 2088.80  3.50
 2089.50  3.50
 2090.20  3.50
 2090.90  3.50
 2091.60  3.50
 2092.30  3.50
 2093.00  3.50
 2093.70  3.50
 2094.40  3.50
 2095.10  3.50
 2095.80  3.50
 2096.50  3.50
 2097.20  3.50
 2097.90  3.50
 2098.60  3.50
 2099.30  3.50
 2100.00  3.50
 2100.70  3.50
 2101.40  3.50
 2102.10  3.50
 2102.80  3.50
 2103.50  3.50
 2104.20  3.50
 2104.90  3.50
 2105.60  3.50
 2106.30  3.50
 2107.00  3.50
 2107.70  3.50
 2108.40  3.50
 2109.10  3.50
 2109.80  3.50
 2110.50  3.50
 2111.20  3.50
 2111.90  3.50
 2112.60  3.50
 2113.30  3.50
 2114.00  3.50
 2114.70  3.50
 2115.40  3.50
 2116.10  3.50
 2116.80  3.50
 2117.50  3.50
 2118.20  3.50
 2118.90  3.50
 2119.60  3.50
 2120.30  3.50
 2121.00  3.50
 2121.70  3.50
 2122.40  3.50
 2123.10  3.50
 2123.80  3.50
 2124.50  3.50
 2125.20  3.50
 2125.90  3.50
 2126.60  3.50
 2127.30  3.50
 2128.00  3.50
 2128.70  3.50
 2129.40  3.50
 2130.10  3.50
 2130.80  3.50
 2131.50  3.50
 2132.20  3.50
 2132.90  3.50
 2133.60  3.50
 2134.30  3.50
 2135.00  3.50
 2135.70  3.50
 2136.40  3.50
 2137.10  3.50
 2137.80  3.50
 2138.50  3.50
 2139.20  3.50
 2139.90  3.50
 2140.60  3.50
 2141.30  3.50
 2142.00  3.50
 2142.70  3.50
 2143.40  3.50
 2144.10  3.50
 2144.80  3.50
 2145.50  3.50
 2146.20  3.50
 2146.90  3.50
 2147.60  3.50
 2148.30  3.50
 2149.00  3.50
 2149.70  3.50
 2150.40  3.50
 2151.10  3.50
 2151.80  3.50
 2152.50  3.50
 2153.20  3.50
 2153.90  3.50
 2154.60  3.50
 2155.30  3.50
 2156.00  3.50
 2156.70  3.50
 2157.40  3.50
 2158.10  3.50
 2158.80  3.50
 2159.50  3.50
 2160.20  3.50
 2160.90  3.50
 2161.60  3.50
 2162.30  3.50
 2163.00  3.50
 2163.70  3.50
 2164.40  3.50
 2165.10  3.50
 2165.80  3.50
 2166.50  3.50
 2167.20  3.50
 2167.90  3.50
 2168.60  3.50
 2169.30  3.50
 2170.00  3.50
 2170.70  3.50
 2171.40  3.50
 2172.10  3.50
 2172.80  3.50
 2173.50  3.50
 2174.20  3.50
 2174.90  3.50
 2175.60  3.50
 2176.30  3.50
 2177.00  3.50
 2177.70  3.50
 2178.40  3.50
 2179.10  3.50
 2179.80  3.50
 2180.50  3.50
 2181.20  3.50
 2181.90  3.50
 2182.60  3.50
 2183.30  3.50
 2184.00  3.50
 2184.70  3.50
 2185.40  3.50
 2186.10  3.50
 2186.80  3.50
 2187.50  3.50
 2188.20  3.50
 2188.90  3.50
 2189.60  3.50
 2190.30  3.50
 2191.00  3.50
 2191.70  3.50
 2192.40  3.50
 2193.10  3.50
 2193.80  3.50
 2194.50  3.50
 2195.20  3.50
 2195.90  3.50
 2196.60  3.50
 2197.30  3.50
 2198.00  3.50
 2198.70  3.50
 2199.40  3.50
 2200.10  3.50
 2200.80  3.50
 2201.50  3.50
 2202.20  3.50
 2202.90  3.50
 2203.60  3.50
 2204.30  3.50
 2205.00  3.50
 2205.70  3.50
 2206.40  3.50
 2207.10  3.50
 2207.80  3.50
 2208.50  3.50
 2209.20  3.50
 2209.90  3.50
 2210.60  3.50
 2211.30  3.50
 2212.00  3.50
 2212.70  3.50
 2213.40  3.50
 2214.10  3.50
 2214.80  3.50
 2215.50  3.50
 2216.20  3.50
 2216.90  3.50
 2217.60  3.50
 2218.30  3.50
 2219.00  3.50
 2219.70  3.50
 2220.40  3.50
 2221.10  3.50
 2221.80  3.50
 2222.50  3.50
 2223.20  3.50
 2223.90  3.50
 2224.60  3.50
 2225.30  3.50
 2226.00  3.50
 2226.70  3.50
 2227.40  3.50
 2228.10  3.50
 2228.80  3.50
 2229.50  3.50
 2230.20  3.50
 2230.90  3.50
 2231.60  3.50
 2232.30  3.50
 2233.00  3.50
 2233.70  3.50
 2234.40  3.50
 2235.10  3.50
 2235.80  3.50
 2236.50  3.50
 2237.20  3.50
 2237.90  3.50
 2238.60  3.50
 2239.30  3.50
 2240.00  3.50
 2240.70  3.50
 2241.40  3.50
 2242.10  3.50
 2242.80  3.50
 2243.50  3.50
 2244.20  3.50
 2244.90  3.50
 2245.60  3.50
 2246.30  3.50
 2247.00  3.50
 2247.70  3.50
 2248.40  3.50
 2249.10  3.50
 2249.80  3.50
 2250.50  3.50
 2251.20  3.50
 2251.90  3.50
 2252.60  3.50
 2253.30  3.50
 2254.00  3.50
 2254.70  3.50
 2255.40  3.50
 2256.10  3.50
 2256.80  3.50
 2257.50  3.50
 2258.20  3.50
 2258.90  3.50
 2259.60  3.50
 2260.30  3.50
 2261.00  3.50
 2261.70  3.50
 2262.40  3.50
 2263.10  3.50
 2263.80  3.50
 2264.50  3.50
 2265.20  3.50
 2265.90  3.50
 2266.60  3.50
 2267.30  3.50
 2268.00  3.50
 2268.70  3.50
 2269.40  3.50
 2270.10  3.50
 2270.80  3.50
 2271.50  3.50
 2272.20  3.50
 2272.90  3.50
 2273.60  3.50
 2274.30  3.50
 2275.00  3.50
 2275.70  3.50
 2276.40  3.50
 2277.10  3.50
 2277.80  3.50
 2278.50  3.50
 2279.20  3.50
 2279.90  3.50
 2280.60  3.50
 2281.30  3.50
 2282.00  3.50
 2282.70  3.50
 2283.40  3.50
 2284.10  3.50
 2284.80  3.50
 2285.50  3.50
 2286.20  3.50
 2286.90  3.50
 2287.60  3.50
 2288.30  3.50
 2289.00  3.50
 2289.70  3.50
 2290.40  3.50
 2291.10  3.50
 2291.80  3.50
 2292.50  3.50
 2293.20  3.50
 2293.90  3.50
 2294.60  3.50
 2295.30  3.50
 2296.00  3.50
 2296.70  3.50
 2297.40  3.50
 2298.10  3.50
 2298.80  3.50
 2299.50  3.50
 2300.20  3.50
 2300.90  3.50
 2301.60  3.50
 2302.30  3.50
 2303.00  3.50
 2303.70  3.50
 2304.40  3.50
 2305.10  3.50
 2305.80  3.50
 2306.50  3.50
 2307.20  3.50
 2307.90  3.50
 2308.60  3.50
 2309.30  3.50
 2310.00  3.50
 2310.70  3.50
 2311.40  3.50
 2312.10  3.50
 2312.80  3.50
 2313.50  3.50
 2314.20  3.50
 2314.90  3.50
 2315.60  3.50
 2316.30  3.50
 2317.00  3.50
 2317.70  3.50
 2318.40  3.50
 2319.10  3.50
 2319.80  3.50
 2320.50  3.50
 2321.20  3.50
 2321.90  3.50
 2322.60  3.50
 2323.30  3.50
 2324.00  3.50
 2324.70  3.50
 2325.40  3.50
 2326.10  3.50
 2326.80  3.50
 2327.50  3.50
 2328.20  3.50
 2328.90  3.50
 2329.60  3.50
 2330.30  3.50
 2331.00  3.50
 2331.70  3.50
 2332.40  3.50
 2333.10  3.50
 2333.80  3.50
 2334.50  3.50
 2335.20  3.50
 2335.90  3.50
 2336.60  3.50
 2337.30  3.50
 2338.00  3.50
 2338.70  3.50
 2339.40  3.50
 2340.10  3.50
 2340.80  3.50
 2341.50  3.50
 2342.20  3.50
 2342.90  3.50
 2343.60  3.50
 2344.30  3.50
 2345.00  3.50
 2345.70  3.50
 2346.40  3.50
 2347.10  3.50
 2347.80  3.50
 2348.50  3.50
 2349.20  3.50
 2349.90  3.50
 2350.60  3.50
 2351.30  3.50
 2352.00  3.50
 2352.70  3.50
 2353.40  3.50
 2354.10  3.50
 2354.80  3.50
 2355.50  3.50
 2356.20  3.50
 2356.90  3.50
 2357.60  3.50
 2358.30  3.50
 2359.00  3.50
 2359.70  3.50
 2360.40  3.50
 2361.10  3.50
 2361.80  3.50
 2362.50  3.50
 2363.20  3.50
 2363.90  3.50
 2364.60  3.50
 2365.30  3.50
 2366.00  3.50
 2366.70  3.50
 2367.40  3.50
 2368.10  3.50
 2368.80  3.50
 2369.50  3.50
 2370.20  3.50
 2370.90  3.50
 2371.60  3.50
 2372.30  3.50
 2373.00  3.50
 2373.70  3.50
 2374.40  3.50
 2375.10  3.50
 2375.80  3.50
 2376.50  3.50
 2377.20  3.50
 2377.90  3.50
 2378.60  3.50
 2379.30  3.50
 2380.00  3.50
 2380.70  3.50
 2381.40  3.50
 2382.10  3.50
 2382.80  3.50
 2383.50  3.50
 2384.20  3.50
 2384.90  3.50
 2385.60  3.50
 2386.30  3.50
 2387.00  3.50
 2387.70  3.50
 2388.40  3.50
 2389.10  3.50
 2389.80  3.50
 2390.50  3.50
 2391.20  3.50
 2391.90  3.50
 2392.60  3.50
 2393.30  3.50
 2394.00  3.50
 2394.70  3.50
 2395.40  3.50
 2396.10  3.50
 2396.80  3.50
 2397.50  3.50
 2398.20  3.50
 2398.90  3.50
 2399.60  3.50
 2400.30  3.50
 2401.00  3.50
 2401.70  3.50
 2402.40  3.50
 2403.10  3.50
 2403.80  3.50
 2404.50  3.50
 2405.20  3.50
 2405.90  3.50
 2406.60  3.50
 2407.30  3.50
 2408.00  3.50
 2408.70  3.50
 2409.40  3.50
 2410.10  3.50
 2410.80  3.50
 2411.50  3.50
 2412.20  3.50
 2412.90  3.50
 2413.60  3.50
 2414.30  3.50
 2415.00  3.50
 2415.70  3.50
 2416.40  3.50
 2417.10  3.50
 2417.80  3.50
 2418.50  3.50
 2419.20  3.50
 2419.90  3.50
 2420.60  3.50
 2421.30  3.50
 2422.00  3.50
 2422.70  3.50
 2423.40  3.50
 2424.10  3.50
 2424.80  3.50
 2425.50  3.50
 2426.20  3.50
 2426.90  3.50
 2427.60  3.50
 2428.30  3.50
 2429.00  3.50
 2429.70  3.50
 2430.40  3.50
 2431.10  3.50
 2431.80  3.50
 2432.50  3.50
 2433.20  3.50
 2433.90  3.50
 2434.60  3.50
 2435.30  3.50
 2436.00  3.50
 2436.70  3.50
 2437.40  3.50
 2438.10  3.50
 2438.80  3.50
 2439.50  3.50
 2440.20  3.50
 2440.90  3.50
 2441.60  3.50
 2442.30  3.50
 2443.00  3.50
 2443.70  3.50
 2444.40  3.50
 2445.10  3.50
 2445.80  3.50
 2446.50  3.50
 2447.20  3.50
 2447.90  3.50
 2448.60  3.50
 2449.30  3.50
 2450.00  3.50
 2450.70  3.50
 2451.40  3.50
 2452.10  3.50
 2452.80  3.50
 2453.50  3.50
 2454.20  3.50
 2454.90  3.50
 2455.60  3.50
 2456.30  3.50
 2457.00  3.50
 2457.70  3.50
 2458.40  3.50
 2459.10  3.50
 2459.80  3.50
 2460.50  3.50
 2461.20  3.50
 2461.90  3.50
 2462.60  3.50
 2463.30  3.50
 2464.00  3.50
 2464.70  3.50
 2465.40  3.50
 2466.10  3.50
 2466.80  3.50
 2467.50  3.50
 2468.20  3.50
 2468.90  3.50
 2469.60  3.50
 2470.30  3.50
 2471.00  3.50
 2471.70  3.50
 2472.40  3.50
 2473.10  3.50
 2473.80  3.50
 2474.50  3.50
 2475.20  3.50
 2475.90  3.50
 2476.60  3.50
 2477.30  3.50
 2478.00  3.50
 2478.70  3.50
 2479.40  3.50
 2480.10  3.50
 2480.80  3.50
 2481.50  3.50
 2482.20  3.50
 2482.90  3.50
 2483.60  3.50
 2484.30  3.50
 2485.00  3.50
 2485.70  3.50
 2486.40  3.50
 2487.10  3.50
 2487.80  3.50
 2488.50  3.50
 2489.20  3.50
 2489.90  3.50
 2490.60  3.50
 2491.30  3.50
 2492.00  3.50
 2492.70  3.50
 2493.40  3.50
 2494.10  3.50
 2494.80  3.50
 2495.50  3.50
 2496.20  3.50
 2496.90  3.50
 2497.60  3.50
 2498.30  3.50
 2499.00  3.50
 2499.70  3.50
 2500.40  3.50
 2501.10  3.50
 2501.80  3.50
 2502.50  3.50
 2503.20  3.50
 2503.90  3.50
 2504.60  3.50
 2505.30  3.50
 2506.00  3.50
 2506.70  3.50
 2507.40  3.50
 2508.10  3.50
 2508.80  3.50
 2509.50  3.50
 2510.20  3.50
 2510.90  3.50
 2511.60  3.50
 2512.30  3.50
 2513.00  3.50
 2513.70  3.50
 2514.40  3.50
 2515.10  3.50
 2515.80  3.50
 2516.50  3.50
 2517.20  3.50
 2517.90  3.50
 2518.60  3.50
 2519.30  3.50
 2520.00  3.50
 2520.70  3.50
 2521.40  3.50
 2522.10  3.50
 2522.80  3.50
 2523.50  3.50
 2524.20  3.50
 2524.90  3.50
 2525.60  3.50
 2526.30  3.50
 2527.00  3.50
 2527.70  3.50
 2528.40  3.50
 2529.10  3.50
 2529.80  3.50
 2530.50  3.50
 2531.20  3.50
 2531.90  3.50
 2532.60  3.50
 2533.30  3.50
 2534.00  3.50
 2534.70  3.50
 2535.40  3.50
 2536.10  3.50
 2536.80  3.50
 2537.50  3.50
 2538.20  3.50
 2538.90  3.50
 2539.60  3.50
 2540.30  3.50
 2541.00  3.50
 2541.70  3.50
 2542.40  3.50
 2543.10  3.50
 2543.80  3.50
 2544.50  3.50
 2545.20  3.50
 2545.90  3.50
 2546.60  3.50
 2547.30  3.50
 2548.00  3.50
 2548.70  3.50
 2549.40  3.50
 2550.10  3.50
 2550.80  3.50
 2551.50  3.50
 2552.20  3.50
 2552.90  3.50
 2553.60  3.50
 2554.30  3.50
 2555.00  3.50
 2555.70  3.50
 2556.40  3.50
 2557.10  3.50
 2557.80  3.50
 2558.50  3.50
 2559.20  3.50
 2559.90  3.50
 2560.60  3.50
 2561.30  3.50
 2562.00  3.50
 2562.70  3.50
 2563.40  3.50
 2564.10  3.50
 2564.80  3.50
 2565.50  3.50
 2566.20  3.50
 2566.90  3.50
 2567.60  3.50
 2568.30  3.50
 2569.00  3.50
 2569.70  3.50
 2570.40  3.50
 2571.10  3.50
 2571.80  3.50
 2572.50  3.50
 2573.20  3.50
 2573.90  3.50
 2574.60  3.50
 2575.30  3.50
 2576.00  3.50
 2576.70  3.50
 2577.40  3.50
 2578.10  3.50
 2578.80  3.50
 2579.50  3.50
 2580.20  3.50
 2580.90  3.50
 2581.60  3.50
 2582.30  3.50
 2583.00  3.50
 2583.70  3.50
 2584.40  3.50
 2585.10  3.50
 2585.80  3.50
 2586.50  3.50
 2587.20  3.50
 2587.90  3.50
 2588.60  3.50
 2589.30  3.50
 2590.00  3.50
 2590.70  3.50
 2591.40  3.50
 2592.10  3.50
 2592.80  3.50
 2593.50  3.50
 2594.20  3.50
 2594.90  3.50
 2595.60  3.50
 2596.30  3.50
 2597.00  3.50
 2597.70  3.50
 2598.40  3.50
 2599.10  3.50
 2599.80  3.50
 2600.50  3.50
 2601.20  3.50
 2601.90  3.50
 2602.60  3.50
 2603.30  3.50
 2604.00  3.50
 2604.70  3.50
 2605.40  3.50
 2606.10  3.50
 2606.80  3.50
 2607.50  3.50
 2608.20  3.50
 2608.90  3.50
 2609.60  3.50
 2610.30  3.50
 2611.00  3.50
 2611.70  3.50
 2612.40  3.50
 2613.10  3.50
 2613.80  3.50
 2614.50  3.50
 2615.20  3.50
 2615.90  3.50
 2616.60  3.50
 2617.30  3.50
 2618.00  3.50
 2618.70  3.50
 2619.40  3.50
 2620.10  3.50
 2620.80  3.50
 2621.50  3.50
 2622.20  3.50
 2622.90  3.50
 2623.60  3.50
 2624.30  3.50
 2625.00  3.50
 2625.70  3.50
 2626.40  3.50
 2627.10  3.50
 2627.80  3.50
 2628.50  3.50
 2629.20  3.50
 2629.90  3.50
 2630.60  3.50
 2631.30  3.50
 2632.00  3.50
 2632.70  3.50
 2633.40  3.50
 2634.10  3.50
 2634.80  3.50
 2635.50  3.50
 2636.20  3.50
 2636.90  3.50
 2637.60  3.50
 2638.30  3.50
 2639.00  3.50
 2639.70  3.50
 2640.40  3.50
 2641.10  3.50
 2641.80  3.50
 2642.50  3.50
 2643.20  3.50
 2643.90  3.50
 2644.60  3.50
 2645.30  3.50
 2646.00  3.50
 2646.70  3.50
 2647.40  3.50
 2648.10  3.50
 2648.80  3.50
 2649.50  3.50
 2650.20  3.50
 2650.90  3.50
 2651.60  3.50
 2652.30  3.50
 2653.00  3.50
 2653.70  3.50
 2654.40  3.50
 2655.10  3.50
 2655.80  3.50
 2656.50  3.50
 2657.20  3.50
 2657.90  3.50
 2658.60  3.50
 2659.30  3.50
 2660.00  3.50
 2660.70  3.50
 2661.40  3.50
 2662.10  3.50
 2662.80  3.50
 2663.50  3.50
 2664.20  3.50
 2664.90  3.50
 2665.60  3.50
 2666.30  3.50
 2667.00  3.50
 2667.70  3.50
 2668.40  3.50
 2669.10  3.50
 2669.80  3.50
 2670.50  3.50
 2671.20  3.50
 2671.90  3.50
 2672.60  3.50
 2673.30  3.50
 2674.00  3.50
 2674.70  3.50
 2675.40  3.50
 2676.10  3.50
 2676.80  3.50
 2677.50  3.50
 2678.20  3.50
 2678.90  3.50
 2679.60  3.50
 2680.30  3.50
 2681.00  3.50
 2681.70  3.50
 2682.40  3.50
 2683.10  3.50
 2683.80  3.50
 2684.50  3.50
 2685.20  3.50
 2685.90  3.50
 2686.60  3.50
 2687.30  3.50
 2688.00  3.50
 2688.70  3.50
 2689.40  3.50
 2690.10  3.50
 2690.80  3.50
 2691.50  3.50
 2692.20  3.50
 2692.90  3.50
 2693.60  3.50
 2694.30  3.50
 2695.00  3.50
 2695.70  3.50
 2696.40  3.50
 2697.10  3.50
 2697.80  3.50
 2698.50  3.50
 2699.20  3.50
 2699.90  3.50
 2700.60  3.50
 2701.30  3.50
 2702.00  3.50
 2702.70  3.50
 2703.40  3.50
 2704.10  3.50
 2704.80  3.50
 2705.50  3.50
 2706.20  3.50
 2706.90  3.50
 2707.60  3.50
 2708.30  3.50
 2709.00  3.50
 2709.70  3.50
 2710.40  3.50
 2711.10  3.50
 2711.80  3.50
 2712.50  3.50
 2713.20  3.50
 2713.90  3.50
 2714.60  3.50
 2715.30  3.50
 2716.00  3.50
 2716.70  3.50
 2717.40  3.50
 2718.10  3.50
 2718.80  3.50
 2719.50  3.50
 2720.20  3.50
 2720.90  3.50
 2721.60  3.50
 2722.30  3.50
 2723.00  3.50
 2723.70  3.50
 2724.40  3.50
 2725.10  3.50
 2725.80  3.50
 2726.50  3.50
 2727.20  3.50
 2727.90  3.50
 2728.60  3.50
 2729.30  3.50
 2730.00  3.50
 2730.70  3.50
 2731.40  3.50
 2732.10  3.50
 2732.80  3.50
 2733.50  3.50
 2734.20  3.50
 2734.90  3.50
 2735.60  3.50
 2736.30  3.50
 2737.00  3.50
 2737.70  3.50
 2738.40  3.50
 2739.10  3.50
 2739.80  3.50
 2740.50  3.50
 2741.20  3.50
 2741.90  3.50
 2742.60  3.50
 2743.30  3.50
 2744.00  3.50
 2744.70  3.50
 2745.40  3.50
 2746.10  3.50
 2746.80  3.50
 2747.50  3.50
 2748.20  3.50
 2748.90  3.50
 2749.60  3.50
 2750.30  3.50
 2751.00  3.50
 2751.70  3.50
 2752.40  3.50
 2753.10  3.50
 2753.80  3.50
 2754.50  3.50
 2755.20  3.50
 2755.90  3.50
 2756.60  3.50
 2757.30  3.50
 2758.00  3.50
 2758.70  3.50
 2759.40  3.50
 2760.10  3.50
 2760.80  3.50
 2761.50  3.50
 2762.20  3.50
 2762.90  3.50
 2763.60  3.50
 2764.30  3.50
 2765.00  3.50
 2765.70  3.50
 2766.40  3.50
 2767.10  3.50
 2767.80  3.50
 2768.50  3.50
 2769.20  3.50
 2769.90  3.50
 2770.60  3.50
 2771.30  3.50
 2772.00  3.50
 2772.70  3.50
 2773.40  3.50
 2774.10  3.50
 2774.80  3.50
 2775.50  3.50
 2776.20  3.50
 2776.90  3.50
 2777.60  3.50
 2778.30  3.50
 2779.00  3.50
 2779.70  3.50
 2780.40  3.50
 2781.10  3.50
 2781.80  3.50
 2782.50  3.50
 2783.20  3.50
 2783.90  3.50
 2784.60  3.50
 2785.30  3.50
 2786.00  3.50
 2786.70  3.50
 2787.40  3.50
 2788.10  3.50
 2788.80  3.50
 2789.50  3.50
 2790.20  3.50
 2790.90  3.50
 2791.60  3.50
 2792.30  3.50
 2793.00  3.50
 2793.70  3.50
 2794.40  3.50
 2795.10  3.50
 2795.80  3.50
 2796.50  3.50
 2797.20  3.50
 2797.90  3.50
 2798.60  3.50
 2799.30  3.50
 2800.00  3.50
 2800.70  3.50
 2801.40  3.50
 2802.10  3.50
 2802.80  3.50
 2803.50  3.50
 2804.20  3.50
 2804.90  3.50
 2805.60  3.50
 2806.30  3.50
 2807.00  3.50
 2807.70  3.50
 2808.40  3.50
 2809.10  3.50
 2809.80  3.50
 2810.50  3.50
 2811.20  3.50
 2811.90  3.50
 2812.60  3.50
 2813.30  3.50
 2814.00  3.50
 2814.70  3.50
 2815.40  3.50
 2816.10  3.50
 2816.80  3.50
 2817.50  3.50
 2818.20  3.50
 2818.90  3.50
 2819.60  3.50
 2820.30  3.50
 2821.00  3.50
 2821.70  3.50
 2822.40  3.50
 2823.10  3.50
 2823.80  3.50
 2824.50  3.50
 2825.20  3.50
 2825.90  3.50
 2826.60  3.50
 2827.30  3.50
 2828.00  3.50
 2828.70  3.50
 2829.40  3.50
 2830.10  3.50
 2830.80  3.50
 2831.50  3.50
 2832.20  3.50
 2832.90  3.50
 2833.60  3.50
 2834.30  3.50
 2835.00  3.50
 2835.70  3.50
 2836.40  3.50
 2837.10  3.50
 2837.80  3.50
 2838.50  3.50
 2839.20  3.50
 2839.90  3.50
 2840.60  3.50
 2841.30  3.50
 2842.00  3.50
 2842.70  3.50
 2843.40  3.50
 2844.10  3.50
 2844.80  3.50
 2845.50  3.50
 2846.20  3.50
 2846.90  3.50
 2847.60  3.50
 2848.30  3.50
 2849.00  3.50
 2849.70  3.50
 2850.40  3.50
 2851.10  3.50
 2851.80  3.50
 2852.50  3.50
 2853.20  3.50
 2853.90  3.50
 2854.60  3.50
 2855.30  3.50
 2856.00  3.50
 2856.70  3.50
 2857.40  3.50
 2858.10  3.50
 2858.80  3.50
 2859.50  3.50
 2860.20  3.50
 2860.90  3.50
 2861.60  3.50
 2862.30  3.50
 2863.00  3.50
 2863.70  3.50
 2864.40  3.50
 2865.10  3.50
 2865.80  3.50
 2866.50  3.50
 2867.20  3.50
 2867.90  3.50
 2868.60  3.50
 2869.30  3.50
 2870.00  3.50
 2870.70  3.50
 2871.40  3.50
 2872.10  3.50
 2872.80  3.50
 2873.50  3.50
 2874.20  3.50
 2874.90  3.50
 2875.60  3.50
 2876.30  3.50
 2877.00  3.50
 2877.70  3.50
 2878.40  3.50
 2879.10  3.50
 2879.80  3.50
 2880.50  3.50
 2881.20  3.50
 2881.90  3.50
 2882.60  3.50
 2883.30  3.50
 2884.00  3.50
 2884.70  3.50
 2885.40  3.50
 2886.10  3.50
 2886.80  3.50
 2887.50  3.50
 2888.20  3.50
 2888.90  3.50
 2889.60  3.50
 2890.30  3.50
 2891.00  3.50
 2891.70  3.50
 2892.40  3.50
 2893.10  3.50
 2893.80  3.50
 2894.50  3.50
 2895.20  3.50
 2895.90  3.50
 2896.60  3.50
 2897.30  3.50
 2898.00  3.50
 2898.70  3.50
 2899.40  3.50
 2900.10  3.50
 2900.80  3.50
 2901.50  3.50
 2902.20  3.50
 2902.90  3.50
 2903.60  3.50
 2904.30  3.50
 2905.00  3.50
 2905.70  3.50
 2906.40  3.50
 2907.10  3.50
 2907.80  3.50
 2908.50  3.50
 2909.20  3.50
 2909.90  3.50
 2910.60  3.50
 2911.30  3.50
 2912.00  3.50
 2912.70  3.50
 2913.40  3.50
 2914.10  3.50
 2914.80  3.50
 2915.50  3.50
 2916.20  3.50
 2916.90  3.50
 2917.60  3.50
 2918.30  3.50
 2919.00  3.50
 2919.70  3.50
 2920.40  3.50
 2921.10  3.50
 2921.80  3.50
 2922.50  3.50
 2923.20  3.50
 2923.90  3.50
 2924.60  3.50
 2925.30  3.50
 2926.00  3.50
 2926.70  3.50
 2927.40  3.50
 2928.10  3.50
 2928.80  3.50
 2929.50  3.50
 2930.20  3.50
 2930.90  3.50
 2931.60  3.50
 2932.30  3.50
 2933.00  3.50
 2933.70  3.50
 2934.40  3.50
 2935.10  3.50
 2935.80  3.50
 2936.50  3.50
 2937.20  3.50
 2937.90  3.50
 2938.60  3.50
 2939.30  3.50
 2940.00  3.50
 2940.70  3.50
 2941.40  3.50
 2942.10  3.50
 2942.80  3.50
 2943.50  3.50
 2944.20  3.50
 2944.90  3.50
 2945.60  3.50
 2946.30  3.50
 2947.00  3.50
 2947.70  3.50
 2948.40  3.50
 2949.10  3.50
 2949.80  3.50
 2950.50  3.50
 2951.20  3.50
 2951.90  3.50
 2952.60  3.50
 2953.30  3.50
 2954.00  3.50
 2954.70  3.50
 2955.40  3.50
 2956.10  3.50
 2956.80  3.50
 2957.50  3.50
 2958.20  3.50
 2958.90  3.50
 2959.60  3.50
 2960.30  3.50
 2961.00  3.50
 2961.70  3.50
 2962.40  3.50
 2963.10  3.50
 2963.80  3.50
 2964.50  3.50
 2965.20  3.50
 2965.90  3.50
 2966.60  3.50
 2967.30  3.50
 2968.00  3.50
 2968.70  3.50
 2969.40  3.50
 2970.10  3.50
 2970.80  3.50
 2971.50  3.50
 2972.20  3.50
 2972.90  3.50
 2973.60  3.50
 2974.30  3.50
 2975.00  3.50
 2975.70  3.50
 2976.40  3.50
 2977.10  3.50
 2977.80  3.50
 2978.50  3.50
 2979.20  3.50
 2979.90  3.50
 2980.60  3.50
 2981.30  3.50
 2982.00  3.50
 2982.70  3.50
 2983.40  3.50
 2984.10  3.50
 2984.80  3.50
 2985.50  3.50
 2986.20  3.50
 2986.90  3.50
 2987.60  3.50
 2988.30  3.50
 2989.00  3.50
 2989.70  3.50
 2990.40  3.50
 2991.10  3.50
 2991.80  3.50
 2992.50  3.50
 2993.20  3.50
 2993.90  3.50
 2994.60  3.50
 2995.30  3.50
 2996.00  3.50
 2996.70  3.50
 2997.40  3.50
 2998.10  3.50
 2998.80  3.50
 2999.50  3.50
