#Navio B MarAd
#Manobra de Curva Giro
#
#Eta 
#
#temp      rot 
 0.00  1.00
 0.70  1.00
 1.40  1.00
 2.10  1.00
 2.80  1.00
 3.50  1.00
 4.20  1.00
 4.90  1.00
 5.60  1.00
 6.30  1.00
 7.00  1.00
 7.70  1.00
 8.40  1.00
 9.10  1.00
 9.80  1.01
 10.50  1.01
 11.20  1.01
 11.90  1.01
 12.60  1.01
 13.30  1.01
 14.00  1.01
 14.70  1.01
 15.40  1.01
 16.10  1.01
 16.80  1.01
 17.50  1.01
 18.20  1.01
 18.90  1.01
 19.60  1.01
 20.30  1.01
 21.00  1.01
 21.70  1.01
 22.40  1.01
 23.10  1.01
 23.80  1.01
 24.50  1.02
 25.20  1.02
 25.90  1.02
 26.60  1.02
 27.30  1.02
 28.00  1.02
 28.70  1.02
 29.40  1.02
 30.10  1.02
 30.80  1.02
 31.50  1.02
 32.20  1.02
 32.90  1.02
 33.60  1.02
 34.30  1.02
 35.00  1.02
 35.70  1.02
 36.40  1.02
 37.10  1.03
 37.80  1.03
 38.50  1.03
 39.20  1.03
 39.90  1.03
 40.60  1.03
 41.30  1.03
 42.00  1.03
 42.70  1.03
 43.40  1.03
 44.10  1.03
 44.80  1.03
 45.50  1.03
 46.20  1.03
 46.90  1.03
 47.60  1.04
 48.30  1.04
 49.00  1.04
 49.70  1.04
 50.40  1.04
 51.10  1.04
 51.80  1.04
 52.50  1.04
 53.20  1.04
 53.90  1.04
 54.60  1.04
 55.30  1.04
 56.00  1.05
 56.70  1.05
 57.40  1.05
 58.10  1.05
 58.80  1.05
 59.50  1.05
 60.20  1.05
 60.90  1.05
 61.60  1.05
 62.30  1.05
 63.00  1.05
 63.70  1.06
 64.40  1.06
 65.10  1.06
 65.80  1.06
 66.50  1.06
 67.20  1.06
 67.90  1.06
 68.60  1.06
 69.30  1.06
 70.00  1.06
 70.70  1.07
 71.40  1.07
 72.10  1.07
 72.80  1.07
 73.50  1.07
 74.20  1.07
 74.90  1.07
 75.60  1.07
 76.30  1.07
 77.00  1.08
 77.70  1.08
 78.40  1.08
 79.10  1.08
 79.80  1.08
 80.50  1.08
 81.20  1.08
 81.90  1.08
 82.60  1.09
 83.30  1.09
 84.00  1.09
 84.70  1.09
 85.40  1.09
 86.10  1.09
 86.80  1.09
 87.50  1.10
 88.20  1.10
 88.90  1.10
 89.60  1.10
 90.30  1.10
 91.00  1.10
 91.70  1.10
 92.40  1.11
 93.10  1.11
 93.80  1.11
 94.50  1.11
 95.20  1.11
 95.90  1.11
 96.60  1.11
 97.30  1.12
 98.00  1.12
 98.70  1.12
 99.40  1.12
 100.10  1.12
 100.80  1.12
 101.50  1.13
 102.20  1.13
 102.90  1.13
 103.60  1.13
 104.30  1.13
 105.00  1.13
 105.70  1.14
 106.40  1.14
 107.10  1.14
 107.80  1.14
 108.50  1.14
 109.20  1.15
 109.90  1.15
 110.60  1.15
 111.30  1.15
 112.00  1.15
 112.70  1.16
 113.40  1.16
 114.10  1.16
 114.80  1.16
 115.50  1.16
 116.20  1.16
 116.90  1.17
 117.60  1.17
 118.30  1.17
 119.00  1.17
 119.70  1.18
 120.40  1.18
 121.10  1.18
 121.80  1.18
 122.50  1.18
 123.20  1.19
 123.90  1.19
 124.60  1.19
 125.30  1.19
 126.00  1.19
 126.70  1.20
 127.40  1.20
 128.10  1.20
 128.80  1.20
 129.50  1.21
 130.20  1.21
 130.90  1.21
 131.60  1.21
 132.30  1.21
 133.00  1.22
 133.70  1.22
 134.40  1.22
 135.10  1.22
 135.80  1.23
 136.50  1.23
 137.20  1.23
 137.90  1.23
 138.60  1.24
 139.30  1.24
 140.00  1.24
 140.70  1.24
 141.40  1.25
 142.10  1.25
 142.80  1.25
 143.50  1.25
 144.20  1.26
 144.90  1.26
 145.60  1.26
 146.30  1.26
 147.00  1.27
 147.70  1.27
 148.40  1.27
 149.10  1.27
 149.80  1.28
 150.50  1.28
 151.20  1.28
 151.90  1.28
 152.60  1.29
 153.30  1.29
 154.00  1.29
 154.70  1.29
 155.40  1.30
 156.10  1.30
 156.80  1.30
 157.50  1.31
 158.20  1.31
 158.90  1.31
 159.60  1.31
 160.30  1.32
 161.00  1.32
 161.70  1.32
 162.40  1.33
 163.10  1.33
 163.80  1.33
 164.50  1.33
 165.20  1.34
 165.90  1.34
 166.60  1.34
 167.30  1.35
 168.00  1.35
 168.70  1.35
 169.40  1.35
 170.10  1.36
 170.80  1.36
 171.50  1.36
 172.20  1.37
 172.90  1.37
 173.60  1.37
 174.30  1.37
 175.00  1.38
 175.70  1.38
 176.40  1.38
 177.10  1.39
 177.80  1.39
 178.50  1.39
 179.20  1.40
 179.90  1.40
 180.60  1.40
 181.30  1.41
 182.00  1.41
 182.70  1.41
 183.40  1.41
 184.10  1.42
 184.80  1.42
 185.50  1.42
 186.20  1.43
 186.90  1.43
 187.60  1.43
 188.30  1.44
 189.00  1.44
 189.70  1.44
 190.40  1.45
 191.10  1.45
 191.80  1.45
 192.50  1.46
 193.20  1.46
 193.90  1.46
 194.60  1.47
 195.30  1.47
 196.00  1.47
 196.70  1.48
 197.40  1.48
 198.10  1.48
 198.80  1.49
 199.50  1.49
 200.20  1.49
 200.90  1.50
 201.60  1.50
 202.30  1.50
 203.00  1.51
 203.70  1.51
 204.40  1.51
 205.10  1.52
 205.80  1.52
 206.50  1.52
 207.20  1.53
 207.90  1.53
 208.60  1.53
 209.30  1.54
 210.00  1.54
 210.70  1.54
 211.40  1.55
 212.10  1.55
 212.80  1.55
 213.50  1.56
 214.20  1.56
 214.90  1.56
 215.60  1.57
 216.30  1.57
 217.00  1.57
 217.70  1.58
 218.40  1.58
 219.10  1.58
 219.80  1.59
 220.50  1.59
 221.20  1.59
 221.90  1.60
 222.60  1.60
 223.30  1.60
 224.00  1.61
 224.70  1.61
 225.40  1.62
 226.10  1.62
 226.80  1.62
 227.50  1.63
 228.20  1.63
 228.90  1.63
 229.60  1.64
 230.30  1.64
 231.00  1.64
 231.70  1.65
 232.40  1.65
 233.10  1.65
 233.80  1.66
 234.50  1.66
 235.20  1.66
 235.90  1.67
 236.60  1.67
 237.30  1.68
 238.00  1.68
 238.70  1.68
 239.40  1.69
 240.10  1.69
 240.80  1.69
 241.50  1.70
 242.20  1.70
 242.90  1.70
 243.60  1.71
 244.30  1.71
 245.00  1.71
 245.70  1.72
 246.40  1.72
 247.10  1.73
 247.80  1.73
 248.50  1.73
 249.20  1.74
 249.90  1.74
 250.60  1.74
 251.30  1.75
 252.00  1.75
 252.70  1.75
 253.40  1.76
 254.10  1.76
 254.80  1.77
 255.50  1.77
 256.20  1.77
 256.90  1.78
 257.60  1.78
 258.30  1.78
 259.00  1.79
 259.70  1.79
 260.40  1.79
 261.10  1.80
 261.80  1.80
 262.50  1.81
 263.20  1.81
 263.90  1.81
 264.60  1.82
 265.30  1.82
 266.00  1.82
 266.70  1.83
 267.40  1.83
 268.10  1.83
 268.80  1.84
 269.50  1.84
 270.20  1.84
 270.90  1.85
 271.60  1.85
 272.30  1.86
 273.00  1.86
 273.70  1.86
 274.40  1.87
 275.10  1.87
 275.80  1.87
 276.50  1.88
 277.20  1.88
 277.90  1.88
 278.60  1.89
 279.30  1.89
 280.00  1.90
 280.70  1.90
 281.40  1.90
 282.10  1.91
 282.80  1.91
 283.50  1.91
 284.20  1.92
 284.90  1.92
 285.60  1.92
 286.30  1.93
 287.00  1.93
 287.70  1.94
 288.40  1.94
 289.10  1.94
 289.80  1.95
 290.50  1.95
 291.20  1.95
 291.90  1.96
 292.60  1.96
 293.30  1.96
 294.00  1.97
 294.70  1.97
 295.40  1.97
 296.10  1.98
 296.80  1.98
 297.50  1.99
 298.20  1.99
 298.90  1.99
 299.60  2.00
 300.30  2.00
 301.00  2.00
 301.70  2.01
 302.40  2.01
 303.10  2.01
 303.80  2.02
 304.50  2.02
 305.20  2.03
 305.90  2.03
 306.60  2.03
 307.30  2.04
 308.00  2.04
 308.70  2.04
 309.40  2.05
 310.10  2.05
 310.80  2.05
 311.50  2.06
 312.20  2.06
 312.90  2.06
 313.60  2.07
 314.30  2.07
 315.00  2.08
 315.70  2.08
 316.40  2.08
 317.10  2.09
 317.80  2.09
 318.50  2.09
 319.20  2.10
 319.90  2.10
 320.60  2.10
 321.30  2.11
 322.00  2.11
 322.70  2.11
 323.40  2.12
 324.10  2.12
 324.80  2.12
 325.50  2.13
 326.20  2.13
 326.90  2.13
 327.60  2.14
 328.30  2.14
 329.00  2.15
 329.70  2.15
 330.40  2.15
 331.10  2.16
 331.80  2.16
 332.50  2.16
 333.20  2.17
 333.90  2.17
 334.60  2.17
 335.30  2.18
 336.00  2.18
 336.70  2.18
 337.40  2.19
 338.10  2.19
 338.80  2.19
 339.50  2.20
 340.20  2.20
 340.90  2.20
 341.60  2.21
 342.30  2.21
 343.00  2.21
 343.70  2.22
 344.40  2.22
 345.10  2.22
 345.80  2.23
 346.50  2.23
 347.20  2.23
 347.90  2.24
 348.60  2.24
 349.30  2.24
 350.00  2.25
 350.70  2.25
 351.40  2.25
 352.10  2.26
 352.80  2.26
 353.50  2.26
 354.20  2.27
 354.90  2.27
 355.60  2.27
 356.30  2.28
 357.00  2.28
 357.70  2.28
 358.40  2.29
 359.10  2.29
 359.80  2.29
 360.50  2.30
 361.20  2.30
 361.90  2.30
 362.60  2.31
 363.30  2.31
 364.00  2.31
 364.70  2.32
 365.40  2.32
 366.10  2.32
 366.80  2.32
 367.50  2.33
 368.20  2.33
 368.90  2.33
 369.60  2.34
 370.30  2.34
 371.00  2.34
 371.70  2.35
 372.40  2.35
 373.10  2.35
 373.80  2.36
 374.50  2.36
 375.20  2.36
 375.90  2.37
 376.60  2.37
 377.30  2.37
 378.00  2.37
 378.70  2.38
 379.40  2.38
 380.10  2.38
 380.80  2.39
 381.50  2.39
 382.20  2.39
 382.90  2.40
 383.60  2.40
 384.30  2.40
 385.00  2.41
 385.70  2.41
 386.40  2.41
 387.10  2.41
 387.80  2.42
 388.50  2.42
 389.20  2.42
 389.90  2.43
 390.60  2.43
 391.30  2.43
 392.00  2.43
 392.70  2.44
 393.40  2.44
 394.10  2.44
 394.80  2.45
 395.50  2.45
 396.20  2.45
 396.90  2.46
 397.60  2.46
 398.30  2.46
 399.00  2.46
 399.70  2.47
 400.40  2.47
 401.10  2.47
 401.80  2.48
 402.50  2.48
 403.20  2.48
 403.90  2.48
 404.60  2.49
 405.30  2.49
 406.00  2.49
 406.70  2.50
 407.40  2.50
 408.10  2.50
 408.80  2.50
 409.50  2.51
 410.20  2.51
 410.90  2.51
 411.60  2.52
 412.30  2.52
 413.00  2.52
 413.70  2.52
 414.40  2.53
 415.10  2.53
 415.80  2.53
 416.50  2.53
 417.20  2.54
 417.90  2.54
 418.60  2.54
 419.30  2.55
 420.00  2.55
 420.70  2.55
 421.40  2.55
 422.10  2.56
 422.80  2.56
 423.50  2.56
 424.20  2.56
 424.90  2.57
 425.60  2.57
 426.30  2.57
 427.00  2.57
 427.70  2.58
 428.40  2.58
 429.10  2.58
 429.80  2.58
 430.50  2.59
 431.20  2.59
 431.90  2.59
 432.60  2.60
 433.30  2.60
 434.00  2.60
 434.70  2.60
 435.40  2.61
 436.10  2.61
 436.80  2.61
 437.50  2.61
 438.20  2.62
 438.90  2.62
 439.60  2.62
 440.30  2.62
 441.00  2.63
 441.70  2.63
 442.40  2.63
 443.10  2.63
 443.80  2.64
 444.50  2.64
 445.20  2.64
 445.90  2.64
 446.60  2.65
 447.30  2.65
 448.00  2.65
 448.70  2.65
 449.40  2.65
 450.10  2.66
 450.80  2.66
 451.50  2.66
 452.20  2.66
 452.90  2.67
 453.60  2.67
 454.30  2.67
 455.00  2.67
 455.70  2.68
 456.40  2.68
 457.10  2.68
 457.80  2.68
 458.50  2.69
 459.20  2.69
 459.90  2.69
 460.60  2.69
 461.30  2.69
 462.00  2.70
 462.70  2.70
 463.40  2.70
 464.10  2.70
 464.80  2.71
 465.50  2.71
 466.20  2.71
 466.90  2.71
 467.60  2.72
 468.30  2.72
 469.00  2.72
 469.70  2.72
 470.40  2.72
 471.10  2.73
 471.80  2.73
 472.50  2.73
 473.20  2.73
 473.90  2.74
 474.60  2.74
 475.30  2.74
 476.00  2.74
 476.70  2.74
 477.40  2.75
 478.10  2.75
 478.80  2.75
 479.50  2.75
 480.20  2.75
 480.90  2.76
 481.60  2.76
 482.30  2.76
 483.00  2.76
 483.70  2.76
 484.40  2.77
 485.10  2.77
 485.80  2.77
 486.50  2.77
 487.20  2.78
 487.90  2.78
 488.60  2.78
 489.30  2.78
 490.00  2.78
 490.70  2.79
 491.40  2.79
 492.10  2.79
 492.80  2.79
 493.50  2.79
 494.20  2.80
 494.90  2.80
 495.60  2.80
 496.30  2.80
 497.00  2.80
 497.70  2.81
 498.40  2.81
 499.10  2.81
 499.80  2.81
 500.50  2.81
 501.20  2.82
 501.90  2.82
 502.60  2.82
 503.30  2.82
 504.00  2.82
 504.70  2.82
 505.40  2.83
 506.10  2.83
 506.80  2.83
 507.50  2.83
 508.20  2.83
 508.90  2.84
 509.60  2.84
 510.30  2.84
 511.00  2.84
 511.70  2.84
 512.40  2.85
 513.10  2.85
 513.80  2.85
 514.50  2.85
 515.20  2.85
 515.90  2.85
 516.60  2.86
 517.30  2.86
 518.00  2.86
 518.70  2.86
 519.40  2.86
 520.10  2.87
 520.80  2.87
 521.50  2.87
 522.20  2.87
 522.90  2.87
 523.60  2.87
 524.30  2.88
 525.00  2.88
 525.70  2.88
 526.40  2.88
 527.10  2.88
 527.80  2.88
 528.50  2.89
 529.20  2.89
 529.90  2.89
 530.60  2.89
 531.30  2.89
 532.00  2.89
 532.70  2.90
 533.40  2.90
 534.10  2.90
 534.80  2.90
 535.50  2.90
 536.20  2.90
 536.90  2.91
 537.60  2.91
 538.30  2.91
 539.00  2.91
 539.70  2.91
 540.40  2.91
 541.10  2.92
 541.80  2.92
 542.50  2.92
 543.20  2.92
 543.90  2.92
 544.60  2.92
 545.30  2.93
 546.00  2.93
 546.70  2.93
 547.40  2.93
 548.10  2.93
 548.80  2.93
 549.50  2.93
 550.20  2.94
 550.90  2.94
 551.60  2.94
 552.30  2.94
 553.00  2.94
 553.70  2.94
 554.40  2.95
 555.10  2.95
 555.80  2.95
 556.50  2.95
 557.20  2.95
 557.90  2.95
 558.60  2.95
 559.30  2.96
 560.00  2.96
 560.70  2.96
 561.40  2.96
 562.10  2.96
 562.80  2.96
 563.50  2.96
 564.20  2.97
 564.90  2.97
 565.60  2.97
 566.30  2.97
 567.00  2.97
 567.70  2.97
 568.40  2.97
 569.10  2.98
 569.80  2.98
 570.50  2.98
 571.20  2.98
 571.90  2.98
 572.60  2.98
 573.30  2.98
 574.00  2.99
 574.70  2.99
 575.40  2.99
 576.10  2.99
 576.80  2.99
 577.50  2.99
 578.20  2.99
 578.90  2.99
 579.60  3.00
 580.30  3.00
 581.00  3.00
 581.70  3.00
 582.40  3.00
 583.10  3.00
 583.80  3.00
 584.50  3.01
 585.20  3.01
 585.90  3.01
 586.60  3.01
 587.30  3.01
 588.00  3.01
 588.70  3.01
 589.40  3.01
 590.10  3.02
 590.80  3.02
 591.50  3.02
 592.20  3.02
 592.90  3.02
 593.60  3.02
 594.30  3.02
 595.00  3.02
 595.70  3.03
 596.40  3.03
 597.10  3.03
 597.80  3.03
 598.50  3.03
 599.20  3.03
 599.90  3.03
 600.60  3.03
 601.30  3.03
 602.00  3.04
 602.70  3.04
 603.40  3.04
 604.10  3.04
 604.80  3.04
 605.50  3.04
 606.20  3.04
 606.90  3.04
 607.60  3.05
 608.30  3.05
 609.00  3.05
 609.70  3.05
 610.40  3.05
 611.10  3.05
 611.80  3.05
 612.50  3.05
 613.20  3.05
 613.90  3.06
 614.60  3.06
 615.30  3.06
 616.00  3.06
 616.70  3.06
 617.40  3.06
 618.10  3.06
 618.80  3.06
 619.50  3.06
 620.20  3.07
 620.90  3.07
 621.60  3.07
 622.30  3.07
 623.00  3.07
 623.70  3.07
 624.40  3.07
 625.10  3.07
 625.80  3.07
 626.50  3.07
 627.20  3.08
 627.90  3.08
 628.60  3.08
 629.30  3.08
 630.00  3.08
 630.70  3.08
 631.40  3.08
 632.10  3.08
 632.80  3.08
 633.50  3.08
 634.20  3.09
 634.90  3.09
 635.60  3.09
 636.30  3.09
 637.00  3.09
 637.70  3.09
 638.40  3.09
 639.10  3.09
 639.80  3.09
 640.50  3.09
 641.20  3.10
 641.90  3.10
 642.60  3.10
 643.30  3.10
 644.00  3.10
 644.70  3.10
 645.40  3.10
 646.10  3.10
 646.80  3.10
 647.50  3.10
 648.20  3.10
 648.90  3.11
 649.60  3.11
 650.30  3.11
 651.00  3.11
 651.70  3.11
 652.40  3.11
 653.10  3.11
 653.80  3.11
 654.50  3.11
 655.20  3.11
 655.90  3.11
 656.60  3.12
 657.30  3.12
 658.00  3.12
 658.70  3.12
 659.40  3.12
 660.10  3.12
 660.80  3.12
 661.50  3.12
 662.20  3.12
 662.90  3.12
 663.60  3.12
 664.30  3.13
 665.00  3.13
 665.70  3.13
 666.40  3.13
 667.10  3.13
 667.80  3.13
 668.50  3.13
 669.20  3.13
 669.90  3.13
 670.60  3.13
 671.30  3.13
 672.00  3.13
 672.70  3.13
 673.40  3.14
 674.10  3.14
 674.80  3.14
 675.50  3.14
 676.20  3.14
 676.90  3.14
 677.60  3.14
 678.30  3.14
 679.00  3.14
 679.70  3.14
 680.40  3.14
 681.10  3.14
 681.80  3.15
 682.50  3.15
 683.20  3.15
 683.90  3.15
 684.60  3.15
 685.30  3.15
 686.00  3.15
 686.70  3.15
 687.40  3.15
 688.10  3.15
 688.80  3.15
 689.50  3.15
 690.20  3.15
 690.90  3.15
 691.60  3.16
 692.30  3.16
 693.00  3.16
 693.70  3.16
 694.40  3.16
 695.10  3.16
 695.80  3.16
 696.50  3.16
 697.20  3.16
 697.90  3.16
 698.60  3.16
 699.30  3.16
 700.00  3.16
 700.70  3.16
 701.40  3.17
 702.10  3.17
 702.80  3.17
 703.50  3.17
 704.20  3.17
 704.90  3.17
 705.60  3.17
 706.30  3.17
 707.00  3.17
 707.70  3.17
 708.40  3.17
 709.10  3.17
 709.80  3.17
 710.50  3.17
 711.20  3.17
 711.90  3.18
 712.60  3.18
 713.30  3.18
 714.00  3.18
 714.70  3.18
 715.40  3.18
 716.10  3.18
 716.80  3.18
 717.50  3.18
 718.20  3.18
 718.90  3.18
 719.60  3.18
 720.30  3.18
 721.00  3.18
 721.70  3.18
 722.40  3.18
 723.10  3.18
 723.80  3.19
 724.50  3.19
 725.20  3.19
 725.90  3.19
 726.60  3.19
 727.30  3.19
 728.00  3.19
 728.70  3.19
 729.40  3.19
 730.10  3.19
 730.80  3.19
 731.50  3.19
 732.20  3.19
 732.90  3.19
 733.60  3.19
 734.30  3.19
 735.00  3.19
 735.70  3.20
 736.40  3.20
 737.10  3.20
 737.80  3.20
 738.50  3.20
 739.20  3.20
 739.90  3.20
 740.60  3.20
 741.30  3.20
 742.00  3.20
 742.70  3.20
 743.40  3.20
 744.10  3.20
 744.80  3.20
 745.50  3.20
 746.20  3.20
 746.90  3.20
 747.60  3.20
 748.30  3.20
 749.00  3.21
 749.70  3.21
 750.40  3.21
 751.10  3.21
 751.80  3.21
 752.50  3.21
 753.20  3.21
 753.90  3.21
 754.60  3.21
 755.30  3.21
 756.00  3.21
 756.70  3.21
 757.40  3.21
 758.10  3.21
 758.80  3.21
 759.50  3.21
 760.20  3.21
 760.90  3.21
 761.60  3.21
 762.30  3.21
 763.00  3.22
 763.70  3.22
 764.40  3.22
 765.10  3.22
 765.80  3.22
 766.50  3.22
 767.20  3.22
 767.90  3.22
 768.60  3.22
 769.30  3.22
 770.00  3.22
 770.70  3.22
 771.40  3.22
 772.10  3.22
 772.80  3.22
 773.50  3.22
 774.20  3.22
 774.90  3.22
 775.60  3.22
 776.30  3.22
 777.00  3.22
 777.70  3.22
 778.40  3.22
 779.10  3.23
 779.80  3.23
 780.50  3.23
 781.20  3.23
 781.90  3.23
 782.60  3.23
 783.30  3.23
 784.00  3.23
 784.70  3.23
 785.40  3.23
 786.10  3.23
 786.80  3.23
 787.50  3.23
 788.20  3.23
 788.90  3.23
 789.60  3.23
 790.30  3.23
 791.00  3.23
 791.70  3.23
 792.40  3.23
 793.10  3.23
 793.80  3.23
 794.50  3.23
 795.20  3.23
 795.90  3.23
 796.60  3.24
 797.30  3.24
 798.00  3.24
 798.70  3.24
 799.40  3.24
 800.10  3.24
 800.80  3.24
 801.50  3.24
 802.20  3.24
 802.90  3.24
 803.60  3.24
 804.30  3.24
 805.00  3.24
 805.70  3.24
 806.40  3.24
 807.10  3.24
 807.80  3.24
 808.50  3.24
 809.20  3.24
 809.90  3.24
 810.60  3.24
 811.30  3.24
 812.00  3.24
 812.70  3.24
 813.40  3.24
 814.10  3.24
 814.80  3.24
 815.50  3.25
 816.20  3.25
 816.90  3.25
 817.60  3.25
 818.30  3.25
 819.00  3.25
 819.70  3.25
 820.40  3.25
 821.10  3.25
 821.80  3.25
 822.50  3.25
 823.20  3.25
 823.90  3.25
 824.60  3.25
 825.30  3.25
 826.00  3.25
 826.70  3.25
 827.40  3.25
 828.10  3.25
 828.80  3.25
 829.50  3.25
 830.20  3.25
 830.90  3.25
 831.60  3.25
 832.30  3.25
 833.00  3.25
 833.70  3.25
 834.40  3.25
 835.10  3.25
 835.80  3.25
 836.50  3.25
 837.20  3.25
 837.90  3.26
 838.60  3.26
 839.30  3.26
 840.00  3.26
 840.70  3.26
 841.40  3.26
 842.10  3.26
 842.80  3.26
 843.50  3.26
 844.20  3.26
 844.90  3.26
 845.60  3.26
 846.30  3.26
 847.00  3.26
 847.70  3.26
 848.40  3.26
 849.10  3.26
 849.80  3.26
 850.50  3.26
 851.20  3.26
 851.90  3.26
 852.60  3.26
 853.30  3.26
 854.00  3.26
 854.70  3.26
 855.40  3.26
 856.10  3.26
 856.80  3.26
 857.50  3.26
 858.20  3.26
 858.90  3.26
 859.60  3.26
 860.30  3.26
 861.00  3.26
 861.70  3.26
 862.40  3.26
 863.10  3.26
 863.80  3.27
 864.50  3.27
 865.20  3.27
 865.90  3.27
 866.60  3.27
 867.30  3.27
 868.00  3.27
 868.70  3.27
 869.40  3.27
 870.10  3.27
 870.80  3.27
 871.50  3.27
 872.20  3.27
 872.90  3.27
 873.60  3.27
 874.30  3.27
 875.00  3.27
 875.70  3.27
 876.40  3.27
 877.10  3.27
 877.80  3.27
 878.50  3.27
 879.20  3.27
 879.90  3.27
 880.60  3.27
 881.30  3.27
 882.00  3.27
 882.70  3.27
 883.40  3.27
 884.10  3.27
 884.80  3.27
 885.50  3.27
 886.20  3.27
 886.90  3.27
 887.60  3.27
 888.30  3.27
 889.00  3.27
 889.70  3.27
 890.40  3.27
 891.10  3.27
 891.80  3.27
 892.50  3.27
 893.20  3.27
 893.90  3.27
 894.60  3.27
 895.30  3.28
 896.00  3.28
 896.70  3.28
 897.40  3.28
 898.10  3.28
 898.80  3.28
 899.50  3.28
 900.20  3.28
 900.90  3.28
 901.60  3.28
 902.30  3.28
 903.00  3.28
 903.70  3.28
 904.40  3.28
 905.10  3.28
 905.80  3.28
 906.50  3.28
 907.20  3.28
 907.90  3.28
 908.60  3.28
 909.30  3.28
 910.00  3.28
 910.70  3.28
 911.40  3.28
 912.10  3.28
 912.80  3.28
 913.50  3.28
 914.20  3.28
 914.90  3.28
 915.60  3.28
 916.30  3.28
 917.00  3.28
 917.70  3.28
 918.40  3.28
 919.10  3.28
 919.80  3.28
 920.50  3.28
 921.20  3.28
 921.90  3.28
 922.60  3.28
 923.30  3.28
 924.00  3.28
 924.70  3.28
 925.40  3.28
 926.10  3.28
 926.80  3.28
 927.50  3.28
 928.20  3.28
 928.90  3.28
 929.60  3.28
 930.30  3.28
 931.00  3.28
 931.70  3.28
 932.40  3.28
 933.10  3.28
 933.80  3.28
 934.50  3.28
 935.20  3.28
 935.90  3.29
 936.60  3.29
 937.30  3.29
 938.00  3.29
 938.70  3.29
 939.40  3.29
 940.10  3.29
 940.80  3.29
 941.50  3.29
 942.20  3.29
 942.90  3.29
 943.60  3.29
 944.30  3.29
 945.00  3.29
 945.70  3.29
 946.40  3.29
 947.10  3.29
 947.80  3.29
 948.50  3.29
 949.20  3.29
 949.90  3.29
 950.60  3.29
 951.30  3.29
 952.00  3.29
 952.70  3.29
 953.40  3.29
 954.10  3.29
 954.80  3.29
 955.50  3.29
 956.20  3.29
 956.90  3.29
 957.60  3.29
 958.30  3.29
 959.00  3.29
 959.70  3.29
 960.40  3.29
 961.10  3.29
 961.80  3.29
 962.50  3.29
 963.20  3.29
 963.90  3.29
 964.60  3.29
 965.30  3.29
 966.00  3.29
 966.70  3.29
 967.40  3.29
 968.10  3.29
 968.80  3.29
 969.50  3.29
 970.20  3.29
 970.90  3.29
 971.60  3.29
 972.30  3.29
 973.00  3.29
 973.70  3.29
 974.40  3.29
 975.10  3.29
 975.80  3.29
 976.50  3.29
 977.20  3.29
 977.90  3.29
 978.60  3.29
 979.30  3.29
 980.00  3.29
 980.70  3.29
 981.40  3.29
 982.10  3.29
 982.80  3.29
 983.50  3.29
 984.20  3.29
 984.90  3.29
 985.60  3.29
 986.30  3.29
 987.00  3.29
 987.70  3.29
 988.40  3.29
 989.10  3.29
 989.80  3.29
 990.50  3.29
 991.20  3.29
 991.90  3.30
 992.60  3.30
 993.30  3.30
 994.00  3.30
 994.70  3.30
 995.40  3.30
 996.10  3.30
 996.80  3.30
 997.50  3.30
 998.20  3.30
 998.90  3.30
 999.60  3.30
 1000.30  3.30
 1001.00  3.30
 1001.70  3.30
 1002.40  3.30
 1003.10  3.30
 1003.80  3.30
 1004.50  3.30
 1005.20  3.30
 1005.90  3.30
 1006.60  3.30
 1007.30  3.30
 1008.00  3.30
 1008.70  3.30
 1009.40  3.30
 1010.10  3.30
 1010.80  3.30
 1011.50  3.30
 1012.20  3.30
 1012.90  3.30
 1013.60  3.30
 1014.30  3.30
 1015.00  3.30
 1015.70  3.30
 1016.40  3.30
 1017.10  3.30
 1017.80  3.30
 1018.50  3.30
 1019.20  3.30
 1019.90  3.30
 1020.60  3.30
 1021.30  3.30
 1022.00  3.30
 1022.70  3.30
 1023.40  3.30
 1024.10  3.30
 1024.80  3.30
 1025.50  3.30
 1026.20  3.30
 1026.90  3.30
 1027.60  3.30
 1028.30  3.30
 1029.00  3.30
 1029.70  3.30
 1030.40  3.30
 1031.10  3.30
 1031.80  3.30
 1032.50  3.30
 1033.20  3.30
 1033.90  3.30
 1034.60  3.30
 1035.30  3.30
 1036.00  3.30
 1036.70  3.30
 1037.40  3.30
 1038.10  3.30
 1038.80  3.30
 1039.50  3.30
 1040.20  3.30
 1040.90  3.30
 1041.60  3.30
 1042.30  3.30
 1043.00  3.30
 1043.70  3.30
 1044.40  3.30
 1045.10  3.30
 1045.80  3.30
 1046.50  3.30
 1047.20  3.30
 1047.90  3.30
 1048.60  3.30
 1049.30  3.30
 1050.00  3.30
 1050.70  3.30
 1051.40  3.30
 1052.10  3.30
 1052.80  3.30
 1053.50  3.30
 1054.20  3.30
 1054.90  3.30
 1055.60  3.30
 1056.30  3.30
 1057.00  3.30
 1057.70  3.30
 1058.40  3.30
 1059.10  3.30
 1059.80  3.30
 1060.50  3.30
 1061.20  3.30
 1061.90  3.30
 1062.60  3.30
 1063.30  3.30
 1064.00  3.30
 1064.70  3.30
 1065.40  3.30
 1066.10  3.30
 1066.80  3.30
 1067.50  3.30
 1068.20  3.30
 1068.90  3.30
 1069.60  3.30
 1070.30  3.30
 1071.00  3.30
 1071.70  3.30
 1072.40  3.30
 1073.10  3.30
 1073.80  3.30
 1074.50  3.30
 1075.20  3.30
 1075.90  3.30
 1076.60  3.30
 1077.30  3.30
 1078.00  3.30
 1078.70  3.30
 1079.40  3.30
 1080.10  3.30
 1080.80  3.30
 1081.50  3.30
 1082.20  3.30
 1082.90  3.30
 1083.60  3.30
 1084.30  3.30
 1085.00  3.30
 1085.70  3.30
 1086.40  3.30
 1087.10  3.30
 1087.80  3.30
 1088.50  3.30
 1089.20  3.31
 1089.90  3.31
 1090.60  3.31
 1091.30  3.31
 1092.00  3.31
 1092.70  3.31
 1093.40  3.31
 1094.10  3.31
 1094.80  3.31
 1095.50  3.31
 1096.20  3.31
 1096.90  3.31
 1097.60  3.31
 1098.30  3.31
 1099.00  3.31
 1099.70  3.31
 1100.40  3.31
 1101.10  3.31
 1101.80  3.31
 1102.50  3.31
 1103.20  3.31
 1103.90  3.31
 1104.60  3.31
 1105.30  3.31
 1106.00  3.31
 1106.70  3.31
 1107.40  3.31
 1108.10  3.31
 1108.80  3.31
 1109.50  3.31
 1110.20  3.31
 1110.90  3.31
 1111.60  3.31
 1112.30  3.31
 1113.00  3.31
 1113.70  3.31
 1114.40  3.31
 1115.10  3.31
 1115.80  3.31
 1116.50  3.31
 1117.20  3.31
 1117.90  3.31
 1118.60  3.31
 1119.30  3.31
 1120.00  3.31
 1120.70  3.31
 1121.40  3.31
 1122.10  3.31
 1122.80  3.31
 1123.50  3.31
 1124.20  3.31
 1124.90  3.31
 1125.60  3.31
 1126.30  3.31
 1127.00  3.31
 1127.70  3.31
 1128.40  3.31
 1129.10  3.31
 1129.80  3.31
 1130.50  3.31
 1131.20  3.31
 1131.90  3.31
 1132.60  3.31
 1133.30  3.31
 1134.00  3.31
 1134.70  3.31
 1135.40  3.31
 1136.10  3.31
 1136.80  3.31
 1137.50  3.31
 1138.20  3.31
 1138.90  3.31
 1139.60  3.31
 1140.30  3.31
 1141.00  3.31
 1141.70  3.31
 1142.40  3.31
 1143.10  3.31
 1143.80  3.31
 1144.50  3.31
 1145.20  3.31
 1145.90  3.31
 1146.60  3.31
 1147.30  3.31
 1148.00  3.31
 1148.70  3.31
 1149.40  3.31
 1150.10  3.31
 1150.80  3.31
 1151.50  3.31
 1152.20  3.31
 1152.90  3.31
 1153.60  3.31
 1154.30  3.31
 1155.00  3.31
 1155.70  3.31
 1156.40  3.31
 1157.10  3.31
 1157.80  3.31
 1158.50  3.31
 1159.20  3.31
 1159.90  3.31
 1160.60  3.31
 1161.30  3.31
 1162.00  3.31
 1162.70  3.31
 1163.40  3.31
 1164.10  3.31
 1164.80  3.31
 1165.50  3.31
 1166.20  3.31
 1166.90  3.31
 1167.60  3.31
 1168.30  3.31
 1169.00  3.31
 1169.70  3.31
 1170.40  3.31
 1171.10  3.31
 1171.80  3.31
 1172.50  3.31
 1173.20  3.31
 1173.90  3.31
 1174.60  3.31
 1175.30  3.31
 1176.00  3.31
 1176.70  3.31
 1177.40  3.31
 1178.10  3.31
 1178.80  3.31
 1179.50  3.31
 1180.20  3.31
 1180.90  3.31
 1181.60  3.31
 1182.30  3.31
 1183.00  3.31
 1183.70  3.31
 1184.40  3.31
 1185.10  3.31
 1185.80  3.31
 1186.50  3.31
 1187.20  3.31
 1187.90  3.31
 1188.60  3.31
 1189.30  3.31
 1190.00  3.31
 1190.70  3.31
 1191.40  3.31
 1192.10  3.31
 1192.80  3.31
 1193.50  3.31
 1194.20  3.31
 1194.90  3.31
 1195.60  3.31
 1196.30  3.31
 1197.00  3.31
 1197.70  3.31
 1198.40  3.31
 1199.10  3.31
 1199.80  3.31
 1200.50  3.31
 1201.20  3.31
 1201.90  3.31
 1202.60  3.31
 1203.30  3.31
 1204.00  3.31
 1204.70  3.31
 1205.40  3.31
 1206.10  3.31
 1206.80  3.31
 1207.50  3.31
 1208.20  3.31
 1208.90  3.31
 1209.60  3.31
 1210.30  3.31
 1211.00  3.31
 1211.70  3.31
 1212.40  3.31
 1213.10  3.31
 1213.80  3.31
 1214.50  3.31
 1215.20  3.31
 1215.90  3.31
 1216.60  3.31
 1217.30  3.31
 1218.00  3.31
 1218.70  3.31
 1219.40  3.31
 1220.10  3.31
 1220.80  3.31
 1221.50  3.31
 1222.20  3.31
 1222.90  3.31
 1223.60  3.31
 1224.30  3.31
 1225.00  3.31
 1225.70  3.31
 1226.40  3.31
 1227.10  3.31
 1227.80  3.31
 1228.50  3.31
 1229.20  3.31
 1229.90  3.31
 1230.60  3.31
 1231.30  3.31
 1232.00  3.31
 1232.70  3.31
 1233.40  3.31
 1234.10  3.31
 1234.80  3.31
 1235.50  3.31
 1236.20  3.31
 1236.90  3.31
 1237.60  3.31
 1238.30  3.31
 1239.00  3.31
 1239.70  3.31
 1240.40  3.31
 1241.10  3.31
 1241.80  3.31
 1242.50  3.31
 1243.20  3.31
 1243.90  3.31
 1244.60  3.31
 1245.30  3.31
 1246.00  3.31
 1246.70  3.31
 1247.40  3.31
 1248.10  3.31
 1248.80  3.31
 1249.50  3.31
 1250.20  3.31
 1250.90  3.31
 1251.60  3.31
 1252.30  3.31
 1253.00  3.31
 1253.70  3.31
 1254.40  3.31
 1255.10  3.31
 1255.80  3.31
 1256.50  3.31
 1257.20  3.31
 1257.90  3.31
 1258.60  3.31
 1259.30  3.31
 1260.00  3.31
 1260.70  3.31
 1261.40  3.31
 1262.10  3.31
 1262.80  3.31
 1263.50  3.31
 1264.20  3.31
 1264.90  3.31
 1265.60  3.31
 1266.30  3.31
 1267.00  3.31
 1267.70  3.31
 1268.40  3.31
 1269.10  3.31
 1269.80  3.31
 1270.50  3.31
 1271.20  3.31
 1271.90  3.31
 1272.60  3.31
 1273.30  3.31
 1274.00  3.31
 1274.70  3.31
 1275.40  3.31
 1276.10  3.31
 1276.80  3.31
 1277.50  3.31
 1278.20  3.31
 1278.90  3.31
 1279.60  3.31
 1280.30  3.31
 1281.00  3.31
 1281.70  3.31
 1282.40  3.31
 1283.10  3.31
 1283.80  3.31
 1284.50  3.31
 1285.20  3.31
 1285.90  3.31
 1286.60  3.31
 1287.30  3.31
 1288.00  3.31
 1288.70  3.31
 1289.40  3.31
 1290.10  3.31
 1290.80  3.31
 1291.50  3.31
 1292.20  3.31
 1292.90  3.31
 1293.60  3.31
 1294.30  3.31
 1295.00  3.31
 1295.70  3.31
 1296.40  3.31
 1297.10  3.31
 1297.80  3.31
 1298.50  3.31
 1299.20  3.31
 1299.90  3.31
 1300.60  3.31
 1301.30  3.31
 1302.00  3.31
 1302.70  3.31
 1303.40  3.31
 1304.10  3.31
 1304.80  3.31
 1305.50  3.31
 1306.20  3.31
 1306.90  3.31
 1307.60  3.31
 1308.30  3.31
 1309.00  3.31
 1309.70  3.31
 1310.40  3.31
 1311.10  3.31
 1311.80  3.31
 1312.50  3.31
 1313.20  3.31
 1313.90  3.31
 1314.60  3.31
 1315.30  3.31
 1316.00  3.31
 1316.70  3.31
 1317.40  3.31
 1318.10  3.31
 1318.80  3.31
 1319.50  3.31
 1320.20  3.31
 1320.90  3.31
 1321.60  3.31
 1322.30  3.31
 1323.00  3.31
 1323.70  3.31
 1324.40  3.31
 1325.10  3.31
 1325.80  3.31
 1326.50  3.31
 1327.20  3.31
 1327.90  3.31
 1328.60  3.31
 1329.30  3.31
 1330.00  3.31
 1330.70  3.31
 1331.40  3.31
 1332.10  3.31
 1332.80  3.31
 1333.50  3.31
 1334.20  3.31
 1334.90  3.31
 1335.60  3.31
 1336.30  3.31
 1337.00  3.31
 1337.70  3.31
 1338.40  3.31
 1339.10  3.31
 1339.80  3.31
 1340.50  3.31
 1341.20  3.31
 1341.90  3.31
 1342.60  3.31
 1343.30  3.31
 1344.00  3.31
 1344.70  3.31
 1345.40  3.31
 1346.10  3.31
 1346.80  3.31
 1347.50  3.31
 1348.20  3.31
 1348.90  3.31
 1349.60  3.31
 1350.30  3.31
 1351.00  3.31
 1351.70  3.31
 1352.40  3.31
 1353.10  3.31
 1353.80  3.31
 1354.50  3.31
 1355.20  3.31
 1355.90  3.31
 1356.60  3.31
 1357.30  3.31
 1358.00  3.31
 1358.70  3.31
 1359.40  3.31
 1360.10  3.31
 1360.80  3.31
 1361.50  3.31
 1362.20  3.31
 1362.90  3.31
 1363.60  3.31
 1364.30  3.31
 1365.00  3.31
 1365.70  3.31
 1366.40  3.31
 1367.10  3.31
 1367.80  3.31
 1368.50  3.31
 1369.20  3.31
 1369.90  3.31
 1370.60  3.31
 1371.30  3.31
 1372.00  3.31
 1372.70  3.31
 1373.40  3.31
 1374.10  3.31
 1374.80  3.31
 1375.50  3.31
 1376.20  3.31
 1376.90  3.31
 1377.60  3.31
 1378.30  3.31
 1379.00  3.31
 1379.70  3.31
 1380.40  3.31
 1381.10  3.31
 1381.80  3.31
 1382.50  3.31
 1383.20  3.31
 1383.90  3.31
 1384.60  3.31
 1385.30  3.31
 1386.00  3.31
 1386.70  3.31
 1387.40  3.31
 1388.10  3.31
 1388.80  3.31
 1389.50  3.31
 1390.20  3.31
 1390.90  3.31
 1391.60  3.31
 1392.30  3.31
 1393.00  3.31
 1393.70  3.31
 1394.40  3.31
 1395.10  3.31
 1395.80  3.31
 1396.50  3.31
 1397.20  3.31
 1397.90  3.31
 1398.60  3.31
 1399.30  3.31
 1400.00  3.31
 1400.70  3.31
 1401.40  3.31
 1402.10  3.31
 1402.80  3.31
 1403.50  3.31
 1404.20  3.31
 1404.90  3.31
 1405.60  3.31
 1406.30  3.31
 1407.00  3.31
 1407.70  3.31
 1408.40  3.31
 1409.10  3.31
 1409.80  3.31
 1410.50  3.31
 1411.20  3.31
 1411.90  3.31
 1412.60  3.31
 1413.30  3.31
 1414.00  3.31
 1414.70  3.31
 1415.40  3.31
 1416.10  3.31
 1416.80  3.31
 1417.50  3.31
 1418.20  3.31
 1418.90  3.31
 1419.60  3.31
 1420.30  3.31
 1421.00  3.31
 1421.70  3.31
 1422.40  3.31
 1423.10  3.31
 1423.80  3.31
 1424.50  3.31
 1425.20  3.31
 1425.90  3.31
 1426.60  3.31
 1427.30  3.31
 1428.00  3.31
 1428.70  3.31
 1429.40  3.31
 1430.10  3.31
 1430.80  3.31
 1431.50  3.31
 1432.20  3.31
 1432.90  3.31
 1433.60  3.31
 1434.30  3.31
 1435.00  3.31
 1435.70  3.31
 1436.40  3.31
 1437.10  3.31
 1437.80  3.31
 1438.50  3.31
 1439.20  3.31
 1439.90  3.31
 1440.60  3.31
 1441.30  3.31
 1442.00  3.31
 1442.70  3.31
 1443.40  3.31
 1444.10  3.31
 1444.80  3.31
 1445.50  3.31
 1446.20  3.31
 1446.90  3.31
 1447.60  3.31
 1448.30  3.31
 1449.00  3.31
 1449.70  3.31
 1450.40  3.31
 1451.10  3.31
 1451.80  3.31
 1452.50  3.31
 1453.20  3.31
 1453.90  3.31
 1454.60  3.31
 1455.30  3.31
 1456.00  3.31
 1456.70  3.31
 1457.40  3.31
 1458.10  3.31
 1458.80  3.31
 1459.50  3.31
 1460.20  3.31
 1460.90  3.31
 1461.60  3.31
 1462.30  3.31
 1463.00  3.31
 1463.70  3.31
 1464.40  3.31
 1465.10  3.31
 1465.80  3.31
 1466.50  3.31
 1467.20  3.31
 1467.90  3.31
 1468.60  3.31
 1469.30  3.31
 1470.00  3.31
 1470.70  3.31
 1471.40  3.31
 1472.10  3.31
 1472.80  3.31
 1473.50  3.31
 1474.20  3.31
 1474.90  3.31
 1475.60  3.31
 1476.30  3.31
 1477.00  3.31
 1477.70  3.31
 1478.40  3.31
 1479.10  3.31
 1479.80  3.31
 1480.50  3.31
 1481.20  3.31
 1481.90  3.31
 1482.60  3.31
 1483.30  3.31
 1484.00  3.31
 1484.70  3.31
 1485.40  3.31
 1486.10  3.31
 1486.80  3.31
 1487.50  3.31
 1488.20  3.31
 1488.90  3.31
 1489.60  3.31
 1490.30  3.31
 1491.00  3.31
 1491.70  3.31
 1492.40  3.31
 1493.10  3.31
 1493.80  3.31
 1494.50  3.31
 1495.20  3.31
 1495.90  3.31
 1496.60  3.31
 1497.30  3.31
 1498.00  3.31
 1498.70  3.31
 1499.40  3.31
 1500.10  3.31
 1500.80  3.31
 1501.50  3.31
 1502.20  3.31
 1502.90  3.31
 1503.60  3.31
 1504.30  3.31
 1505.00  3.31
 1505.70  3.31
 1506.40  3.31
 1507.10  3.31
 1507.80  3.31
 1508.50  3.31
 1509.20  3.31
 1509.90  3.31
 1510.60  3.31
 1511.30  3.31
 1512.00  3.31
 1512.70  3.31
 1513.40  3.31
 1514.10  3.31
 1514.80  3.31
 1515.50  3.31
 1516.20  3.31
 1516.90  3.31
 1517.60  3.31
 1518.30  3.31
 1519.00  3.31
 1519.70  3.31
 1520.40  3.31
 1521.10  3.31
 1521.80  3.31
 1522.50  3.31
 1523.20  3.31
 1523.90  3.31
 1524.60  3.31
 1525.30  3.31
 1526.00  3.31
 1526.70  3.31
 1527.40  3.31
 1528.10  3.31
 1528.80  3.31
 1529.50  3.31
 1530.20  3.31
 1530.90  3.31
 1531.60  3.31
 1532.30  3.31
 1533.00  3.31
 1533.70  3.31
 1534.40  3.31
 1535.10  3.31
 1535.80  3.31
 1536.50  3.31
 1537.20  3.31
 1537.90  3.31
 1538.60  3.31
 1539.30  3.31
 1540.00  3.31
 1540.70  3.31
 1541.40  3.31
 1542.10  3.31
 1542.80  3.31
 1543.50  3.31
 1544.20  3.31
 1544.90  3.31
 1545.60  3.31
 1546.30  3.31
 1547.00  3.31
 1547.70  3.31
 1548.40  3.31
 1549.10  3.31
 1549.80  3.31
 1550.50  3.31
 1551.20  3.31
 1551.90  3.31
 1552.60  3.31
 1553.30  3.31
 1554.00  3.31
 1554.70  3.31
 1555.40  3.31
 1556.10  3.31
 1556.80  3.31
 1557.50  3.31
 1558.20  3.31
 1558.90  3.31
 1559.60  3.31
 1560.30  3.31
 1561.00  3.31
 1561.70  3.31
 1562.40  3.31
 1563.10  3.31
 1563.80  3.31
 1564.50  3.31
 1565.20  3.31
 1565.90  3.31
 1566.60  3.31
 1567.30  3.31
 1568.00  3.31
 1568.70  3.31
 1569.40  3.31
 1570.10  3.31
 1570.80  3.31
 1571.50  3.31
 1572.20  3.31
 1572.90  3.31
 1573.60  3.31
 1574.30  3.31
 1575.00  3.31
 1575.70  3.31
 1576.40  3.31
 1577.10  3.31
 1577.80  3.31
 1578.50  3.31
 1579.20  3.31
 1579.90  3.31
 1580.60  3.31
 1581.30  3.31
 1582.00  3.31
 1582.70  3.31
 1583.40  3.31
 1584.10  3.31
 1584.80  3.31
 1585.50  3.31
 1586.20  3.31
 1586.90  3.31
 1587.60  3.31
 1588.30  3.31
 1589.00  3.31
 1589.70  3.31
 1590.40  3.31
 1591.10  3.31
 1591.80  3.31
 1592.50  3.31
 1593.20  3.31
 1593.90  3.31
 1594.60  3.31
 1595.30  3.31
 1596.00  3.31
 1596.70  3.31
 1597.40  3.31
 1598.10  3.31
 1598.80  3.31
 1599.50  3.31
 1600.20  3.31
 1600.90  3.31
 1601.60  3.31
 1602.30  3.31
 1603.00  3.31
 1603.70  3.31
 1604.40  3.31
 1605.10  3.31
 1605.80  3.31
 1606.50  3.31
 1607.20  3.31
 1607.90  3.31
 1608.60  3.31
 1609.30  3.31
 1610.00  3.31
 1610.70  3.31
 1611.40  3.31
 1612.10  3.31
 1612.80  3.31
 1613.50  3.31
 1614.20  3.31
 1614.90  3.31
 1615.60  3.31
 1616.30  3.31
 1617.00  3.31
 1617.70  3.31
 1618.40  3.31
 1619.10  3.31
 1619.80  3.31
 1620.50  3.31
 1621.20  3.31
 1621.90  3.31
 1622.60  3.31
 1623.30  3.31
 1624.00  3.31
 1624.70  3.31
 1625.40  3.31
 1626.10  3.31
 1626.80  3.31
 1627.50  3.31
 1628.20  3.31
 1628.90  3.31
 1629.60  3.31
 1630.30  3.31
 1631.00  3.31
 1631.70  3.31
 1632.40  3.31
 1633.10  3.31
 1633.80  3.31
 1634.50  3.31
 1635.20  3.31
 1635.90  3.31
 1636.60  3.31
 1637.30  3.31
 1638.00  3.31
 1638.70  3.31
 1639.40  3.31
 1640.10  3.31
 1640.80  3.31
 1641.50  3.31
 1642.20  3.31
 1642.90  3.31
 1643.60  3.31
 1644.30  3.31
 1645.00  3.31
 1645.70  3.31
 1646.40  3.31
 1647.10  3.31
 1647.80  3.31
 1648.50  3.31
 1649.20  3.31
 1649.90  3.31
 1650.60  3.31
 1651.30  3.31
 1652.00  3.31
 1652.70  3.31
 1653.40  3.31
 1654.10  3.31
 1654.80  3.31
 1655.50  3.31
 1656.20  3.31
 1656.90  3.31
 1657.60  3.31
 1658.30  3.31
 1659.00  3.31
 1659.70  3.31
 1660.40  3.31
 1661.10  3.31
 1661.80  3.31
 1662.50  3.31
 1663.20  3.31
 1663.90  3.31
 1664.60  3.31
 1665.30  3.31
 1666.00  3.31
 1666.70  3.31
 1667.40  3.31
 1668.10  3.31
 1668.80  3.31
 1669.50  3.31
 1670.20  3.31
 1670.90  3.31
 1671.60  3.31
 1672.30  3.31
 1673.00  3.31
 1673.70  3.31
 1674.40  3.31
 1675.10  3.31
 1675.80  3.31
 1676.50  3.31
 1677.20  3.31
 1677.90  3.31
 1678.60  3.31
 1679.30  3.31
 1680.00  3.31
 1680.70  3.31
 1681.40  3.31
 1682.10  3.31
 1682.80  3.31
 1683.50  3.31
 1684.20  3.31
 1684.90  3.31
 1685.60  3.31
 1686.30  3.31
 1687.00  3.31
 1687.70  3.31
 1688.40  3.31
 1689.10  3.31
 1689.80  3.31
 1690.50  3.31
 1691.20  3.31
 1691.90  3.31
 1692.60  3.31
 1693.30  3.31
 1694.00  3.31
 1694.70  3.31
 1695.40  3.31
 1696.10  3.31
 1696.80  3.31
 1697.50  3.31
 1698.20  3.31
 1698.90  3.31
 1699.60  3.31
 1700.30  3.31
 1701.00  3.31
 1701.70  3.31
 1702.40  3.31
 1703.10  3.31
 1703.80  3.31
 1704.50  3.31
 1705.20  3.31
 1705.90  3.31
 1706.60  3.31
 1707.30  3.31
 1708.00  3.31
 1708.70  3.31
 1709.40  3.31
 1710.10  3.31
 1710.80  3.31
 1711.50  3.31
 1712.20  3.31
 1712.90  3.31
 1713.60  3.31
 1714.30  3.31
 1715.00  3.31
 1715.70  3.31
 1716.40  3.31
 1717.10  3.31
 1717.80  3.31
 1718.50  3.31
 1719.20  3.31
 1719.90  3.31
 1720.60  3.31
 1721.30  3.31
 1722.00  3.31
 1722.70  3.31
 1723.40  3.31
 1724.10  3.31
 1724.80  3.31
 1725.50  3.31
 1726.20  3.31
 1726.90  3.31
 1727.60  3.31
 1728.30  3.31
 1729.00  3.31
 1729.70  3.31
 1730.40  3.31
 1731.10  3.31
 1731.80  3.31
 1732.50  3.31
 1733.20  3.31
 1733.90  3.31
 1734.60  3.31
 1735.30  3.31
 1736.00  3.31
 1736.70  3.31
 1737.40  3.31
 1738.10  3.31
 1738.80  3.31
 1739.50  3.31
 1740.20  3.31
 1740.90  3.31
 1741.60  3.31
 1742.30  3.31
 1743.00  3.31
 1743.70  3.31
 1744.40  3.31
 1745.10  3.31
 1745.80  3.31
 1746.50  3.31
 1747.20  3.31
 1747.90  3.31
 1748.60  3.31
 1749.30  3.31
 1750.00  3.31
 1750.70  3.31
 1751.40  3.31
 1752.10  3.31
 1752.80  3.31
 1753.50  3.31
 1754.20  3.31
 1754.90  3.31
 1755.60  3.31
 1756.30  3.31
 1757.00  3.31
 1757.70  3.31
 1758.40  3.31
 1759.10  3.31
 1759.80  3.31
 1760.50  3.31
 1761.20  3.31
 1761.90  3.31
 1762.60  3.31
 1763.30  3.31
 1764.00  3.31
 1764.70  3.31
 1765.40  3.31
 1766.10  3.31
 1766.80  3.31
 1767.50  3.31
 1768.20  3.31
 1768.90  3.31
 1769.60  3.31
 1770.30  3.31
 1771.00  3.31
 1771.70  3.31
 1772.40  3.31
 1773.10  3.31
 1773.80  3.31
 1774.50  3.31
 1775.20  3.31
 1775.90  3.31
 1776.60  3.31
 1777.30  3.31
 1778.00  3.31
 1778.70  3.31
 1779.40  3.31
 1780.10  3.31
 1780.80  3.31
 1781.50  3.31
 1782.20  3.31
 1782.90  3.31
 1783.60  3.31
 1784.30  3.31
 1785.00  3.31
 1785.70  3.31
 1786.40  3.31
 1787.10  3.31
 1787.80  3.31
 1788.50  3.31
 1789.20  3.31
 1789.90  3.31
 1790.60  3.31
 1791.30  3.31
 1792.00  3.31
 1792.70  3.31
 1793.40  3.31
 1794.10  3.31
 1794.80  3.31
 1795.50  3.31
 1796.20  3.31
 1796.90  3.31
 1797.60  3.31
 1798.30  3.31
 1799.00  3.31
 1799.70  3.31
 1800.40  3.31
 1801.10  3.31
 1801.80  3.31
 1802.50  3.31
 1803.20  3.31
 1803.90  3.31
 1804.60  3.31
 1805.30  3.31
 1806.00  3.31
 1806.70  3.31
 1807.40  3.31
 1808.10  3.31
 1808.80  3.31
 1809.50  3.31
 1810.20  3.31
 1810.90  3.31
 1811.60  3.31
 1812.30  3.31
 1813.00  3.31
 1813.70  3.31
 1814.40  3.31
 1815.10  3.31
 1815.80  3.31
 1816.50  3.31
 1817.20  3.31
 1817.90  3.31
 1818.60  3.31
 1819.30  3.31
 1820.00  3.31
 1820.70  3.31
 1821.40  3.31
 1822.10  3.31
 1822.80  3.31
 1823.50  3.31
 1824.20  3.31
 1824.90  3.31
 1825.60  3.31
 1826.30  3.31
 1827.00  3.31
 1827.70  3.31
 1828.40  3.31
 1829.10  3.31
 1829.80  3.31
 1830.50  3.31
 1831.20  3.31
 1831.90  3.31
 1832.60  3.31
 1833.30  3.31
 1834.00  3.31
 1834.70  3.31
 1835.40  3.31
 1836.10  3.31
 1836.80  3.31
 1837.50  3.31
 1838.20  3.31
 1838.90  3.31
 1839.60  3.31
 1840.30  3.31
 1841.00  3.31
 1841.70  3.31
 1842.40  3.31
 1843.10  3.31
 1843.80  3.31
 1844.50  3.31
 1845.20  3.31
 1845.90  3.31
 1846.60  3.31
 1847.30  3.31
 1848.00  3.31
 1848.70  3.31
 1849.40  3.31
 1850.10  3.31
 1850.80  3.31
 1851.50  3.31
 1852.20  3.31
 1852.90  3.31
 1853.60  3.31
 1854.30  3.31
 1855.00  3.31
 1855.70  3.31
 1856.40  3.31
 1857.10  3.31
 1857.80  3.31
 1858.50  3.31
 1859.20  3.31
 1859.90  3.31
 1860.60  3.31
 1861.30  3.31
 1862.00  3.31
 1862.70  3.31
 1863.40  3.31
 1864.10  3.31
 1864.80  3.31
 1865.50  3.31
 1866.20  3.31
 1866.90  3.31
 1867.60  3.31
 1868.30  3.31
 1869.00  3.31
 1869.70  3.31
 1870.40  3.31
 1871.10  3.31
 1871.80  3.31
 1872.50  3.31
 1873.20  3.31
 1873.90  3.31
 1874.60  3.31
 1875.30  3.31
 1876.00  3.31
 1876.70  3.31
 1877.40  3.31
 1878.10  3.31
 1878.80  3.31
 1879.50  3.31
 1880.20  3.31
 1880.90  3.31
 1881.60  3.31
 1882.30  3.31
 1883.00  3.31
 1883.70  3.31
 1884.40  3.31
 1885.10  3.31
 1885.80  3.31
 1886.50  3.31
 1887.20  3.31
 1887.90  3.31
 1888.60  3.31
 1889.30  3.31
 1890.00  3.31
 1890.70  3.31
 1891.40  3.31
 1892.10  3.31
 1892.80  3.31
 1893.50  3.31
 1894.20  3.31
 1894.90  3.31
 1895.60  3.31
 1896.30  3.31
 1897.00  3.31
 1897.70  3.31
 1898.40  3.31
 1899.10  3.31
 1899.80  3.31
 1900.50  3.31
 1901.20  3.31
 1901.90  3.31
 1902.60  3.31
 1903.30  3.31
 1904.00  3.31
 1904.70  3.31
 1905.40  3.31
 1906.10  3.31
 1906.80  3.31
 1907.50  3.31
 1908.20  3.31
 1908.90  3.31
 1909.60  3.31
 1910.30  3.31
 1911.00  3.31
 1911.70  3.31
 1912.40  3.31
 1913.10  3.31
 1913.80  3.31
 1914.50  3.31
 1915.20  3.31
 1915.90  3.31
 1916.60  3.31
 1917.30  3.31
 1918.00  3.31
 1918.70  3.31
 1919.40  3.31
 1920.10  3.31
 1920.80  3.31
 1921.50  3.31
 1922.20  3.31
 1922.90  3.31
 1923.60  3.31
 1924.30  3.31
 1925.00  3.31
 1925.70  3.31
 1926.40  3.31
 1927.10  3.31
 1927.80  3.31
 1928.50  3.31
 1929.20  3.31
 1929.90  3.31
 1930.60  3.31
 1931.30  3.31
 1932.00  3.31
 1932.70  3.31
 1933.40  3.31
 1934.10  3.31
 1934.80  3.31
 1935.50  3.31
 1936.20  3.31
 1936.90  3.31
 1937.60  3.31
 1938.30  3.31
 1939.00  3.31
 1939.70  3.31
 1940.40  3.31
 1941.10  3.31
 1941.80  3.31
 1942.50  3.31
 1943.20  3.31
 1943.90  3.31
 1944.60  3.31
 1945.30  3.31
 1946.00  3.31
 1946.70  3.31
 1947.40  3.31
 1948.10  3.31
 1948.80  3.31
 1949.50  3.31
 1950.20  3.31
 1950.90  3.31
 1951.60  3.31
 1952.30  3.31
 1953.00  3.31
 1953.70  3.31
 1954.40  3.31
 1955.10  3.31
 1955.80  3.31
 1956.50  3.31
 1957.20  3.31
 1957.90  3.31
 1958.60  3.31
 1959.30  3.31
 1960.00  3.31
 1960.70  3.31
 1961.40  3.31
 1962.10  3.31
 1962.80  3.31
 1963.50  3.31
 1964.20  3.31
 1964.90  3.31
 1965.60  3.31
 1966.30  3.31
 1967.00  3.31
 1967.70  3.31
 1968.40  3.31
 1969.10  3.31
 1969.80  3.31
 1970.50  3.31
 1971.20  3.31
 1971.90  3.31
 1972.60  3.31
 1973.30  3.31
 1974.00  3.31
 1974.70  3.31
 1975.40  3.31
 1976.10  3.31
 1976.80  3.31
 1977.50  3.31
 1978.20  3.31
 1978.90  3.31
 1979.60  3.31
 1980.30  3.31
 1981.00  3.31
 1981.70  3.31
 1982.40  3.31
 1983.10  3.31
 1983.80  3.31
 1984.50  3.31
 1985.20  3.31
 1985.90  3.31
 1986.60  3.31
 1987.30  3.31
 1988.00  3.31
 1988.70  3.31
 1989.40  3.31
 1990.10  3.31
 1990.80  3.31
 1991.50  3.31
 1992.20  3.31
 1992.90  3.31
 1993.60  3.31
 1994.30  3.31
 1995.00  3.31
 1995.70  3.31
 1996.40  3.31
 1997.10  3.31
 1997.80  3.31
 1998.50  3.31
 1999.20  3.31
 1999.90  3.31
 2000.60  3.31
 2001.30  3.31
 2002.00  3.31
 2002.70  3.31
 2003.40  3.31
 2004.10  3.31
 2004.80  3.31
 2005.50  3.31
 2006.20  3.31
 2006.90  3.31
 2007.60  3.31
 2008.30  3.31
 2009.00  3.31
 2009.70  3.31
 2010.40  3.31
 2011.10  3.31
 2011.80  3.31
 2012.50  3.31
 2013.20  3.31
 2013.90  3.31
 2014.60  3.31
 2015.30  3.31
 2016.00  3.31
 2016.70  3.31
 2017.40  3.31
 2018.10  3.31
 2018.80  3.31
 2019.50  3.31
 2020.20  3.31
 2020.90  3.31
 2021.60  3.31
 2022.30  3.31
 2023.00  3.31
 2023.70  3.31
 2024.40  3.31
 2025.10  3.31
 2025.80  3.31
 2026.50  3.31
 2027.20  3.31
 2027.90  3.31
 2028.60  3.31
 2029.30  3.31
 2030.00  3.31
 2030.70  3.31
 2031.40  3.31
 2032.10  3.31
 2032.80  3.31
 2033.50  3.31
 2034.20  3.31
 2034.90  3.31
 2035.60  3.31
 2036.30  3.31
 2037.00  3.31
 2037.70  3.31
 2038.40  3.31
 2039.10  3.31
 2039.80  3.31
 2040.50  3.31
 2041.20  3.31
 2041.90  3.31
 2042.60  3.31
 2043.30  3.31
 2044.00  3.31
 2044.70  3.31
 2045.40  3.31
 2046.10  3.31
 2046.80  3.31
 2047.50  3.31
 2048.20  3.31
 2048.90  3.31
 2049.60  3.31
 2050.30  3.31
 2051.00  3.31
 2051.70  3.31
 2052.40  3.31
 2053.10  3.31
 2053.80  3.31
 2054.50  3.31
 2055.20  3.31
 2055.90  3.31
 2056.60  3.31
 2057.30  3.31
 2058.00  3.31
 2058.70  3.31
 2059.40  3.31
 2060.10  3.31
 2060.80  3.31
 2061.50  3.31
 2062.20  3.31
 2062.90  3.31
 2063.60  3.31
 2064.30  3.31
 2065.00  3.31
 2065.70  3.31
 2066.40  3.31
 2067.10  3.31
 2067.80  3.31
 2068.50  3.31
 2069.20  3.31
 2069.90  3.31
 2070.60  3.31
 2071.30  3.31
 2072.00  3.31
 2072.70  3.31
 2073.40  3.31
 2074.10  3.31
 2074.80  3.31
 2075.50  3.31
 2076.20  3.31
 2076.90  3.31
 2077.60  3.31
 2078.30  3.31
 2079.00  3.31
 2079.70  3.31
 2080.40  3.31
 2081.10  3.31
 2081.80  3.31
 2082.50  3.31
 2083.20  3.31
 2083.90  3.31
 2084.60  3.31
 2085.30  3.31
 2086.00  3.31
 2086.70  3.31
 2087.40  3.31
 2088.10  3.31
 2088.80  3.31
 2089.50  3.31
 2090.20  3.31
 2090.90  3.31
 2091.60  3.31
 2092.30  3.31
 2093.00  3.31
 2093.70  3.31
 2094.40  3.31
 2095.10  3.31
 2095.80  3.31
 2096.50  3.31
 2097.20  3.31
 2097.90  3.31
 2098.60  3.31
 2099.30  3.31
 2100.00  3.31
 2100.70  3.31
 2101.40  3.31
 2102.10  3.31
 2102.80  3.31
 2103.50  3.31
 2104.20  3.31
 2104.90  3.31
 2105.60  3.31
 2106.30  3.31
 2107.00  3.31
 2107.70  3.31
 2108.40  3.31
 2109.10  3.31
 2109.80  3.31
 2110.50  3.31
 2111.20  3.31
 2111.90  3.31
 2112.60  3.31
 2113.30  3.31
 2114.00  3.31
 2114.70  3.31
 2115.40  3.31
 2116.10  3.31
 2116.80  3.31
 2117.50  3.31
 2118.20  3.31
 2118.90  3.31
 2119.60  3.31
 2120.30  3.31
 2121.00  3.31
 2121.70  3.31
 2122.40  3.31
 2123.10  3.31
 2123.80  3.31
 2124.50  3.31
 2125.20  3.31
 2125.90  3.31
 2126.60  3.31
 2127.30  3.31
 2128.00  3.31
 2128.70  3.31
 2129.40  3.31
 2130.10  3.31
 2130.80  3.31
 2131.50  3.31
 2132.20  3.31
 2132.90  3.31
 2133.60  3.31
 2134.30  3.31
 2135.00  3.31
 2135.70  3.31
 2136.40  3.31
 2137.10  3.31
 2137.80  3.31
 2138.50  3.31
 2139.20  3.31
 2139.90  3.31
 2140.60  3.31
 2141.30  3.31
 2142.00  3.31
 2142.70  3.31
 2143.40  3.31
 2144.10  3.31
 2144.80  3.31
 2145.50  3.31
 2146.20  3.31
 2146.90  3.31
 2147.60  3.31
 2148.30  3.31
 2149.00  3.31
 2149.70  3.31
 2150.40  3.31
 2151.10  3.31
 2151.80  3.31
 2152.50  3.31
 2153.20  3.31
 2153.90  3.31
 2154.60  3.31
 2155.30  3.31
 2156.00  3.31
 2156.70  3.31
 2157.40  3.31
 2158.10  3.31
 2158.80  3.31
 2159.50  3.31
 2160.20  3.31
 2160.90  3.31
 2161.60  3.31
 2162.30  3.31
 2163.00  3.31
 2163.70  3.31
 2164.40  3.31
 2165.10  3.31
 2165.80  3.31
 2166.50  3.31
 2167.20  3.31
 2167.90  3.31
 2168.60  3.31
 2169.30  3.31
 2170.00  3.31
 2170.70  3.31
 2171.40  3.31
 2172.10  3.31
 2172.80  3.31
 2173.50  3.31
 2174.20  3.31
 2174.90  3.31
 2175.60  3.31
 2176.30  3.31
 2177.00  3.31
 2177.70  3.31
 2178.40  3.31
 2179.10  3.31
 2179.80  3.31
 2180.50  3.31
 2181.20  3.31
 2181.90  3.31
 2182.60  3.31
 2183.30  3.31
 2184.00  3.31
 2184.70  3.31
 2185.40  3.31
 2186.10  3.31
 2186.80  3.31
 2187.50  3.31
 2188.20  3.31
 2188.90  3.31
 2189.60  3.31
 2190.30  3.31
 2191.00  3.31
 2191.70  3.31
 2192.40  3.31
 2193.10  3.31
 2193.80  3.31
 2194.50  3.31
 2195.20  3.31
 2195.90  3.31
 2196.60  3.31
 2197.30  3.31
 2198.00  3.31
 2198.70  3.31
 2199.40  3.31
 2200.10  3.31
 2200.80  3.31
 2201.50  3.31
 2202.20  3.31
 2202.90  3.31
 2203.60  3.31
 2204.30  3.31
 2205.00  3.31
 2205.70  3.31
 2206.40  3.31
 2207.10  3.31
 2207.80  3.31
 2208.50  3.31
 2209.20  3.31
 2209.90  3.31
 2210.60  3.31
 2211.30  3.31
 2212.00  3.31
 2212.70  3.31
 2213.40  3.31
 2214.10  3.31
 2214.80  3.31
 2215.50  3.31
 2216.20  3.31
 2216.90  3.31
 2217.60  3.31
 2218.30  3.31
 2219.00  3.31
 2219.70  3.31
 2220.40  3.31
 2221.10  3.31
 2221.80  3.31
 2222.50  3.31
 2223.20  3.31
 2223.90  3.31
 2224.60  3.31
 2225.30  3.31
 2226.00  3.31
 2226.70  3.31
 2227.40  3.31
 2228.10  3.31
 2228.80  3.31
 2229.50  3.31
 2230.20  3.31
 2230.90  3.31
 2231.60  3.31
 2232.30  3.31
 2233.00  3.31
 2233.70  3.31
 2234.40  3.31
 2235.10  3.31
 2235.80  3.31
 2236.50  3.31
 2237.20  3.31
 2237.90  3.31
 2238.60  3.31
 2239.30  3.31
 2240.00  3.31
 2240.70  3.31
 2241.40  3.31
 2242.10  3.31
 2242.80  3.31
 2243.50  3.31
 2244.20  3.31
 2244.90  3.31
 2245.60  3.31
 2246.30  3.31
 2247.00  3.31
 2247.70  3.31
 2248.40  3.31
 2249.10  3.31
 2249.80  3.31
 2250.50  3.31
 2251.20  3.31
 2251.90  3.31
 2252.60  3.31
 2253.30  3.31
 2254.00  3.31
 2254.70  3.31
 2255.40  3.31
 2256.10  3.31
 2256.80  3.31
 2257.50  3.31
 2258.20  3.31
 2258.90  3.31
 2259.60  3.31
 2260.30  3.31
 2261.00  3.31
 2261.70  3.31
 2262.40  3.31
 2263.10  3.31
 2263.80  3.31
 2264.50  3.31
 2265.20  3.31
 2265.90  3.31
 2266.60  3.31
 2267.30  3.31
 2268.00  3.31
 2268.70  3.31
 2269.40  3.31
 2270.10  3.31
 2270.80  3.31
 2271.50  3.31
 2272.20  3.31
 2272.90  3.31
 2273.60  3.31
 2274.30  3.31
 2275.00  3.31
 2275.70  3.31
 2276.40  3.31
 2277.10  3.31
 2277.80  3.31
 2278.50  3.31
 2279.20  3.31
 2279.90  3.31
 2280.60  3.31
 2281.30  3.31
 2282.00  3.31
 2282.70  3.31
 2283.40  3.31
 2284.10  3.31
 2284.80  3.31
 2285.50  3.31
 2286.20  3.31
 2286.90  3.31
 2287.60  3.31
 2288.30  3.31
 2289.00  3.31
 2289.70  3.31
 2290.40  3.31
 2291.10  3.31
 2291.80  3.31
 2292.50  3.31
 2293.20  3.31
 2293.90  3.31
 2294.60  3.31
 2295.30  3.31
 2296.00  3.31
 2296.70  3.31
 2297.40  3.31
 2298.10  3.31
 2298.80  3.31
 2299.50  3.31
 2300.20  3.31
 2300.90  3.31
 2301.60  3.31
 2302.30  3.31
 2303.00  3.31
 2303.70  3.31
 2304.40  3.31
 2305.10  3.31
 2305.80  3.31
 2306.50  3.31
 2307.20  3.31
 2307.90  3.31
 2308.60  3.31
 2309.30  3.31
 2310.00  3.31
 2310.70  3.31
 2311.40  3.31
 2312.10  3.31
 2312.80  3.31
 2313.50  3.31
 2314.20  3.31
 2314.90  3.31
 2315.60  3.31
 2316.30  3.31
 2317.00  3.31
 2317.70  3.31
 2318.40  3.31
 2319.10  3.31
 2319.80  3.31
 2320.50  3.31
 2321.20  3.31
 2321.90  3.31
 2322.60  3.31
 2323.30  3.31
 2324.00  3.31
 2324.70  3.31
 2325.40  3.31
 2326.10  3.31
 2326.80  3.31
 2327.50  3.31
 2328.20  3.31
 2328.90  3.31
 2329.60  3.31
 2330.30  3.31
 2331.00  3.31
 2331.70  3.31
 2332.40  3.31
 2333.10  3.31
 2333.80  3.31
 2334.50  3.31
 2335.20  3.31
 2335.90  3.31
 2336.60  3.31
 2337.30  3.31
 2338.00  3.31
 2338.70  3.31
 2339.40  3.31
 2340.10  3.31
 2340.80  3.31
 2341.50  3.31
 2342.20  3.31
 2342.90  3.31
 2343.60  3.31
 2344.30  3.31
 2345.00  3.31
 2345.70  3.31
 2346.40  3.31
 2347.10  3.31
 2347.80  3.31
 2348.50  3.31
 2349.20  3.31
 2349.90  3.31
 2350.60  3.31
 2351.30  3.31
 2352.00  3.31
 2352.70  3.31
 2353.40  3.31
 2354.10  3.31
 2354.80  3.31
 2355.50  3.31
 2356.20  3.31
 2356.90  3.31
 2357.60  3.31
 2358.30  3.31
 2359.00  3.31
 2359.70  3.31
 2360.40  3.31
 2361.10  3.31
 2361.80  3.31
 2362.50  3.31
 2363.20  3.31
 2363.90  3.31
 2364.60  3.31
 2365.30  3.31
 2366.00  3.31
 2366.70  3.31
 2367.40  3.31
 2368.10  3.31
 2368.80  3.31
 2369.50  3.31
 2370.20  3.31
 2370.90  3.31
 2371.60  3.31
 2372.30  3.31
 2373.00  3.31
 2373.70  3.31
 2374.40  3.31
 2375.10  3.31
 2375.80  3.31
 2376.50  3.31
 2377.20  3.31
 2377.90  3.31
 2378.60  3.31
 2379.30  3.31
 2380.00  3.31
 2380.70  3.31
 2381.40  3.31
 2382.10  3.31
 2382.80  3.31
 2383.50  3.31
 2384.20  3.31
 2384.90  3.31
 2385.60  3.31
 2386.30  3.31
 2387.00  3.31
 2387.70  3.31
 2388.40  3.31
 2389.10  3.31
 2389.80  3.31
 2390.50  3.31
 2391.20  3.31
 2391.90  3.31
 2392.60  3.31
 2393.30  3.31
 2394.00  3.31
 2394.70  3.31
 2395.40  3.31
 2396.10  3.31
 2396.80  3.31
 2397.50  3.31
 2398.20  3.31
 2398.90  3.31
 2399.60  3.31
 2400.30  3.31
 2401.00  3.31
 2401.70  3.31
 2402.40  3.31
 2403.10  3.31
 2403.80  3.31
 2404.50  3.31
 2405.20  3.31
 2405.90  3.31
 2406.60  3.31
 2407.30  3.31
 2408.00  3.31
 2408.70  3.31
 2409.40  3.31
 2410.10  3.31
 2410.80  3.31
 2411.50  3.31
 2412.20  3.31
 2412.90  3.31
 2413.60  3.31
 2414.30  3.31
 2415.00  3.31
 2415.70  3.31
 2416.40  3.31
 2417.10  3.31
 2417.80  3.31
 2418.50  3.31
 2419.20  3.31
 2419.90  3.31
 2420.60  3.31
 2421.30  3.31
 2422.00  3.31
 2422.70  3.31
 2423.40  3.31
 2424.10  3.31
 2424.80  3.31
 2425.50  3.31
 2426.20  3.31
 2426.90  3.31
 2427.60  3.31
 2428.30  3.31
 2429.00  3.31
 2429.70  3.31
 2430.40  3.31
 2431.10  3.31
 2431.80  3.31
 2432.50  3.31
 2433.20  3.31
 2433.90  3.31
 2434.60  3.31
 2435.30  3.31
 2436.00  3.31
 2436.70  3.31
 2437.40  3.31
 2438.10  3.31
 2438.80  3.31
 2439.50  3.31
 2440.20  3.31
 2440.90  3.31
 2441.60  3.31
 2442.30  3.31
 2443.00  3.31
 2443.70  3.31
 2444.40  3.31
 2445.10  3.31
 2445.80  3.31
 2446.50  3.31
 2447.20  3.31
 2447.90  3.31
 2448.60  3.31
 2449.30  3.31
 2450.00  3.31
 2450.70  3.31
 2451.40  3.31
 2452.10  3.31
 2452.80  3.31
 2453.50  3.31
 2454.20  3.31
 2454.90  3.31
 2455.60  3.31
 2456.30  3.31
 2457.00  3.31
 2457.70  3.31
 2458.40  3.31
 2459.10  3.31
 2459.80  3.31
 2460.50  3.31
 2461.20  3.31
 2461.90  3.31
 2462.60  3.31
 2463.30  3.31
 2464.00  3.31
 2464.70  3.31
 2465.40  3.31
 2466.10  3.31
 2466.80  3.31
 2467.50  3.31
 2468.20  3.31
 2468.90  3.31
 2469.60  3.31
 2470.30  3.31
 2471.00  3.31
 2471.70  3.31
 2472.40  3.31
 2473.10  3.31
 2473.80  3.31
 2474.50  3.31
 2475.20  3.31
 2475.90  3.31
 2476.60  3.31
 2477.30  3.31
 2478.00  3.31
 2478.70  3.31
 2479.40  3.31
 2480.10  3.31
 2480.80  3.31
 2481.50  3.31
 2482.20  3.31
 2482.90  3.31
 2483.60  3.31
 2484.30  3.31
 2485.00  3.31
 2485.70  3.31
 2486.40  3.31
 2487.10  3.31
 2487.80  3.31
 2488.50  3.31
 2489.20  3.31
 2489.90  3.31
 2490.60  3.31
 2491.30  3.31
 2492.00  3.31
 2492.70  3.31
 2493.40  3.31
 2494.10  3.31
 2494.80  3.31
 2495.50  3.31
 2496.20  3.31
 2496.90  3.31
 2497.60  3.31
 2498.30  3.31
 2499.00  3.31
 2499.70  3.31
 2500.40  3.31
 2501.10  3.31
 2501.80  3.31
 2502.50  3.31
 2503.20  3.31
 2503.90  3.31
 2504.60  3.31
 2505.30  3.31
 2506.00  3.31
 2506.70  3.31
 2507.40  3.31
 2508.10  3.31
 2508.80  3.31
 2509.50  3.31
 2510.20  3.31
 2510.90  3.31
 2511.60  3.31
 2512.30  3.31
 2513.00  3.31
 2513.70  3.31
 2514.40  3.31
 2515.10  3.31
 2515.80  3.31
 2516.50  3.31
 2517.20  3.31
 2517.90  3.31
 2518.60  3.31
 2519.30  3.31
 2520.00  3.31
 2520.70  3.31
 2521.40  3.31
 2522.10  3.31
 2522.80  3.31
 2523.50  3.31
 2524.20  3.31
 2524.90  3.31
 2525.60  3.31
 2526.30  3.31
 2527.00  3.31
 2527.70  3.31
 2528.40  3.31
 2529.10  3.31
 2529.80  3.31
 2530.50  3.31
 2531.20  3.31
 2531.90  3.31
 2532.60  3.31
 2533.30  3.31
 2534.00  3.31
 2534.70  3.31
 2535.40  3.31
 2536.10  3.31
 2536.80  3.31
 2537.50  3.31
 2538.20  3.31
 2538.90  3.31
 2539.60  3.31
 2540.30  3.31
 2541.00  3.31
 2541.70  3.31
 2542.40  3.31
 2543.10  3.31
 2543.80  3.31
 2544.50  3.31
 2545.20  3.31
 2545.90  3.31
 2546.60  3.31
 2547.30  3.31
 2548.00  3.31
 2548.70  3.31
 2549.40  3.31
 2550.10  3.31
 2550.80  3.31
 2551.50  3.31
 2552.20  3.31
 2552.90  3.31
 2553.60  3.31
 2554.30  3.31
 2555.00  3.31
 2555.70  3.31
 2556.40  3.31
 2557.10  3.31
 2557.80  3.31
 2558.50  3.31
 2559.20  3.31
 2559.90  3.31
 2560.60  3.31
 2561.30  3.31
 2562.00  3.31
 2562.70  3.31
 2563.40  3.31
 2564.10  3.31
 2564.80  3.31
 2565.50  3.31
 2566.20  3.31
 2566.90  3.31
 2567.60  3.31
 2568.30  3.31
 2569.00  3.31
 2569.70  3.31
 2570.40  3.31
 2571.10  3.31
 2571.80  3.31
 2572.50  3.31
 2573.20  3.31
 2573.90  3.31
 2574.60  3.31
 2575.30  3.31
 2576.00  3.31
 2576.70  3.31
 2577.40  3.31
 2578.10  3.31
 2578.80  3.31
 2579.50  3.31
 2580.20  3.31
 2580.90  3.31
 2581.60  3.31
 2582.30  3.31
 2583.00  3.31
 2583.70  3.31
 2584.40  3.31
 2585.10  3.31
 2585.80  3.31
 2586.50  3.31
 2587.20  3.31
 2587.90  3.31
 2588.60  3.31
 2589.30  3.31
 2590.00  3.31
 2590.70  3.31
 2591.40  3.31
 2592.10  3.31
 2592.80  3.31
 2593.50  3.31
 2594.20  3.31
 2594.90  3.31
 2595.60  3.31
 2596.30  3.31
 2597.00  3.31
 2597.70  3.31
 2598.40  3.31
 2599.10  3.31
 2599.80  3.31
 2600.50  3.31
 2601.20  3.31
 2601.90  3.31
 2602.60  3.31
 2603.30  3.31
 2604.00  3.31
 2604.70  3.31
 2605.40  3.31
 2606.10  3.31
 2606.80  3.31
 2607.50  3.31
 2608.20  3.31
 2608.90  3.31
 2609.60  3.31
 2610.30  3.31
 2611.00  3.31
 2611.70  3.31
 2612.40  3.31
 2613.10  3.31
 2613.80  3.31
 2614.50  3.31
 2615.20  3.31
 2615.90  3.31
 2616.60  3.31
 2617.30  3.31
 2618.00  3.31
 2618.70  3.31
 2619.40  3.31
 2620.10  3.31
 2620.80  3.31
 2621.50  3.31
 2622.20  3.31
 2622.90  3.31
 2623.60  3.31
 2624.30  3.31
 2625.00  3.31
 2625.70  3.31
 2626.40  3.31
 2627.10  3.31
 2627.80  3.31
 2628.50  3.31
 2629.20  3.31
 2629.90  3.31
 2630.60  3.31
 2631.30  3.31
 2632.00  3.31
 2632.70  3.31
 2633.40  3.31
 2634.10  3.31
 2634.80  3.31
 2635.50  3.31
 2636.20  3.31
 2636.90  3.31
 2637.60  3.31
 2638.30  3.31
 2639.00  3.31
 2639.70  3.31
 2640.40  3.31
 2641.10  3.31
 2641.80  3.31
 2642.50  3.31
 2643.20  3.31
 2643.90  3.31
 2644.60  3.31
 2645.30  3.31
 2646.00  3.31
 2646.70  3.31
 2647.40  3.31
 2648.10  3.31
 2648.80  3.31
 2649.50  3.31
 2650.20  3.31
 2650.90  3.31
 2651.60  3.31
 2652.30  3.31
 2653.00  3.31
 2653.70  3.31
 2654.40  3.31
 2655.10  3.31
 2655.80  3.31
 2656.50  3.31
 2657.20  3.31
 2657.90  3.31
 2658.60  3.31
 2659.30  3.31
 2660.00  3.31
 2660.70  3.31
 2661.40  3.31
 2662.10  3.31
 2662.80  3.31
 2663.50  3.31
 2664.20  3.31
 2664.90  3.31
 2665.60  3.31
 2666.30  3.31
 2667.00  3.31
 2667.70  3.31
 2668.40  3.31
 2669.10  3.31
 2669.80  3.31
 2670.50  3.31
 2671.20  3.31
 2671.90  3.31
 2672.60  3.31
 2673.30  3.31
 2674.00  3.31
 2674.70  3.31
 2675.40  3.31
 2676.10  3.31
 2676.80  3.31
 2677.50  3.31
 2678.20  3.31
 2678.90  3.31
 2679.60  3.31
 2680.30  3.31
 2681.00  3.31
 2681.70  3.31
 2682.40  3.31
 2683.10  3.31
 2683.80  3.31
 2684.50  3.31
 2685.20  3.31
 2685.90  3.31
 2686.60  3.31
 2687.30  3.31
 2688.00  3.31
 2688.70  3.31
 2689.40  3.31
 2690.10  3.31
 2690.80  3.31
 2691.50  3.31
 2692.20  3.31
 2692.90  3.31
 2693.60  3.31
 2694.30  3.31
 2695.00  3.31
 2695.70  3.31
 2696.40  3.31
 2697.10  3.31
 2697.80  3.31
 2698.50  3.31
 2699.20  3.31
 2699.90  3.31
 2700.60  3.31
 2701.30  3.31
 2702.00  3.31
 2702.70  3.31
 2703.40  3.31
 2704.10  3.31
 2704.80  3.31
 2705.50  3.31
 2706.20  3.31
 2706.90  3.31
 2707.60  3.31
 2708.30  3.31
 2709.00  3.31
 2709.70  3.31
 2710.40  3.31
 2711.10  3.31
 2711.80  3.31
 2712.50  3.31
 2713.20  3.31
 2713.90  3.31
 2714.60  3.31
 2715.30  3.31
 2716.00  3.31
 2716.70  3.31
 2717.40  3.31
 2718.10  3.31
 2718.80  3.31
 2719.50  3.31
 2720.20  3.31
 2720.90  3.31
 2721.60  3.31
 2722.30  3.31
 2723.00  3.31
 2723.70  3.31
 2724.40  3.31
 2725.10  3.31
 2725.80  3.31
 2726.50  3.31
 2727.20  3.31
 2727.90  3.31
 2728.60  3.31
 2729.30  3.31
 2730.00  3.31
 2730.70  3.31
 2731.40  3.31
 2732.10  3.31
 2732.80  3.31
 2733.50  3.31
 2734.20  3.31
 2734.90  3.31
 2735.60  3.31
 2736.30  3.31
 2737.00  3.31
 2737.70  3.31
 2738.40  3.31
 2739.10  3.31
 2739.80  3.31
 2740.50  3.31
 2741.20  3.31
 2741.90  3.31
 2742.60  3.31
 2743.30  3.31
 2744.00  3.31
 2744.70  3.31
 2745.40  3.31
 2746.10  3.31
 2746.80  3.31
 2747.50  3.31
 2748.20  3.31
 2748.90  3.31
 2749.60  3.31
 2750.30  3.31
 2751.00  3.31
 2751.70  3.31
 2752.40  3.31
 2753.10  3.31
 2753.80  3.31
 2754.50  3.31
 2755.20  3.31
 2755.90  3.31
 2756.60  3.31
 2757.30  3.31
 2758.00  3.31
 2758.70  3.31
 2759.40  3.31
 2760.10  3.31
 2760.80  3.31
 2761.50  3.31
 2762.20  3.31
 2762.90  3.31
 2763.60  3.31
 2764.30  3.31
 2765.00  3.31
 2765.70  3.31
 2766.40  3.31
 2767.10  3.31
 2767.80  3.31
 2768.50  3.31
 2769.20  3.31
 2769.90  3.31
 2770.60  3.31
 2771.30  3.31
 2772.00  3.31
 2772.70  3.31
 2773.40  3.31
 2774.10  3.31
 2774.80  3.31
 2775.50  3.31
 2776.20  3.31
 2776.90  3.31
 2777.60  3.31
 2778.30  3.31
 2779.00  3.31
 2779.70  3.31
 2780.40  3.31
 2781.10  3.31
 2781.80  3.31
 2782.50  3.31
 2783.20  3.31
 2783.90  3.31
 2784.60  3.31
 2785.30  3.31
 2786.00  3.31
 2786.70  3.31
 2787.40  3.31
 2788.10  3.31
 2788.80  3.31
 2789.50  3.31
 2790.20  3.31
 2790.90  3.31
 2791.60  3.31
 2792.30  3.31
 2793.00  3.31
 2793.70  3.31
 2794.40  3.31
 2795.10  3.31
 2795.80  3.31
 2796.50  3.31
 2797.20  3.31
 2797.90  3.31
 2798.60  3.31
 2799.30  3.31
 2800.00  3.31
 2800.70  3.31
 2801.40  3.31
 2802.10  3.31
 2802.80  3.31
 2803.50  3.31
 2804.20  3.31
 2804.90  3.31
 2805.60  3.31
 2806.30  3.31
 2807.00  3.31
 2807.70  3.31
 2808.40  3.31
 2809.10  3.31
 2809.80  3.31
 2810.50  3.31
 2811.20  3.31
 2811.90  3.31
 2812.60  3.31
 2813.30  3.31
 2814.00  3.31
 2814.70  3.31
 2815.40  3.31
 2816.10  3.31
 2816.80  3.31
 2817.50  3.31
 2818.20  3.31
 2818.90  3.31
 2819.60  3.31
 2820.30  3.31
 2821.00  3.31
 2821.70  3.31
 2822.40  3.31
 2823.10  3.31
 2823.80  3.31
 2824.50  3.31
 2825.20  3.31
 2825.90  3.31
 2826.60  3.31
 2827.30  3.31
 2828.00  3.31
 2828.70  3.31
 2829.40  3.31
 2830.10  3.31
 2830.80  3.31
 2831.50  3.31
 2832.20  3.31
 2832.90  3.31
 2833.60  3.31
 2834.30  3.31
 2835.00  3.31
 2835.70  3.31
 2836.40  3.31
 2837.10  3.31
 2837.80  3.31
 2838.50  3.31
 2839.20  3.31
 2839.90  3.31
 2840.60  3.31
 2841.30  3.31
 2842.00  3.31
 2842.70  3.31
 2843.40  3.31
 2844.10  3.31
 2844.80  3.31
 2845.50  3.31
 2846.20  3.31
 2846.90  3.31
 2847.60  3.31
 2848.30  3.31
 2849.00  3.31
 2849.70  3.31
 2850.40  3.31
 2851.10  3.31
 2851.80  3.31
 2852.50  3.31
 2853.20  3.31
 2853.90  3.31
 2854.60  3.31
 2855.30  3.31
 2856.00  3.31
 2856.70  3.31
 2857.40  3.31
 2858.10  3.31
 2858.80  3.31
 2859.50  3.31
 2860.20  3.31
 2860.90  3.31
 2861.60  3.31
 2862.30  3.31
 2863.00  3.31
 2863.70  3.31
 2864.40  3.31
 2865.10  3.31
 2865.80  3.31
 2866.50  3.31
 2867.20  3.31
 2867.90  3.31
 2868.60  3.31
 2869.30  3.31
 2870.00  3.31
 2870.70  3.31
 2871.40  3.31
 2872.10  3.31
 2872.80  3.31
 2873.50  3.31
 2874.20  3.31
 2874.90  3.31
 2875.60  3.31
 2876.30  3.31
 2877.00  3.31
 2877.70  3.31
 2878.40  3.31
 2879.10  3.31
 2879.80  3.31
 2880.50  3.31
 2881.20  3.31
 2881.90  3.31
 2882.60  3.31
 2883.30  3.31
 2884.00  3.31
 2884.70  3.31
 2885.40  3.31
 2886.10  3.31
 2886.80  3.31
 2887.50  3.31
 2888.20  3.31
 2888.90  3.31
 2889.60  3.31
 2890.30  3.31
 2891.00  3.31
 2891.70  3.31
 2892.40  3.31
 2893.10  3.31
 2893.80  3.31
 2894.50  3.31
 2895.20  3.31
 2895.90  3.31
 2896.60  3.31
 2897.30  3.31
 2898.00  3.31
 2898.70  3.31
 2899.40  3.31
 2900.10  3.31
 2900.80  3.31
 2901.50  3.31
 2902.20  3.31
 2902.90  3.31
 2903.60  3.31
 2904.30  3.31
 2905.00  3.31
 2905.70  3.31
 2906.40  3.31
 2907.10  3.31
 2907.80  3.31
 2908.50  3.31
 2909.20  3.31
 2909.90  3.31
 2910.60  3.31
 2911.30  3.31
 2912.00  3.31
 2912.70  3.31
 2913.40  3.31
 2914.10  3.31
 2914.80  3.31
 2915.50  3.31
 2916.20  3.31
 2916.90  3.31
 2917.60  3.31
 2918.30  3.31
 2919.00  3.31
 2919.70  3.31
 2920.40  3.31
 2921.10  3.31
 2921.80  3.31
 2922.50  3.31
 2923.20  3.31
 2923.90  3.31
 2924.60  3.31
 2925.30  3.31
 2926.00  3.31
 2926.70  3.31
 2927.40  3.31
 2928.10  3.31
 2928.80  3.31
 2929.50  3.31
 2930.20  3.31
 2930.90  3.31
 2931.60  3.31
 2932.30  3.31
 2933.00  3.31
 2933.70  3.31
 2934.40  3.31
 2935.10  3.31
 2935.80  3.31
 2936.50  3.31
 2937.20  3.31
 2937.90  3.31
 2938.60  3.31
 2939.30  3.31
 2940.00  3.31
 2940.70  3.31
 2941.40  3.31
 2942.10  3.31
 2942.80  3.31
 2943.50  3.31
 2944.20  3.31
 2944.90  3.31
 2945.60  3.31
 2946.30  3.31
 2947.00  3.31
 2947.70  3.31
 2948.40  3.31
 2949.10  3.31
 2949.80  3.31
 2950.50  3.31
 2951.20  3.31
 2951.90  3.31
 2952.60  3.31
 2953.30  3.31
 2954.00  3.31
 2954.70  3.31
 2955.40  3.31
 2956.10  3.31
 2956.80  3.31
 2957.50  3.31
 2958.20  3.31
 2958.90  3.31
 2959.60  3.31
 2960.30  3.31
 2961.00  3.31
 2961.70  3.31
 2962.40  3.31
 2963.10  3.31
 2963.80  3.31
 2964.50  3.31
 2965.20  3.31
 2965.90  3.31
 2966.60  3.31
 2967.30  3.31
 2968.00  3.31
 2968.70  3.31
 2969.40  3.31
 2970.10  3.31
 2970.80  3.31
 2971.50  3.31
 2972.20  3.31
 2972.90  3.31
 2973.60  3.31
 2974.30  3.31
 2975.00  3.31
 2975.70  3.31
 2976.40  3.31
 2977.10  3.31
 2977.80  3.31
 2978.50  3.31
 2979.20  3.31
 2979.90  3.31
 2980.60  3.31
 2981.30  3.31
 2982.00  3.31
 2982.70  3.31
 2983.40  3.31
 2984.10  3.31
 2984.80  3.31
 2985.50  3.31
 2986.20  3.31
 2986.90  3.31
 2987.60  3.31
 2988.30  3.31
 2989.00  3.31
 2989.70  3.31
 2990.40  3.31
 2991.10  3.31
 2991.80  3.31
 2992.50  3.31
 2993.20  3.31
 2993.90  3.31
 2994.60  3.31
 2995.30  3.31
 2996.00  3.31
 2996.70  3.31
 2997.40  3.31
 2998.10  3.31
 2998.80  3.31
 2999.50  3.31
