#Navio B MarAd
#Manobra de Curva Giro
#
#Eta 
#
#temp      rot 
 0.00  1.00
 0.70  1.00
 1.40  1.00
 2.10  1.00
 2.80  1.00
 3.50  1.00
 4.20  1.00
 4.90  1.00
 5.60  1.00
 6.30  1.00
 7.00  1.00
 7.70  1.00
 8.40  1.00
 9.10  1.00
 9.80  1.01
 10.50  1.01
 11.20  1.01
 11.90  1.01
 12.60  1.01
 13.30  1.01
 14.00  1.01
 14.70  1.01
 15.40  1.01
 16.10  1.01
 16.80  1.01
 17.50  1.01
 18.20  1.01
 18.90  1.01
 19.60  1.01
 20.30  1.01
 21.00  1.01
 21.70  1.01
 22.40  1.01
 23.10  1.01
 23.80  1.01
 24.50  1.02
 25.20  1.02
 25.90  1.02
 26.60  1.02
 27.30  1.02
 28.00  1.02
 28.70  1.02
 29.40  1.02
 30.10  1.02
 30.80  1.02
 31.50  1.02
 32.20  1.02
 32.90  1.02
 33.60  1.02
 34.30  1.02
 35.00  1.02
 35.70  1.02
 36.40  1.02
 37.10  1.03
 37.80  1.03
 38.50  1.03
 39.20  1.03
 39.90  1.03
 40.60  1.03
 41.30  1.03
 42.00  1.03
 42.70  1.03
 43.40  1.03
 44.10  1.03
 44.80  1.03
 45.50  1.03
 46.20  1.03
 46.90  1.03
 47.60  1.04
 48.30  1.04
 49.00  1.04
 49.70  1.04
 50.40  1.04
 51.10  1.04
 51.80  1.04
 52.50  1.04
 53.20  1.04
 53.90  1.04
 54.60  1.04
 55.30  1.04
 56.00  1.04
 56.70  1.04
 57.40  1.05
 58.10  1.05
 58.80  1.05
 59.50  1.05
 60.20  1.05
 60.90  1.05
 61.60  1.05
 62.30  1.05
 63.00  1.05
 63.70  1.05
 64.40  1.05
 65.10  1.06
 65.80  1.06
 66.50  1.06
 67.20  1.06
 67.90  1.06
 68.60  1.06
 69.30  1.06
 70.00  1.06
 70.70  1.06
 71.40  1.06
 72.10  1.07
 72.80  1.07
 73.50  1.07
 74.20  1.07
 74.90  1.07
 75.60  1.07
 76.30  1.07
 77.00  1.07
 77.70  1.07
 78.40  1.08
 79.10  1.08
 79.80  1.08
 80.50  1.08
 81.20  1.08
 81.90  1.08
 82.60  1.08
 83.30  1.08
 84.00  1.08
 84.70  1.09
 85.40  1.09
 86.10  1.09
 86.80  1.09
 87.50  1.09
 88.20  1.09
 88.90  1.09
 89.60  1.10
 90.30  1.10
 91.00  1.10
 91.70  1.10
 92.40  1.10
 93.10  1.10
 93.80  1.10
 94.50  1.10
 95.20  1.11
 95.90  1.11
 96.60  1.11
 97.30  1.11
 98.00  1.11
 98.70  1.11
 99.40  1.12
 100.10  1.12
 100.80  1.12
 101.50  1.12
 102.20  1.12
 102.90  1.12
 103.60  1.12
 104.30  1.13
 105.00  1.13
 105.70  1.13
 106.40  1.13
 107.10  1.13
 107.80  1.13
 108.50  1.14
 109.20  1.14
 109.90  1.14
 110.60  1.14
 111.30  1.14
 112.00  1.14
 112.70  1.15
 113.40  1.15
 114.10  1.15
 114.80  1.15
 115.50  1.15
 116.20  1.16
 116.90  1.16
 117.60  1.16
 118.30  1.16
 119.00  1.16
 119.70  1.16
 120.40  1.17
 121.10  1.17
 121.80  1.17
 122.50  1.17
 123.20  1.17
 123.90  1.18
 124.60  1.18
 125.30  1.18
 126.00  1.18
 126.70  1.18
 127.40  1.19
 128.10  1.19
 128.80  1.19
 129.50  1.19
 130.20  1.19
 130.90  1.20
 131.60  1.20
 132.30  1.20
 133.00  1.20
 133.70  1.20
 134.40  1.21
 135.10  1.21
 135.80  1.21
 136.50  1.21
 137.20  1.21
 137.90  1.22
 138.60  1.22
 139.30  1.22
 140.00  1.22
 140.70  1.23
 141.40  1.23
 142.10  1.23
 142.80  1.23
 143.50  1.23
 144.20  1.24
 144.90  1.24
 145.60  1.24
 146.30  1.24
 147.00  1.25
 147.70  1.25
 148.40  1.25
 149.10  1.25
 149.80  1.25
 150.50  1.26
 151.20  1.26
 151.90  1.26
 152.60  1.26
 153.30  1.27
 154.00  1.27
 154.70  1.27
 155.40  1.27
 156.10  1.28
 156.80  1.28
 157.50  1.28
 158.20  1.28
 158.90  1.29
 159.60  1.29
 160.30  1.29
 161.00  1.29
 161.70  1.30
 162.40  1.30
 163.10  1.30
 163.80  1.30
 164.50  1.31
 165.20  1.31
 165.90  1.31
 166.60  1.31
 167.30  1.32
 168.00  1.32
 168.70  1.32
 169.40  1.32
 170.10  1.33
 170.80  1.33
 171.50  1.33
 172.20  1.33
 172.90  1.34
 173.60  1.34
 174.30  1.34
 175.00  1.34
 175.70  1.35
 176.40  1.35
 177.10  1.35
 177.80  1.35
 178.50  1.36
 179.20  1.36
 179.90  1.36
 180.60  1.37
 181.30  1.37
 182.00  1.37
 182.70  1.37
 183.40  1.38
 184.10  1.38
 184.80  1.38
 185.50  1.38
 186.20  1.39
 186.90  1.39
 187.60  1.39
 188.30  1.40
 189.00  1.40
 189.70  1.40
 190.40  1.40
 191.10  1.41
 191.80  1.41
 192.50  1.41
 193.20  1.41
 193.90  1.42
 194.60  1.42
 195.30  1.42
 196.00  1.43
 196.70  1.43
 197.40  1.43
 198.10  1.43
 198.80  1.44
 199.50  1.44
 200.20  1.44
 200.90  1.45
 201.60  1.45
 202.30  1.45
 203.00  1.45
 203.70  1.46
 204.40  1.46
 205.10  1.46
 205.80  1.47
 206.50  1.47
 207.20  1.47
 207.90  1.47
 208.60  1.48
 209.30  1.48
 210.00  1.48
 210.70  1.49
 211.40  1.49
 212.10  1.49
 212.80  1.50
 213.50  1.50
 214.20  1.50
 214.90  1.50
 215.60  1.51
 216.30  1.51
 217.00  1.51
 217.70  1.52
 218.40  1.52
 219.10  1.52
 219.80  1.52
 220.50  1.53
 221.20  1.53
 221.90  1.53
 222.60  1.54
 223.30  1.54
 224.00  1.54
 224.70  1.55
 225.40  1.55
 226.10  1.55
 226.80  1.55
 227.50  1.56
 228.20  1.56
 228.90  1.56
 229.60  1.57
 230.30  1.57
 231.00  1.57
 231.70  1.58
 232.40  1.58
 233.10  1.58
 233.80  1.58
 234.50  1.59
 235.20  1.59
 235.90  1.59
 236.60  1.60
 237.30  1.60
 238.00  1.60
 238.70  1.61
 239.40  1.61
 240.10  1.61
 240.80  1.62
 241.50  1.62
 242.20  1.62
 242.90  1.62
 243.60  1.63
 244.30  1.63
 245.00  1.63
 245.70  1.64
 246.40  1.64
 247.10  1.64
 247.80  1.65
 248.50  1.65
 249.20  1.65
 249.90  1.65
 250.60  1.66
 251.30  1.66
 252.00  1.66
 252.70  1.67
 253.40  1.67
 254.10  1.67
 254.80  1.68
 255.50  1.68
 256.20  1.68
 256.90  1.69
 257.60  1.69
 258.30  1.69
 259.00  1.69
 259.70  1.70
 260.40  1.70
 261.10  1.70
 261.80  1.71
 262.50  1.71
 263.20  1.71
 263.90  1.72
 264.60  1.72
 265.30  1.72
 266.00  1.73
 266.70  1.73
 267.40  1.73
 268.10  1.73
 268.80  1.74
 269.50  1.74
 270.20  1.74
 270.90  1.75
 271.60  1.75
 272.30  1.75
 273.00  1.76
 273.70  1.76
 274.40  1.76
 275.10  1.77
 275.80  1.77
 276.50  1.77
 277.20  1.77
 277.90  1.78
 278.60  1.78
 279.30  1.78
 280.00  1.79
 280.70  1.79
 281.40  1.79
 282.10  1.80
 282.80  1.80
 283.50  1.80
 284.20  1.80
 284.90  1.81
 285.60  1.81
 286.30  1.81
 287.00  1.82
 287.70  1.82
 288.40  1.82
 289.10  1.83
 289.80  1.83
 290.50  1.83
 291.20  1.84
 291.90  1.84
 292.60  1.84
 293.30  1.84
 294.00  1.85
 294.70  1.85
 295.40  1.85
 296.10  1.86
 296.80  1.86
 297.50  1.86
 298.20  1.87
 298.90  1.87
 299.60  1.87
 300.30  1.87
 301.00  1.88
 301.70  1.88
 302.40  1.88
 303.10  1.89
 303.80  1.89
 304.50  1.89
 305.20  1.90
 305.90  1.90
 306.60  1.90
 307.30  1.90
 308.00  1.91
 308.70  1.91
 309.40  1.91
 310.10  1.92
 310.80  1.92
 311.50  1.92
 312.20  1.93
 312.90  1.93
 313.60  1.93
 314.30  1.93
 315.00  1.94
 315.70  1.94
 316.40  1.94
 317.10  1.95
 317.80  1.95
 318.50  1.95
 319.20  1.96
 319.90  1.96
 320.60  1.96
 321.30  1.96
 322.00  1.97
 322.70  1.97
 323.40  1.97
 324.10  1.98
 324.80  1.98
 325.50  1.98
 326.20  1.98
 326.90  1.99
 327.60  1.99
 328.30  1.99
 329.00  2.00
 329.70  2.00
 330.40  2.00
 331.10  2.01
 331.80  2.01
 332.50  2.01
 333.20  2.01
 333.90  2.02
 334.60  2.02
 335.30  2.02
 336.00  2.03
 336.70  2.03
 337.40  2.03
 338.10  2.03
 338.80  2.04
 339.50  2.04
 340.20  2.04
 340.90  2.05
 341.60  2.05
 342.30  2.05
 343.00  2.06
 343.70  2.06
 344.40  2.06
 345.10  2.06
 345.80  2.07
 346.50  2.07
 347.20  2.07
 347.90  2.08
 348.60  2.08
 349.30  2.08
 350.00  2.08
 350.70  2.09
 351.40  2.09
 352.10  2.09
 352.80  2.10
 353.50  2.10
 354.20  2.10
 354.90  2.10
 355.60  2.11
 356.30  2.11
 357.00  2.11
 357.70  2.11
 358.40  2.12
 359.10  2.12
 359.80  2.12
 360.50  2.13
 361.20  2.13
 361.90  2.13
 362.60  2.13
 363.30  2.14
 364.00  2.14
 364.70  2.14
 365.40  2.15
 366.10  2.15
 366.80  2.15
 367.50  2.15
 368.20  2.16
 368.90  2.16
 369.60  2.16
 370.30  2.16
 371.00  2.17
 371.70  2.17
 372.40  2.17
 373.10  2.18
 373.80  2.18
 374.50  2.18
 375.20  2.18
 375.90  2.19
 376.60  2.19
 377.30  2.19
 378.00  2.19
 378.70  2.20
 379.40  2.20
 380.10  2.20
 380.80  2.21
 381.50  2.21
 382.20  2.21
 382.90  2.21
 383.60  2.22
 384.30  2.22
 385.00  2.22
 385.70  2.22
 386.40  2.23
 387.10  2.23
 387.80  2.23
 388.50  2.23
 389.20  2.24
 389.90  2.24
 390.60  2.24
 391.30  2.24
 392.00  2.25
 392.70  2.25
 393.40  2.25
 394.10  2.26
 394.80  2.26
 395.50  2.26
 396.20  2.26
 396.90  2.27
 397.60  2.27
 398.30  2.27
 399.00  2.27
 399.70  2.28
 400.40  2.28
 401.10  2.28
 401.80  2.28
 402.50  2.29
 403.20  2.29
 403.90  2.29
 404.60  2.29
 405.30  2.30
 406.00  2.30
 406.70  2.30
 407.40  2.30
 408.10  2.31
 408.80  2.31
 409.50  2.31
 410.20  2.31
 410.90  2.32
 411.60  2.32
 412.30  2.32
 413.00  2.32
 413.70  2.33
 414.40  2.33
 415.10  2.33
 415.80  2.33
 416.50  2.34
 417.20  2.34
 417.90  2.34
 418.60  2.34
 419.30  2.35
 420.00  2.35
 420.70  2.35
 421.40  2.35
 422.10  2.35
 422.80  2.36
 423.50  2.36
 424.20  2.36
 424.90  2.36
 425.60  2.37
 426.30  2.37
 427.00  2.37
 427.70  2.37
 428.40  2.38
 429.10  2.38
 429.80  2.38
 430.50  2.38
 431.20  2.39
 431.90  2.39
 432.60  2.39
 433.30  2.39
 434.00  2.39
 434.70  2.40
 435.40  2.40
 436.10  2.40
 436.80  2.40
 437.50  2.41
 438.20  2.41
 438.90  2.41
 439.60  2.41
 440.30  2.42
 441.00  2.42
 441.70  2.42
 442.40  2.42
 443.10  2.42
 443.80  2.43
 444.50  2.43
 445.20  2.43
 445.90  2.43
 446.60  2.44
 447.30  2.44
 448.00  2.44
 448.70  2.44
 449.40  2.44
 450.10  2.45
 450.80  2.45
 451.50  2.45
 452.20  2.45
 452.90  2.46
 453.60  2.46
 454.30  2.46
 455.00  2.46
 455.70  2.46
 456.40  2.47
 457.10  2.47
 457.80  2.47
 458.50  2.47
 459.20  2.47
 459.90  2.48
 460.60  2.48
 461.30  2.48
 462.00  2.48
 462.70  2.49
 463.40  2.49
 464.10  2.49
 464.80  2.49
 465.50  2.49
 466.20  2.50
 466.90  2.50
 467.60  2.50
 468.30  2.50
 469.00  2.50
 469.70  2.51
 470.40  2.51
 471.10  2.51
 471.80  2.51
 472.50  2.51
 473.20  2.52
 473.90  2.52
 474.60  2.52
 475.30  2.52
 476.00  2.52
 476.70  2.53
 477.40  2.53
 478.10  2.53
 478.80  2.53
 479.50  2.53
 480.20  2.54
 480.90  2.54
 481.60  2.54
 482.30  2.54
 483.00  2.54
 483.70  2.55
 484.40  2.55
 485.10  2.55
 485.80  2.55
 486.50  2.55
 487.20  2.56
 487.90  2.56
 488.60  2.56
 489.30  2.56
 490.00  2.56
 490.70  2.57
 491.40  2.57
 492.10  2.57
 492.80  2.57
 493.50  2.57
 494.20  2.58
 494.90  2.58
 495.60  2.58
 496.30  2.58
 497.00  2.58
 497.70  2.59
 498.40  2.59
 499.10  2.59
 499.80  2.59
 500.50  2.59
 501.20  2.59
 501.90  2.60
 502.60  2.60
 503.30  2.60
 504.00  2.60
 504.70  2.60
 505.40  2.61
 506.10  2.61
 506.80  2.61
 507.50  2.61
 508.20  2.61
 508.90  2.61
 509.60  2.62
 510.30  2.62
 511.00  2.62
 511.70  2.62
 512.40  2.62
 513.10  2.63
 513.80  2.63
 514.50  2.63
 515.20  2.63
 515.90  2.63
 516.60  2.63
 517.30  2.64
 518.00  2.64
 518.70  2.64
 519.40  2.64
 520.10  2.64
 520.80  2.64
 521.50  2.65
 522.20  2.65
 522.90  2.65
 523.60  2.65
 524.30  2.65
 525.00  2.65
 525.70  2.66
 526.40  2.66
 527.10  2.66
 527.80  2.66
 528.50  2.66
 529.20  2.67
 529.90  2.67
 530.60  2.67
 531.30  2.67
 532.00  2.67
 532.70  2.67
 533.40  2.68
 534.10  2.68
 534.80  2.68
 535.50  2.68
 536.20  2.68
 536.90  2.68
 537.60  2.68
 538.30  2.69
 539.00  2.69
 539.70  2.69
 540.40  2.69
 541.10  2.69
 541.80  2.69
 542.50  2.70
 543.20  2.70
 543.90  2.70
 544.60  2.70
 545.30  2.70
 546.00  2.70
 546.70  2.71
 547.40  2.71
 548.10  2.71
 548.80  2.71
 549.50  2.71
 550.20  2.71
 550.90  2.71
 551.60  2.72
 552.30  2.72
 553.00  2.72
 553.70  2.72
 554.40  2.72
 555.10  2.72
 555.80  2.73
 556.50  2.73
 557.20  2.73
 557.90  2.73
 558.60  2.73
 559.30  2.73
 560.00  2.73
 560.70  2.74
 561.40  2.74
 562.10  2.74
 562.80  2.74
 563.50  2.74
 564.20  2.74
 564.90  2.74
 565.60  2.75
 566.30  2.75
 567.00  2.75
 567.70  2.75
 568.40  2.75
 569.10  2.75
 569.80  2.76
 570.50  2.76
 571.20  2.76
 571.90  2.76
 572.60  2.76
 573.30  2.76
 574.00  2.76
 574.70  2.76
 575.40  2.77
 576.10  2.77
 576.80  2.77
 577.50  2.77
 578.20  2.77
 578.90  2.77
 579.60  2.77
 580.30  2.78
 581.00  2.78
 581.70  2.78
 582.40  2.78
 583.10  2.78
 583.80  2.78
 584.50  2.78
 585.20  2.79
 585.90  2.79
 586.60  2.79
 587.30  2.79
 588.00  2.79
 588.70  2.79
 589.40  2.79
 590.10  2.79
 590.80  2.80
 591.50  2.80
 592.20  2.80
 592.90  2.80
 593.60  2.80
 594.30  2.80
 595.00  2.80
 595.70  2.81
 596.40  2.81
 597.10  2.81
 597.80  2.81
 598.50  2.81
 599.20  2.81
 599.90  2.81
 600.60  2.81
 601.30  2.82
 602.00  2.82
 602.70  2.82
 603.40  2.82
 604.10  2.82
 604.80  2.82
 605.50  2.82
 606.20  2.82
 606.90  2.83
 607.60  2.83
 608.30  2.83
 609.00  2.83
 609.70  2.83
 610.40  2.83
 611.10  2.83
 611.80  2.83
 612.50  2.84
 613.20  2.84
 613.90  2.84
 614.60  2.84
 615.30  2.84
 616.00  2.84
 616.70  2.84
 617.40  2.84
 618.10  2.84
 618.80  2.85
 619.50  2.85
 620.20  2.85
 620.90  2.85
 621.60  2.85
 622.30  2.85
 623.00  2.85
 623.70  2.85
 624.40  2.86
 625.10  2.86
 625.80  2.86
 626.50  2.86
 627.20  2.86
 627.90  2.86
 628.60  2.86
 629.30  2.86
 630.00  2.86
 630.70  2.87
 631.40  2.87
 632.10  2.87
 632.80  2.87
 633.50  2.87
 634.20  2.87
 634.90  2.87
 635.60  2.87
 636.30  2.87
 637.00  2.88
 637.70  2.88
 638.40  2.88
 639.10  2.88
 639.80  2.88
 640.50  2.88
 641.20  2.88
 641.90  2.88
 642.60  2.88
 643.30  2.89
 644.00  2.89
 644.70  2.89
 645.40  2.89
 646.10  2.89
 646.80  2.89
 647.50  2.89
 648.20  2.89
 648.90  2.89
 649.60  2.89
 650.30  2.90
 651.00  2.90
 651.70  2.90
 652.40  2.90
 653.10  2.90
 653.80  2.90
 654.50  2.90
 655.20  2.90
 655.90  2.90
 656.60  2.90
 657.30  2.91
 658.00  2.91
 658.70  2.91
 659.40  2.91
 660.10  2.91
 660.80  2.91
 661.50  2.91
 662.20  2.91
 662.90  2.91
 663.60  2.91
 664.30  2.92
 665.00  2.92
 665.70  2.92
 666.40  2.92
 667.10  2.92
 667.80  2.92
 668.50  2.92
 669.20  2.92
 669.90  2.92
 670.60  2.92
 671.30  2.92
 672.00  2.93
 672.70  2.93
 673.40  2.93
 674.10  2.93
 674.80  2.93
 675.50  2.93
 676.20  2.93
 676.90  2.93
 677.60  2.93
 678.30  2.93
 679.00  2.94
 679.70  2.94
 680.40  2.94
 681.10  2.94
 681.80  2.94
 682.50  2.94
 683.20  2.94
 683.90  2.94
 684.60  2.94
 685.30  2.94
 686.00  2.94
 686.70  2.94
 687.40  2.95
 688.10  2.95
 688.80  2.95
 689.50  2.95
 690.20  2.95
 690.90  2.95
 691.60  2.95
 692.30  2.95
 693.00  2.95
 693.70  2.95
 694.40  2.95
 695.10  2.96
 695.80  2.96
 696.50  2.96
 697.20  2.96
 697.90  2.96
 698.60  2.96
 699.30  2.96
 700.00  2.96
 700.70  2.96
 701.40  2.96
 702.10  2.96
 702.80  2.96
 703.50  2.97
 704.20  2.97
 704.90  2.97
 705.60  2.97
 706.30  2.97
 707.00  2.97
 707.70  2.97
 708.40  2.97
 709.10  2.97
 709.80  2.97
 710.50  2.97
 711.20  2.97
 711.90  2.97
 712.60  2.98
 713.30  2.98
 714.00  2.98
 714.70  2.98
 715.40  2.98
 716.10  2.98
 716.80  2.98
 717.50  2.98
 718.20  2.98
 718.90  2.98
 719.60  2.98
 720.30  2.98
 721.00  2.98
 721.70  2.99
 722.40  2.99
 723.10  2.99
 723.80  2.99
 724.50  2.99
 725.20  2.99
 725.90  2.99
 726.60  2.99
 727.30  2.99
 728.00  2.99
 728.70  2.99
 729.40  2.99
 730.10  2.99
 730.80  3.00
 731.50  3.00
 732.20  3.00
 732.90  3.00
 733.60  3.00
 734.30  3.00
 735.00  3.00
 735.70  3.00
 736.40  3.00
 737.10  3.00
 737.80  3.00
 738.50  3.00
 739.20  3.00
 739.90  3.00
 740.60  3.00
 741.30  3.01
 742.00  3.01
 742.70  3.01
 743.40  3.01
 744.10  3.01
 744.80  3.01
 745.50  3.01
 746.20  3.01
 746.90  3.01
 747.60  3.01
 748.30  3.01
 749.00  3.01
 749.70  3.01
 750.40  3.01
 751.10  3.02
 751.80  3.02
 752.50  3.02
 753.20  3.02
 753.90  3.02
 754.60  3.02
 755.30  3.02
 756.00  3.02
 756.70  3.02
 757.40  3.02
 758.10  3.02
 758.80  3.02
 759.50  3.02
 760.20  3.02
 760.90  3.02
 761.60  3.02
 762.30  3.03
 763.00  3.03
 763.70  3.03
 764.40  3.03
 765.10  3.03
 765.80  3.03
 766.50  3.03
 767.20  3.03
 767.90  3.03
 768.60  3.03
 769.30  3.03
 770.00  3.03
 770.70  3.03
 771.40  3.03
 772.10  3.03
 772.80  3.03
 773.50  3.03
 774.20  3.04
 774.90  3.04
 775.60  3.04
 776.30  3.04
 777.00  3.04
 777.70  3.04
 778.40  3.04
 779.10  3.04
 779.80  3.04
 780.50  3.04
 781.20  3.04
 781.90  3.04
 782.60  3.04
 783.30  3.04
 784.00  3.04
 784.70  3.04
 785.40  3.04
 786.10  3.05
 786.80  3.05
 787.50  3.05
 788.20  3.05
 788.90  3.05
 789.60  3.05
 790.30  3.05
 791.00  3.05
 791.70  3.05
 792.40  3.05
 793.10  3.05
 793.80  3.05
 794.50  3.05
 795.20  3.05
 795.90  3.05
 796.60  3.05
 797.30  3.05
 798.00  3.05
 798.70  3.06
 799.40  3.06
 800.10  3.06
 800.80  3.06
 801.50  3.06
 802.20  3.06
 802.90  3.06
 803.60  3.06
 804.30  3.06
 805.00  3.06
 805.70  3.06
 806.40  3.06
 807.10  3.06
 807.80  3.06
 808.50  3.06
 809.20  3.06
 809.90  3.06
 810.60  3.06
 811.30  3.06
 812.00  3.06
 812.70  3.07
 813.40  3.07
 814.10  3.07
 814.80  3.07
 815.50  3.07
 816.20  3.07
 816.90  3.07
 817.60  3.07
 818.30  3.07
 819.00  3.07
 819.70  3.07
 820.40  3.07
 821.10  3.07
 821.80  3.07
 822.50  3.07
 823.20  3.07
 823.90  3.07
 824.60  3.07
 825.30  3.07
 826.00  3.07
 826.70  3.07
 827.40  3.08
 828.10  3.08
 828.80  3.08
 829.50  3.08
 830.20  3.08
 830.90  3.08
 831.60  3.08
 832.30  3.08
 833.00  3.08
 833.70  3.08
 834.40  3.08
 835.10  3.08
 835.80  3.08
 836.50  3.08
 837.20  3.08
 837.90  3.08
 838.60  3.08
 839.30  3.08
 840.00  3.08
 840.70  3.08
 841.40  3.08
 842.10  3.08
 842.80  3.08
 843.50  3.09
 844.20  3.09
 844.90  3.09
 845.60  3.09
 846.30  3.09
 847.00  3.09
 847.70  3.09
 848.40  3.09
 849.10  3.09
 849.80  3.09
 850.50  3.09
 851.20  3.09
 851.90  3.09
 852.60  3.09
 853.30  3.09
 854.00  3.09
 854.70  3.09
 855.40  3.09
 856.10  3.09
 856.80  3.09
 857.50  3.09
 858.20  3.09
 858.90  3.09
 859.60  3.09
 860.30  3.10
 861.00  3.10
 861.70  3.10
 862.40  3.10
 863.10  3.10
 863.80  3.10
 864.50  3.10
 865.20  3.10
 865.90  3.10
 866.60  3.10
 867.30  3.10
 868.00  3.10
 868.70  3.10
 869.40  3.10
 870.10  3.10
 870.80  3.10
 871.50  3.10
 872.20  3.10
 872.90  3.10
 873.60  3.10
 874.30  3.10
 875.00  3.10
 875.70  3.10
 876.40  3.10
 877.10  3.10
 877.80  3.10
 878.50  3.10
 879.20  3.11
 879.90  3.11
 880.60  3.11
 881.30  3.11
 882.00  3.11
 882.70  3.11
 883.40  3.11
 884.10  3.11
 884.80  3.11
 885.50  3.11
 886.20  3.11
 886.90  3.11
 887.60  3.11
 888.30  3.11
 889.00  3.11
 889.70  3.11
 890.40  3.11
 891.10  3.11
 891.80  3.11
 892.50  3.11
 893.20  3.11
 893.90  3.11
 894.60  3.11
 895.30  3.11
 896.00  3.11
 896.70  3.11
 897.40  3.11
 898.10  3.11
 898.80  3.11
 899.50  3.12
 900.20  3.12
 900.90  3.12
 901.60  3.12
 902.30  3.12
 903.00  3.12
 903.70  3.12
 904.40  3.12
 905.10  3.12
 905.80  3.12
 906.50  3.12
 907.20  3.12
 907.90  3.12
 908.60  3.12
 909.30  3.12
 910.00  3.12
 910.70  3.12
 911.40  3.12
 912.10  3.12
 912.80  3.12
 913.50  3.12
 914.20  3.12
 914.90  3.12
 915.60  3.12
 916.30  3.12
 917.00  3.12
 917.70  3.12
 918.40  3.12
 919.10  3.12
 919.80  3.12
 920.50  3.12
 921.20  3.12
 921.90  3.12
 922.60  3.13
 923.30  3.13
 924.00  3.13
 924.70  3.13
 925.40  3.13
 926.10  3.13
 926.80  3.13
 927.50  3.13
 928.20  3.13
 928.90  3.13
 929.60  3.13
 930.30  3.13
 931.00  3.13
 931.70  3.13
 932.40  3.13
 933.10  3.13
 933.80  3.13
 934.50  3.13
 935.20  3.13
 935.90  3.13
 936.60  3.13
 937.30  3.13
 938.00  3.13
 938.70  3.13
 939.40  3.13
 940.10  3.13
 940.80  3.13
 941.50  3.13
 942.20  3.13
 942.90  3.13
 943.60  3.13
 944.30  3.13
 945.00  3.13
 945.70  3.13
 946.40  3.13
 947.10  3.13
 947.80  3.14
 948.50  3.14
 949.20  3.14
 949.90  3.14
 950.60  3.14
 951.30  3.14
 952.00  3.14
 952.70  3.14
 953.40  3.14
 954.10  3.14
 954.80  3.14
 955.50  3.14
 956.20  3.14
 956.90  3.14
 957.60  3.14
 958.30  3.14
 959.00  3.14
 959.70  3.14
 960.40  3.14
 961.10  3.14
 961.80  3.14
 962.50  3.14
 963.20  3.14
 963.90  3.14
 964.60  3.14
 965.30  3.14
 966.00  3.14
 966.70  3.14
 967.40  3.14
 968.10  3.14
 968.80  3.14
 969.50  3.14
 970.20  3.14
 970.90  3.14
 971.60  3.14
 972.30  3.14
 973.00  3.14
 973.70  3.14
 974.40  3.14
 975.10  3.14
 975.80  3.14
 976.50  3.14
 977.20  3.15
 977.90  3.15
 978.60  3.15
 979.30  3.15
 980.00  3.15
 980.70  3.15
 981.40  3.15
 982.10  3.15
 982.80  3.15
 983.50  3.15
 984.20  3.15
 984.90  3.15
 985.60  3.15
 986.30  3.15
 987.00  3.15
 987.70  3.15
 988.40  3.15
 989.10  3.15
 989.80  3.15
 990.50  3.15
 991.20  3.15
 991.90  3.15
 992.60  3.15
 993.30  3.15
 994.00  3.15
 994.70  3.15
 995.40  3.15
 996.10  3.15
 996.80  3.15
 997.50  3.15
 998.20  3.15
 998.90  3.15
 999.60  3.15
 1000.30  3.15
 1001.00  3.15
 1001.70  3.15
 1002.40  3.15
 1003.10  3.15
 1003.80  3.15
 1004.50  3.15
 1005.20  3.15
 1005.90  3.15
 1006.60  3.15
 1007.30  3.15
 1008.00  3.15
 1008.70  3.15
 1009.40  3.15
 1010.10  3.15
 1010.80  3.15
 1011.50  3.15
 1012.20  3.16
 1012.90  3.16
 1013.60  3.16
 1014.30  3.16
 1015.00  3.16
 1015.70  3.16
 1016.40  3.16
 1017.10  3.16
 1017.80  3.16
 1018.50  3.16
 1019.20  3.16
 1019.90  3.16
 1020.60  3.16
 1021.30  3.16
 1022.00  3.16
 1022.70  3.16
 1023.40  3.16
 1024.10  3.16
 1024.80  3.16
 1025.50  3.16
 1026.20  3.16
 1026.90  3.16
 1027.60  3.16
 1028.30  3.16
 1029.00  3.16
 1029.70  3.16
 1030.40  3.16
 1031.10  3.16
 1031.80  3.16
 1032.50  3.16
 1033.20  3.16
 1033.90  3.16
 1034.60  3.16
 1035.30  3.16
 1036.00  3.16
 1036.70  3.16
 1037.40  3.16
 1038.10  3.16
 1038.80  3.16
 1039.50  3.16
 1040.20  3.16
 1040.90  3.16
 1041.60  3.16
 1042.30  3.16
 1043.00  3.16
 1043.70  3.16
 1044.40  3.16
 1045.10  3.16
 1045.80  3.16
 1046.50  3.16
 1047.20  3.16
 1047.90  3.16
 1048.60  3.16
 1049.30  3.16
 1050.00  3.16
 1050.70  3.16
 1051.40  3.16
 1052.10  3.16
 1052.80  3.16
 1053.50  3.16
 1054.20  3.17
 1054.90  3.17
 1055.60  3.17
 1056.30  3.17
 1057.00  3.17
 1057.70  3.17
 1058.40  3.17
 1059.10  3.17
 1059.80  3.17
 1060.50  3.17
 1061.20  3.17
 1061.90  3.17
 1062.60  3.17
 1063.30  3.17
 1064.00  3.17
 1064.70  3.17
 1065.40  3.17
 1066.10  3.17
 1066.80  3.17
 1067.50  3.17
 1068.20  3.17
 1068.90  3.17
 1069.60  3.17
 1070.30  3.17
 1071.00  3.17
 1071.70  3.17
 1072.40  3.17
 1073.10  3.17
 1073.80  3.17
 1074.50  3.17
 1075.20  3.17
 1075.90  3.17
 1076.60  3.17
 1077.30  3.17
 1078.00  3.17
 1078.70  3.17
 1079.40  3.17
 1080.10  3.17
 1080.80  3.17
 1081.50  3.17
 1082.20  3.17
 1082.90  3.17
 1083.60  3.17
 1084.30  3.17
 1085.00  3.17
 1085.70  3.17
 1086.40  3.17
 1087.10  3.17
 1087.80  3.17
 1088.50  3.17
 1089.20  3.17
 1089.90  3.17
 1090.60  3.17
 1091.30  3.17
 1092.00  3.17
 1092.70  3.17
 1093.40  3.17
 1094.10  3.17
 1094.80  3.17
 1095.50  3.17
 1096.20  3.17
 1096.90  3.17
 1097.60  3.17
 1098.30  3.17
 1099.00  3.17
 1099.70  3.17
 1100.40  3.17
 1101.10  3.17
 1101.80  3.17
 1102.50  3.17
 1103.20  3.17
 1103.90  3.17
 1104.60  3.17
 1105.30  3.17
 1106.00  3.17
 1106.70  3.17
 1107.40  3.17
 1108.10  3.18
 1108.80  3.18
 1109.50  3.18
 1110.20  3.18
 1110.90  3.18
 1111.60  3.18
 1112.30  3.18
 1113.00  3.18
 1113.70  3.18
 1114.40  3.18
 1115.10  3.18
 1115.80  3.18
 1116.50  3.18
 1117.20  3.18
 1117.90  3.18
 1118.60  3.18
 1119.30  3.18
 1120.00  3.18
 1120.70  3.18
 1121.40  3.18
 1122.10  3.18
 1122.80  3.18
 1123.50  3.18
 1124.20  3.18
 1124.90  3.18
 1125.60  3.18
 1126.30  3.18
 1127.00  3.18
 1127.70  3.18
 1128.40  3.18
 1129.10  3.18
 1129.80  3.18
 1130.50  3.18
 1131.20  3.18
 1131.90  3.18
 1132.60  3.18
 1133.30  3.18
 1134.00  3.18
 1134.70  3.18
 1135.40  3.18
 1136.10  3.18
 1136.80  3.18
 1137.50  3.18
 1138.20  3.18
 1138.90  3.18
 1139.60  3.18
 1140.30  3.18
 1141.00  3.18
 1141.70  3.18
 1142.40  3.18
 1143.10  3.18
 1143.80  3.18
 1144.50  3.18
 1145.20  3.18
 1145.90  3.18
 1146.60  3.18
 1147.30  3.18
 1148.00  3.18
 1148.70  3.18
 1149.40  3.18
 1150.10  3.18
 1150.80  3.18
 1151.50  3.18
 1152.20  3.18
 1152.90  3.18
 1153.60  3.18
 1154.30  3.18
 1155.00  3.18
 1155.70  3.18
 1156.40  3.18
 1157.10  3.18
 1157.80  3.18
 1158.50  3.18
 1159.20  3.18
 1159.90  3.18
 1160.60  3.18
 1161.30  3.18
 1162.00  3.18
 1162.70  3.18
 1163.40  3.18
 1164.10  3.18
 1164.80  3.18
 1165.50  3.18
 1166.20  3.18
 1166.90  3.18
 1167.60  3.18
 1168.30  3.18
 1169.00  3.18
 1169.70  3.18
 1170.40  3.18
 1171.10  3.18
 1171.80  3.18
 1172.50  3.18
 1173.20  3.18
 1173.90  3.18
 1174.60  3.18
 1175.30  3.18
 1176.00  3.18
 1176.70  3.18
 1177.40  3.18
 1178.10  3.18
 1178.80  3.18
 1179.50  3.18
 1180.20  3.18
 1180.90  3.18
 1181.60  3.18
 1182.30  3.18
 1183.00  3.19
 1183.70  3.19
 1184.40  3.19
 1185.10  3.19
 1185.80  3.19
 1186.50  3.19
 1187.20  3.19
 1187.90  3.19
 1188.60  3.19
 1189.30  3.19
 1190.00  3.19
 1190.70  3.19
 1191.40  3.19
 1192.10  3.19
 1192.80  3.19
 1193.50  3.19
 1194.20  3.19
 1194.90  3.19
 1195.60  3.19
 1196.30  3.19
 1197.00  3.19
 1197.70  3.19
 1198.40  3.19
 1199.10  3.19
 1199.80  3.19
 1200.50  3.19
 1201.20  3.19
 1201.90  3.19
 1202.60  3.19
 1203.30  3.19
 1204.00  3.19
 1204.70  3.19
 1205.40  3.19
 1206.10  3.19
 1206.80  3.19
 1207.50  3.19
 1208.20  3.19
 1208.90  3.19
 1209.60  3.19
 1210.30  3.19
 1211.00  3.19
 1211.70  3.19
 1212.40  3.19
 1213.10  3.19
 1213.80  3.19
 1214.50  3.19
 1215.20  3.19
 1215.90  3.19
 1216.60  3.19
 1217.30  3.19
 1218.00  3.19
 1218.70  3.19
 1219.40  3.19
 1220.10  3.19
 1220.80  3.19
 1221.50  3.19
 1222.20  3.19
 1222.90  3.19
 1223.60  3.19
 1224.30  3.19
 1225.00  3.19
 1225.70  3.19
 1226.40  3.19
 1227.10  3.19
 1227.80  3.19
 1228.50  3.19
 1229.20  3.19
 1229.90  3.19
 1230.60  3.19
 1231.30  3.19
 1232.00  3.19
 1232.70  3.19
 1233.40  3.19
 1234.10  3.19
 1234.80  3.19
 1235.50  3.19
 1236.20  3.19
 1236.90  3.19
 1237.60  3.19
 1238.30  3.19
 1239.00  3.19
 1239.70  3.19
 1240.40  3.19
 1241.10  3.19
 1241.80  3.19
 1242.50  3.19
 1243.20  3.19
 1243.90  3.19
 1244.60  3.19
 1245.30  3.19
 1246.00  3.19
 1246.70  3.19
 1247.40  3.19
 1248.10  3.19
 1248.80  3.19
 1249.50  3.19
 1250.20  3.19
 1250.90  3.19
 1251.60  3.19
 1252.30  3.19
 1253.00  3.19
 1253.70  3.19
 1254.40  3.19
 1255.10  3.19
 1255.80  3.19
 1256.50  3.19
 1257.20  3.19
 1257.90  3.19
 1258.60  3.19
 1259.30  3.19
 1260.00  3.19
 1260.70  3.19
 1261.40  3.19
 1262.10  3.19
 1262.80  3.19
 1263.50  3.19
 1264.20  3.19
 1264.90  3.19
 1265.60  3.19
 1266.30  3.19
 1267.00  3.19
 1267.70  3.19
 1268.40  3.19
 1269.10  3.19
 1269.80  3.19
 1270.50  3.19
 1271.20  3.19
 1271.90  3.19
 1272.60  3.19
 1273.30  3.19
 1274.00  3.19
 1274.70  3.19
 1275.40  3.19
 1276.10  3.19
 1276.80  3.19
 1277.50  3.19
 1278.20  3.19
 1278.90  3.19
 1279.60  3.19
 1280.30  3.19
 1281.00  3.19
 1281.70  3.19
 1282.40  3.19
 1283.10  3.19
 1283.80  3.19
 1284.50  3.19
 1285.20  3.19
 1285.90  3.19
 1286.60  3.19
 1287.30  3.19
 1288.00  3.19
 1288.70  3.19
 1289.40  3.19
 1290.10  3.19
 1290.80  3.19
 1291.50  3.19
 1292.20  3.19
 1292.90  3.19
 1293.60  3.19
 1294.30  3.19
 1295.00  3.19
 1295.70  3.19
 1296.40  3.19
 1297.10  3.19
 1297.80  3.19
 1298.50  3.19
 1299.20  3.19
 1299.90  3.19
 1300.60  3.19
 1301.30  3.19
 1302.00  3.19
 1302.70  3.19
 1303.40  3.19
 1304.10  3.19
 1304.80  3.19
 1305.50  3.19
 1306.20  3.19
 1306.90  3.19
 1307.60  3.19
 1308.30  3.19
 1309.00  3.19
 1309.70  3.20
 1310.40  3.20
 1311.10  3.20
 1311.80  3.20
 1312.50  3.20
 1313.20  3.20
 1313.90  3.20
 1314.60  3.20
 1315.30  3.20
 1316.00  3.20
 1316.70  3.20
 1317.40  3.20
 1318.10  3.20
 1318.80  3.20
 1319.50  3.20
 1320.20  3.20
 1320.90  3.20
 1321.60  3.20
 1322.30  3.20
 1323.00  3.20
 1323.70  3.20
 1324.40  3.20
 1325.10  3.20
 1325.80  3.20
 1326.50  3.20
 1327.20  3.20
 1327.90  3.20
 1328.60  3.20
 1329.30  3.20
 1330.00  3.20
 1330.70  3.20
 1331.40  3.20
 1332.10  3.20
 1332.80  3.20
 1333.50  3.20
 1334.20  3.20
 1334.90  3.20
 1335.60  3.20
 1336.30  3.20
 1337.00  3.20
 1337.70  3.20
 1338.40  3.20
 1339.10  3.20
 1339.80  3.20
 1340.50  3.20
 1341.20  3.20
 1341.90  3.20
 1342.60  3.20
 1343.30  3.20
 1344.00  3.20
 1344.70  3.20
 1345.40  3.20
 1346.10  3.20
 1346.80  3.20
 1347.50  3.20
 1348.20  3.20
 1348.90  3.20
 1349.60  3.20
 1350.30  3.20
 1351.00  3.20
 1351.70  3.20
 1352.40  3.20
 1353.10  3.20
 1353.80  3.20
 1354.50  3.20
 1355.20  3.20
 1355.90  3.20
 1356.60  3.20
 1357.30  3.20
 1358.00  3.20
 1358.70  3.20
 1359.40  3.20
 1360.10  3.20
 1360.80  3.20
 1361.50  3.20
 1362.20  3.20
 1362.90  3.20
 1363.60  3.20
 1364.30  3.20
 1365.00  3.20
 1365.70  3.20
 1366.40  3.20
 1367.10  3.20
 1367.80  3.20
 1368.50  3.20
 1369.20  3.20
 1369.90  3.20
 1370.60  3.20
 1371.30  3.20
 1372.00  3.20
 1372.70  3.20
 1373.40  3.20
 1374.10  3.20
 1374.80  3.20
 1375.50  3.20
 1376.20  3.20
 1376.90  3.20
 1377.60  3.20
 1378.30  3.20
 1379.00  3.20
 1379.70  3.20
 1380.40  3.20
 1381.10  3.20
 1381.80  3.20
 1382.50  3.20
 1383.20  3.20
 1383.90  3.20
 1384.60  3.20
 1385.30  3.20
 1386.00  3.20
 1386.70  3.20
 1387.40  3.20
 1388.10  3.20
 1388.80  3.20
 1389.50  3.20
 1390.20  3.20
 1390.90  3.20
 1391.60  3.20
 1392.30  3.20
 1393.00  3.20
 1393.70  3.20
 1394.40  3.20
 1395.10  3.20
 1395.80  3.20
 1396.50  3.20
 1397.20  3.20
 1397.90  3.20
 1398.60  3.20
 1399.30  3.20
 1400.00  3.20
 1400.70  3.20
 1401.40  3.20
 1402.10  3.20
 1402.80  3.20
 1403.50  3.20
 1404.20  3.20
 1404.90  3.20
 1405.60  3.20
 1406.30  3.20
 1407.00  3.20
 1407.70  3.20
 1408.40  3.20
 1409.10  3.20
 1409.80  3.20
 1410.50  3.20
 1411.20  3.20
 1411.90  3.20
 1412.60  3.20
 1413.30  3.20
 1414.00  3.20
 1414.70  3.20
 1415.40  3.20
 1416.10  3.20
 1416.80  3.20
 1417.50  3.20
 1418.20  3.20
 1418.90  3.20
 1419.60  3.20
 1420.30  3.20
 1421.00  3.20
 1421.70  3.20
 1422.40  3.20
 1423.10  3.20
 1423.80  3.20
 1424.50  3.20
 1425.20  3.20
 1425.90  3.20
 1426.60  3.20
 1427.30  3.20
 1428.00  3.20
 1428.70  3.20
 1429.40  3.20
 1430.10  3.20
 1430.80  3.20
 1431.50  3.20
 1432.20  3.20
 1432.90  3.20
 1433.60  3.20
 1434.30  3.20
 1435.00  3.20
 1435.70  3.20
 1436.40  3.20
 1437.10  3.20
 1437.80  3.20
 1438.50  3.20
 1439.20  3.20
 1439.90  3.20
 1440.60  3.20
 1441.30  3.20
 1442.00  3.20
 1442.70  3.20
 1443.40  3.20
 1444.10  3.20
 1444.80  3.20
 1445.50  3.20
 1446.20  3.20
 1446.90  3.20
 1447.60  3.20
 1448.30  3.20
 1449.00  3.20
 1449.70  3.20
 1450.40  3.20
 1451.10  3.20
 1451.80  3.20
 1452.50  3.20
 1453.20  3.20
 1453.90  3.20
 1454.60  3.20
 1455.30  3.20
 1456.00  3.20
 1456.70  3.20
 1457.40  3.20
 1458.10  3.20
 1458.80  3.20
 1459.50  3.20
 1460.20  3.20
 1460.90  3.20
 1461.60  3.20
 1462.30  3.20
 1463.00  3.20
 1463.70  3.20
 1464.40  3.20
 1465.10  3.20
 1465.80  3.20
 1466.50  3.20
 1467.20  3.20
 1467.90  3.20
 1468.60  3.20
 1469.30  3.20
 1470.00  3.20
 1470.70  3.20
 1471.40  3.20
 1472.10  3.20
 1472.80  3.20
 1473.50  3.20
 1474.20  3.20
 1474.90  3.20
 1475.60  3.20
 1476.30  3.20
 1477.00  3.20
 1477.70  3.20
 1478.40  3.20
 1479.10  3.20
 1479.80  3.20
 1480.50  3.20
 1481.20  3.20
 1481.90  3.20
 1482.60  3.20
 1483.30  3.20
 1484.00  3.20
 1484.70  3.20
 1485.40  3.20
 1486.10  3.20
 1486.80  3.20
 1487.50  3.20
 1488.20  3.20
 1488.90  3.20
 1489.60  3.20
 1490.30  3.20
 1491.00  3.20
 1491.70  3.20
 1492.40  3.20
 1493.10  3.20
 1493.80  3.20
 1494.50  3.20
 1495.20  3.20
 1495.90  3.20
 1496.60  3.20
 1497.30  3.20
 1498.00  3.20
 1498.70  3.20
 1499.40  3.20
 1500.10  3.20
 1500.80  3.20
 1501.50  3.20
 1502.20  3.20
 1502.90  3.20
 1503.60  3.20
 1504.30  3.20
 1505.00  3.20
 1505.70  3.20
 1506.40  3.20
 1507.10  3.20
 1507.80  3.20
 1508.50  3.20
 1509.20  3.20
 1509.90  3.20
 1510.60  3.20
 1511.30  3.20
 1512.00  3.20
 1512.70  3.20
 1513.40  3.20
 1514.10  3.20
 1514.80  3.20
 1515.50  3.20
 1516.20  3.20
 1516.90  3.20
 1517.60  3.20
 1518.30  3.20
 1519.00  3.20
 1519.70  3.20
 1520.40  3.20
 1521.10  3.20
 1521.80  3.20
 1522.50  3.20
 1523.20  3.20
 1523.90  3.20
 1524.60  3.20
 1525.30  3.20
 1526.00  3.20
 1526.70  3.20
 1527.40  3.20
 1528.10  3.20
 1528.80  3.20
 1529.50  3.20
 1530.20  3.20
 1530.90  3.20
 1531.60  3.20
 1532.30  3.20
 1533.00  3.20
 1533.70  3.20
 1534.40  3.20
 1535.10  3.20
 1535.80  3.20
 1536.50  3.20
 1537.20  3.20
 1537.90  3.20
 1538.60  3.20
 1539.30  3.20
 1540.00  3.20
 1540.70  3.20
 1541.40  3.20
 1542.10  3.20
 1542.80  3.20
 1543.50  3.20
 1544.20  3.20
 1544.90  3.20
 1545.60  3.20
 1546.30  3.20
 1547.00  3.20
 1547.70  3.20
 1548.40  3.20
 1549.10  3.20
 1549.80  3.20
 1550.50  3.20
 1551.20  3.20
 1551.90  3.20
 1552.60  3.20
 1553.30  3.20
 1554.00  3.20
 1554.70  3.20
 1555.40  3.20
 1556.10  3.20
 1556.80  3.20
 1557.50  3.20
 1558.20  3.20
 1558.90  3.20
 1559.60  3.20
 1560.30  3.20
 1561.00  3.20
 1561.70  3.20
 1562.40  3.20
 1563.10  3.20
 1563.80  3.20
 1564.50  3.20
 1565.20  3.20
 1565.90  3.20
 1566.60  3.20
 1567.30  3.20
 1568.00  3.20
 1568.70  3.20
 1569.40  3.20
 1570.10  3.20
 1570.80  3.20
 1571.50  3.20
 1572.20  3.20
 1572.90  3.20
 1573.60  3.20
 1574.30  3.20
 1575.00  3.20
 1575.70  3.20
 1576.40  3.20
 1577.10  3.20
 1577.80  3.20
 1578.50  3.20
 1579.20  3.20
 1579.90  3.20
 1580.60  3.20
 1581.30  3.20
 1582.00  3.20
 1582.70  3.20
 1583.40  3.20
 1584.10  3.20
 1584.80  3.20
 1585.50  3.20
 1586.20  3.20
 1586.90  3.20
 1587.60  3.20
 1588.30  3.20
 1589.00  3.20
 1589.70  3.20
 1590.40  3.20
 1591.10  3.20
 1591.80  3.20
 1592.50  3.20
 1593.20  3.20
 1593.90  3.20
 1594.60  3.20
 1595.30  3.20
 1596.00  3.20
 1596.70  3.20
 1597.40  3.20
 1598.10  3.20
 1598.80  3.20
 1599.50  3.20
 1600.20  3.20
 1600.90  3.20
 1601.60  3.20
 1602.30  3.20
 1603.00  3.20
 1603.70  3.20
 1604.40  3.20
 1605.10  3.20
 1605.80  3.20
 1606.50  3.20
 1607.20  3.20
 1607.90  3.20
 1608.60  3.20
 1609.30  3.20
 1610.00  3.20
 1610.70  3.20
 1611.40  3.20
 1612.10  3.20
 1612.80  3.20
 1613.50  3.20
 1614.20  3.20
 1614.90  3.20
 1615.60  3.20
 1616.30  3.20
 1617.00  3.20
 1617.70  3.20
 1618.40  3.20
 1619.10  3.20
 1619.80  3.20
 1620.50  3.20
 1621.20  3.20
 1621.90  3.20
 1622.60  3.20
 1623.30  3.20
 1624.00  3.20
 1624.70  3.20
 1625.40  3.20
 1626.10  3.20
 1626.80  3.20
 1627.50  3.20
 1628.20  3.20
 1628.90  3.20
 1629.60  3.20
 1630.30  3.20
 1631.00  3.20
 1631.70  3.20
 1632.40  3.20
 1633.10  3.20
 1633.80  3.20
 1634.50  3.20
 1635.20  3.20
 1635.90  3.20
 1636.60  3.20
 1637.30  3.20
 1638.00  3.20
 1638.70  3.20
 1639.40  3.20
 1640.10  3.20
 1640.80  3.20
 1641.50  3.20
 1642.20  3.20
 1642.90  3.20
 1643.60  3.20
 1644.30  3.20
 1645.00  3.20
 1645.70  3.20
 1646.40  3.20
 1647.10  3.20
 1647.80  3.20
 1648.50  3.20
 1649.20  3.20
 1649.90  3.20
 1650.60  3.20
 1651.30  3.20
 1652.00  3.20
 1652.70  3.20
 1653.40  3.20
 1654.10  3.20
 1654.80  3.20
 1655.50  3.20
 1656.20  3.20
 1656.90  3.20
 1657.60  3.20
 1658.30  3.20
 1659.00  3.20
 1659.70  3.20
 1660.40  3.20
 1661.10  3.20
 1661.80  3.20
 1662.50  3.20
 1663.20  3.20
 1663.90  3.20
 1664.60  3.20
 1665.30  3.20
 1666.00  3.20
 1666.70  3.20
 1667.40  3.20
 1668.10  3.20
 1668.80  3.20
 1669.50  3.20
 1670.20  3.20
 1670.90  3.20
 1671.60  3.20
 1672.30  3.20
 1673.00  3.20
 1673.70  3.20
 1674.40  3.20
 1675.10  3.20
 1675.80  3.20
 1676.50  3.20
 1677.20  3.20
 1677.90  3.20
 1678.60  3.20
 1679.30  3.20
 1680.00  3.20
 1680.70  3.20
 1681.40  3.20
 1682.10  3.20
 1682.80  3.20
 1683.50  3.20
 1684.20  3.20
 1684.90  3.20
 1685.60  3.20
 1686.30  3.20
 1687.00  3.20
 1687.70  3.20
 1688.40  3.20
 1689.10  3.20
 1689.80  3.20
 1690.50  3.20
 1691.20  3.20
 1691.90  3.20
 1692.60  3.20
 1693.30  3.20
 1694.00  3.20
 1694.70  3.20
 1695.40  3.20
 1696.10  3.20
 1696.80  3.20
 1697.50  3.20
 1698.20  3.20
 1698.90  3.20
 1699.60  3.20
 1700.30  3.20
 1701.00  3.20
 1701.70  3.20
 1702.40  3.20
 1703.10  3.20
 1703.80  3.20
 1704.50  3.20
 1705.20  3.20
 1705.90  3.20
 1706.60  3.20
 1707.30  3.20
 1708.00  3.20
 1708.70  3.20
 1709.40  3.20
 1710.10  3.20
 1710.80  3.20
 1711.50  3.20
 1712.20  3.20
 1712.90  3.20
 1713.60  3.20
 1714.30  3.20
 1715.00  3.20
 1715.70  3.20
 1716.40  3.20
 1717.10  3.20
 1717.80  3.20
 1718.50  3.20
 1719.20  3.20
 1719.90  3.20
 1720.60  3.20
 1721.30  3.20
 1722.00  3.20
 1722.70  3.20
 1723.40  3.20
 1724.10  3.20
 1724.80  3.20
 1725.50  3.20
 1726.20  3.20
 1726.90  3.20
 1727.60  3.20
 1728.30  3.20
 1729.00  3.20
 1729.70  3.20
 1730.40  3.20
 1731.10  3.20
 1731.80  3.20
 1732.50  3.20
 1733.20  3.20
 1733.90  3.20
 1734.60  3.20
 1735.30  3.20
 1736.00  3.20
 1736.70  3.20
 1737.40  3.20
 1738.10  3.20
 1738.80  3.20
 1739.50  3.20
 1740.20  3.20
 1740.90  3.20
 1741.60  3.20
 1742.30  3.20
 1743.00  3.20
 1743.70  3.20
 1744.40  3.20
 1745.10  3.20
 1745.80  3.20
 1746.50  3.20
 1747.20  3.20
 1747.90  3.20
 1748.60  3.20
 1749.30  3.20
 1750.00  3.20
 1750.70  3.20
 1751.40  3.20
 1752.10  3.20
 1752.80  3.20
 1753.50  3.20
 1754.20  3.20
 1754.90  3.20
 1755.60  3.20
 1756.30  3.20
 1757.00  3.20
 1757.70  3.20
 1758.40  3.20
 1759.10  3.20
 1759.80  3.20
 1760.50  3.20
 1761.20  3.20
 1761.90  3.20
 1762.60  3.20
 1763.30  3.20
 1764.00  3.20
 1764.70  3.20
 1765.40  3.20
 1766.10  3.20
 1766.80  3.20
 1767.50  3.20
 1768.20  3.20
 1768.90  3.20
 1769.60  3.20
 1770.30  3.20
 1771.00  3.20
 1771.70  3.20
 1772.40  3.20
 1773.10  3.20
 1773.80  3.20
 1774.50  3.20
 1775.20  3.20
 1775.90  3.20
 1776.60  3.20
 1777.30  3.20
 1778.00  3.20
 1778.70  3.20
 1779.40  3.20
 1780.10  3.20
 1780.80  3.20
 1781.50  3.20
 1782.20  3.20
 1782.90  3.20
 1783.60  3.20
 1784.30  3.20
 1785.00  3.20
 1785.70  3.20
 1786.40  3.20
 1787.10  3.20
 1787.80  3.20
 1788.50  3.20
 1789.20  3.20
 1789.90  3.20
 1790.60  3.20
 1791.30  3.20
 1792.00  3.20
 1792.70  3.20
 1793.40  3.20
 1794.10  3.20
 1794.80  3.20
 1795.50  3.20
 1796.20  3.20
 1796.90  3.20
 1797.60  3.20
 1798.30  3.20
 1799.00  3.20
 1799.70  3.20
 1800.40  3.20
 1801.10  3.20
 1801.80  3.20
 1802.50  3.20
 1803.20  3.20
 1803.90  3.20
 1804.60  3.20
 1805.30  3.20
 1806.00  3.20
 1806.70  3.20
 1807.40  3.20
 1808.10  3.20
 1808.80  3.20
 1809.50  3.20
 1810.20  3.20
 1810.90  3.20
 1811.60  3.20
 1812.30  3.20
 1813.00  3.20
 1813.70  3.20
 1814.40  3.20
 1815.10  3.20
 1815.80  3.20
 1816.50  3.20
 1817.20  3.20
 1817.90  3.20
 1818.60  3.20
 1819.30  3.20
 1820.00  3.20
 1820.70  3.20
 1821.40  3.20
 1822.10  3.20
 1822.80  3.20
 1823.50  3.20
 1824.20  3.20
 1824.90  3.20
 1825.60  3.20
 1826.30  3.20
 1827.00  3.20
 1827.70  3.20
 1828.40  3.20
 1829.10  3.20
 1829.80  3.20
 1830.50  3.20
 1831.20  3.20
 1831.90  3.20
 1832.60  3.20
 1833.30  3.20
 1834.00  3.20
 1834.70  3.20
 1835.40  3.20
 1836.10  3.20
 1836.80  3.20
 1837.50  3.20
 1838.20  3.20
 1838.90  3.20
 1839.60  3.20
 1840.30  3.20
 1841.00  3.20
 1841.70  3.20
 1842.40  3.20
 1843.10  3.20
 1843.80  3.20
 1844.50  3.20
 1845.20  3.20
 1845.90  3.20
 1846.60  3.20
 1847.30  3.20
 1848.00  3.20
 1848.70  3.20
 1849.40  3.20
 1850.10  3.20
 1850.80  3.20
 1851.50  3.20
 1852.20  3.20
 1852.90  3.20
 1853.60  3.20
 1854.30  3.20
 1855.00  3.20
 1855.70  3.20
 1856.40  3.20
 1857.10  3.20
 1857.80  3.20
 1858.50  3.20
 1859.20  3.20
 1859.90  3.20
 1860.60  3.20
 1861.30  3.20
 1862.00  3.20
 1862.70  3.20
 1863.40  3.20
 1864.10  3.20
 1864.80  3.20
 1865.50  3.20
 1866.20  3.20
 1866.90  3.20
 1867.60  3.20
 1868.30  3.20
 1869.00  3.20
 1869.70  3.20
 1870.40  3.20
 1871.10  3.20
 1871.80  3.20
 1872.50  3.20
 1873.20  3.20
 1873.90  3.20
 1874.60  3.20
 1875.30  3.20
 1876.00  3.20
 1876.70  3.20
 1877.40  3.20
 1878.10  3.20
 1878.80  3.20
 1879.50  3.20
 1880.20  3.20
 1880.90  3.20
 1881.60  3.20
 1882.30  3.20
 1883.00  3.20
 1883.70  3.20
 1884.40  3.20
 1885.10  3.20
 1885.80  3.20
 1886.50  3.20
 1887.20  3.20
 1887.90  3.20
 1888.60  3.20
 1889.30  3.20
 1890.00  3.20
 1890.70  3.20
 1891.40  3.20
 1892.10  3.20
 1892.80  3.20
 1893.50  3.20
 1894.20  3.20
 1894.90  3.20
 1895.60  3.20
 1896.30  3.20
 1897.00  3.20
 1897.70  3.20
 1898.40  3.20
 1899.10  3.20
 1899.80  3.20
 1900.50  3.20
 1901.20  3.20
 1901.90  3.20
 1902.60  3.20
 1903.30  3.20
 1904.00  3.20
 1904.70  3.20
 1905.40  3.20
 1906.10  3.20
 1906.80  3.20
 1907.50  3.20
 1908.20  3.20
 1908.90  3.20
 1909.60  3.20
 1910.30  3.20
 1911.00  3.20
 1911.70  3.20
 1912.40  3.20
 1913.10  3.20
 1913.80  3.20
 1914.50  3.20
 1915.20  3.20
 1915.90  3.20
 1916.60  3.20
 1917.30  3.20
 1918.00  3.20
 1918.70  3.20
 1919.40  3.20
 1920.10  3.20
 1920.80  3.20
 1921.50  3.20
 1922.20  3.20
 1922.90  3.20
 1923.60  3.20
 1924.30  3.20
 1925.00  3.20
 1925.70  3.20
 1926.40  3.20
 1927.10  3.20
 1927.80  3.20
 1928.50  3.20
 1929.20  3.20
 1929.90  3.20
 1930.60  3.20
 1931.30  3.20
 1932.00  3.20
 1932.70  3.20
 1933.40  3.20
 1934.10  3.20
 1934.80  3.20
 1935.50  3.20
 1936.20  3.20
 1936.90  3.20
 1937.60  3.20
 1938.30  3.20
 1939.00  3.20
 1939.70  3.20
 1940.40  3.20
 1941.10  3.20
 1941.80  3.20
 1942.50  3.20
 1943.20  3.20
 1943.90  3.20
 1944.60  3.20
 1945.30  3.20
 1946.00  3.20
 1946.70  3.20
 1947.40  3.20
 1948.10  3.20
 1948.80  3.20
 1949.50  3.20
 1950.20  3.20
 1950.90  3.20
 1951.60  3.20
 1952.30  3.20
 1953.00  3.20
 1953.70  3.20
 1954.40  3.20
 1955.10  3.20
 1955.80  3.20
 1956.50  3.20
 1957.20  3.20
 1957.90  3.20
 1958.60  3.20
 1959.30  3.20
 1960.00  3.20
 1960.70  3.20
 1961.40  3.20
 1962.10  3.20
 1962.80  3.20
 1963.50  3.20
 1964.20  3.20
 1964.90  3.20
 1965.60  3.20
 1966.30  3.20
 1967.00  3.20
 1967.70  3.20
 1968.40  3.20
 1969.10  3.20
 1969.80  3.20
 1970.50  3.20
 1971.20  3.20
 1971.90  3.20
 1972.60  3.20
 1973.30  3.20
 1974.00  3.20
 1974.70  3.20
 1975.40  3.20
 1976.10  3.20
 1976.80  3.20
 1977.50  3.20
 1978.20  3.20
 1978.90  3.20
 1979.60  3.20
 1980.30  3.20
 1981.00  3.20
 1981.70  3.20
 1982.40  3.20
 1983.10  3.20
 1983.80  3.20
 1984.50  3.20
 1985.20  3.20
 1985.90  3.20
 1986.60  3.20
 1987.30  3.20
 1988.00  3.20
 1988.70  3.20
 1989.40  3.20
 1990.10  3.20
 1990.80  3.20
 1991.50  3.20
 1992.20  3.20
 1992.90  3.20
 1993.60  3.20
 1994.30  3.20
 1995.00  3.20
 1995.70  3.20
 1996.40  3.20
 1997.10  3.20
 1997.80  3.20
 1998.50  3.20
 1999.20  3.20
 1999.90  3.20
 2000.60  3.20
 2001.30  3.20
 2002.00  3.20
 2002.70  3.20
 2003.40  3.20
 2004.10  3.20
 2004.80  3.20
 2005.50  3.20
 2006.20  3.20
 2006.90  3.20
 2007.60  3.20
 2008.30  3.20
 2009.00  3.20
 2009.70  3.20
 2010.40  3.20
 2011.10  3.20
 2011.80  3.20
 2012.50  3.20
 2013.20  3.20
 2013.90  3.20
 2014.60  3.20
 2015.30  3.20
 2016.00  3.20
 2016.70  3.20
 2017.40  3.20
 2018.10  3.20
 2018.80  3.20
 2019.50  3.20
 2020.20  3.20
 2020.90  3.20
 2021.60  3.20
 2022.30  3.20
 2023.00  3.20
 2023.70  3.20
 2024.40  3.20
 2025.10  3.20
 2025.80  3.20
 2026.50  3.20
 2027.20  3.20
 2027.90  3.20
 2028.60  3.20
 2029.30  3.20
 2030.00  3.20
 2030.70  3.20
 2031.40  3.20
 2032.10  3.20
 2032.80  3.20
 2033.50  3.20
 2034.20  3.20
 2034.90  3.20
 2035.60  3.20
 2036.30  3.20
 2037.00  3.20
 2037.70  3.20
 2038.40  3.20
 2039.10  3.20
 2039.80  3.20
 2040.50  3.20
 2041.20  3.20
 2041.90  3.20
 2042.60  3.20
 2043.30  3.20
 2044.00  3.20
 2044.70  3.20
 2045.40  3.20
 2046.10  3.20
 2046.80  3.20
 2047.50  3.20
 2048.20  3.20
 2048.90  3.20
 2049.60  3.20
 2050.30  3.20
 2051.00  3.20
 2051.70  3.20
 2052.40  3.20
 2053.10  3.20
 2053.80  3.20
 2054.50  3.20
 2055.20  3.20
 2055.90  3.20
 2056.60  3.20
 2057.30  3.20
 2058.00  3.20
 2058.70  3.20
 2059.40  3.20
 2060.10  3.20
 2060.80  3.20
 2061.50  3.20
 2062.20  3.20
 2062.90  3.20
 2063.60  3.20
 2064.30  3.20
 2065.00  3.20
 2065.70  3.20
 2066.40  3.20
 2067.10  3.20
 2067.80  3.20
 2068.50  3.20
 2069.20  3.20
 2069.90  3.20
 2070.60  3.20
 2071.30  3.20
 2072.00  3.20
 2072.70  3.20
 2073.40  3.20
 2074.10  3.20
 2074.80  3.20
 2075.50  3.20
 2076.20  3.20
 2076.90  3.20
 2077.60  3.20
 2078.30  3.20
 2079.00  3.20
 2079.70  3.20
 2080.40  3.20
 2081.10  3.20
 2081.80  3.20
 2082.50  3.20
 2083.20  3.20
 2083.90  3.20
 2084.60  3.20
 2085.30  3.20
 2086.00  3.20
 2086.70  3.20
 2087.40  3.20
 2088.10  3.20
 2088.80  3.20
 2089.50  3.20
 2090.20  3.20
 2090.90  3.20
 2091.60  3.20
 2092.30  3.20
 2093.00  3.20
 2093.70  3.20
 2094.40  3.20
 2095.10  3.20
 2095.80  3.20
 2096.50  3.20
 2097.20  3.20
 2097.90  3.20
 2098.60  3.20
 2099.30  3.20
 2100.00  3.20
 2100.70  3.20
 2101.40  3.20
 2102.10  3.20
 2102.80  3.20
 2103.50  3.20
 2104.20  3.20
 2104.90  3.20
 2105.60  3.20
 2106.30  3.20
 2107.00  3.20
 2107.70  3.20
 2108.40  3.20
 2109.10  3.20
 2109.80  3.20
 2110.50  3.20
 2111.20  3.20
 2111.90  3.20
 2112.60  3.20
 2113.30  3.20
 2114.00  3.20
 2114.70  3.20
 2115.40  3.20
 2116.10  3.20
 2116.80  3.20
 2117.50  3.20
 2118.20  3.20
 2118.90  3.20
 2119.60  3.20
 2120.30  3.20
 2121.00  3.20
 2121.70  3.20
 2122.40  3.20
 2123.10  3.20
 2123.80  3.20
 2124.50  3.20
 2125.20  3.20
 2125.90  3.20
 2126.60  3.20
 2127.30  3.20
 2128.00  3.20
 2128.70  3.20
 2129.40  3.20
 2130.10  3.20
 2130.80  3.20
 2131.50  3.20
 2132.20  3.20
 2132.90  3.20
 2133.60  3.20
 2134.30  3.20
 2135.00  3.20
 2135.70  3.20
 2136.40  3.20
 2137.10  3.20
 2137.80  3.20
 2138.50  3.20
 2139.20  3.20
 2139.90  3.20
 2140.60  3.20
 2141.30  3.20
 2142.00  3.20
 2142.70  3.20
 2143.40  3.20
 2144.10  3.20
 2144.80  3.20
 2145.50  3.20
 2146.20  3.20
 2146.90  3.20
 2147.60  3.20
 2148.30  3.20
 2149.00  3.20
 2149.70  3.20
 2150.40  3.20
 2151.10  3.20
 2151.80  3.20
 2152.50  3.20
 2153.20  3.20
 2153.90  3.20
 2154.60  3.20
 2155.30  3.20
 2156.00  3.20
 2156.70  3.20
 2157.40  3.20
 2158.10  3.20
 2158.80  3.20
 2159.50  3.20
 2160.20  3.20
 2160.90  3.20
 2161.60  3.20
 2162.30  3.20
 2163.00  3.20
 2163.70  3.20
 2164.40  3.20
 2165.10  3.20
 2165.80  3.20
 2166.50  3.20
 2167.20  3.20
 2167.90  3.20
 2168.60  3.20
 2169.30  3.20
 2170.00  3.20
 2170.70  3.20
 2171.40  3.20
 2172.10  3.20
 2172.80  3.20
 2173.50  3.20
 2174.20  3.20
 2174.90  3.20
 2175.60  3.20
 2176.30  3.20
 2177.00  3.20
 2177.70  3.20
 2178.40  3.20
 2179.10  3.20
 2179.80  3.20
 2180.50  3.20
 2181.20  3.20
 2181.90  3.20
 2182.60  3.20
 2183.30  3.20
 2184.00  3.20
 2184.70  3.20
 2185.40  3.20
 2186.10  3.20
 2186.80  3.20
 2187.50  3.20
 2188.20  3.20
 2188.90  3.20
 2189.60  3.20
 2190.30  3.20
 2191.00  3.20
 2191.70  3.20
 2192.40  3.20
 2193.10  3.20
 2193.80  3.20
 2194.50  3.20
 2195.20  3.20
 2195.90  3.20
 2196.60  3.20
 2197.30  3.20
 2198.00  3.20
 2198.70  3.20
 2199.40  3.20
 2200.10  3.20
 2200.80  3.20
 2201.50  3.20
 2202.20  3.20
 2202.90  3.20
 2203.60  3.20
 2204.30  3.20
 2205.00  3.20
 2205.70  3.20
 2206.40  3.20
 2207.10  3.20
 2207.80  3.20
 2208.50  3.20
 2209.20  3.20
 2209.90  3.20
 2210.60  3.20
 2211.30  3.20
 2212.00  3.20
 2212.70  3.20
 2213.40  3.20
 2214.10  3.20
 2214.80  3.20
 2215.50  3.20
 2216.20  3.20
 2216.90  3.20
 2217.60  3.20
 2218.30  3.20
 2219.00  3.20
 2219.70  3.20
 2220.40  3.20
 2221.10  3.20
 2221.80  3.20
 2222.50  3.20
 2223.20  3.20
 2223.90  3.20
 2224.60  3.20
 2225.30  3.20
 2226.00  3.20
 2226.70  3.20
 2227.40  3.20
 2228.10  3.20
 2228.80  3.20
 2229.50  3.20
 2230.20  3.20
 2230.90  3.20
 2231.60  3.20
 2232.30  3.20
 2233.00  3.20
 2233.70  3.20
 2234.40  3.20
 2235.10  3.20
 2235.80  3.20
 2236.50  3.20
 2237.20  3.20
 2237.90  3.20
 2238.60  3.20
 2239.30  3.20
 2240.00  3.20
 2240.70  3.20
 2241.40  3.20
 2242.10  3.20
 2242.80  3.20
 2243.50  3.20
 2244.20  3.20
 2244.90  3.20
 2245.60  3.20
 2246.30  3.20
 2247.00  3.20
 2247.70  3.20
 2248.40  3.20
 2249.10  3.20
 2249.80  3.20
 2250.50  3.20
 2251.20  3.20
 2251.90  3.20
 2252.60  3.20
 2253.30  3.20
 2254.00  3.20
 2254.70  3.20
 2255.40  3.20
 2256.10  3.20
 2256.80  3.20
 2257.50  3.20
 2258.20  3.20
 2258.90  3.20
 2259.60  3.20
 2260.30  3.20
 2261.00  3.20
 2261.70  3.20
 2262.40  3.20
 2263.10  3.20
 2263.80  3.20
 2264.50  3.20
 2265.20  3.20
 2265.90  3.20
 2266.60  3.20
 2267.30  3.20
 2268.00  3.20
 2268.70  3.20
 2269.40  3.20
 2270.10  3.20
 2270.80  3.20
 2271.50  3.20
 2272.20  3.20
 2272.90  3.20
 2273.60  3.20
 2274.30  3.20
 2275.00  3.20
 2275.70  3.20
 2276.40  3.20
 2277.10  3.20
 2277.80  3.20
 2278.50  3.20
 2279.20  3.20
 2279.90  3.20
 2280.60  3.20
 2281.30  3.20
 2282.00  3.20
 2282.70  3.20
 2283.40  3.20
 2284.10  3.20
 2284.80  3.20
 2285.50  3.20
 2286.20  3.20
 2286.90  3.20
 2287.60  3.20
 2288.30  3.20
 2289.00  3.20
 2289.70  3.20
 2290.40  3.20
 2291.10  3.20
 2291.80  3.20
 2292.50  3.20
 2293.20  3.20
 2293.90  3.20
 2294.60  3.20
 2295.30  3.20
 2296.00  3.20
 2296.70  3.20
 2297.40  3.20
 2298.10  3.20
 2298.80  3.20
 2299.50  3.20
 2300.20  3.20
 2300.90  3.20
 2301.60  3.20
 2302.30  3.20
 2303.00  3.20
 2303.70  3.20
 2304.40  3.20
 2305.10  3.20
 2305.80  3.20
 2306.50  3.20
 2307.20  3.20
 2307.90  3.20
 2308.60  3.20
 2309.30  3.20
 2310.00  3.20
 2310.70  3.20
 2311.40  3.20
 2312.10  3.20
 2312.80  3.20
 2313.50  3.20
 2314.20  3.20
 2314.90  3.20
 2315.60  3.20
 2316.30  3.20
 2317.00  3.20
 2317.70  3.20
 2318.40  3.20
 2319.10  3.20
 2319.80  3.20
 2320.50  3.20
 2321.20  3.20
 2321.90  3.20
 2322.60  3.20
 2323.30  3.20
 2324.00  3.20
 2324.70  3.20
 2325.40  3.20
 2326.10  3.20
 2326.80  3.20
 2327.50  3.20
 2328.20  3.20
 2328.90  3.20
 2329.60  3.20
 2330.30  3.20
 2331.00  3.20
 2331.70  3.20
 2332.40  3.20
 2333.10  3.20
 2333.80  3.20
 2334.50  3.20
 2335.20  3.20
 2335.90  3.20
 2336.60  3.20
 2337.30  3.20
 2338.00  3.20
 2338.70  3.20
 2339.40  3.20
 2340.10  3.20
 2340.80  3.20
 2341.50  3.20
 2342.20  3.20
 2342.90  3.20
 2343.60  3.20
 2344.30  3.20
 2345.00  3.20
 2345.70  3.20
 2346.40  3.20
 2347.10  3.20
 2347.80  3.20
 2348.50  3.20
 2349.20  3.20
 2349.90  3.20
 2350.60  3.20
 2351.30  3.20
 2352.00  3.20
 2352.70  3.20
 2353.40  3.20
 2354.10  3.20
 2354.80  3.20
 2355.50  3.20
 2356.20  3.20
 2356.90  3.20
 2357.60  3.20
 2358.30  3.20
 2359.00  3.20
 2359.70  3.20
 2360.40  3.20
 2361.10  3.20
 2361.80  3.20
 2362.50  3.20
 2363.20  3.20
 2363.90  3.20
 2364.60  3.20
 2365.30  3.20
 2366.00  3.20
 2366.70  3.20
 2367.40  3.20
 2368.10  3.20
 2368.80  3.20
 2369.50  3.20
 2370.20  3.20
 2370.90  3.20
 2371.60  3.20
 2372.30  3.20
 2373.00  3.20
 2373.70  3.20
 2374.40  3.20
 2375.10  3.20
 2375.80  3.20
 2376.50  3.20
 2377.20  3.20
 2377.90  3.20
 2378.60  3.20
 2379.30  3.20
 2380.00  3.20
 2380.70  3.20
 2381.40  3.20
 2382.10  3.20
 2382.80  3.20
 2383.50  3.20
 2384.20  3.20
 2384.90  3.20
 2385.60  3.20
 2386.30  3.20
 2387.00  3.20
 2387.70  3.20
 2388.40  3.20
 2389.10  3.20
 2389.80  3.20
 2390.50  3.20
 2391.20  3.20
 2391.90  3.20
 2392.60  3.20
 2393.30  3.20
 2394.00  3.20
 2394.70  3.20
 2395.40  3.20
 2396.10  3.20
 2396.80  3.20
 2397.50  3.20
 2398.20  3.20
 2398.90  3.20
 2399.60  3.20
 2400.30  3.20
 2401.00  3.20
 2401.70  3.20
 2402.40  3.20
 2403.10  3.20
 2403.80  3.20
 2404.50  3.20
 2405.20  3.20
 2405.90  3.20
 2406.60  3.20
 2407.30  3.20
 2408.00  3.20
 2408.70  3.20
 2409.40  3.20
 2410.10  3.20
 2410.80  3.20
 2411.50  3.20
 2412.20  3.20
 2412.90  3.20
 2413.60  3.20
 2414.30  3.20
 2415.00  3.20
 2415.70  3.20
 2416.40  3.20
 2417.10  3.20
 2417.80  3.20
 2418.50  3.20
 2419.20  3.20
 2419.90  3.20
 2420.60  3.20
 2421.30  3.20
 2422.00  3.20
 2422.70  3.20
 2423.40  3.20
 2424.10  3.20
 2424.80  3.20
 2425.50  3.20
 2426.20  3.20
 2426.90  3.20
 2427.60  3.20
 2428.30  3.20
 2429.00  3.20
 2429.70  3.20
 2430.40  3.20
 2431.10  3.20
 2431.80  3.20
 2432.50  3.20
 2433.20  3.20
 2433.90  3.20
 2434.60  3.20
 2435.30  3.20
 2436.00  3.20
 2436.70  3.20
 2437.40  3.20
 2438.10  3.20
 2438.80  3.20
 2439.50  3.20
 2440.20  3.20
 2440.90  3.20
 2441.60  3.20
 2442.30  3.20
 2443.00  3.20
 2443.70  3.20
 2444.40  3.20
 2445.10  3.20
 2445.80  3.20
 2446.50  3.20
 2447.20  3.20
 2447.90  3.20
 2448.60  3.20
 2449.30  3.20
 2450.00  3.20
 2450.70  3.20
 2451.40  3.20
 2452.10  3.20
 2452.80  3.20
 2453.50  3.20
 2454.20  3.20
 2454.90  3.20
 2455.60  3.20
 2456.30  3.20
 2457.00  3.20
 2457.70  3.20
 2458.40  3.20
 2459.10  3.20
 2459.80  3.20
 2460.50  3.20
 2461.20  3.20
 2461.90  3.20
 2462.60  3.20
 2463.30  3.20
 2464.00  3.20
 2464.70  3.20
 2465.40  3.20
 2466.10  3.20
 2466.80  3.20
 2467.50  3.20
 2468.20  3.20
 2468.90  3.20
 2469.60  3.20
 2470.30  3.20
 2471.00  3.20
 2471.70  3.20
 2472.40  3.20
 2473.10  3.20
 2473.80  3.20
 2474.50  3.20
 2475.20  3.20
 2475.90  3.20
 2476.60  3.20
 2477.30  3.20
 2478.00  3.20
 2478.70  3.20
 2479.40  3.20
 2480.10  3.20
 2480.80  3.20
 2481.50  3.20
 2482.20  3.20
 2482.90  3.20
 2483.60  3.20
 2484.30  3.20
 2485.00  3.20
 2485.70  3.20
 2486.40  3.20
 2487.10  3.20
 2487.80  3.20
 2488.50  3.20
 2489.20  3.20
 2489.90  3.20
 2490.60  3.20
 2491.30  3.20
 2492.00  3.20
 2492.70  3.20
 2493.40  3.20
 2494.10  3.20
 2494.80  3.20
 2495.50  3.20
 2496.20  3.20
 2496.90  3.20
 2497.60  3.20
 2498.30  3.20
 2499.00  3.20
 2499.70  3.20
 2500.40  3.20
 2501.10  3.20
 2501.80  3.20
 2502.50  3.20
 2503.20  3.20
 2503.90  3.20
 2504.60  3.20
 2505.30  3.20
 2506.00  3.20
 2506.70  3.20
 2507.40  3.20
 2508.10  3.20
 2508.80  3.20
 2509.50  3.20
 2510.20  3.20
 2510.90  3.20
 2511.60  3.20
 2512.30  3.20
 2513.00  3.20
 2513.70  3.20
 2514.40  3.20
 2515.10  3.20
 2515.80  3.20
 2516.50  3.20
 2517.20  3.20
 2517.90  3.20
 2518.60  3.20
 2519.30  3.20
 2520.00  3.20
 2520.70  3.20
 2521.40  3.20
 2522.10  3.20
 2522.80  3.20
 2523.50  3.20
 2524.20  3.20
 2524.90  3.20
 2525.60  3.20
 2526.30  3.20
 2527.00  3.20
 2527.70  3.20
 2528.40  3.20
 2529.10  3.20
 2529.80  3.20
 2530.50  3.20
 2531.20  3.20
 2531.90  3.20
 2532.60  3.20
 2533.30  3.20
 2534.00  3.20
 2534.70  3.20
 2535.40  3.20
 2536.10  3.20
 2536.80  3.20
 2537.50  3.20
 2538.20  3.20
 2538.90  3.20
 2539.60  3.20
 2540.30  3.20
 2541.00  3.20
 2541.70  3.20
 2542.40  3.20
 2543.10  3.20
 2543.80  3.20
 2544.50  3.20
 2545.20  3.20
 2545.90  3.20
 2546.60  3.20
 2547.30  3.20
 2548.00  3.20
 2548.70  3.20
 2549.40  3.20
 2550.10  3.20
 2550.80  3.20
 2551.50  3.20
 2552.20  3.20
 2552.90  3.20
 2553.60  3.20
 2554.30  3.20
 2555.00  3.20
 2555.70  3.20
 2556.40  3.20
 2557.10  3.20
 2557.80  3.20
 2558.50  3.20
 2559.20  3.20
 2559.90  3.20
 2560.60  3.20
 2561.30  3.20
 2562.00  3.20
 2562.70  3.20
 2563.40  3.20
 2564.10  3.20
 2564.80  3.20
 2565.50  3.20
 2566.20  3.20
 2566.90  3.20
 2567.60  3.20
 2568.30  3.20
 2569.00  3.20
 2569.70  3.20
 2570.40  3.20
 2571.10  3.20
 2571.80  3.20
 2572.50  3.20
 2573.20  3.20
 2573.90  3.20
 2574.60  3.20
 2575.30  3.20
 2576.00  3.20
 2576.70  3.20
 2577.40  3.20
 2578.10  3.20
 2578.80  3.20
 2579.50  3.20
 2580.20  3.20
 2580.90  3.20
 2581.60  3.20
 2582.30  3.20
 2583.00  3.20
 2583.70  3.20
 2584.40  3.20
 2585.10  3.20
 2585.80  3.20
 2586.50  3.20
 2587.20  3.20
 2587.90  3.20
 2588.60  3.20
 2589.30  3.20
 2590.00  3.20
 2590.70  3.20
 2591.40  3.20
 2592.10  3.20
 2592.80  3.20
 2593.50  3.20
 2594.20  3.20
 2594.90  3.20
 2595.60  3.20
 2596.30  3.20
 2597.00  3.20
 2597.70  3.20
 2598.40  3.20
 2599.10  3.20
 2599.80  3.20
 2600.50  3.20
 2601.20  3.20
 2601.90  3.20
 2602.60  3.20
 2603.30  3.20
 2604.00  3.20
 2604.70  3.20
 2605.40  3.20
 2606.10  3.20
 2606.80  3.20
 2607.50  3.20
 2608.20  3.20
 2608.90  3.20
 2609.60  3.20
 2610.30  3.20
 2611.00  3.20
 2611.70  3.20
 2612.40  3.20
 2613.10  3.20
 2613.80  3.20
 2614.50  3.20
 2615.20  3.20
 2615.90  3.20
 2616.60  3.20
 2617.30  3.20
 2618.00  3.20
 2618.70  3.20
 2619.40  3.20
 2620.10  3.20
 2620.80  3.20
 2621.50  3.20
 2622.20  3.20
 2622.90  3.20
 2623.60  3.20
 2624.30  3.20
 2625.00  3.20
 2625.70  3.20
 2626.40  3.20
 2627.10  3.20
 2627.80  3.20
 2628.50  3.20
 2629.20  3.20
 2629.90  3.20
 2630.60  3.20
 2631.30  3.20
 2632.00  3.20
 2632.70  3.20
 2633.40  3.20
 2634.10  3.20
 2634.80  3.20
 2635.50  3.20
 2636.20  3.20
 2636.90  3.20
 2637.60  3.20
 2638.30  3.20
 2639.00  3.20
 2639.70  3.20
 2640.40  3.20
 2641.10  3.20
 2641.80  3.20
 2642.50  3.20
 2643.20  3.20
 2643.90  3.20
 2644.60  3.20
 2645.30  3.20
 2646.00  3.20
 2646.70  3.20
 2647.40  3.20
 2648.10  3.20
 2648.80  3.20
 2649.50  3.20
 2650.20  3.20
 2650.90  3.20
 2651.60  3.20
 2652.30  3.20
 2653.00  3.20
 2653.70  3.20
 2654.40  3.20
 2655.10  3.20
 2655.80  3.20
 2656.50  3.20
 2657.20  3.20
 2657.90  3.20
 2658.60  3.20
 2659.30  3.20
 2660.00  3.20
 2660.70  3.20
 2661.40  3.20
 2662.10  3.20
 2662.80  3.20
 2663.50  3.20
 2664.20  3.20
 2664.90  3.20
 2665.60  3.20
 2666.30  3.20
 2667.00  3.20
 2667.70  3.20
 2668.40  3.20
 2669.10  3.20
 2669.80  3.20
 2670.50  3.20
 2671.20  3.20
 2671.90  3.20
 2672.60  3.20
 2673.30  3.20
 2674.00  3.20
 2674.70  3.20
 2675.40  3.20
 2676.10  3.20
 2676.80  3.20
 2677.50  3.20
 2678.20  3.20
 2678.90  3.20
 2679.60  3.20
 2680.30  3.20
 2681.00  3.20
 2681.70  3.20
 2682.40  3.20
 2683.10  3.20
 2683.80  3.20
 2684.50  3.20
 2685.20  3.20
 2685.90  3.20
 2686.60  3.20
 2687.30  3.20
 2688.00  3.20
 2688.70  3.20
 2689.40  3.20
 2690.10  3.20
 2690.80  3.20
 2691.50  3.20
 2692.20  3.20
 2692.90  3.20
 2693.60  3.20
 2694.30  3.20
 2695.00  3.20
 2695.70  3.20
 2696.40  3.20
 2697.10  3.20
 2697.80  3.20
 2698.50  3.20
 2699.20  3.20
 2699.90  3.20
 2700.60  3.20
 2701.30  3.20
 2702.00  3.20
 2702.70  3.20
 2703.40  3.20
 2704.10  3.20
 2704.80  3.20
 2705.50  3.20
 2706.20  3.20
 2706.90  3.20
 2707.60  3.20
 2708.30  3.20
 2709.00  3.20
 2709.70  3.20
 2710.40  3.20
 2711.10  3.20
 2711.80  3.20
 2712.50  3.20
 2713.20  3.20
 2713.90  3.20
 2714.60  3.20
 2715.30  3.20
 2716.00  3.20
 2716.70  3.20
 2717.40  3.20
 2718.10  3.20
 2718.80  3.20
 2719.50  3.20
 2720.20  3.20
 2720.90  3.20
 2721.60  3.20
 2722.30  3.20
 2723.00  3.20
 2723.70  3.20
 2724.40  3.20
 2725.10  3.20
 2725.80  3.20
 2726.50  3.20
 2727.20  3.20
 2727.90  3.20
 2728.60  3.20
 2729.30  3.20
 2730.00  3.20
 2730.70  3.20
 2731.40  3.20
 2732.10  3.20
 2732.80  3.20
 2733.50  3.20
 2734.20  3.20
 2734.90  3.20
 2735.60  3.20
 2736.30  3.20
 2737.00  3.20
 2737.70  3.20
 2738.40  3.20
 2739.10  3.20
 2739.80  3.20
 2740.50  3.20
 2741.20  3.20
 2741.90  3.20
 2742.60  3.20
 2743.30  3.20
 2744.00  3.20
 2744.70  3.20
 2745.40  3.20
 2746.10  3.20
 2746.80  3.20
 2747.50  3.20
 2748.20  3.20
 2748.90  3.20
 2749.60  3.20
 2750.30  3.20
 2751.00  3.20
 2751.70  3.20
 2752.40  3.20
 2753.10  3.20
 2753.80  3.20
 2754.50  3.20
 2755.20  3.20
 2755.90  3.20
 2756.60  3.20
 2757.30  3.20
 2758.00  3.20
 2758.70  3.20
 2759.40  3.20
 2760.10  3.20
 2760.80  3.20
 2761.50  3.20
 2762.20  3.20
 2762.90  3.20
 2763.60  3.20
 2764.30  3.20
 2765.00  3.20
 2765.70  3.20
 2766.40  3.20
 2767.10  3.20
 2767.80  3.20
 2768.50  3.20
 2769.20  3.20
 2769.90  3.20
 2770.60  3.20
 2771.30  3.20
 2772.00  3.20
 2772.70  3.20
 2773.40  3.20
 2774.10  3.20
 2774.80  3.20
 2775.50  3.20
 2776.20  3.20
 2776.90  3.20
 2777.60  3.20
 2778.30  3.20
 2779.00  3.20
 2779.70  3.20
 2780.40  3.20
 2781.10  3.20
 2781.80  3.20
 2782.50  3.20
 2783.20  3.20
 2783.90  3.20
 2784.60  3.20
 2785.30  3.20
 2786.00  3.20
 2786.70  3.20
 2787.40  3.20
 2788.10  3.20
 2788.80  3.20
 2789.50  3.20
 2790.20  3.20
 2790.90  3.20
 2791.60  3.20
 2792.30  3.20
 2793.00  3.20
 2793.70  3.20
 2794.40  3.20
 2795.10  3.20
 2795.80  3.20
 2796.50  3.20
 2797.20  3.20
 2797.90  3.20
 2798.60  3.20
 2799.30  3.20
 2800.00  3.20
 2800.70  3.20
 2801.40  3.20
 2802.10  3.20
 2802.80  3.20
 2803.50  3.20
 2804.20  3.20
 2804.90  3.20
 2805.60  3.20
 2806.30  3.20
 2807.00  3.20
 2807.70  3.20
 2808.40  3.20
 2809.10  3.20
 2809.80  3.20
 2810.50  3.20
 2811.20  3.20
 2811.90  3.20
 2812.60  3.20
 2813.30  3.20
 2814.00  3.20
 2814.70  3.20
 2815.40  3.20
 2816.10  3.20
 2816.80  3.20
 2817.50  3.20
 2818.20  3.20
 2818.90  3.20
 2819.60  3.20
 2820.30  3.20
 2821.00  3.20
 2821.70  3.20
 2822.40  3.20
 2823.10  3.20
 2823.80  3.20
 2824.50  3.20
 2825.20  3.20
 2825.90  3.20
 2826.60  3.20
 2827.30  3.20
 2828.00  3.20
 2828.70  3.20
 2829.40  3.20
 2830.10  3.20
 2830.80  3.20
 2831.50  3.20
 2832.20  3.20
 2832.90  3.20
 2833.60  3.20
 2834.30  3.20
 2835.00  3.20
 2835.70  3.20
 2836.40  3.20
 2837.10  3.20
 2837.80  3.20
 2838.50  3.20
 2839.20  3.20
 2839.90  3.20
 2840.60  3.20
 2841.30  3.20
 2842.00  3.20
 2842.70  3.20
 2843.40  3.20
 2844.10  3.20
 2844.80  3.20
 2845.50  3.20
 2846.20  3.20
 2846.90  3.20
 2847.60  3.20
 2848.30  3.20
 2849.00  3.20
 2849.70  3.20
 2850.40  3.20
 2851.10  3.20
 2851.80  3.20
 2852.50  3.20
 2853.20  3.20
 2853.90  3.20
 2854.60  3.20
 2855.30  3.20
 2856.00  3.20
 2856.70  3.20
 2857.40  3.20
 2858.10  3.20
 2858.80  3.20
 2859.50  3.20
 2860.20  3.20
 2860.90  3.20
 2861.60  3.20
 2862.30  3.20
 2863.00  3.20
 2863.70  3.20
 2864.40  3.20
 2865.10  3.20
 2865.80  3.20
 2866.50  3.20
 2867.20  3.20
 2867.90  3.20
 2868.60  3.20
 2869.30  3.20
 2870.00  3.20
 2870.70  3.20
 2871.40  3.20
 2872.10  3.20
 2872.80  3.20
 2873.50  3.20
 2874.20  3.20
 2874.90  3.20
 2875.60  3.20
 2876.30  3.20
 2877.00  3.20
 2877.70  3.20
 2878.40  3.20
 2879.10  3.20
 2879.80  3.20
 2880.50  3.20
 2881.20  3.20
 2881.90  3.20
 2882.60  3.20
 2883.30  3.20
 2884.00  3.20
 2884.70  3.20
 2885.40  3.20
 2886.10  3.20
 2886.80  3.20
 2887.50  3.20
 2888.20  3.20
 2888.90  3.20
 2889.60  3.20
 2890.30  3.20
 2891.00  3.20
 2891.70  3.20
 2892.40  3.20
 2893.10  3.20
 2893.80  3.20
 2894.50  3.20
 2895.20  3.20
 2895.90  3.20
 2896.60  3.20
 2897.30  3.20
 2898.00  3.20
 2898.70  3.20
 2899.40  3.20
 2900.10  3.20
 2900.80  3.20
 2901.50  3.20
 2902.20  3.20
 2902.90  3.20
 2903.60  3.20
 2904.30  3.20
 2905.00  3.20
 2905.70  3.20
 2906.40  3.20
 2907.10  3.20
 2907.80  3.20
 2908.50  3.20
 2909.20  3.20
 2909.90  3.20
 2910.60  3.20
 2911.30  3.20
 2912.00  3.20
 2912.70  3.20
 2913.40  3.20
 2914.10  3.20
 2914.80  3.20
 2915.50  3.20
 2916.20  3.20
 2916.90  3.20
 2917.60  3.20
 2918.30  3.20
 2919.00  3.20
 2919.70  3.20
 2920.40  3.20
 2921.10  3.20
 2921.80  3.20
 2922.50  3.20
 2923.20  3.20
 2923.90  3.20
 2924.60  3.20
 2925.30  3.20
 2926.00  3.20
 2926.70  3.20
 2927.40  3.20
 2928.10  3.20
 2928.80  3.20
 2929.50  3.20
 2930.20  3.20
 2930.90  3.20
 2931.60  3.20
 2932.30  3.20
 2933.00  3.20
 2933.70  3.20
 2934.40  3.20
 2935.10  3.20
 2935.80  3.20
 2936.50  3.20
 2937.20  3.20
 2937.90  3.20
 2938.60  3.20
 2939.30  3.20
 2940.00  3.20
 2940.70  3.20
 2941.40  3.20
 2942.10  3.20
 2942.80  3.20
 2943.50  3.20
 2944.20  3.20
 2944.90  3.20
 2945.60  3.20
 2946.30  3.20
 2947.00  3.20
 2947.70  3.20
 2948.40  3.20
 2949.10  3.20
 2949.80  3.20
 2950.50  3.20
 2951.20  3.20
 2951.90  3.20
 2952.60  3.20
 2953.30  3.20
 2954.00  3.20
 2954.70  3.20
 2955.40  3.20
 2956.10  3.20
 2956.80  3.20
 2957.50  3.20
 2958.20  3.20
 2958.90  3.20
 2959.60  3.20
 2960.30  3.20
 2961.00  3.20
 2961.70  3.20
 2962.40  3.20
 2963.10  3.20
 2963.80  3.20
 2964.50  3.20
 2965.20  3.20
 2965.90  3.20
 2966.60  3.20
 2967.30  3.20
 2968.00  3.20
 2968.70  3.20
 2969.40  3.20
 2970.10  3.20
 2970.80  3.20
 2971.50  3.20
 2972.20  3.20
 2972.90  3.20
 2973.60  3.20
 2974.30  3.20
 2975.00  3.20
 2975.70  3.20
 2976.40  3.20
 2977.10  3.20
 2977.80  3.20
 2978.50  3.20
 2979.20  3.20
 2979.90  3.20
 2980.60  3.20
 2981.30  3.20
 2982.00  3.20
 2982.70  3.20
 2983.40  3.20
 2984.10  3.20
 2984.80  3.20
 2985.50  3.20
 2986.20  3.20
 2986.90  3.20
 2987.60  3.20
 2988.30  3.20
 2989.00  3.20
 2989.70  3.20
 2990.40  3.20
 2991.10  3.20
 2991.80  3.20
 2992.50  3.20
 2993.20  3.20
 2993.90  3.20
 2994.60  3.20
 2995.30  3.20
 2996.00  3.20
 2996.70  3.20
 2997.40  3.20
 2998.10  3.20
 2998.80  3.20
 2999.50  3.20
