#Navio B MarAd
#Manobra de Curva Giro
#
#Eta 
#
#temp      rot 
 0.00  1.00
 0.70  1.00
 1.40  1.00
 2.10  1.00
 2.80  1.00
 3.50  1.00
 4.20  1.00
 4.90  1.00
 5.60  1.00
 6.30  1.00
 7.00  1.00
 7.70  1.00
 8.40  1.01
 9.10  1.01
 9.80  1.01
 10.50  1.01
 11.20  1.01
 11.90  1.01
 12.60  1.01
 13.30  1.01
 14.00  1.01
 14.70  1.01
 15.40  1.01
 16.10  1.01
 16.80  1.01
 17.50  1.01
 18.20  1.01
 18.90  1.01
 19.60  1.01
 20.30  1.01
 21.00  1.02
 21.70  1.02
 22.40  1.02
 23.10  1.02
 23.80  1.02
 24.50  1.02
 25.20  1.02
 25.90  1.02
 26.60  1.02
 27.30  1.02
 28.00  1.02
 28.70  1.02
 29.40  1.02
 30.10  1.02
 30.80  1.02
 31.50  1.03
 32.20  1.03
 32.90  1.03
 33.60  1.03
 34.30  1.03
 35.00  1.03
 35.70  1.03
 36.40  1.03
 37.10  1.03
 37.80  1.03
 38.50  1.03
 39.20  1.03
 39.90  1.03
 40.60  1.03
 41.30  1.04
 42.00  1.04
 42.70  1.04
 43.40  1.04
 44.10  1.04
 44.80  1.04
 45.50  1.04
 46.20  1.04
 46.90  1.04
 47.60  1.04
 48.30  1.04
 49.00  1.04
 49.70  1.05
 50.40  1.05
 51.10  1.05
 51.80  1.05
 52.50  1.05
 53.20  1.05
 53.90  1.05
 54.60  1.05
 55.30  1.05
 56.00  1.05
 56.70  1.06
 57.40  1.06
 58.10  1.06
 58.80  1.06
 59.50  1.06
 60.20  1.06
 60.90  1.06
 61.60  1.06
 62.30  1.06
 63.00  1.07
 63.70  1.07
 64.40  1.07
 65.10  1.07
 65.80  1.07
 66.50  1.07
 67.20  1.07
 67.90  1.07
 68.60  1.07
 69.30  1.08
 70.00  1.08
 70.70  1.08
 71.40  1.08
 72.10  1.08
 72.80  1.08
 73.50  1.08
 74.20  1.09
 74.90  1.09
 75.60  1.09
 76.30  1.09
 77.00  1.09
 77.70  1.09
 78.40  1.09
 79.10  1.10
 79.80  1.10
 80.50  1.10
 81.20  1.10
 81.90  1.10
 82.60  1.10
 83.30  1.10
 84.00  1.11
 84.70  1.11
 85.40  1.11
 86.10  1.11
 86.80  1.11
 87.50  1.11
 88.20  1.12
 88.90  1.12
 89.60  1.12
 90.30  1.12
 91.00  1.12
 91.70  1.12
 92.40  1.13
 93.10  1.13
 93.80  1.13
 94.50  1.13
 95.20  1.13
 95.90  1.14
 96.60  1.14
 97.30  1.14
 98.00  1.14
 98.70  1.14
 99.40  1.14
 100.10  1.15
 100.80  1.15
 101.50  1.15
 102.20  1.15
 102.90  1.15
 103.60  1.16
 104.30  1.16
 105.00  1.16
 105.70  1.16
 106.40  1.16
 107.10  1.17
 107.80  1.17
 108.50  1.17
 109.20  1.17
 109.90  1.18
 110.60  1.18
 111.30  1.18
 112.00  1.18
 112.70  1.18
 113.40  1.19
 114.10  1.19
 114.80  1.19
 115.50  1.19
 116.20  1.20
 116.90  1.20
 117.60  1.20
 118.30  1.20
 119.00  1.20
 119.70  1.21
 120.40  1.21
 121.10  1.21
 121.80  1.21
 122.50  1.22
 123.20  1.22
 123.90  1.22
 124.60  1.22
 125.30  1.23
 126.00  1.23
 126.70  1.23
 127.40  1.23
 128.10  1.24
 128.80  1.24
 129.50  1.24
 130.20  1.24
 130.90  1.25
 131.60  1.25
 132.30  1.25
 133.00  1.25
 133.70  1.26
 134.40  1.26
 135.10  1.26
 135.80  1.27
 136.50  1.27
 137.20  1.27
 137.90  1.27
 138.60  1.28
 139.30  1.28
 140.00  1.28
 140.70  1.28
 141.40  1.29
 142.10  1.29
 142.80  1.29
 143.50  1.30
 144.20  1.30
 144.90  1.30
 145.60  1.30
 146.30  1.31
 147.00  1.31
 147.70  1.31
 148.40  1.32
 149.10  1.32
 149.80  1.32
 150.50  1.32
 151.20  1.33
 151.90  1.33
 152.60  1.33
 153.30  1.34
 154.00  1.34
 154.70  1.34
 155.40  1.35
 156.10  1.35
 156.80  1.35
 157.50  1.35
 158.20  1.36
 158.90  1.36
 159.60  1.36
 160.30  1.37
 161.00  1.37
 161.70  1.37
 162.40  1.38
 163.10  1.38
 163.80  1.38
 164.50  1.39
 165.20  1.39
 165.90  1.39
 166.60  1.40
 167.30  1.40
 168.00  1.40
 168.70  1.41
 169.40  1.41
 170.10  1.41
 170.80  1.41
 171.50  1.42
 172.20  1.42
 172.90  1.42
 173.60  1.43
 174.30  1.43
 175.00  1.43
 175.70  1.44
 176.40  1.44
 177.10  1.44
 177.80  1.45
 178.50  1.45
 179.20  1.45
 179.90  1.46
 180.60  1.46
 181.30  1.47
 182.00  1.47
 182.70  1.47
 183.40  1.48
 184.10  1.48
 184.80  1.48
 185.50  1.49
 186.20  1.49
 186.90  1.49
 187.60  1.50
 188.30  1.50
 189.00  1.50
 189.70  1.51
 190.40  1.51
 191.10  1.51
 191.80  1.52
 192.50  1.52
 193.20  1.52
 193.90  1.53
 194.60  1.53
 195.30  1.53
 196.00  1.54
 196.70  1.54
 197.40  1.55
 198.10  1.55
 198.80  1.55
 199.50  1.56
 200.20  1.56
 200.90  1.56
 201.60  1.57
 202.30  1.57
 203.00  1.57
 203.70  1.58
 204.40  1.58
 205.10  1.59
 205.80  1.59
 206.50  1.59
 207.20  1.60
 207.90  1.60
 208.60  1.60
 209.30  1.61
 210.00  1.61
 210.70  1.62
 211.40  1.62
 212.10  1.62
 212.80  1.63
 213.50  1.63
 214.20  1.63
 214.90  1.64
 215.60  1.64
 216.30  1.64
 217.00  1.65
 217.70  1.65
 218.40  1.66
 219.10  1.66
 219.80  1.66
 220.50  1.67
 221.20  1.67
 221.90  1.68
 222.60  1.68
 223.30  1.68
 224.00  1.69
 224.70  1.69
 225.40  1.69
 226.10  1.70
 226.80  1.70
 227.50  1.71
 228.20  1.71
 228.90  1.71
 229.60  1.72
 230.30  1.72
 231.00  1.72
 231.70  1.73
 232.40  1.73
 233.10  1.74
 233.80  1.74
 234.50  1.74
 235.20  1.75
 235.90  1.75
 236.60  1.76
 237.30  1.76
 238.00  1.76
 238.70  1.77
 239.40  1.77
 240.10  1.78
 240.80  1.78
 241.50  1.78
 242.20  1.79
 242.90  1.79
 243.60  1.79
 244.30  1.80
 245.00  1.80
 245.70  1.81
 246.40  1.81
 247.10  1.81
 247.80  1.82
 248.50  1.82
 249.20  1.83
 249.90  1.83
 250.60  1.83
 251.30  1.84
 252.00  1.84
 252.70  1.85
 253.40  1.85
 254.10  1.85
 254.80  1.86
 255.50  1.86
 256.20  1.87
 256.90  1.87
 257.60  1.87
 258.30  1.88
 259.00  1.88
 259.70  1.89
 260.40  1.89
 261.10  1.89
 261.80  1.90
 262.50  1.90
 263.20  1.90
 263.90  1.91
 264.60  1.91
 265.30  1.92
 266.00  1.92
 266.70  1.92
 267.40  1.93
 268.10  1.93
 268.80  1.94
 269.50  1.94
 270.20  1.94
 270.90  1.95
 271.60  1.95
 272.30  1.96
 273.00  1.96
 273.70  1.96
 274.40  1.97
 275.10  1.97
 275.80  1.98
 276.50  1.98
 277.20  1.98
 277.90  1.99
 278.60  1.99
 279.30  2.00
 280.00  2.00
 280.70  2.00
 281.40  2.01
 282.10  2.01
 282.80  2.02
 283.50  2.02
 284.20  2.02
 284.90  2.03
 285.60  2.03
 286.30  2.04
 287.00  2.04
 287.70  2.04
 288.40  2.05
 289.10  2.05
 289.80  2.06
 290.50  2.06
 291.20  2.06
 291.90  2.07
 292.60  2.07
 293.30  2.08
 294.00  2.08
 294.70  2.08
 295.40  2.09
 296.10  2.09
 296.80  2.10
 297.50  2.10
 298.20  2.10
 298.90  2.11
 299.60  2.11
 300.30  2.12
 301.00  2.12
 301.70  2.12
 302.40  2.13
 303.10  2.13
 303.80  2.14
 304.50  2.14
 305.20  2.14
 305.90  2.15
 306.60  2.15
 307.30  2.16
 308.00  2.16
 308.70  2.16
 309.40  2.17
 310.10  2.17
 310.80  2.18
 311.50  2.18
 312.20  2.18
 312.90  2.19
 313.60  2.19
 314.30  2.20
 315.00  2.20
 315.70  2.20
 316.40  2.21
 317.10  2.21
 317.80  2.21
 318.50  2.22
 319.20  2.22
 319.90  2.23
 320.60  2.23
 321.30  2.23
 322.00  2.24
 322.70  2.24
 323.40  2.25
 324.10  2.25
 324.80  2.25
 325.50  2.26
 326.20  2.26
 326.90  2.27
 327.60  2.27
 328.30  2.27
 329.00  2.28
 329.70  2.28
 330.40  2.29
 331.10  2.29
 331.80  2.29
 332.50  2.30
 333.20  2.30
 333.90  2.30
 334.60  2.31
 335.30  2.31
 336.00  2.32
 336.70  2.32
 337.40  2.32
 338.10  2.33
 338.80  2.33
 339.50  2.34
 340.20  2.34
 340.90  2.34
 341.60  2.35
 342.30  2.35
 343.00  2.35
 343.70  2.36
 344.40  2.36
 345.10  2.37
 345.80  2.37
 346.50  2.37
 347.20  2.38
 347.90  2.38
 348.60  2.38
 349.30  2.39
 350.00  2.39
 350.70  2.40
 351.40  2.40
 352.10  2.40
 352.80  2.41
 353.50  2.41
 354.20  2.41
 354.90  2.42
 355.60  2.42
 356.30  2.43
 357.00  2.43
 357.70  2.43
 358.40  2.44
 359.10  2.44
 359.80  2.44
 360.50  2.45
 361.20  2.45
 361.90  2.46
 362.60  2.46
 363.30  2.46
 364.00  2.47
 364.70  2.47
 365.40  2.47
 366.10  2.48
 366.80  2.48
 367.50  2.49
 368.20  2.49
 368.90  2.49
 369.60  2.50
 370.30  2.50
 371.00  2.50
 371.70  2.51
 372.40  2.51
 373.10  2.51
 373.80  2.52
 374.50  2.52
 375.20  2.53
 375.90  2.53
 376.60  2.53
 377.30  2.54
 378.00  2.54
 378.70  2.54
 379.40  2.55
 380.10  2.55
 380.80  2.55
 381.50  2.56
 382.20  2.56
 382.90  2.56
 383.60  2.57
 384.30  2.57
 385.00  2.58
 385.70  2.58
 386.40  2.58
 387.10  2.59
 387.80  2.59
 388.50  2.59
 389.20  2.60
 389.90  2.60
 390.60  2.60
 391.30  2.61
 392.00  2.61
 392.70  2.61
 393.40  2.62
 394.10  2.62
 394.80  2.62
 395.50  2.63
 396.20  2.63
 396.90  2.63
 397.60  2.64
 398.30  2.64
 399.00  2.65
 399.70  2.65
 400.40  2.65
 401.10  2.66
 401.80  2.66
 402.50  2.66
 403.20  2.67
 403.90  2.67
 404.60  2.67
 405.30  2.68
 406.00  2.68
 406.70  2.68
 407.40  2.69
 408.10  2.69
 408.80  2.69
 409.50  2.70
 410.20  2.70
 410.90  2.70
 411.60  2.71
 412.30  2.71
 413.00  2.71
 413.70  2.72
 414.40  2.72
 415.10  2.72
 415.80  2.73
 416.50  2.73
 417.20  2.73
 417.90  2.74
 418.60  2.74
 419.30  2.74
 420.00  2.75
 420.70  2.75
 421.40  2.75
 422.10  2.76
 422.80  2.76
 423.50  2.76
 424.20  2.77
 424.90  2.77
 425.60  2.77
 426.30  2.78
 427.00  2.78
 427.70  2.78
 428.40  2.79
 429.10  2.79
 429.80  2.79
 430.50  2.79
 431.20  2.80
 431.90  2.80
 432.60  2.80
 433.30  2.81
 434.00  2.81
 434.70  2.81
 435.40  2.82
 436.10  2.82
 436.80  2.82
 437.50  2.83
 438.20  2.83
 438.90  2.83
 439.60  2.84
 440.30  2.84
 441.00  2.84
 441.70  2.85
 442.40  2.85
 443.10  2.85
 443.80  2.85
 444.50  2.86
 445.20  2.86
 445.90  2.86
 446.60  2.87
 447.30  2.87
 448.00  2.87
 448.70  2.88
 449.40  2.88
 450.10  2.88
 450.80  2.89
 451.50  2.89
 452.20  2.89
 452.90  2.89
 453.60  2.90
 454.30  2.90
 455.00  2.90
 455.70  2.91
 456.40  2.91
 457.10  2.91
 457.80  2.92
 458.50  2.92
 459.20  2.92
 459.90  2.92
 460.60  2.93
 461.30  2.93
 462.00  2.93
 462.70  2.94
 463.40  2.94
 464.10  2.94
 464.80  2.94
 465.50  2.95
 466.20  2.95
 466.90  2.95
 467.60  2.96
 468.30  2.96
 469.00  2.96
 469.70  2.97
 470.40  2.97
 471.10  2.97
 471.80  2.97
 472.50  2.98
 473.20  2.98
 473.90  2.98
 474.60  2.99
 475.30  2.99
 476.00  2.99
 476.70  2.99
 477.40  3.00
 478.10  3.00
 478.80  3.00
 479.50  3.01
 480.20  3.01
 480.90  3.01
 481.60  3.01
 482.30  3.02
 483.00  3.02
 483.70  3.02
 484.40  3.02
 485.10  3.03
 485.80  3.03
 486.50  3.03
 487.20  3.04
 487.90  3.04
 488.60  3.04
 489.30  3.04
 490.00  3.05
 490.70  3.05
 491.40  3.05
 492.10  3.05
 492.80  3.06
 493.50  3.06
 494.20  3.06
 494.90  3.07
 495.60  3.07
 496.30  3.07
 497.00  3.07
 497.70  3.08
 498.40  3.08
 499.10  3.08
 499.80  3.08
 500.50  3.09
 501.20  3.09
 501.90  3.09
 502.60  3.09
 503.30  3.10
 504.00  3.10
 504.70  3.10
 505.40  3.10
 506.10  3.11
 506.80  3.11
 507.50  3.11
 508.20  3.12
 508.90  3.12
 509.60  3.12
 510.30  3.12
 511.00  3.13
 511.70  3.13
 512.40  3.13
 513.10  3.13
 513.80  3.14
 514.50  3.14
 515.20  3.14
 515.90  3.14
 516.60  3.15
 517.30  3.15
 518.00  3.15
 518.70  3.15
 519.40  3.16
 520.10  3.16
 520.80  3.16
 521.50  3.16
 522.20  3.17
 522.90  3.17
 523.60  3.17
 524.30  3.17
 525.00  3.18
 525.70  3.18
 526.40  3.18
 527.10  3.18
 527.80  3.18
 528.50  3.19
 529.20  3.19
 529.90  3.19
 530.60  3.19
 531.30  3.20
 532.00  3.20
 532.70  3.20
 533.40  3.20
 534.10  3.21
 534.80  3.21
 535.50  3.21
 536.20  3.21
 536.90  3.22
 537.60  3.22
 538.30  3.22
 539.00  3.22
 539.70  3.23
 540.40  3.23
 541.10  3.23
 541.80  3.23
 542.50  3.23
 543.20  3.24
 543.90  3.24
 544.60  3.24
 545.30  3.24
 546.00  3.25
 546.70  3.25
 547.40  3.25
 548.10  3.25
 548.80  3.25
 549.50  3.26
 550.20  3.26
 550.90  3.26
 551.60  3.26
 552.30  3.27
 553.00  3.27
 553.70  3.27
 554.40  3.27
 555.10  3.27
 555.80  3.28
 556.50  3.28
 557.20  3.28
 557.90  3.28
 558.60  3.29
 559.30  3.29
 560.00  3.29
 560.70  3.29
 561.40  3.29
 562.10  3.30
 562.80  3.30
 563.50  3.30
 564.20  3.30
 564.90  3.31
 565.60  3.31
 566.30  3.31
 567.00  3.31
 567.70  3.31
 568.40  3.32
 569.10  3.32
 569.80  3.32
 570.50  3.32
 571.20  3.32
 571.90  3.33
 572.60  3.33
 573.30  3.33
 574.00  3.33
 574.70  3.33
 575.40  3.34
 576.10  3.34
 576.80  3.34
 577.50  3.34
 578.20  3.34
 578.90  3.35
 579.60  3.35
 580.30  3.35
 581.00  3.35
 581.70  3.35
 582.40  3.36
 583.10  3.36
 583.80  3.36
 584.50  3.36
 585.20  3.36
 585.90  3.37
 586.60  3.37
 587.30  3.37
 588.00  3.37
 588.70  3.37
 589.40  3.38
 590.10  3.38
 590.80  3.38
 591.50  3.38
 592.20  3.38
 592.90  3.39
 593.60  3.39
 594.30  3.39
 595.00  3.39
 595.70  3.39
 596.40  3.40
 597.10  3.40
 597.80  3.40
 598.50  3.40
 599.20  3.40
 599.90  3.41
 600.60  3.41
 601.30  3.41
 602.00  3.41
 602.70  3.41
 603.40  3.41
 604.10  3.42
 604.80  3.42
 605.50  3.42
 606.20  3.42
 606.90  3.42
 607.60  3.43
 608.30  3.43
 609.00  3.43
 609.70  3.43
 610.40  3.43
 611.10  3.43
 611.80  3.44
 612.50  3.44
 613.20  3.44
 613.90  3.44
 614.60  3.44
 615.30  3.45
 616.00  3.45
 616.70  3.45
 617.40  3.45
 618.10  3.45
 618.80  3.45
 619.50  3.46
 620.20  3.46
 620.90  3.46
 621.60  3.46
 622.30  3.46
 623.00  3.46
 623.70  3.47
 624.40  3.47
 625.10  3.47
 625.80  3.47
 626.50  3.47
 627.20  3.47
 627.90  3.48
 628.60  3.48
 629.30  3.48
 630.00  3.48
 630.70  3.48
 631.40  3.48
 632.10  3.49
 632.80  3.49
 633.50  3.49
 634.20  3.49
 634.90  3.49
 635.60  3.49
 636.30  3.50
 637.00  3.50
 637.70  3.50
 638.40  3.50
 639.10  3.50
 639.80  3.50
 640.50  3.51
 641.20  3.51
 641.90  3.51
 642.60  3.51
 643.30  3.51
 644.00  3.51
 644.70  3.52
 645.40  3.52
 646.10  3.52
 646.80  3.52
 647.50  3.52
 648.20  3.52
 648.90  3.53
 649.60  3.53
 650.30  3.53
 651.00  3.53
 651.70  3.53
 652.40  3.53
 653.10  3.53
 653.80  3.54
 654.50  3.54
 655.20  3.54
 655.90  3.54
 656.60  3.54
 657.30  3.54
 658.00  3.55
 658.70  3.55
 659.40  3.55
 660.10  3.55
 660.80  3.55
 661.50  3.55
 662.20  3.55
 662.90  3.56
 663.60  3.56
 664.30  3.56
 665.00  3.56
 665.70  3.56
 666.40  3.56
 667.10  3.56
 667.80  3.57
 668.50  3.57
 669.20  3.57
 669.90  3.57
 670.60  3.57
 671.30  3.57
 672.00  3.57
 672.70  3.58
 673.40  3.58
 674.10  3.58
 674.80  3.58
 675.50  3.58
 676.20  3.58
 676.90  3.58
 677.60  3.59
 678.30  3.59
 679.00  3.59
 679.70  3.59
 680.40  3.59
 681.10  3.59
 681.80  3.59
 682.50  3.60
 683.20  3.60
 683.90  3.60
 684.60  3.60
 685.30  3.60
 686.00  3.60
 686.70  3.60
 687.40  3.61
 688.10  3.61
 688.80  3.61
 689.50  3.61
 690.20  3.61
 690.90  3.61
 691.60  3.61
 692.30  3.61
 693.00  3.62
 693.70  3.62
 694.40  3.62
 695.10  3.62
 695.80  3.62
 696.50  3.62
 697.20  3.62
 697.90  3.63
 698.60  3.63
 699.30  3.63
 700.00  3.63
 700.70  3.63
 701.40  3.63
 702.10  3.63
 702.80  3.63
 703.50  3.64
 704.20  3.64
 704.90  3.64
 705.60  3.64
 706.30  3.64
 707.00  3.64
 707.70  3.64
 708.40  3.64
 709.10  3.65
 709.80  3.65
 710.50  3.65
 711.20  3.65
 711.90  3.65
 712.60  3.65
 713.30  3.65
 714.00  3.65
 714.70  3.65
 715.40  3.66
 716.10  3.66
 716.80  3.66
 717.50  3.66
 718.20  3.66
 718.90  3.66
 719.60  3.66
 720.30  3.66
 721.00  3.67
 721.70  3.67
 722.40  3.67
 723.10  3.67
 723.80  3.67
 724.50  3.67
 725.20  3.67
 725.90  3.67
 726.60  3.67
 727.30  3.68
 728.00  3.68
 728.70  3.68
 729.40  3.68
 730.10  3.68
 730.80  3.68
 731.50  3.68
 732.20  3.68
 732.90  3.69
 733.60  3.69
 734.30  3.69
 735.00  3.69
 735.70  3.69
 736.40  3.69
 737.10  3.69
 737.80  3.69
 738.50  3.69
 739.20  3.70
 739.90  3.70
 740.60  3.70
 741.30  3.70
 742.00  3.70
 742.70  3.70
 743.40  3.70
 744.10  3.70
 744.80  3.70
 745.50  3.70
 746.20  3.71
 746.90  3.71
 747.60  3.71
 748.30  3.71
 749.00  3.71
 749.70  3.71
 750.40  3.71
 751.10  3.71
 751.80  3.71
 752.50  3.72
 753.20  3.72
 753.90  3.72
 754.60  3.72
 755.30  3.72
 756.00  3.72
 756.70  3.72
 757.40  3.72
 758.10  3.72
 758.80  3.72
 759.50  3.73
 760.20  3.73
 760.90  3.73
 761.60  3.73
 762.30  3.73
 763.00  3.73
 763.70  3.73
 764.40  3.73
 765.10  3.73
 765.80  3.73
 766.50  3.74
 767.20  3.74
 767.90  3.74
 768.60  3.74
 769.30  3.74
 770.00  3.74
 770.70  3.74
 771.40  3.74
 772.10  3.74
 772.80  3.74
 773.50  3.74
 774.20  3.75
 774.90  3.75
 775.60  3.75
 776.30  3.75
 777.00  3.75
 777.70  3.75
 778.40  3.75
 779.10  3.75
 779.80  3.75
 780.50  3.75
 781.20  3.76
 781.90  3.76
 782.60  3.76
 783.30  3.76
 784.00  3.76
 784.70  3.76
 785.40  3.76
 786.10  3.76
 786.80  3.76
 787.50  3.76
 788.20  3.76
 788.90  3.76
 789.60  3.77
 790.30  3.77
 791.00  3.77
 791.70  3.77
 792.40  3.77
 793.10  3.77
 793.80  3.77
 794.50  3.77
 795.20  3.77
 795.90  3.77
 796.60  3.77
 797.30  3.78
 798.00  3.78
 798.70  3.78
 799.40  3.78
 800.10  3.78
 800.80  3.78
 801.50  3.78
 802.20  3.78
 802.90  3.78
 803.60  3.78
 804.30  3.78
 805.00  3.78
 805.70  3.79
 806.40  3.79
 807.10  3.79
 807.80  3.79
 808.50  3.79
 809.20  3.79
 809.90  3.79
 810.60  3.79
 811.30  3.79
 812.00  3.79
 812.70  3.79
 813.40  3.79
 814.10  3.80
 814.80  3.80
 815.50  3.80
 816.20  3.80
 816.90  3.80
 817.60  3.80
 818.30  3.80
 819.00  3.80
 819.70  3.80
 820.40  3.80
 821.10  3.80
 821.80  3.80
 822.50  3.80
 823.20  3.81
 823.90  3.81
 824.60  3.81
 825.30  3.81
 826.00  3.81
 826.70  3.81
 827.40  3.81
 828.10  3.81
 828.80  3.81
 829.50  3.81
 830.20  3.81
 830.90  3.81
 831.60  3.81
 832.30  3.82
 833.00  3.82
 833.70  3.82
 834.40  3.82
 835.10  3.82
 835.80  3.82
 836.50  3.82
 837.20  3.82
 837.90  3.82
 838.60  3.82
 839.30  3.82
 840.00  3.82
 840.70  3.82
 841.40  3.82
 842.10  3.83
 842.80  3.83
 843.50  3.83
 844.20  3.83
 844.90  3.83
 845.60  3.83
 846.30  3.83
 847.00  3.83
 847.70  3.83
 848.40  3.83
 849.10  3.83
 849.80  3.83
 850.50  3.83
 851.20  3.83
 851.90  3.83
 852.60  3.84
 853.30  3.84
 854.00  3.84
 854.70  3.84
 855.40  3.84
 856.10  3.84
 856.80  3.84
 857.50  3.84
 858.20  3.84
 858.90  3.84
 859.60  3.84
 860.30  3.84
 861.00  3.84
 861.70  3.84
 862.40  3.84
 863.10  3.85
 863.80  3.85
 864.50  3.85
 865.20  3.85
 865.90  3.85
 866.60  3.85
 867.30  3.85
 868.00  3.85
 868.70  3.85
 869.40  3.85
 870.10  3.85
 870.80  3.85
 871.50  3.85
 872.20  3.85
 872.90  3.85
 873.60  3.85
 874.30  3.86
 875.00  3.86
 875.70  3.86
 876.40  3.86
 877.10  3.86
 877.80  3.86
 878.50  3.86
 879.20  3.86
 879.90  3.86
 880.60  3.86
 881.30  3.86
 882.00  3.86
 882.70  3.86
 883.40  3.86
 884.10  3.86
 884.80  3.86
 885.50  3.86
 886.20  3.87
 886.90  3.87
 887.60  3.87
 888.30  3.87
 889.00  3.87
 889.70  3.87
 890.40  3.87
 891.10  3.87
 891.80  3.87
 892.50  3.87
 893.20  3.87
 893.90  3.87
 894.60  3.87
 895.30  3.87
 896.00  3.87
 896.70  3.87
 897.40  3.87
 898.10  3.88
 898.80  3.88
 899.50  3.88
 900.20  3.88
 900.90  3.88
 901.60  3.88
 902.30  3.88
 903.00  3.88
 903.70  3.88
 904.40  3.88
 905.10  3.88
 905.80  3.88
 906.50  3.88
 907.20  3.88
 907.90  3.88
 908.60  3.88
 909.30  3.88
 910.00  3.88
 910.70  3.88
 911.40  3.89
 912.10  3.89
 912.80  3.89
 913.50  3.89
 914.20  3.89
 914.90  3.89
 915.60  3.89
 916.30  3.89
 917.00  3.89
 917.70  3.89
 918.40  3.89
 919.10  3.89
 919.80  3.89
 920.50  3.89
 921.20  3.89
 921.90  3.89
 922.60  3.89
 923.30  3.89
 924.00  3.89
 924.70  3.89
 925.40  3.90
 926.10  3.90
 926.80  3.90
 927.50  3.90
 928.20  3.90
 928.90  3.90
 929.60  3.90
 930.30  3.90
 931.00  3.90
 931.70  3.90
 932.40  3.90
 933.10  3.90
 933.80  3.90
 934.50  3.90
 935.20  3.90
 935.90  3.90
 936.60  3.90
 937.30  3.90
 938.00  3.90
 938.70  3.90
 939.40  3.90
 940.10  3.91
 940.80  3.91
 941.50  3.91
 942.20  3.91
 942.90  3.91
 943.60  3.91
 944.30  3.91
 945.00  3.91
 945.70  3.91
 946.40  3.91
 947.10  3.91
 947.80  3.91
 948.50  3.91
 949.20  3.91
 949.90  3.91
 950.60  3.91
 951.30  3.91
 952.00  3.91
 952.70  3.91
 953.40  3.91
 954.10  3.91
 954.80  3.91
 955.50  3.91
 956.20  3.92
 956.90  3.92
 957.60  3.92
 958.30  3.92
 959.00  3.92
 959.70  3.92
 960.40  3.92
 961.10  3.92
 961.80  3.92
 962.50  3.92
 963.20  3.92
 963.90  3.92
 964.60  3.92
 965.30  3.92
 966.00  3.92
 966.70  3.92
 967.40  3.92
 968.10  3.92
 968.80  3.92
 969.50  3.92
 970.20  3.92
 970.90  3.92
 971.60  3.92
 972.30  3.92
 973.00  3.92
 973.70  3.93
 974.40  3.93
 975.10  3.93
 975.80  3.93
 976.50  3.93
 977.20  3.93
 977.90  3.93
 978.60  3.93
 979.30  3.93
 980.00  3.93
 980.70  3.93
 981.40  3.93
 982.10  3.93
 982.80  3.93
 983.50  3.93
 984.20  3.93
 984.90  3.93
 985.60  3.93
 986.30  3.93
 987.00  3.93
 987.70  3.93
 988.40  3.93
 989.10  3.93
 989.80  3.93
 990.50  3.93
 991.20  3.93
 991.90  3.94
 992.60  3.94
 993.30  3.94
 994.00  3.94
 994.70  3.94
 995.40  3.94
 996.10  3.94
 996.80  3.94
 997.50  3.94
 998.20  3.94
 998.90  3.94
 999.60  3.94
 1000.30  3.94
 1001.00  3.94
 1001.70  3.94
 1002.40  3.94
 1003.10  3.94
 1003.80  3.94
 1004.50  3.94
 1005.20  3.94
 1005.90  3.94
 1006.60  3.94
 1007.30  3.94
 1008.00  3.94
 1008.70  3.94
 1009.40  3.94
 1010.10  3.94
 1010.80  3.94
 1011.50  3.94
 1012.20  3.95
 1012.90  3.95
 1013.60  3.95
 1014.30  3.95
 1015.00  3.95
 1015.70  3.95
 1016.40  3.95
 1017.10  3.95
 1017.80  3.95
 1018.50  3.95
 1019.20  3.95
 1019.90  3.95
 1020.60  3.95
 1021.30  3.95
 1022.00  3.95
 1022.70  3.95
 1023.40  3.95
 1024.10  3.95
 1024.80  3.95
 1025.50  3.95
 1026.20  3.95
 1026.90  3.95
 1027.60  3.95
 1028.30  3.95
 1029.00  3.95
 1029.70  3.95
 1030.40  3.95
 1031.10  3.95
 1031.80  3.95
 1032.50  3.95
 1033.20  3.95
 1033.90  3.95
 1034.60  3.96
 1035.30  3.96
 1036.00  3.96
 1036.70  3.96
 1037.40  3.96
 1038.10  3.96
 1038.80  3.96
 1039.50  3.96
 1040.20  3.96
 1040.90  3.96
 1041.60  3.96
 1042.30  3.96
 1043.00  3.96
 1043.70  3.96
 1044.40  3.96
 1045.10  3.96
 1045.80  3.96
 1046.50  3.96
 1047.20  3.96
 1047.90  3.96
 1048.60  3.96
 1049.30  3.96
 1050.00  3.96
 1050.70  3.96
 1051.40  3.96
 1052.10  3.96
 1052.80  3.96
 1053.50  3.96
 1054.20  3.96
 1054.90  3.96
 1055.60  3.96
 1056.30  3.96
 1057.00  3.96
 1057.70  3.96
 1058.40  3.96
 1059.10  3.96
 1059.80  3.97
 1060.50  3.97
 1061.20  3.97
 1061.90  3.97
 1062.60  3.97
 1063.30  3.97
 1064.00  3.97
 1064.70  3.97
 1065.40  3.97
 1066.10  3.97
 1066.80  3.97
 1067.50  3.97
 1068.20  3.97
 1068.90  3.97
 1069.60  3.97
 1070.30  3.97
 1071.00  3.97
 1071.70  3.97
 1072.40  3.97
 1073.10  3.97
 1073.80  3.97
 1074.50  3.97
 1075.20  3.97
 1075.90  3.97
 1076.60  3.97
 1077.30  3.97
 1078.00  3.97
 1078.70  3.97
 1079.40  3.97
 1080.10  3.97
 1080.80  3.97
 1081.50  3.97
 1082.20  3.97
 1082.90  3.97
 1083.60  3.97
 1084.30  3.97
 1085.00  3.97
 1085.70  3.97
 1086.40  3.97
 1087.10  3.97
 1087.80  3.97
 1088.50  3.98
 1089.20  3.98
 1089.90  3.98
 1090.60  3.98
 1091.30  3.98
 1092.00  3.98
 1092.70  3.98
 1093.40  3.98
 1094.10  3.98
 1094.80  3.98
 1095.50  3.98
 1096.20  3.98
 1096.90  3.98
 1097.60  3.98
 1098.30  3.98
 1099.00  3.98
 1099.70  3.98
 1100.40  3.98
 1101.10  3.98
 1101.80  3.98
 1102.50  3.98
 1103.20  3.98
 1103.90  3.98
 1104.60  3.98
 1105.30  3.98
 1106.00  3.98
 1106.70  3.98
 1107.40  3.98
 1108.10  3.98
 1108.80  3.98
 1109.50  3.98
 1110.20  3.98
 1110.90  3.98
 1111.60  3.98
 1112.30  3.98
 1113.00  3.98
 1113.70  3.98
 1114.40  3.98
 1115.10  3.98
 1115.80  3.98
 1116.50  3.98
 1117.20  3.98
 1117.90  3.98
 1118.60  3.98
 1119.30  3.98
 1120.00  3.98
 1120.70  3.98
 1121.40  3.99
 1122.10  3.99
 1122.80  3.99
 1123.50  3.99
 1124.20  3.99
 1124.90  3.99
 1125.60  3.99
 1126.30  3.99
 1127.00  3.99
 1127.70  3.99
 1128.40  3.99
 1129.10  3.99
 1129.80  3.99
 1130.50  3.99
 1131.20  3.99
 1131.90  3.99
 1132.60  3.99
 1133.30  3.99
 1134.00  3.99
 1134.70  3.99
 1135.40  3.99
 1136.10  3.99
 1136.80  3.99
 1137.50  3.99
 1138.20  3.99
 1138.90  3.99
 1139.60  3.99
 1140.30  3.99
 1141.00  3.99
 1141.70  3.99
 1142.40  3.99
 1143.10  3.99
 1143.80  3.99
 1144.50  3.99
 1145.20  3.99
 1145.90  3.99
 1146.60  3.99
 1147.30  3.99
 1148.00  3.99
 1148.70  3.99
 1149.40  3.99
 1150.10  3.99
 1150.80  3.99
 1151.50  3.99
 1152.20  3.99
 1152.90  3.99
 1153.60  3.99
 1154.30  3.99
 1155.00  3.99
 1155.70  3.99
 1156.40  3.99
 1157.10  3.99
 1157.80  3.99
 1158.50  3.99
 1159.20  3.99
 1159.90  4.00
 1160.60  4.00
 1161.30  4.00
 1162.00  4.00
 1162.70  4.00
 1163.40  4.00
 1164.10  4.00
 1164.80  4.00
 1165.50  4.00
 1166.20  4.00
 1166.90  4.00
 1167.60  4.00
 1168.30  4.00
 1169.00  4.00
 1169.70  4.00
 1170.40  4.00
 1171.10  4.00
 1171.80  4.00
 1172.50  4.00
 1173.20  4.00
 1173.90  4.00
 1174.60  4.00
 1175.30  4.00
 1176.00  4.00
 1176.70  4.00
 1177.40  4.00
 1178.10  4.00
 1178.80  4.00
 1179.50  4.00
 1180.20  4.00
 1180.90  4.00
 1181.60  4.00
 1182.30  4.00
 1183.00  4.00
 1183.70  4.00
 1184.40  4.00
 1185.10  4.00
 1185.80  4.00
 1186.50  4.00
 1187.20  4.00
 1187.90  4.00
 1188.60  4.00
 1189.30  4.00
 1190.00  4.00
 1190.70  4.00
 1191.40  4.00
 1192.10  4.00
 1192.80  4.00
 1193.50  4.00
 1194.20  4.00
 1194.90  4.00
 1195.60  4.00
 1196.30  4.00
 1197.00  4.00
 1197.70  4.00
 1198.40  4.00
 1199.10  4.00
 1199.80  4.00
 1200.50  4.00
 1201.20  4.00
 1201.90  4.00
 1202.60  4.00
 1203.30  4.00
 1204.00  4.00
 1204.70  4.00
 1205.40  4.00
 1206.10  4.00
 1206.80  4.00
 1207.50  4.00
 1208.20  4.01
 1208.90  4.01
 1209.60  4.01
 1210.30  4.01
 1211.00  4.01
 1211.70  4.01
 1212.40  4.01
 1213.10  4.01
 1213.80  4.01
 1214.50  4.01
 1215.20  4.01
 1215.90  4.01
 1216.60  4.01
 1217.30  4.01
 1218.00  4.01
 1218.70  4.01
 1219.40  4.01
 1220.10  4.01
 1220.80  4.01
 1221.50  4.01
 1222.20  4.01
 1222.90  4.01
 1223.60  4.01
 1224.30  4.01
 1225.00  4.01
 1225.70  4.01
 1226.40  4.01
 1227.10  4.01
 1227.80  4.01
 1228.50  4.01
 1229.20  4.01
 1229.90  4.01
 1230.60  4.01
 1231.30  4.01
 1232.00  4.01
 1232.70  4.01
 1233.40  4.01
 1234.10  4.01
 1234.80  4.01
 1235.50  4.01
 1236.20  4.01
 1236.90  4.01
 1237.60  4.01
 1238.30  4.01
 1239.00  4.01
 1239.70  4.01
 1240.40  4.01
 1241.10  4.01
 1241.80  4.01
 1242.50  4.01
 1243.20  4.01
 1243.90  4.01
 1244.60  4.01
 1245.30  4.01
 1246.00  4.01
 1246.70  4.01
 1247.40  4.01
 1248.10  4.01
 1248.80  4.01
 1249.50  4.01
 1250.20  4.01
 1250.90  4.01
 1251.60  4.01
 1252.30  4.01
 1253.00  4.01
 1253.70  4.01
 1254.40  4.01
 1255.10  4.01
 1255.80  4.01
 1256.50  4.01
 1257.20  4.01
 1257.90  4.01
 1258.60  4.01
 1259.30  4.01
 1260.00  4.01
 1260.70  4.01
 1261.40  4.01
 1262.10  4.01
 1262.80  4.01
 1263.50  4.01
 1264.20  4.01
 1264.90  4.01
 1265.60  4.01
 1266.30  4.01
 1267.00  4.01
 1267.70  4.01
 1268.40  4.01
 1269.10  4.01
 1269.80  4.01
 1270.50  4.02
 1271.20  4.02
 1271.90  4.02
 1272.60  4.02
 1273.30  4.02
 1274.00  4.02
 1274.70  4.02
 1275.40  4.02
 1276.10  4.02
 1276.80  4.02
 1277.50  4.02
 1278.20  4.02
 1278.90  4.02
 1279.60  4.02
 1280.30  4.02
 1281.00  4.02
 1281.70  4.02
 1282.40  4.02
 1283.10  4.02
 1283.80  4.02
 1284.50  4.02
 1285.20  4.02
 1285.90  4.02
 1286.60  4.02
 1287.30  4.02
 1288.00  4.02
 1288.70  4.02
 1289.40  4.02
 1290.10  4.02
 1290.80  4.02
 1291.50  4.02
 1292.20  4.02
 1292.90  4.02
 1293.60  4.02
 1294.30  4.02
 1295.00  4.02
 1295.70  4.02
 1296.40  4.02
 1297.10  4.02
 1297.80  4.02
 1298.50  4.02
 1299.20  4.02
 1299.90  4.02
 1300.60  4.02
 1301.30  4.02
 1302.00  4.02
 1302.70  4.02
 1303.40  4.02
 1304.10  4.02
 1304.80  4.02
 1305.50  4.02
 1306.20  4.02
 1306.90  4.02
 1307.60  4.02
 1308.30  4.02
 1309.00  4.02
 1309.70  4.02
 1310.40  4.02
 1311.10  4.02
 1311.80  4.02
 1312.50  4.02
 1313.20  4.02
 1313.90  4.02
 1314.60  4.02
 1315.30  4.02
 1316.00  4.02
 1316.70  4.02
 1317.40  4.02
 1318.10  4.02
 1318.80  4.02
 1319.50  4.02
 1320.20  4.02
 1320.90  4.02
 1321.60  4.02
 1322.30  4.02
 1323.00  4.02
 1323.70  4.02
 1324.40  4.02
 1325.10  4.02
 1325.80  4.02
 1326.50  4.02
 1327.20  4.02
 1327.90  4.02
 1328.60  4.02
 1329.30  4.02
 1330.00  4.02
 1330.70  4.02
 1331.40  4.02
 1332.10  4.02
 1332.80  4.02
 1333.50  4.02
 1334.20  4.02
 1334.90  4.02
 1335.60  4.02
 1336.30  4.02
 1337.00  4.02
 1337.70  4.02
 1338.40  4.02
 1339.10  4.02
 1339.80  4.02
 1340.50  4.02
 1341.20  4.02
 1341.90  4.02
 1342.60  4.02
 1343.30  4.02
 1344.00  4.02
 1344.70  4.02
 1345.40  4.02
 1346.10  4.02
 1346.80  4.02
 1347.50  4.02
 1348.20  4.02
 1348.90  4.02
 1349.60  4.02
 1350.30  4.02
 1351.00  4.02
 1351.70  4.02
 1352.40  4.02
 1353.10  4.02
 1353.80  4.02
 1354.50  4.02
 1355.20  4.02
 1355.90  4.02
 1356.60  4.02
 1357.30  4.02
 1358.00  4.02
 1358.70  4.02
 1359.40  4.02
 1360.10  4.03
 1360.80  4.03
 1361.50  4.03
 1362.20  4.03
 1362.90  4.03
 1363.60  4.03
 1364.30  4.03
 1365.00  4.03
 1365.70  4.03
 1366.40  4.03
 1367.10  4.03
 1367.80  4.03
 1368.50  4.03
 1369.20  4.03
 1369.90  4.03
 1370.60  4.03
 1371.30  4.03
 1372.00  4.03
 1372.70  4.03
 1373.40  4.03
 1374.10  4.03
 1374.80  4.03
 1375.50  4.03
 1376.20  4.03
 1376.90  4.03
 1377.60  4.03
 1378.30  4.03
 1379.00  4.03
 1379.70  4.03
 1380.40  4.03
 1381.10  4.03
 1381.80  4.03
 1382.50  4.03
 1383.20  4.03
 1383.90  4.03
 1384.60  4.03
 1385.30  4.03
 1386.00  4.03
 1386.70  4.03
 1387.40  4.03
 1388.10  4.03
 1388.80  4.03
 1389.50  4.03
 1390.20  4.03
 1390.90  4.03
 1391.60  4.03
 1392.30  4.03
 1393.00  4.03
 1393.70  4.03
 1394.40  4.03
 1395.10  4.03
 1395.80  4.03
 1396.50  4.03
 1397.20  4.03
 1397.90  4.03
 1398.60  4.03
 1399.30  4.03
 1400.00  4.03
 1400.70  4.03
 1401.40  4.03
 1402.10  4.03
 1402.80  4.03
 1403.50  4.03
 1404.20  4.03
 1404.90  4.03
 1405.60  4.03
 1406.30  4.03
 1407.00  4.03
 1407.70  4.03
 1408.40  4.03
 1409.10  4.03
 1409.80  4.03
 1410.50  4.03
 1411.20  4.03
 1411.90  4.03
 1412.60  4.03
 1413.30  4.03
 1414.00  4.03
 1414.70  4.03
 1415.40  4.03
 1416.10  4.03
 1416.80  4.03
 1417.50  4.03
 1418.20  4.03
 1418.90  4.03
 1419.60  4.03
 1420.30  4.03
 1421.00  4.03
 1421.70  4.03
 1422.40  4.03
 1423.10  4.03
 1423.80  4.03
 1424.50  4.03
 1425.20  4.03
 1425.90  4.03
 1426.60  4.03
 1427.30  4.03
 1428.00  4.03
 1428.70  4.03
 1429.40  4.03
 1430.10  4.03
 1430.80  4.03
 1431.50  4.03
 1432.20  4.03
 1432.90  4.03
 1433.60  4.03
 1434.30  4.03
 1435.00  4.03
 1435.70  4.03
 1436.40  4.03
 1437.10  4.03
 1437.80  4.03
 1438.50  4.03
 1439.20  4.03
 1439.90  4.03
 1440.60  4.03
 1441.30  4.03
 1442.00  4.03
 1442.70  4.03
 1443.40  4.03
 1444.10  4.03
 1444.80  4.03
 1445.50  4.03
 1446.20  4.03
 1446.90  4.03
 1447.60  4.03
 1448.30  4.03
 1449.00  4.03
 1449.70  4.03
 1450.40  4.03
 1451.10  4.03
 1451.80  4.03
 1452.50  4.03
 1453.20  4.03
 1453.90  4.03
 1454.60  4.03
 1455.30  4.03
 1456.00  4.03
 1456.70  4.03
 1457.40  4.03
 1458.10  4.03
 1458.80  4.03
 1459.50  4.03
 1460.20  4.03
 1460.90  4.03
 1461.60  4.03
 1462.30  4.03
 1463.00  4.03
 1463.70  4.03
 1464.40  4.03
 1465.10  4.03
 1465.80  4.03
 1466.50  4.03
 1467.20  4.03
 1467.90  4.03
 1468.60  4.03
 1469.30  4.03
 1470.00  4.03
 1470.70  4.03
 1471.40  4.03
 1472.10  4.03
 1472.80  4.03
 1473.50  4.03
 1474.20  4.03
 1474.90  4.03
 1475.60  4.03
 1476.30  4.03
 1477.00  4.03
 1477.70  4.03
 1478.40  4.03
 1479.10  4.03
 1479.80  4.03
 1480.50  4.03
 1481.20  4.03
 1481.90  4.03
 1482.60  4.03
 1483.30  4.03
 1484.00  4.03
 1484.70  4.03
 1485.40  4.03
 1486.10  4.03
 1486.80  4.03
 1487.50  4.03
 1488.20  4.03
 1488.90  4.03
 1489.60  4.03
 1490.30  4.03
 1491.00  4.03
 1491.70  4.03
 1492.40  4.03
 1493.10  4.03
 1493.80  4.03
 1494.50  4.03
 1495.20  4.03
 1495.90  4.03
 1496.60  4.03
 1497.30  4.03
 1498.00  4.03
 1498.70  4.03
 1499.40  4.03
 1500.10  4.03
 1500.80  4.03
 1501.50  4.03
 1502.20  4.03
 1502.90  4.03
 1503.60  4.03
 1504.30  4.03
 1505.00  4.03
 1505.70  4.03
 1506.40  4.03
 1507.10  4.03
 1507.80  4.03
 1508.50  4.03
 1509.20  4.03
 1509.90  4.03
 1510.60  4.03
 1511.30  4.03
 1512.00  4.03
 1512.70  4.03
 1513.40  4.03
 1514.10  4.03
 1514.80  4.03
 1515.50  4.03
 1516.20  4.03
 1516.90  4.03
 1517.60  4.03
 1518.30  4.03
 1519.00  4.03
 1519.70  4.03
 1520.40  4.03
 1521.10  4.03
 1521.80  4.03
 1522.50  4.03
 1523.20  4.03
 1523.90  4.04
 1524.60  4.04
 1525.30  4.04
 1526.00  4.04
 1526.70  4.04
 1527.40  4.04
 1528.10  4.04
 1528.80  4.04
 1529.50  4.04
 1530.20  4.04
 1530.90  4.04
 1531.60  4.04
 1532.30  4.04
 1533.00  4.04
 1533.70  4.04
 1534.40  4.04
 1535.10  4.04
 1535.80  4.04
 1536.50  4.04
 1537.20  4.04
 1537.90  4.04
 1538.60  4.04
 1539.30  4.04
 1540.00  4.04
 1540.70  4.04
 1541.40  4.04
 1542.10  4.04
 1542.80  4.04
 1543.50  4.04
 1544.20  4.04
 1544.90  4.04
 1545.60  4.04
 1546.30  4.04
 1547.00  4.04
 1547.70  4.04
 1548.40  4.04
 1549.10  4.04
 1549.80  4.04
 1550.50  4.04
 1551.20  4.04
 1551.90  4.04
 1552.60  4.04
 1553.30  4.04
 1554.00  4.04
 1554.70  4.04
 1555.40  4.04
 1556.10  4.04
 1556.80  4.04
 1557.50  4.04
 1558.20  4.04
 1558.90  4.04
 1559.60  4.04
 1560.30  4.04
 1561.00  4.04
 1561.70  4.04
 1562.40  4.04
 1563.10  4.04
 1563.80  4.04
 1564.50  4.04
 1565.20  4.04
 1565.90  4.04
 1566.60  4.04
 1567.30  4.04
 1568.00  4.04
 1568.70  4.04
 1569.40  4.04
 1570.10  4.04
 1570.80  4.04
 1571.50  4.04
 1572.20  4.04
 1572.90  4.04
 1573.60  4.04
 1574.30  4.04
 1575.00  4.04
 1575.70  4.04
 1576.40  4.04
 1577.10  4.04
 1577.80  4.04
 1578.50  4.04
 1579.20  4.04
 1579.90  4.04
 1580.60  4.04
 1581.30  4.04
 1582.00  4.04
 1582.70  4.04
 1583.40  4.04
 1584.10  4.04
 1584.80  4.04
 1585.50  4.04
 1586.20  4.04
 1586.90  4.04
 1587.60  4.04
 1588.30  4.04
 1589.00  4.04
 1589.70  4.04
 1590.40  4.04
 1591.10  4.04
 1591.80  4.04
 1592.50  4.04
 1593.20  4.04
 1593.90  4.04
 1594.60  4.04
 1595.30  4.04
 1596.00  4.04
 1596.70  4.04
 1597.40  4.04
 1598.10  4.04
 1598.80  4.04
 1599.50  4.04
 1600.20  4.04
 1600.90  4.04
 1601.60  4.04
 1602.30  4.04
 1603.00  4.04
 1603.70  4.04
 1604.40  4.04
 1605.10  4.04
 1605.80  4.04
 1606.50  4.04
 1607.20  4.04
 1607.90  4.04
 1608.60  4.04
 1609.30  4.04
 1610.00  4.04
 1610.70  4.04
 1611.40  4.04
 1612.10  4.04
 1612.80  4.04
 1613.50  4.04
 1614.20  4.04
 1614.90  4.04
 1615.60  4.04
 1616.30  4.04
 1617.00  4.04
 1617.70  4.04
 1618.40  4.04
 1619.10  4.04
 1619.80  4.04
 1620.50  4.04
 1621.20  4.04
 1621.90  4.04
 1622.60  4.04
 1623.30  4.04
 1624.00  4.04
 1624.70  4.04
 1625.40  4.04
 1626.10  4.04
 1626.80  4.04
 1627.50  4.04
 1628.20  4.04
 1628.90  4.04
 1629.60  4.04
 1630.30  4.04
 1631.00  4.04
 1631.70  4.04
 1632.40  4.04
 1633.10  4.04
 1633.80  4.04
 1634.50  4.04
 1635.20  4.04
 1635.90  4.04
 1636.60  4.04
 1637.30  4.04
 1638.00  4.04
 1638.70  4.04
 1639.40  4.04
 1640.10  4.04
 1640.80  4.04
 1641.50  4.04
 1642.20  4.04
 1642.90  4.04
 1643.60  4.04
 1644.30  4.04
 1645.00  4.04
 1645.70  4.04
 1646.40  4.04
 1647.10  4.04
 1647.80  4.04
 1648.50  4.04
 1649.20  4.04
 1649.90  4.04
 1650.60  4.04
 1651.30  4.04
 1652.00  4.04
 1652.70  4.04
 1653.40  4.04
 1654.10  4.04
 1654.80  4.04
 1655.50  4.04
 1656.20  4.04
 1656.90  4.04
 1657.60  4.04
 1658.30  4.04
 1659.00  4.04
 1659.70  4.04
 1660.40  4.04
 1661.10  4.04
 1661.80  4.04
 1662.50  4.04
 1663.20  4.04
 1663.90  4.04
 1664.60  4.04
 1665.30  4.04
 1666.00  4.04
 1666.70  4.04
 1667.40  4.04
 1668.10  4.04
 1668.80  4.04
 1669.50  4.04
 1670.20  4.04
 1670.90  4.04
 1671.60  4.04
 1672.30  4.04
 1673.00  4.04
 1673.70  4.04
 1674.40  4.04
 1675.10  4.04
 1675.80  4.04
 1676.50  4.04
 1677.20  4.04
 1677.90  4.04
 1678.60  4.04
 1679.30  4.04
 1680.00  4.04
 1680.70  4.04
 1681.40  4.04
 1682.10  4.04
 1682.80  4.04
 1683.50  4.04
 1684.20  4.04
 1684.90  4.04
 1685.60  4.04
 1686.30  4.04
 1687.00  4.04
 1687.70  4.04
 1688.40  4.04
 1689.10  4.04
 1689.80  4.04
 1690.50  4.04
 1691.20  4.04
 1691.90  4.04
 1692.60  4.04
 1693.30  4.04
 1694.00  4.04
 1694.70  4.04
 1695.40  4.04
 1696.10  4.04
 1696.80  4.04
 1697.50  4.04
 1698.20  4.04
 1698.90  4.04
 1699.60  4.04
 1700.30  4.04
 1701.00  4.04
 1701.70  4.04
 1702.40  4.04
 1703.10  4.04
 1703.80  4.04
 1704.50  4.04
 1705.20  4.04
 1705.90  4.04
 1706.60  4.04
 1707.30  4.04
 1708.00  4.04
 1708.70  4.04
 1709.40  4.04
 1710.10  4.04
 1710.80  4.04
 1711.50  4.04
 1712.20  4.04
 1712.90  4.04
 1713.60  4.04
 1714.30  4.04
 1715.00  4.04
 1715.70  4.04
 1716.40  4.04
 1717.10  4.04
 1717.80  4.04
 1718.50  4.04
 1719.20  4.04
 1719.90  4.04
 1720.60  4.04
 1721.30  4.04
 1722.00  4.04
 1722.70  4.04
 1723.40  4.04
 1724.10  4.04
 1724.80  4.04
 1725.50  4.04
 1726.20  4.04
 1726.90  4.04
 1727.60  4.04
 1728.30  4.04
 1729.00  4.04
 1729.70  4.04
 1730.40  4.04
 1731.10  4.04
 1731.80  4.04
 1732.50  4.04
 1733.20  4.04
 1733.90  4.04
 1734.60  4.04
 1735.30  4.04
 1736.00  4.04
 1736.70  4.04
 1737.40  4.04
 1738.10  4.04
 1738.80  4.04
 1739.50  4.04
 1740.20  4.04
 1740.90  4.04
 1741.60  4.04
 1742.30  4.04
 1743.00  4.04
 1743.70  4.04
 1744.40  4.04
 1745.10  4.04
 1745.80  4.04
 1746.50  4.04
 1747.20  4.04
 1747.90  4.04
 1748.60  4.04
 1749.30  4.04
 1750.00  4.04
 1750.70  4.04
 1751.40  4.04
 1752.10  4.04
 1752.80  4.04
 1753.50  4.04
 1754.20  4.04
 1754.90  4.04
 1755.60  4.04
 1756.30  4.04
 1757.00  4.04
 1757.70  4.04
 1758.40  4.04
 1759.10  4.04
 1759.80  4.04
 1760.50  4.04
 1761.20  4.04
 1761.90  4.04
 1762.60  4.04
 1763.30  4.04
 1764.00  4.04
 1764.70  4.04
 1765.40  4.04
 1766.10  4.04
 1766.80  4.04
 1767.50  4.04
 1768.20  4.04
 1768.90  4.04
 1769.60  4.04
 1770.30  4.04
 1771.00  4.04
 1771.70  4.04
 1772.40  4.04
 1773.10  4.04
 1773.80  4.04
 1774.50  4.04
 1775.20  4.04
 1775.90  4.04
 1776.60  4.04
 1777.30  4.04
 1778.00  4.04
 1778.70  4.04
 1779.40  4.04
 1780.10  4.04
 1780.80  4.04
 1781.50  4.04
 1782.20  4.04
 1782.90  4.04
 1783.60  4.04
 1784.30  4.04
 1785.00  4.04
 1785.70  4.04
 1786.40  4.04
 1787.10  4.04
 1787.80  4.04
 1788.50  4.04
 1789.20  4.04
 1789.90  4.04
 1790.60  4.04
 1791.30  4.04
 1792.00  4.04
 1792.70  4.04
 1793.40  4.04
 1794.10  4.04
 1794.80  4.04
 1795.50  4.04
 1796.20  4.04
 1796.90  4.04
 1797.60  4.04
 1798.30  4.04
 1799.00  4.04
 1799.70  4.04
 1800.40  4.04
 1801.10  4.04
 1801.80  4.04
 1802.50  4.04
 1803.20  4.04
 1803.90  4.04
 1804.60  4.04
 1805.30  4.04
 1806.00  4.04
 1806.70  4.04
 1807.40  4.04
 1808.10  4.04
 1808.80  4.04
 1809.50  4.04
 1810.20  4.04
 1810.90  4.04
 1811.60  4.04
 1812.30  4.04
 1813.00  4.04
 1813.70  4.04
 1814.40  4.04
 1815.10  4.04
 1815.80  4.04
 1816.50  4.04
 1817.20  4.04
 1817.90  4.04
 1818.60  4.04
 1819.30  4.04
 1820.00  4.04
 1820.70  4.04
 1821.40  4.04
 1822.10  4.04
 1822.80  4.04
 1823.50  4.04
 1824.20  4.04
 1824.90  4.04
 1825.60  4.04
 1826.30  4.04
 1827.00  4.04
 1827.70  4.04
 1828.40  4.04
 1829.10  4.04
 1829.80  4.04
 1830.50  4.04
 1831.20  4.04
 1831.90  4.04
 1832.60  4.04
 1833.30  4.04
 1834.00  4.04
 1834.70  4.04
 1835.40  4.04
 1836.10  4.04
 1836.80  4.04
 1837.50  4.04
 1838.20  4.04
 1838.90  4.04
 1839.60  4.04
 1840.30  4.04
 1841.00  4.04
 1841.70  4.04
 1842.40  4.04
 1843.10  4.04
 1843.80  4.04
 1844.50  4.04
 1845.20  4.04
 1845.90  4.04
 1846.60  4.04
 1847.30  4.04
 1848.00  4.04
 1848.70  4.04
 1849.40  4.04
 1850.10  4.04
 1850.80  4.04
 1851.50  4.04
 1852.20  4.04
 1852.90  4.04
 1853.60  4.04
 1854.30  4.04
 1855.00  4.04
 1855.70  4.04
 1856.40  4.04
 1857.10  4.04
 1857.80  4.04
 1858.50  4.04
 1859.20  4.04
 1859.90  4.04
 1860.60  4.04
 1861.30  4.04
 1862.00  4.04
 1862.70  4.04
 1863.40  4.04
 1864.10  4.04
 1864.80  4.04
 1865.50  4.04
 1866.20  4.04
 1866.90  4.04
 1867.60  4.04
 1868.30  4.04
 1869.00  4.04
 1869.70  4.04
 1870.40  4.04
 1871.10  4.04
 1871.80  4.04
 1872.50  4.04
 1873.20  4.04
 1873.90  4.04
 1874.60  4.04
 1875.30  4.04
 1876.00  4.04
 1876.70  4.04
 1877.40  4.04
 1878.10  4.04
 1878.80  4.04
 1879.50  4.04
 1880.20  4.04
 1880.90  4.04
 1881.60  4.04
 1882.30  4.04
 1883.00  4.04
 1883.70  4.04
 1884.40  4.04
 1885.10  4.04
 1885.80  4.04
 1886.50  4.04
 1887.20  4.04
 1887.90  4.04
 1888.60  4.04
 1889.30  4.04
 1890.00  4.04
 1890.70  4.04
 1891.40  4.04
 1892.10  4.04
 1892.80  4.04
 1893.50  4.04
 1894.20  4.04
 1894.90  4.04
 1895.60  4.04
 1896.30  4.04
 1897.00  4.04
 1897.70  4.04
 1898.40  4.04
 1899.10  4.04
 1899.80  4.04
 1900.50  4.04
 1901.20  4.04
 1901.90  4.04
 1902.60  4.04
 1903.30  4.04
 1904.00  4.04
 1904.70  4.04
 1905.40  4.04
 1906.10  4.04
 1906.80  4.04
 1907.50  4.04
 1908.20  4.04
 1908.90  4.04
 1909.60  4.04
 1910.30  4.04
 1911.00  4.04
 1911.70  4.04
 1912.40  4.04
 1913.10  4.04
 1913.80  4.04
 1914.50  4.04
 1915.20  4.04
 1915.90  4.04
 1916.60  4.04
 1917.30  4.04
 1918.00  4.04
 1918.70  4.04
 1919.40  4.04
 1920.10  4.04
 1920.80  4.04
 1921.50  4.04
 1922.20  4.04
 1922.90  4.04
 1923.60  4.04
 1924.30  4.04
 1925.00  4.04
 1925.70  4.04
 1926.40  4.04
 1927.10  4.04
 1927.80  4.04
 1928.50  4.04
 1929.20  4.04
 1929.90  4.04
 1930.60  4.04
 1931.30  4.04
 1932.00  4.04
 1932.70  4.04
 1933.40  4.04
 1934.10  4.04
 1934.80  4.04
 1935.50  4.04
 1936.20  4.04
 1936.90  4.04
 1937.60  4.04
 1938.30  4.04
 1939.00  4.04
 1939.70  4.04
 1940.40  4.04
 1941.10  4.04
 1941.80  4.04
 1942.50  4.04
 1943.20  4.04
 1943.90  4.04
 1944.60  4.04
 1945.30  4.04
 1946.00  4.04
 1946.70  4.04
 1947.40  4.04
 1948.10  4.04
 1948.80  4.04
 1949.50  4.04
 1950.20  4.04
 1950.90  4.04
 1951.60  4.04
 1952.30  4.04
 1953.00  4.04
 1953.70  4.04
 1954.40  4.04
 1955.10  4.04
 1955.80  4.04
 1956.50  4.04
 1957.20  4.04
 1957.90  4.04
 1958.60  4.04
 1959.30  4.04
 1960.00  4.04
 1960.70  4.04
 1961.40  4.04
 1962.10  4.04
 1962.80  4.04
 1963.50  4.04
 1964.20  4.04
 1964.90  4.04
 1965.60  4.04
 1966.30  4.04
 1967.00  4.04
 1967.70  4.04
 1968.40  4.04
 1969.10  4.04
 1969.80  4.04
 1970.50  4.04
 1971.20  4.04
 1971.90  4.04
 1972.60  4.04
 1973.30  4.04
 1974.00  4.04
 1974.70  4.04
 1975.40  4.04
 1976.10  4.04
 1976.80  4.04
 1977.50  4.04
 1978.20  4.04
 1978.90  4.04
 1979.60  4.04
 1980.30  4.04
 1981.00  4.04
 1981.70  4.04
 1982.40  4.04
 1983.10  4.04
 1983.80  4.04
 1984.50  4.04
 1985.20  4.04
 1985.90  4.04
 1986.60  4.04
 1987.30  4.04
 1988.00  4.04
 1988.70  4.04
 1989.40  4.04
 1990.10  4.04
 1990.80  4.04
 1991.50  4.04
 1992.20  4.04
 1992.90  4.04
 1993.60  4.04
 1994.30  4.04
 1995.00  4.04
 1995.70  4.04
 1996.40  4.04
 1997.10  4.04
 1997.80  4.04
 1998.50  4.04
 1999.20  4.04
 1999.90  4.04
 2000.60  4.04
 2001.30  4.04
 2002.00  4.04
 2002.70  4.04
 2003.40  4.04
 2004.10  4.04
 2004.80  4.04
 2005.50  4.04
 2006.20  4.04
 2006.90  4.04
 2007.60  4.04
 2008.30  4.04
 2009.00  4.04
 2009.70  4.04
 2010.40  4.04
 2011.10  4.04
 2011.80  4.04
 2012.50  4.04
 2013.20  4.04
 2013.90  4.04
 2014.60  4.04
 2015.30  4.04
 2016.00  4.04
 2016.70  4.04
 2017.40  4.04
 2018.10  4.04
 2018.80  4.04
 2019.50  4.04
 2020.20  4.04
 2020.90  4.04
 2021.60  4.04
 2022.30  4.04
 2023.00  4.04
 2023.70  4.04
 2024.40  4.04
 2025.10  4.04
 2025.80  4.04
 2026.50  4.04
 2027.20  4.04
 2027.90  4.04
 2028.60  4.04
 2029.30  4.04
 2030.00  4.04
 2030.70  4.04
 2031.40  4.04
 2032.10  4.04
 2032.80  4.04
 2033.50  4.04
 2034.20  4.04
 2034.90  4.04
 2035.60  4.04
 2036.30  4.04
 2037.00  4.04
 2037.70  4.04
 2038.40  4.04
 2039.10  4.04
 2039.80  4.04
 2040.50  4.04
 2041.20  4.04
 2041.90  4.04
 2042.60  4.04
 2043.30  4.04
 2044.00  4.04
 2044.70  4.04
 2045.40  4.04
 2046.10  4.04
 2046.80  4.04
 2047.50  4.04
 2048.20  4.04
 2048.90  4.04
 2049.60  4.04
 2050.30  4.04
 2051.00  4.04
 2051.70  4.04
 2052.40  4.04
 2053.10  4.04
 2053.80  4.04
 2054.50  4.04
 2055.20  4.04
 2055.90  4.04
 2056.60  4.04
 2057.30  4.04
 2058.00  4.04
 2058.70  4.04
 2059.40  4.04
 2060.10  4.04
 2060.80  4.04
 2061.50  4.04
 2062.20  4.04
 2062.90  4.04
 2063.60  4.04
 2064.30  4.04
 2065.00  4.04
 2065.70  4.04
 2066.40  4.04
 2067.10  4.04
 2067.80  4.04
 2068.50  4.04
 2069.20  4.04
 2069.90  4.04
 2070.60  4.04
 2071.30  4.04
 2072.00  4.04
 2072.70  4.04
 2073.40  4.04
 2074.10  4.04
 2074.80  4.04
 2075.50  4.04
 2076.20  4.04
 2076.90  4.04
 2077.60  4.04
 2078.30  4.04
 2079.00  4.04
 2079.70  4.04
 2080.40  4.04
 2081.10  4.04
 2081.80  4.04
 2082.50  4.04
 2083.20  4.04
 2083.90  4.04
 2084.60  4.04
 2085.30  4.04
 2086.00  4.04
 2086.70  4.04
 2087.40  4.04
 2088.10  4.04
 2088.80  4.04
 2089.50  4.04
 2090.20  4.04
 2090.90  4.04
 2091.60  4.04
 2092.30  4.04
 2093.00  4.04
 2093.70  4.04
 2094.40  4.04
 2095.10  4.04
 2095.80  4.04
 2096.50  4.04
 2097.20  4.04
 2097.90  4.04
 2098.60  4.04
 2099.30  4.04
 2100.00  4.04
 2100.70  4.04
 2101.40  4.04
 2102.10  4.04
 2102.80  4.04
 2103.50  4.04
 2104.20  4.04
 2104.90  4.04
 2105.60  4.04
 2106.30  4.04
 2107.00  4.04
 2107.70  4.04
 2108.40  4.04
 2109.10  4.04
 2109.80  4.04
 2110.50  4.04
 2111.20  4.04
 2111.90  4.04
 2112.60  4.04
 2113.30  4.04
 2114.00  4.04
 2114.70  4.04
 2115.40  4.04
 2116.10  4.04
 2116.80  4.04
 2117.50  4.04
 2118.20  4.04
 2118.90  4.04
 2119.60  4.04
 2120.30  4.04
 2121.00  4.04
 2121.70  4.04
 2122.40  4.04
 2123.10  4.04
 2123.80  4.04
 2124.50  4.04
 2125.20  4.04
 2125.90  4.04
 2126.60  4.04
 2127.30  4.04
 2128.00  4.04
 2128.70  4.04
 2129.40  4.04
 2130.10  4.04
 2130.80  4.04
 2131.50  4.04
 2132.20  4.04
 2132.90  4.04
 2133.60  4.04
 2134.30  4.04
 2135.00  4.04
 2135.70  4.04
 2136.40  4.04
 2137.10  4.04
 2137.80  4.04
 2138.50  4.04
 2139.20  4.04
 2139.90  4.04
 2140.60  4.04
 2141.30  4.04
 2142.00  4.04
 2142.70  4.04
 2143.40  4.04
 2144.10  4.04
 2144.80  4.04
 2145.50  4.04
 2146.20  4.04
 2146.90  4.04
 2147.60  4.04
 2148.30  4.04
 2149.00  4.04
 2149.70  4.04
 2150.40  4.04
 2151.10  4.04
 2151.80  4.04
 2152.50  4.04
 2153.20  4.04
 2153.90  4.04
 2154.60  4.04
 2155.30  4.04
 2156.00  4.04
 2156.70  4.04
 2157.40  4.04
 2158.10  4.04
 2158.80  4.04
 2159.50  4.04
 2160.20  4.04
 2160.90  4.04
 2161.60  4.04
 2162.30  4.04
 2163.00  4.04
 2163.70  4.04
 2164.40  4.04
 2165.10  4.04
 2165.80  4.04
 2166.50  4.04
 2167.20  4.04
 2167.90  4.04
 2168.60  4.04
 2169.30  4.04
 2170.00  4.04
 2170.70  4.04
 2171.40  4.04
 2172.10  4.04
 2172.80  4.04
 2173.50  4.04
 2174.20  4.04
 2174.90  4.04
 2175.60  4.04
 2176.30  4.04
 2177.00  4.04
 2177.70  4.04
 2178.40  4.04
 2179.10  4.04
 2179.80  4.04
 2180.50  4.04
 2181.20  4.04
 2181.90  4.04
 2182.60  4.04
 2183.30  4.04
 2184.00  4.04
 2184.70  4.04
 2185.40  4.04
 2186.10  4.04
 2186.80  4.04
 2187.50  4.04
 2188.20  4.04
 2188.90  4.04
 2189.60  4.04
 2190.30  4.04
 2191.00  4.04
 2191.70  4.04
 2192.40  4.04
 2193.10  4.04
 2193.80  4.04
 2194.50  4.04
 2195.20  4.04
 2195.90  4.04
 2196.60  4.04
 2197.30  4.04
 2198.00  4.04
 2198.70  4.04
 2199.40  4.04
 2200.10  4.04
 2200.80  4.04
 2201.50  4.04
 2202.20  4.04
 2202.90  4.04
 2203.60  4.04
 2204.30  4.04
 2205.00  4.04
 2205.70  4.04
 2206.40  4.04
 2207.10  4.04
 2207.80  4.04
 2208.50  4.04
 2209.20  4.04
 2209.90  4.04
 2210.60  4.04
 2211.30  4.04
 2212.00  4.04
 2212.70  4.04
 2213.40  4.04
 2214.10  4.04
 2214.80  4.04
 2215.50  4.04
 2216.20  4.04
 2216.90  4.04
 2217.60  4.04
 2218.30  4.04
 2219.00  4.04
 2219.70  4.04
 2220.40  4.04
 2221.10  4.04
 2221.80  4.04
 2222.50  4.04
 2223.20  4.04
 2223.90  4.04
 2224.60  4.04
 2225.30  4.04
 2226.00  4.04
 2226.70  4.04
 2227.40  4.04
 2228.10  4.04
 2228.80  4.04
 2229.50  4.04
 2230.20  4.04
 2230.90  4.04
 2231.60  4.04
 2232.30  4.04
 2233.00  4.04
 2233.70  4.04
 2234.40  4.04
 2235.10  4.04
 2235.80  4.04
 2236.50  4.04
 2237.20  4.04
 2237.90  4.04
 2238.60  4.04
 2239.30  4.04
 2240.00  4.04
 2240.70  4.04
 2241.40  4.04
 2242.10  4.04
 2242.80  4.04
 2243.50  4.04
 2244.20  4.04
 2244.90  4.04
 2245.60  4.04
 2246.30  4.04
 2247.00  4.04
 2247.70  4.04
 2248.40  4.04
 2249.10  4.04
 2249.80  4.04
 2250.50  4.04
 2251.20  4.04
 2251.90  4.04
 2252.60  4.04
 2253.30  4.04
 2254.00  4.04
 2254.70  4.04
 2255.40  4.04
 2256.10  4.04
 2256.80  4.04
 2257.50  4.04
 2258.20  4.04
 2258.90  4.04
 2259.60  4.04
 2260.30  4.04
 2261.00  4.04
 2261.70  4.04
 2262.40  4.04
 2263.10  4.04
 2263.80  4.04
 2264.50  4.04
 2265.20  4.04
 2265.90  4.04
 2266.60  4.04
 2267.30  4.04
 2268.00  4.04
 2268.70  4.04
 2269.40  4.04
 2270.10  4.04
 2270.80  4.04
 2271.50  4.04
 2272.20  4.04
 2272.90  4.04
 2273.60  4.04
 2274.30  4.04
 2275.00  4.04
 2275.70  4.04
 2276.40  4.04
 2277.10  4.04
 2277.80  4.04
 2278.50  4.04
 2279.20  4.04
 2279.90  4.04
 2280.60  4.04
 2281.30  4.04
 2282.00  4.04
 2282.70  4.04
 2283.40  4.04
 2284.10  4.04
 2284.80  4.04
 2285.50  4.04
 2286.20  4.04
 2286.90  4.04
 2287.60  4.04
 2288.30  4.04
 2289.00  4.04
 2289.70  4.04
 2290.40  4.04
 2291.10  4.04
 2291.80  4.04
 2292.50  4.04
 2293.20  4.04
 2293.90  4.04
 2294.60  4.04
 2295.30  4.04
 2296.00  4.04
 2296.70  4.04
 2297.40  4.04
 2298.10  4.04
 2298.80  4.04
 2299.50  4.04
 2300.20  4.04
 2300.90  4.04
 2301.60  4.04
 2302.30  4.04
 2303.00  4.04
 2303.70  4.04
 2304.40  4.04
 2305.10  4.04
 2305.80  4.04
 2306.50  4.04
 2307.20  4.04
 2307.90  4.04
 2308.60  4.04
 2309.30  4.04
 2310.00  4.04
 2310.70  4.04
 2311.40  4.04
 2312.10  4.04
 2312.80  4.04
 2313.50  4.04
 2314.20  4.04
 2314.90  4.04
 2315.60  4.04
 2316.30  4.04
 2317.00  4.04
 2317.70  4.04
 2318.40  4.04
 2319.10  4.04
 2319.80  4.04
 2320.50  4.04
 2321.20  4.04
 2321.90  4.04
 2322.60  4.04
 2323.30  4.04
 2324.00  4.04
 2324.70  4.04
 2325.40  4.04
 2326.10  4.04
 2326.80  4.04
 2327.50  4.04
 2328.20  4.04
 2328.90  4.04
 2329.60  4.04
 2330.30  4.04
 2331.00  4.04
 2331.70  4.04
 2332.40  4.04
 2333.10  4.04
 2333.80  4.04
 2334.50  4.04
 2335.20  4.04
 2335.90  4.04
 2336.60  4.04
 2337.30  4.04
 2338.00  4.04
 2338.70  4.04
 2339.40  4.04
 2340.10  4.04
 2340.80  4.04
 2341.50  4.04
 2342.20  4.04
 2342.90  4.04
 2343.60  4.04
 2344.30  4.04
 2345.00  4.04
 2345.70  4.04
 2346.40  4.04
 2347.10  4.04
 2347.80  4.04
 2348.50  4.04
 2349.20  4.04
 2349.90  4.04
 2350.60  4.04
 2351.30  4.04
 2352.00  4.04
 2352.70  4.04
 2353.40  4.04
 2354.10  4.04
 2354.80  4.04
 2355.50  4.04
 2356.20  4.04
 2356.90  4.04
 2357.60  4.04
 2358.30  4.04
 2359.00  4.04
 2359.70  4.04
 2360.40  4.04
 2361.10  4.04
 2361.80  4.04
 2362.50  4.04
 2363.20  4.04
 2363.90  4.04
 2364.60  4.04
 2365.30  4.04
 2366.00  4.04
 2366.70  4.04
 2367.40  4.04
 2368.10  4.04
 2368.80  4.04
 2369.50  4.04
 2370.20  4.04
 2370.90  4.04
 2371.60  4.04
 2372.30  4.04
 2373.00  4.04
 2373.70  4.04
 2374.40  4.04
 2375.10  4.04
 2375.80  4.04
 2376.50  4.04
 2377.20  4.04
 2377.90  4.04
 2378.60  4.04
 2379.30  4.04
 2380.00  4.04
 2380.70  4.04
 2381.40  4.04
 2382.10  4.04
 2382.80  4.04
 2383.50  4.04
 2384.20  4.04
 2384.90  4.04
 2385.60  4.04
 2386.30  4.04
 2387.00  4.04
 2387.70  4.04
 2388.40  4.04
 2389.10  4.04
 2389.80  4.04
 2390.50  4.04
 2391.20  4.04
 2391.90  4.04
 2392.60  4.04
 2393.30  4.04
 2394.00  4.04
 2394.70  4.04
 2395.40  4.04
 2396.10  4.04
 2396.80  4.04
 2397.50  4.04
 2398.20  4.04
 2398.90  4.04
 2399.60  4.04
 2400.30  4.04
 2401.00  4.04
 2401.70  4.04
 2402.40  4.04
 2403.10  4.04
 2403.80  4.04
 2404.50  4.04
 2405.20  4.04
 2405.90  4.04
 2406.60  4.04
 2407.30  4.04
 2408.00  4.04
 2408.70  4.04
 2409.40  4.04
 2410.10  4.04
 2410.80  4.04
 2411.50  4.04
 2412.20  4.04
 2412.90  4.04
 2413.60  4.04
 2414.30  4.04
 2415.00  4.04
 2415.70  4.04
 2416.40  4.04
 2417.10  4.04
 2417.80  4.04
 2418.50  4.04
 2419.20  4.04
 2419.90  4.04
 2420.60  4.04
 2421.30  4.04
 2422.00  4.04
 2422.70  4.04
 2423.40  4.04
 2424.10  4.04
 2424.80  4.04
 2425.50  4.04
 2426.20  4.04
 2426.90  4.04
 2427.60  4.04
 2428.30  4.04
 2429.00  4.04
 2429.70  4.04
 2430.40  4.04
 2431.10  4.04
 2431.80  4.04
 2432.50  4.04
 2433.20  4.04
 2433.90  4.04
 2434.60  4.04
 2435.30  4.04
 2436.00  4.04
 2436.70  4.04
 2437.40  4.04
 2438.10  4.04
 2438.80  4.04
 2439.50  4.04
 2440.20  4.04
 2440.90  4.04
 2441.60  4.04
 2442.30  4.04
 2443.00  4.04
 2443.70  4.04
 2444.40  4.04
 2445.10  4.04
 2445.80  4.04
 2446.50  4.04
 2447.20  4.04
 2447.90  4.04
 2448.60  4.04
 2449.30  4.04
 2450.00  4.04
 2450.70  4.04
 2451.40  4.04
 2452.10  4.04
 2452.80  4.04
 2453.50  4.04
 2454.20  4.04
 2454.90  4.04
 2455.60  4.04
 2456.30  4.04
 2457.00  4.04
 2457.70  4.04
 2458.40  4.04
 2459.10  4.04
 2459.80  4.04
 2460.50  4.04
 2461.20  4.04
 2461.90  4.04
 2462.60  4.04
 2463.30  4.04
 2464.00  4.04
 2464.70  4.04
 2465.40  4.04
 2466.10  4.04
 2466.80  4.04
 2467.50  4.04
 2468.20  4.04
 2468.90  4.04
 2469.60  4.04
 2470.30  4.04
 2471.00  4.04
 2471.70  4.04
 2472.40  4.04
 2473.10  4.04
 2473.80  4.04
 2474.50  4.04
 2475.20  4.04
 2475.90  4.04
 2476.60  4.04
 2477.30  4.04
 2478.00  4.04
 2478.70  4.04
 2479.40  4.04
 2480.10  4.04
 2480.80  4.04
 2481.50  4.04
 2482.20  4.04
 2482.90  4.04
 2483.60  4.04
 2484.30  4.04
 2485.00  4.04
 2485.70  4.04
 2486.40  4.04
 2487.10  4.04
 2487.80  4.04
 2488.50  4.04
 2489.20  4.04
 2489.90  4.04
 2490.60  4.04
 2491.30  4.04
 2492.00  4.04
 2492.70  4.04
 2493.40  4.04
 2494.10  4.04
 2494.80  4.04
 2495.50  4.04
 2496.20  4.04
 2496.90  4.04
 2497.60  4.04
 2498.30  4.04
 2499.00  4.04
 2499.70  4.04
 2500.40  4.04
 2501.10  4.04
 2501.80  4.04
 2502.50  4.04
 2503.20  4.04
 2503.90  4.04
 2504.60  4.04
 2505.30  4.04
 2506.00  4.04
 2506.70  4.04
 2507.40  4.04
 2508.10  4.04
 2508.80  4.04
 2509.50  4.04
 2510.20  4.04
 2510.90  4.04
 2511.60  4.04
 2512.30  4.04
 2513.00  4.04
 2513.70  4.04
 2514.40  4.04
 2515.10  4.04
 2515.80  4.04
 2516.50  4.04
 2517.20  4.04
 2517.90  4.04
 2518.60  4.04
 2519.30  4.04
 2520.00  4.04
 2520.70  4.04
 2521.40  4.04
 2522.10  4.04
 2522.80  4.04
 2523.50  4.04
 2524.20  4.04
 2524.90  4.04
 2525.60  4.04
 2526.30  4.04
 2527.00  4.04
 2527.70  4.04
 2528.40  4.04
 2529.10  4.04
 2529.80  4.04
 2530.50  4.04
 2531.20  4.04
 2531.90  4.04
 2532.60  4.04
 2533.30  4.04
 2534.00  4.04
 2534.70  4.04
 2535.40  4.04
 2536.10  4.04
 2536.80  4.04
 2537.50  4.04
 2538.20  4.04
 2538.90  4.04
 2539.60  4.04
 2540.30  4.04
 2541.00  4.04
 2541.70  4.04
 2542.40  4.04
 2543.10  4.04
 2543.80  4.04
 2544.50  4.04
 2545.20  4.04
 2545.90  4.04
 2546.60  4.04
 2547.30  4.04
 2548.00  4.04
 2548.70  4.04
 2549.40  4.04
 2550.10  4.04
 2550.80  4.04
 2551.50  4.04
 2552.20  4.04
 2552.90  4.04
 2553.60  4.04
 2554.30  4.04
 2555.00  4.04
 2555.70  4.04
 2556.40  4.04
 2557.10  4.04
 2557.80  4.04
 2558.50  4.04
 2559.20  4.04
 2559.90  4.04
 2560.60  4.04
 2561.30  4.04
 2562.00  4.04
 2562.70  4.04
 2563.40  4.04
 2564.10  4.04
 2564.80  4.04
 2565.50  4.04
 2566.20  4.04
 2566.90  4.04
 2567.60  4.04
 2568.30  4.04
 2569.00  4.04
 2569.70  4.04
 2570.40  4.04
 2571.10  4.04
 2571.80  4.04
 2572.50  4.04
 2573.20  4.04
 2573.90  4.04
 2574.60  4.04
 2575.30  4.04
 2576.00  4.04
 2576.70  4.04
 2577.40  4.04
 2578.10  4.04
 2578.80  4.04
 2579.50  4.04
 2580.20  4.04
 2580.90  4.04
 2581.60  4.04
 2582.30  4.04
 2583.00  4.04
 2583.70  4.04
 2584.40  4.04
 2585.10  4.04
 2585.80  4.04
 2586.50  4.04
 2587.20  4.04
 2587.90  4.04
 2588.60  4.04
 2589.30  4.04
 2590.00  4.04
 2590.70  4.04
 2591.40  4.04
 2592.10  4.04
 2592.80  4.04
 2593.50  4.04
 2594.20  4.04
 2594.90  4.04
 2595.60  4.04
 2596.30  4.04
 2597.00  4.04
 2597.70  4.04
 2598.40  4.04
 2599.10  4.04
 2599.80  4.04
 2600.50  4.04
 2601.20  4.04
 2601.90  4.04
 2602.60  4.04
 2603.30  4.04
 2604.00  4.04
 2604.70  4.04
 2605.40  4.04
 2606.10  4.04
 2606.80  4.04
 2607.50  4.04
 2608.20  4.04
 2608.90  4.04
 2609.60  4.04
 2610.30  4.04
 2611.00  4.04
 2611.70  4.04
 2612.40  4.04
 2613.10  4.04
 2613.80  4.04
 2614.50  4.04
 2615.20  4.04
 2615.90  4.04
 2616.60  4.04
 2617.30  4.04
 2618.00  4.04
 2618.70  4.04
 2619.40  4.04
 2620.10  4.04
 2620.80  4.04
 2621.50  4.04
 2622.20  4.04
 2622.90  4.04
 2623.60  4.04
 2624.30  4.04
 2625.00  4.04
 2625.70  4.04
 2626.40  4.04
 2627.10  4.04
 2627.80  4.04
 2628.50  4.04
 2629.20  4.04
 2629.90  4.04
 2630.60  4.04
 2631.30  4.04
 2632.00  4.04
 2632.70  4.04
 2633.40  4.04
 2634.10  4.04
 2634.80  4.04
 2635.50  4.04
 2636.20  4.04
 2636.90  4.04
 2637.60  4.04
 2638.30  4.04
 2639.00  4.04
 2639.70  4.04
 2640.40  4.04
 2641.10  4.04
 2641.80  4.04
 2642.50  4.04
 2643.20  4.04
 2643.90  4.04
 2644.60  4.04
 2645.30  4.04
 2646.00  4.04
 2646.70  4.04
 2647.40  4.04
 2648.10  4.04
 2648.80  4.04
 2649.50  4.04
 2650.20  4.04
 2650.90  4.04
 2651.60  4.04
 2652.30  4.04
 2653.00  4.04
 2653.70  4.04
 2654.40  4.04
 2655.10  4.04
 2655.80  4.04
 2656.50  4.04
 2657.20  4.04
 2657.90  4.04
 2658.60  4.04
 2659.30  4.04
 2660.00  4.04
 2660.70  4.04
 2661.40  4.04
 2662.10  4.04
 2662.80  4.04
 2663.50  4.04
 2664.20  4.04
 2664.90  4.04
 2665.60  4.04
 2666.30  4.04
 2667.00  4.04
 2667.70  4.04
 2668.40  4.04
 2669.10  4.04
 2669.80  4.04
 2670.50  4.04
 2671.20  4.04
 2671.90  4.04
 2672.60  4.04
 2673.30  4.04
 2674.00  4.04
 2674.70  4.04
 2675.40  4.04
 2676.10  4.04
 2676.80  4.04
 2677.50  4.04
 2678.20  4.04
 2678.90  4.04
 2679.60  4.04
 2680.30  4.04
 2681.00  4.04
 2681.70  4.04
 2682.40  4.04
 2683.10  4.04
 2683.80  4.04
 2684.50  4.04
 2685.20  4.04
 2685.90  4.04
 2686.60  4.04
 2687.30  4.04
 2688.00  4.04
 2688.70  4.04
 2689.40  4.04
 2690.10  4.04
 2690.80  4.04
 2691.50  4.04
 2692.20  4.04
 2692.90  4.04
 2693.60  4.04
 2694.30  4.04
 2695.00  4.04
 2695.70  4.04
 2696.40  4.04
 2697.10  4.04
 2697.80  4.04
 2698.50  4.04
 2699.20  4.04
 2699.90  4.04
 2700.60  4.04
 2701.30  4.04
 2702.00  4.04
 2702.70  4.04
 2703.40  4.04
 2704.10  4.04
 2704.80  4.04
 2705.50  4.04
 2706.20  4.04
 2706.90  4.04
 2707.60  4.04
 2708.30  4.04
 2709.00  4.04
 2709.70  4.04
 2710.40  4.04
 2711.10  4.04
 2711.80  4.04
 2712.50  4.04
 2713.20  4.04
 2713.90  4.04
 2714.60  4.04
 2715.30  4.04
 2716.00  4.04
 2716.70  4.04
 2717.40  4.04
 2718.10  4.04
 2718.80  4.04
 2719.50  4.04
 2720.20  4.04
 2720.90  4.04
 2721.60  4.04
 2722.30  4.04
 2723.00  4.04
 2723.70  4.04
 2724.40  4.04
 2725.10  4.04
 2725.80  4.04
 2726.50  4.04
 2727.20  4.04
 2727.90  4.04
 2728.60  4.04
 2729.30  4.04
 2730.00  4.04
 2730.70  4.04
 2731.40  4.04
 2732.10  4.04
 2732.80  4.04
 2733.50  4.04
 2734.20  4.04
 2734.90  4.04
 2735.60  4.04
 2736.30  4.04
 2737.00  4.04
 2737.70  4.04
 2738.40  4.04
 2739.10  4.04
 2739.80  4.04
 2740.50  4.04
 2741.20  4.04
 2741.90  4.04
 2742.60  4.04
 2743.30  4.04
 2744.00  4.04
 2744.70  4.04
 2745.40  4.04
 2746.10  4.04
 2746.80  4.04
 2747.50  4.04
 2748.20  4.04
 2748.90  4.04
 2749.60  4.04
 2750.30  4.04
 2751.00  4.04
 2751.70  4.04
 2752.40  4.04
 2753.10  4.04
 2753.80  4.04
 2754.50  4.04
 2755.20  4.04
 2755.90  4.04
 2756.60  4.04
 2757.30  4.04
 2758.00  4.04
 2758.70  4.04
 2759.40  4.04
 2760.10  4.04
 2760.80  4.04
 2761.50  4.04
 2762.20  4.04
 2762.90  4.04
 2763.60  4.04
 2764.30  4.04
 2765.00  4.04
 2765.70  4.04
 2766.40  4.04
 2767.10  4.04
 2767.80  4.04
 2768.50  4.04
 2769.20  4.04
 2769.90  4.04
 2770.60  4.04
 2771.30  4.04
 2772.00  4.04
 2772.70  4.04
 2773.40  4.04
 2774.10  4.04
 2774.80  4.04
 2775.50  4.04
 2776.20  4.04
 2776.90  4.04
 2777.60  4.04
 2778.30  4.04
 2779.00  4.04
 2779.70  4.04
 2780.40  4.04
 2781.10  4.04
 2781.80  4.04
 2782.50  4.04
 2783.20  4.04
 2783.90  4.04
 2784.60  4.04
 2785.30  4.04
 2786.00  4.04
 2786.70  4.04
 2787.40  4.04
 2788.10  4.04
 2788.80  4.04
 2789.50  4.04
 2790.20  4.04
 2790.90  4.04
 2791.60  4.04
 2792.30  4.04
 2793.00  4.04
 2793.70  4.04
 2794.40  4.04
 2795.10  4.04
 2795.80  4.04
 2796.50  4.04
 2797.20  4.04
 2797.90  4.04
 2798.60  4.04
 2799.30  4.04
 2800.00  4.04
 2800.70  4.04
 2801.40  4.04
 2802.10  4.04
 2802.80  4.04
 2803.50  4.04
 2804.20  4.04
 2804.90  4.04
 2805.60  4.04
 2806.30  4.04
 2807.00  4.04
 2807.70  4.04
 2808.40  4.04
 2809.10  4.04
 2809.80  4.04
 2810.50  4.04
 2811.20  4.04
 2811.90  4.04
 2812.60  4.04
 2813.30  4.04
 2814.00  4.04
 2814.70  4.04
 2815.40  4.04
 2816.10  4.04
 2816.80  4.04
 2817.50  4.04
 2818.20  4.04
 2818.90  4.04
 2819.60  4.04
 2820.30  4.04
 2821.00  4.04
 2821.70  4.04
 2822.40  4.04
 2823.10  4.04
 2823.80  4.04
 2824.50  4.04
 2825.20  4.04
 2825.90  4.04
 2826.60  4.04
 2827.30  4.04
 2828.00  4.04
 2828.70  4.04
 2829.40  4.04
 2830.10  4.04
 2830.80  4.04
 2831.50  4.04
 2832.20  4.04
 2832.90  4.04
 2833.60  4.04
 2834.30  4.04
 2835.00  4.04
 2835.70  4.04
 2836.40  4.04
 2837.10  4.04
 2837.80  4.04
 2838.50  4.04
 2839.20  4.04
 2839.90  4.04
 2840.60  4.04
 2841.30  4.04
 2842.00  4.04
 2842.70  4.04
 2843.40  4.04
 2844.10  4.04
 2844.80  4.04
 2845.50  4.04
 2846.20  4.04
 2846.90  4.04
 2847.60  4.04
 2848.30  4.04
 2849.00  4.04
 2849.70  4.04
 2850.40  4.04
 2851.10  4.04
 2851.80  4.04
 2852.50  4.04
 2853.20  4.04
 2853.90  4.04
 2854.60  4.04
 2855.30  4.04
 2856.00  4.04
 2856.70  4.04
 2857.40  4.04
 2858.10  4.04
 2858.80  4.04
 2859.50  4.04
 2860.20  4.04
 2860.90  4.04
 2861.60  4.04
 2862.30  4.04
 2863.00  4.04
 2863.70  4.04
 2864.40  4.04
 2865.10  4.04
 2865.80  4.04
 2866.50  4.04
 2867.20  4.04
 2867.90  4.04
 2868.60  4.04
 2869.30  4.04
 2870.00  4.04
 2870.70  4.04
 2871.40  4.04
 2872.10  4.04
 2872.80  4.04
 2873.50  4.04
 2874.20  4.04
 2874.90  4.04
 2875.60  4.04
 2876.30  4.04
 2877.00  4.04
 2877.70  4.04
 2878.40  4.04
 2879.10  4.04
 2879.80  4.04
 2880.50  4.04
 2881.20  4.04
 2881.90  4.04
 2882.60  4.04
 2883.30  4.04
 2884.00  4.04
 2884.70  4.04
 2885.40  4.04
 2886.10  4.04
 2886.80  4.04
 2887.50  4.04
 2888.20  4.04
 2888.90  4.04
 2889.60  4.04
 2890.30  4.04
 2891.00  4.04
 2891.70  4.04
 2892.40  4.04
 2893.10  4.04
 2893.80  4.04
 2894.50  4.04
 2895.20  4.04
 2895.90  4.04
 2896.60  4.04
 2897.30  4.04
 2898.00  4.04
 2898.70  4.04
 2899.40  4.04
 2900.10  4.04
 2900.80  4.04
 2901.50  4.04
 2902.20  4.04
 2902.90  4.04
 2903.60  4.04
 2904.30  4.04
 2905.00  4.04
 2905.70  4.04
 2906.40  4.04
 2907.10  4.04
 2907.80  4.04
 2908.50  4.04
 2909.20  4.04
 2909.90  4.04
 2910.60  4.04
 2911.30  4.04
 2912.00  4.04
 2912.70  4.04
 2913.40  4.04
 2914.10  4.04
 2914.80  4.04
 2915.50  4.04
 2916.20  4.04
 2916.90  4.04
 2917.60  4.04
 2918.30  4.04
 2919.00  4.04
 2919.70  4.04
 2920.40  4.04
 2921.10  4.04
 2921.80  4.04
 2922.50  4.04
 2923.20  4.04
 2923.90  4.04
 2924.60  4.04
 2925.30  4.04
 2926.00  4.04
 2926.70  4.04
 2927.40  4.04
 2928.10  4.04
 2928.80  4.04
 2929.50  4.04
 2930.20  4.04
 2930.90  4.04
 2931.60  4.04
 2932.30  4.04
 2933.00  4.04
 2933.70  4.04
 2934.40  4.04
 2935.10  4.04
 2935.80  4.04
 2936.50  4.04
 2937.20  4.04
 2937.90  4.04
 2938.60  4.04
 2939.30  4.04
 2940.00  4.04
 2940.70  4.04
 2941.40  4.04
 2942.10  4.04
 2942.80  4.04
 2943.50  4.04
 2944.20  4.04
 2944.90  4.04
 2945.60  4.04
 2946.30  4.04
 2947.00  4.04
 2947.70  4.04
 2948.40  4.04
 2949.10  4.04
 2949.80  4.04
 2950.50  4.04
 2951.20  4.04
 2951.90  4.04
 2952.60  4.04
 2953.30  4.04
 2954.00  4.04
 2954.70  4.04
 2955.40  4.04
 2956.10  4.04
 2956.80  4.04
 2957.50  4.04
 2958.20  4.04
 2958.90  4.04
 2959.60  4.04
 2960.30  4.04
 2961.00  4.04
 2961.70  4.04
 2962.40  4.04
 2963.10  4.04
 2963.80  4.04
 2964.50  4.04
 2965.20  4.04
 2965.90  4.04
 2966.60  4.04
 2967.30  4.04
 2968.00  4.04
 2968.70  4.04
 2969.40  4.04
 2970.10  4.04
 2970.80  4.04
 2971.50  4.04
 2972.20  4.04
 2972.90  4.04
 2973.60  4.04
 2974.30  4.04
 2975.00  4.04
 2975.70  4.04
 2976.40  4.04
 2977.10  4.04
 2977.80  4.04
 2978.50  4.04
 2979.20  4.04
 2979.90  4.04
 2980.60  4.04
 2981.30  4.04
 2982.00  4.04
 2982.70  4.04
 2983.40  4.04
 2984.10  4.04
 2984.80  4.04
 2985.50  4.04
 2986.20  4.04
 2986.90  4.04
 2987.60  4.04
 2988.30  4.04
 2989.00  4.04
 2989.70  4.04
 2990.40  4.04
 2991.10  4.04
 2991.80  4.04
 2992.50  4.04
 2993.20  4.04
 2993.90  4.04
 2994.60  4.04
 2995.30  4.04
 2996.00  4.04
 2996.70  4.04
 2997.40  4.04
 2998.10  4.04
 2998.80  4.04
 2999.50  4.04
