#Navio B MarAd
#Manobra de Curva Giro
#
#Eta 
#
#temp      rot 
 0.00  1.00
 0.70  1.00
 1.40  1.00
 2.10  1.00
 2.80  1.00
 3.50  1.00
 4.20  1.00
 4.90  1.00
 5.60  1.00
 6.30  1.00
 7.00  1.00
 7.70  1.00
 8.40  1.00
 9.10  1.00
 9.80  1.01
 10.50  1.01
 11.20  1.01
 11.90  1.01
 12.60  1.01
 13.30  1.01
 14.00  1.01
 14.70  1.01
 15.40  1.01
 16.10  1.01
 16.80  1.01
 17.50  1.01
 18.20  1.01
 18.90  1.01
 19.60  1.01
 20.30  1.01
 21.00  1.01
 21.70  1.01
 22.40  1.01
 23.10  1.01
 23.80  1.01
 24.50  1.02
 25.20  1.02
 25.90  1.02
 26.60  1.02
 27.30  1.02
 28.00  1.02
 28.70  1.02
 29.40  1.02
 30.10  1.02
 30.80  1.02
 31.50  1.02
 32.20  1.02
 32.90  1.02
 33.60  1.02
 34.30  1.02
 35.00  1.02
 35.70  1.02
 36.40  1.02
 37.10  1.03
 37.80  1.03
 38.50  1.03
 39.20  1.03
 39.90  1.03
 40.60  1.03
 41.30  1.03
 42.00  1.03
 42.70  1.03
 43.40  1.03
 44.10  1.03
 44.80  1.03
 45.50  1.03
 46.20  1.03
 46.90  1.03
 47.60  1.03
 48.30  1.04
 49.00  1.04
 49.70  1.04
 50.40  1.04
 51.10  1.04
 51.80  1.04
 52.50  1.04
 53.20  1.04
 53.90  1.04
 54.60  1.04
 55.30  1.04
 56.00  1.04
 56.70  1.04
 57.40  1.05
 58.10  1.05
 58.80  1.05
 59.50  1.05
 60.20  1.05
 60.90  1.05
 61.60  1.05
 62.30  1.05
 63.00  1.05
 63.70  1.05
 64.40  1.05
 65.10  1.05
 65.80  1.06
 66.50  1.06
 67.20  1.06
 67.90  1.06
 68.60  1.06
 69.30  1.06
 70.00  1.06
 70.70  1.06
 71.40  1.06
 72.10  1.06
 72.80  1.07
 73.50  1.07
 74.20  1.07
 74.90  1.07
 75.60  1.07
 76.30  1.07
 77.00  1.07
 77.70  1.07
 78.40  1.07
 79.10  1.07
 79.80  1.08
 80.50  1.08
 81.20  1.08
 81.90  1.08
 82.60  1.08
 83.30  1.08
 84.00  1.08
 84.70  1.08
 85.40  1.09
 86.10  1.09
 86.80  1.09
 87.50  1.09
 88.20  1.09
 88.90  1.09
 89.60  1.09
 90.30  1.09
 91.00  1.10
 91.70  1.10
 92.40  1.10
 93.10  1.10
 93.80  1.10
 94.50  1.10
 95.20  1.10
 95.90  1.11
 96.60  1.11
 97.30  1.11
 98.00  1.11
 98.70  1.11
 99.40  1.11
 100.10  1.11
 100.80  1.12
 101.50  1.12
 102.20  1.12
 102.90  1.12
 103.60  1.12
 104.30  1.12
 105.00  1.12
 105.70  1.13
 106.40  1.13
 107.10  1.13
 107.80  1.13
 108.50  1.13
 109.20  1.13
 109.90  1.14
 110.60  1.14
 111.30  1.14
 112.00  1.14
 112.70  1.14
 113.40  1.14
 114.10  1.15
 114.80  1.15
 115.50  1.15
 116.20  1.15
 116.90  1.15
 117.60  1.15
 118.30  1.16
 119.00  1.16
 119.70  1.16
 120.40  1.16
 121.10  1.16
 121.80  1.17
 122.50  1.17
 123.20  1.17
 123.90  1.17
 124.60  1.17
 125.30  1.17
 126.00  1.18
 126.70  1.18
 127.40  1.18
 128.10  1.18
 128.80  1.18
 129.50  1.19
 130.20  1.19
 130.90  1.19
 131.60  1.19
 132.30  1.19
 133.00  1.20
 133.70  1.20
 134.40  1.20
 135.10  1.20
 135.80  1.20
 136.50  1.21
 137.20  1.21
 137.90  1.21
 138.60  1.21
 139.30  1.22
 140.00  1.22
 140.70  1.22
 141.40  1.22
 142.10  1.22
 142.80  1.23
 143.50  1.23
 144.20  1.23
 144.90  1.23
 145.60  1.23
 146.30  1.24
 147.00  1.24
 147.70  1.24
 148.40  1.24
 149.10  1.25
 149.80  1.25
 150.50  1.25
 151.20  1.25
 151.90  1.26
 152.60  1.26
 153.30  1.26
 154.00  1.26
 154.70  1.26
 155.40  1.27
 156.10  1.27
 156.80  1.27
 157.50  1.27
 158.20  1.28
 158.90  1.28
 159.60  1.28
 160.30  1.28
 161.00  1.29
 161.70  1.29
 162.40  1.29
 163.10  1.29
 163.80  1.30
 164.50  1.30
 165.20  1.30
 165.90  1.30
 166.60  1.31
 167.30  1.31
 168.00  1.31
 168.70  1.31
 169.40  1.32
 170.10  1.32
 170.80  1.32
 171.50  1.32
 172.20  1.33
 172.90  1.33
 173.60  1.33
 174.30  1.33
 175.00  1.34
 175.70  1.34
 176.40  1.34
 177.10  1.34
 177.80  1.35
 178.50  1.35
 179.20  1.35
 179.90  1.35
 180.60  1.36
 181.30  1.36
 182.00  1.36
 182.70  1.37
 183.40  1.37
 184.10  1.37
 184.80  1.37
 185.50  1.38
 186.20  1.38
 186.90  1.38
 187.60  1.38
 188.30  1.39
 189.00  1.39
 189.70  1.39
 190.40  1.40
 191.10  1.40
 191.80  1.40
 192.50  1.40
 193.20  1.41
 193.90  1.41
 194.60  1.41
 195.30  1.42
 196.00  1.42
 196.70  1.42
 197.40  1.42
 198.10  1.43
 198.80  1.43
 199.50  1.43
 200.20  1.43
 200.90  1.44
 201.60  1.44
 202.30  1.44
 203.00  1.45
 203.70  1.45
 204.40  1.45
 205.10  1.45
 205.80  1.46
 206.50  1.46
 207.20  1.46
 207.90  1.47
 208.60  1.47
 209.30  1.47
 210.00  1.48
 210.70  1.48
 211.40  1.48
 212.10  1.48
 212.80  1.49
 213.50  1.49
 214.20  1.49
 214.90  1.50
 215.60  1.50
 216.30  1.50
 217.00  1.50
 217.70  1.51
 218.40  1.51
 219.10  1.51
 219.80  1.52
 220.50  1.52
 221.20  1.52
 221.90  1.53
 222.60  1.53
 223.30  1.53
 224.00  1.53
 224.70  1.54
 225.40  1.54
 226.10  1.54
 226.80  1.55
 227.50  1.55
 228.20  1.55
 228.90  1.56
 229.60  1.56
 230.30  1.56
 231.00  1.56
 231.70  1.57
 232.40  1.57
 233.10  1.57
 233.80  1.58
 234.50  1.58
 235.20  1.58
 235.90  1.59
 236.60  1.59
 237.30  1.59
 238.00  1.60
 238.70  1.60
 239.40  1.60
 240.10  1.60
 240.80  1.61
 241.50  1.61
 242.20  1.61
 242.90  1.62
 243.60  1.62
 244.30  1.62
 245.00  1.63
 245.70  1.63
 246.40  1.63
 247.10  1.64
 247.80  1.64
 248.50  1.64
 249.20  1.64
 249.90  1.65
 250.60  1.65
 251.30  1.65
 252.00  1.66
 252.70  1.66
 253.40  1.66
 254.10  1.67
 254.80  1.67
 255.50  1.67
 256.20  1.68
 256.90  1.68
 257.60  1.68
 258.30  1.69
 259.00  1.69
 259.70  1.69
 260.40  1.69
 261.10  1.70
 261.80  1.70
 262.50  1.70
 263.20  1.71
 263.90  1.71
 264.60  1.71
 265.30  1.72
 266.00  1.72
 266.70  1.72
 267.40  1.73
 268.10  1.73
 268.80  1.73
 269.50  1.74
 270.20  1.74
 270.90  1.74
 271.60  1.74
 272.30  1.75
 273.00  1.75
 273.70  1.75
 274.40  1.76
 275.10  1.76
 275.80  1.76
 276.50  1.77
 277.20  1.77
 277.90  1.77
 278.60  1.78
 279.30  1.78
 280.00  1.78
 280.70  1.79
 281.40  1.79
 282.10  1.79
 282.80  1.79
 283.50  1.80
 284.20  1.80
 284.90  1.80
 285.60  1.81
 286.30  1.81
 287.00  1.81
 287.70  1.82
 288.40  1.82
 289.10  1.82
 289.80  1.83
 290.50  1.83
 291.20  1.83
 291.90  1.84
 292.60  1.84
 293.30  1.84
 294.00  1.85
 294.70  1.85
 295.40  1.85
 296.10  1.85
 296.80  1.86
 297.50  1.86
 298.20  1.86
 298.90  1.87
 299.60  1.87
 300.30  1.87
 301.00  1.88
 301.70  1.88
 302.40  1.88
 303.10  1.89
 303.80  1.89
 304.50  1.89
 305.20  1.90
 305.90  1.90
 306.60  1.90
 307.30  1.90
 308.00  1.91
 308.70  1.91
 309.40  1.91
 310.10  1.92
 310.80  1.92
 311.50  1.92
 312.20  1.93
 312.90  1.93
 313.60  1.93
 314.30  1.94
 315.00  1.94
 315.70  1.94
 316.40  1.94
 317.10  1.95
 317.80  1.95
 318.50  1.95
 319.20  1.96
 319.90  1.96
 320.60  1.96
 321.30  1.97
 322.00  1.97
 322.70  1.97
 323.40  1.98
 324.10  1.98
 324.80  1.98
 325.50  1.99
 326.20  1.99
 326.90  1.99
 327.60  1.99
 328.30  2.00
 329.00  2.00
 329.70  2.00
 330.40  2.01
 331.10  2.01
 331.80  2.01
 332.50  2.02
 333.20  2.02
 333.90  2.02
 334.60  2.03
 335.30  2.03
 336.00  2.03
 336.70  2.03
 337.40  2.04
 338.10  2.04
 338.80  2.04
 339.50  2.05
 340.20  2.05
 340.90  2.05
 341.60  2.06
 342.30  2.06
 343.00  2.06
 343.70  2.06
 344.40  2.07
 345.10  2.07
 345.80  2.07
 346.50  2.08
 347.20  2.08
 347.90  2.08
 348.60  2.09
 349.30  2.09
 350.00  2.09
 350.70  2.10
 351.40  2.10
 352.10  2.10
 352.80  2.10
 353.50  2.11
 354.20  2.11
 354.90  2.11
 355.60  2.12
 356.30  2.12
 357.00  2.12
 357.70  2.13
 358.40  2.13
 359.10  2.13
 359.80  2.13
 360.50  2.14
 361.20  2.14
 361.90  2.14
 362.60  2.15
 363.30  2.15
 364.00  2.15
 364.70  2.15
 365.40  2.16
 366.10  2.16
 366.80  2.16
 367.50  2.17
 368.20  2.17
 368.90  2.17
 369.60  2.18
 370.30  2.18
 371.00  2.18
 371.70  2.18
 372.40  2.19
 373.10  2.19
 373.80  2.19
 374.50  2.20
 375.20  2.20
 375.90  2.20
 376.60  2.20
 377.30  2.21
 378.00  2.21
 378.70  2.21
 379.40  2.22
 380.10  2.22
 380.80  2.22
 381.50  2.22
 382.20  2.23
 382.90  2.23
 383.60  2.23
 384.30  2.24
 385.00  2.24
 385.70  2.24
 386.40  2.24
 387.10  2.25
 387.80  2.25
 388.50  2.25
 389.20  2.26
 389.90  2.26
 390.60  2.26
 391.30  2.26
 392.00  2.27
 392.70  2.27
 393.40  2.27
 394.10  2.28
 394.80  2.28
 395.50  2.28
 396.20  2.28
 396.90  2.29
 397.60  2.29
 398.30  2.29
 399.00  2.29
 399.70  2.30
 400.40  2.30
 401.10  2.30
 401.80  2.31
 402.50  2.31
 403.20  2.31
 403.90  2.31
 404.60  2.32
 405.30  2.32
 406.00  2.32
 406.70  2.32
 407.40  2.33
 408.10  2.33
 408.80  2.33
 409.50  2.34
 410.20  2.34
 410.90  2.34
 411.60  2.34
 412.30  2.35
 413.00  2.35
 413.70  2.35
 414.40  2.35
 415.10  2.36
 415.80  2.36
 416.50  2.36
 417.20  2.37
 417.90  2.37
 418.60  2.37
 419.30  2.37
 420.00  2.38
 420.70  2.38
 421.40  2.38
 422.10  2.38
 422.80  2.39
 423.50  2.39
 424.20  2.39
 424.90  2.39
 425.60  2.40
 426.30  2.40
 427.00  2.40
 427.70  2.40
 428.40  2.41
 429.10  2.41
 429.80  2.41
 430.50  2.41
 431.20  2.42
 431.90  2.42
 432.60  2.42
 433.30  2.43
 434.00  2.43
 434.70  2.43
 435.40  2.43
 436.10  2.44
 436.80  2.44
 437.50  2.44
 438.20  2.44
 438.90  2.45
 439.60  2.45
 440.30  2.45
 441.00  2.45
 441.70  2.46
 442.40  2.46
 443.10  2.46
 443.80  2.46
 444.50  2.47
 445.20  2.47
 445.90  2.47
 446.60  2.47
 447.30  2.48
 448.00  2.48
 448.70  2.48
 449.40  2.48
 450.10  2.49
 450.80  2.49
 451.50  2.49
 452.20  2.49
 452.90  2.49
 453.60  2.50
 454.30  2.50
 455.00  2.50
 455.70  2.50
 456.40  2.51
 457.10  2.51
 457.80  2.51
 458.50  2.51
 459.20  2.52
 459.90  2.52
 460.60  2.52
 461.30  2.52
 462.00  2.53
 462.70  2.53
 463.40  2.53
 464.10  2.53
 464.80  2.54
 465.50  2.54
 466.20  2.54
 466.90  2.54
 467.60  2.54
 468.30  2.55
 469.00  2.55
 469.70  2.55
 470.40  2.55
 471.10  2.56
 471.80  2.56
 472.50  2.56
 473.20  2.56
 473.90  2.57
 474.60  2.57
 475.30  2.57
 476.00  2.57
 476.70  2.57
 477.40  2.58
 478.10  2.58
 478.80  2.58
 479.50  2.58
 480.20  2.59
 480.90  2.59
 481.60  2.59
 482.30  2.59
 483.00  2.60
 483.70  2.60
 484.40  2.60
 485.10  2.60
 485.80  2.60
 486.50  2.61
 487.20  2.61
 487.90  2.61
 488.60  2.61
 489.30  2.62
 490.00  2.62
 490.70  2.62
 491.40  2.62
 492.10  2.62
 492.80  2.63
 493.50  2.63
 494.20  2.63
 494.90  2.63
 495.60  2.63
 496.30  2.64
 497.00  2.64
 497.70  2.64
 498.40  2.64
 499.10  2.65
 499.80  2.65
 500.50  2.65
 501.20  2.65
 501.90  2.65
 502.60  2.66
 503.30  2.66
 504.00  2.66
 504.70  2.66
 505.40  2.66
 506.10  2.67
 506.80  2.67
 507.50  2.67
 508.20  2.67
 508.90  2.67
 509.60  2.68
 510.30  2.68
 511.00  2.68
 511.70  2.68
 512.40  2.68
 513.10  2.69
 513.80  2.69
 514.50  2.69
 515.20  2.69
 515.90  2.70
 516.60  2.70
 517.30  2.70
 518.00  2.70
 518.70  2.70
 519.40  2.71
 520.10  2.71
 520.80  2.71
 521.50  2.71
 522.20  2.71
 522.90  2.72
 523.60  2.72
 524.30  2.72
 525.00  2.72
 525.70  2.72
 526.40  2.72
 527.10  2.73
 527.80  2.73
 528.50  2.73
 529.20  2.73
 529.90  2.73
 530.60  2.74
 531.30  2.74
 532.00  2.74
 532.70  2.74
 533.40  2.74
 534.10  2.75
 534.80  2.75
 535.50  2.75
 536.20  2.75
 536.90  2.75
 537.60  2.76
 538.30  2.76
 539.00  2.76
 539.70  2.76
 540.40  2.76
 541.10  2.77
 541.80  2.77
 542.50  2.77
 543.20  2.77
 543.90  2.77
 544.60  2.77
 545.30  2.78
 546.00  2.78
 546.70  2.78
 547.40  2.78
 548.10  2.78
 548.80  2.79
 549.50  2.79
 550.20  2.79
 550.90  2.79
 551.60  2.79
 552.30  2.79
 553.00  2.80
 553.70  2.80
 554.40  2.80
 555.10  2.80
 555.80  2.80
 556.50  2.81
 557.20  2.81
 557.90  2.81
 558.60  2.81
 559.30  2.81
 560.00  2.81
 560.70  2.82
 561.40  2.82
 562.10  2.82
 562.80  2.82
 563.50  2.82
 564.20  2.82
 564.90  2.83
 565.60  2.83
 566.30  2.83
 567.00  2.83
 567.70  2.83
 568.40  2.83
 569.10  2.84
 569.80  2.84
 570.50  2.84
 571.20  2.84
 571.90  2.84
 572.60  2.84
 573.30  2.85
 574.00  2.85
 574.70  2.85
 575.40  2.85
 576.10  2.85
 576.80  2.85
 577.50  2.86
 578.20  2.86
 578.90  2.86
 579.60  2.86
 580.30  2.86
 581.00  2.86
 581.70  2.87
 582.40  2.87
 583.10  2.87
 583.80  2.87
 584.50  2.87
 585.20  2.87
 585.90  2.88
 586.60  2.88
 587.30  2.88
 588.00  2.88
 588.70  2.88
 589.40  2.88
 590.10  2.89
 590.80  2.89
 591.50  2.89
 592.20  2.89
 592.90  2.89
 593.60  2.89
 594.30  2.89
 595.00  2.90
 595.70  2.90
 596.40  2.90
 597.10  2.90
 597.80  2.90
 598.50  2.90
 599.20  2.91
 599.90  2.91
 600.60  2.91
 601.30  2.91
 602.00  2.91
 602.70  2.91
 603.40  2.91
 604.10  2.92
 604.80  2.92
 605.50  2.92
 606.20  2.92
 606.90  2.92
 607.60  2.92
 608.30  2.93
 609.00  2.93
 609.70  2.93
 610.40  2.93
 611.10  2.93
 611.80  2.93
 612.50  2.93
 613.20  2.94
 613.90  2.94
 614.60  2.94
 615.30  2.94
 616.00  2.94
 616.70  2.94
 617.40  2.94
 618.10  2.95
 618.80  2.95
 619.50  2.95
 620.20  2.95
 620.90  2.95
 621.60  2.95
 622.30  2.95
 623.00  2.96
 623.70  2.96
 624.40  2.96
 625.10  2.96
 625.80  2.96
 626.50  2.96
 627.20  2.96
 627.90  2.96
 628.60  2.97
 629.30  2.97
 630.00  2.97
 630.70  2.97
 631.40  2.97
 632.10  2.97
 632.80  2.97
 633.50  2.98
 634.20  2.98
 634.90  2.98
 635.60  2.98
 636.30  2.98
 637.00  2.98
 637.70  2.98
 638.40  2.99
 639.10  2.99
 639.80  2.99
 640.50  2.99
 641.20  2.99
 641.90  2.99
 642.60  2.99
 643.30  2.99
 644.00  3.00
 644.70  3.00
 645.40  3.00
 646.10  3.00
 646.80  3.00
 647.50  3.00
 648.20  3.00
 648.90  3.00
 649.60  3.01
 650.30  3.01
 651.00  3.01
 651.70  3.01
 652.40  3.01
 653.10  3.01
 653.80  3.01
 654.50  3.01
 655.20  3.02
 655.90  3.02
 656.60  3.02
 657.30  3.02
 658.00  3.02
 658.70  3.02
 659.40  3.02
 660.10  3.02
 660.80  3.03
 661.50  3.03
 662.20  3.03
 662.90  3.03
 663.60  3.03
 664.30  3.03
 665.00  3.03
 665.70  3.03
 666.40  3.04
 667.10  3.04
 667.80  3.04
 668.50  3.04
 669.20  3.04
 669.90  3.04
 670.60  3.04
 671.30  3.04
 672.00  3.04
 672.70  3.05
 673.40  3.05
 674.10  3.05
 674.80  3.05
 675.50  3.05
 676.20  3.05
 676.90  3.05
 677.60  3.05
 678.30  3.06
 679.00  3.06
 679.70  3.06
 680.40  3.06
 681.10  3.06
 681.80  3.06
 682.50  3.06
 683.20  3.06
 683.90  3.06
 684.60  3.07
 685.30  3.07
 686.00  3.07
 686.70  3.07
 687.40  3.07
 688.10  3.07
 688.80  3.07
 689.50  3.07
 690.20  3.07
 690.90  3.08
 691.60  3.08
 692.30  3.08
 693.00  3.08
 693.70  3.08
 694.40  3.08
 695.10  3.08
 695.80  3.08
 696.50  3.08
 697.20  3.08
 697.90  3.09
 698.60  3.09
 699.30  3.09
 700.00  3.09
 700.70  3.09
 701.40  3.09
 702.10  3.09
 702.80  3.09
 703.50  3.09
 704.20  3.10
 704.90  3.10
 705.60  3.10
 706.30  3.10
 707.00  3.10
 707.70  3.10
 708.40  3.10
 709.10  3.10
 709.80  3.10
 710.50  3.10
 711.20  3.11
 711.90  3.11
 712.60  3.11
 713.30  3.11
 714.00  3.11
 714.70  3.11
 715.40  3.11
 716.10  3.11
 716.80  3.11
 717.50  3.11
 718.20  3.12
 718.90  3.12
 719.60  3.12
 720.30  3.12
 721.00  3.12
 721.70  3.12
 722.40  3.12
 723.10  3.12
 723.80  3.12
 724.50  3.12
 725.20  3.12
 725.90  3.13
 726.60  3.13
 727.30  3.13
 728.00  3.13
 728.70  3.13
 729.40  3.13
 730.10  3.13
 730.80  3.13
 731.50  3.13
 732.20  3.13
 732.90  3.13
 733.60  3.14
 734.30  3.14
 735.00  3.14
 735.70  3.14
 736.40  3.14
 737.10  3.14
 737.80  3.14
 738.50  3.14
 739.20  3.14
 739.90  3.14
 740.60  3.14
 741.30  3.15
 742.00  3.15
 742.70  3.15
 743.40  3.15
 744.10  3.15
 744.80  3.15
 745.50  3.15
 746.20  3.15
 746.90  3.15
 747.60  3.15
 748.30  3.15
 749.00  3.16
 749.70  3.16
 750.40  3.16
 751.10  3.16
 751.80  3.16
 752.50  3.16
 753.20  3.16
 753.90  3.16
 754.60  3.16
 755.30  3.16
 756.00  3.16
 756.70  3.16
 757.40  3.17
 758.10  3.17
 758.80  3.17
 759.50  3.17
 760.20  3.17
 760.90  3.17
 761.60  3.17
 762.30  3.17
 763.00  3.17
 763.70  3.17
 764.40  3.17
 765.10  3.17
 765.80  3.18
 766.50  3.18
 767.20  3.18
 767.90  3.18
 768.60  3.18
 769.30  3.18
 770.00  3.18
 770.70  3.18
 771.40  3.18
 772.10  3.18
 772.80  3.18
 773.50  3.18
 774.20  3.18
 774.90  3.19
 775.60  3.19
 776.30  3.19
 777.00  3.19
 777.70  3.19
 778.40  3.19
 779.10  3.19
 779.80  3.19
 780.50  3.19
 781.20  3.19
 781.90  3.19
 782.60  3.19
 783.30  3.19
 784.00  3.20
 784.70  3.20
 785.40  3.20
 786.10  3.20
 786.80  3.20
 787.50  3.20
 788.20  3.20
 788.90  3.20
 789.60  3.20
 790.30  3.20
 791.00  3.20
 791.70  3.20
 792.40  3.20
 793.10  3.20
 793.80  3.21
 794.50  3.21
 795.20  3.21
 795.90  3.21
 796.60  3.21
 797.30  3.21
 798.00  3.21
 798.70  3.21
 799.40  3.21
 800.10  3.21
 800.80  3.21
 801.50  3.21
 802.20  3.21
 802.90  3.21
 803.60  3.22
 804.30  3.22
 805.00  3.22
 805.70  3.22
 806.40  3.22
 807.10  3.22
 807.80  3.22
 808.50  3.22
 809.20  3.22
 809.90  3.22
 810.60  3.22
 811.30  3.22
 812.00  3.22
 812.70  3.22
 813.40  3.22
 814.10  3.23
 814.80  3.23
 815.50  3.23
 816.20  3.23
 816.90  3.23
 817.60  3.23
 818.30  3.23
 819.00  3.23
 819.70  3.23
 820.40  3.23
 821.10  3.23
 821.80  3.23
 822.50  3.23
 823.20  3.23
 823.90  3.23
 824.60  3.23
 825.30  3.24
 826.00  3.24
 826.70  3.24
 827.40  3.24
 828.10  3.24
 828.80  3.24
 829.50  3.24
 830.20  3.24
 830.90  3.24
 831.60  3.24
 832.30  3.24
 833.00  3.24
 833.70  3.24
 834.40  3.24
 835.10  3.24
 835.80  3.24
 836.50  3.24
 837.20  3.25
 837.90  3.25
 838.60  3.25
 839.30  3.25
 840.00  3.25
 840.70  3.25
 841.40  3.25
 842.10  3.25
 842.80  3.25
 843.50  3.25
 844.20  3.25
 844.90  3.25
 845.60  3.25
 846.30  3.25
 847.00  3.25
 847.70  3.25
 848.40  3.25
 849.10  3.26
 849.80  3.26
 850.50  3.26
 851.20  3.26
 851.90  3.26
 852.60  3.26
 853.30  3.26
 854.00  3.26
 854.70  3.26
 855.40  3.26
 856.10  3.26
 856.80  3.26
 857.50  3.26
 858.20  3.26
 858.90  3.26
 859.60  3.26
 860.30  3.26
 861.00  3.26
 861.70  3.27
 862.40  3.27
 863.10  3.27
 863.80  3.27
 864.50  3.27
 865.20  3.27
 865.90  3.27
 866.60  3.27
 867.30  3.27
 868.00  3.27
 868.70  3.27
 869.40  3.27
 870.10  3.27
 870.80  3.27
 871.50  3.27
 872.20  3.27
 872.90  3.27
 873.60  3.27
 874.30  3.27
 875.00  3.28
 875.70  3.28
 876.40  3.28
 877.10  3.28
 877.80  3.28
 878.50  3.28
 879.20  3.28
 879.90  3.28
 880.60  3.28
 881.30  3.28
 882.00  3.28
 882.70  3.28
 883.40  3.28
 884.10  3.28
 884.80  3.28
 885.50  3.28
 886.20  3.28
 886.90  3.28
 887.60  3.28
 888.30  3.28
 889.00  3.28
 889.70  3.29
 890.40  3.29
 891.10  3.29
 891.80  3.29
 892.50  3.29
 893.20  3.29
 893.90  3.29
 894.60  3.29
 895.30  3.29
 896.00  3.29
 896.70  3.29
 897.40  3.29
 898.10  3.29
 898.80  3.29
 899.50  3.29
 900.20  3.29
 900.90  3.29
 901.60  3.29
 902.30  3.29
 903.00  3.29
 903.70  3.29
 904.40  3.29
 905.10  3.30
 905.80  3.30
 906.50  3.30
 907.20  3.30
 907.90  3.30
 908.60  3.30
 909.30  3.30
 910.00  3.30
 910.70  3.30
 911.40  3.30
 912.10  3.30
 912.80  3.30
 913.50  3.30
 914.20  3.30
 914.90  3.30
 915.60  3.30
 916.30  3.30
 917.00  3.30
 917.70  3.30
 918.40  3.30
 919.10  3.30
 919.80  3.30
 920.50  3.30
 921.20  3.31
 921.90  3.31
 922.60  3.31
 923.30  3.31
 924.00  3.31
 924.70  3.31
 925.40  3.31
 926.10  3.31
 926.80  3.31
 927.50  3.31
 928.20  3.31
 928.90  3.31
 929.60  3.31
 930.30  3.31
 931.00  3.31
 931.70  3.31
 932.40  3.31
 933.10  3.31
 933.80  3.31
 934.50  3.31
 935.20  3.31
 935.90  3.31
 936.60  3.31
 937.30  3.31
 938.00  3.31
 938.70  3.31
 939.40  3.32
 940.10  3.32
 940.80  3.32
 941.50  3.32
 942.20  3.32
 942.90  3.32
 943.60  3.32
 944.30  3.32
 945.00  3.32
 945.70  3.32
 946.40  3.32
 947.10  3.32
 947.80  3.32
 948.50  3.32
 949.20  3.32
 949.90  3.32
 950.60  3.32
 951.30  3.32
 952.00  3.32
 952.70  3.32
 953.40  3.32
 954.10  3.32
 954.80  3.32
 955.50  3.32
 956.20  3.32
 956.90  3.32
 957.60  3.32
 958.30  3.33
 959.00  3.33
 959.70  3.33
 960.40  3.33
 961.10  3.33
 961.80  3.33
 962.50  3.33
 963.20  3.33
 963.90  3.33
 964.60  3.33
 965.30  3.33
 966.00  3.33
 966.70  3.33
 967.40  3.33
 968.10  3.33
 968.80  3.33
 969.50  3.33
 970.20  3.33
 970.90  3.33
 971.60  3.33
 972.30  3.33
 973.00  3.33
 973.70  3.33
 974.40  3.33
 975.10  3.33
 975.80  3.33
 976.50  3.33
 977.20  3.33
 977.90  3.33
 978.60  3.33
 979.30  3.34
 980.00  3.34
 980.70  3.34
 981.40  3.34
 982.10  3.34
 982.80  3.34
 983.50  3.34
 984.20  3.34
 984.90  3.34
 985.60  3.34
 986.30  3.34
 987.00  3.34
 987.70  3.34
 988.40  3.34
 989.10  3.34
 989.80  3.34
 990.50  3.34
 991.20  3.34
 991.90  3.34
 992.60  3.34
 993.30  3.34
 994.00  3.34
 994.70  3.34
 995.40  3.34
 996.10  3.34
 996.80  3.34
 997.50  3.34
 998.20  3.34
 998.90  3.34
 999.60  3.34
 1000.30  3.34
 1001.00  3.34
 1001.70  3.34
 1002.40  3.35
 1003.10  3.35
 1003.80  3.35
 1004.50  3.35
 1005.20  3.35
 1005.90  3.35
 1006.60  3.35
 1007.30  3.35
 1008.00  3.35
 1008.70  3.35
 1009.40  3.35
 1010.10  3.35
 1010.80  3.35
 1011.50  3.35
 1012.20  3.35
 1012.90  3.35
 1013.60  3.35
 1014.30  3.35
 1015.00  3.35
 1015.70  3.35
 1016.40  3.35
 1017.10  3.35
 1017.80  3.35
 1018.50  3.35
 1019.20  3.35
 1019.90  3.35
 1020.60  3.35
 1021.30  3.35
 1022.00  3.35
 1022.70  3.35
 1023.40  3.35
 1024.10  3.35
 1024.80  3.35
 1025.50  3.35
 1026.20  3.35
 1026.90  3.35
 1027.60  3.35
 1028.30  3.35
 1029.00  3.36
 1029.70  3.36
 1030.40  3.36
 1031.10  3.36
 1031.80  3.36
 1032.50  3.36
 1033.20  3.36
 1033.90  3.36
 1034.60  3.36
 1035.30  3.36
 1036.00  3.36
 1036.70  3.36
 1037.40  3.36
 1038.10  3.36
 1038.80  3.36
 1039.50  3.36
 1040.20  3.36
 1040.90  3.36
 1041.60  3.36
 1042.30  3.36
 1043.00  3.36
 1043.70  3.36
 1044.40  3.36
 1045.10  3.36
 1045.80  3.36
 1046.50  3.36
 1047.20  3.36
 1047.90  3.36
 1048.60  3.36
 1049.30  3.36
 1050.00  3.36
 1050.70  3.36
 1051.40  3.36
 1052.10  3.36
 1052.80  3.36
 1053.50  3.36
 1054.20  3.36
 1054.90  3.36
 1055.60  3.36
 1056.30  3.36
 1057.00  3.36
 1057.70  3.36
 1058.40  3.37
 1059.10  3.37
 1059.80  3.37
 1060.50  3.37
 1061.20  3.37
 1061.90  3.37
 1062.60  3.37
 1063.30  3.37
 1064.00  3.37
 1064.70  3.37
 1065.40  3.37
 1066.10  3.37
 1066.80  3.37
 1067.50  3.37
 1068.20  3.37
 1068.90  3.37
 1069.60  3.37
 1070.30  3.37
 1071.00  3.37
 1071.70  3.37
 1072.40  3.37
 1073.10  3.37
 1073.80  3.37
 1074.50  3.37
 1075.20  3.37
 1075.90  3.37
 1076.60  3.37
 1077.30  3.37
 1078.00  3.37
 1078.70  3.37
 1079.40  3.37
 1080.10  3.37
 1080.80  3.37
 1081.50  3.37
 1082.20  3.37
 1082.90  3.37
 1083.60  3.37
 1084.30  3.37
 1085.00  3.37
 1085.70  3.37
 1086.40  3.37
 1087.10  3.37
 1087.80  3.37
 1088.50  3.37
 1089.20  3.37
 1089.90  3.37
 1090.60  3.37
 1091.30  3.37
 1092.00  3.37
 1092.70  3.38
 1093.40  3.38
 1094.10  3.38
 1094.80  3.38
 1095.50  3.38
 1096.20  3.38
 1096.90  3.38
 1097.60  3.38
 1098.30  3.38
 1099.00  3.38
 1099.70  3.38
 1100.40  3.38
 1101.10  3.38
 1101.80  3.38
 1102.50  3.38
 1103.20  3.38
 1103.90  3.38
 1104.60  3.38
 1105.30  3.38
 1106.00  3.38
 1106.70  3.38
 1107.40  3.38
 1108.10  3.38
 1108.80  3.38
 1109.50  3.38
 1110.20  3.38
 1110.90  3.38
 1111.60  3.38
 1112.30  3.38
 1113.00  3.38
 1113.70  3.38
 1114.40  3.38
 1115.10  3.38
 1115.80  3.38
 1116.50  3.38
 1117.20  3.38
 1117.90  3.38
 1118.60  3.38
 1119.30  3.38
 1120.00  3.38
 1120.70  3.38
 1121.40  3.38
 1122.10  3.38
 1122.80  3.38
 1123.50  3.38
 1124.20  3.38
 1124.90  3.38
 1125.60  3.38
 1126.30  3.38
 1127.00  3.38
 1127.70  3.38
 1128.40  3.38
 1129.10  3.38
 1129.80  3.38
 1130.50  3.38
 1131.20  3.38
 1131.90  3.38
 1132.60  3.38
 1133.30  3.39
 1134.00  3.39
 1134.70  3.39
 1135.40  3.39
 1136.10  3.39
 1136.80  3.39
 1137.50  3.39
 1138.20  3.39
 1138.90  3.39
 1139.60  3.39
 1140.30  3.39
 1141.00  3.39
 1141.70  3.39
 1142.40  3.39
 1143.10  3.39
 1143.80  3.39
 1144.50  3.39
 1145.20  3.39
 1145.90  3.39
 1146.60  3.39
 1147.30  3.39
 1148.00  3.39
 1148.70  3.39
 1149.40  3.39
 1150.10  3.39
 1150.80  3.39
 1151.50  3.39
 1152.20  3.39
 1152.90  3.39
 1153.60  3.39
 1154.30  3.39
 1155.00  3.39
 1155.70  3.39
 1156.40  3.39
 1157.10  3.39
 1157.80  3.39
 1158.50  3.39
 1159.20  3.39
 1159.90  3.39
 1160.60  3.39
 1161.30  3.39
 1162.00  3.39
 1162.70  3.39
 1163.40  3.39
 1164.10  3.39
 1164.80  3.39
 1165.50  3.39
 1166.20  3.39
 1166.90  3.39
 1167.60  3.39
 1168.30  3.39
 1169.00  3.39
 1169.70  3.39
 1170.40  3.39
 1171.10  3.39
 1171.80  3.39
 1172.50  3.39
 1173.20  3.39
 1173.90  3.39
 1174.60  3.39
 1175.30  3.39
 1176.00  3.39
 1176.70  3.39
 1177.40  3.39
 1178.10  3.39
 1178.80  3.39
 1179.50  3.39
 1180.20  3.39
 1180.90  3.39
 1181.60  3.39
 1182.30  3.39
 1183.00  3.39
 1183.70  3.40
 1184.40  3.40
 1185.10  3.40
 1185.80  3.40
 1186.50  3.40
 1187.20  3.40
 1187.90  3.40
 1188.60  3.40
 1189.30  3.40
 1190.00  3.40
 1190.70  3.40
 1191.40  3.40
 1192.10  3.40
 1192.80  3.40
 1193.50  3.40
 1194.20  3.40
 1194.90  3.40
 1195.60  3.40
 1196.30  3.40
 1197.00  3.40
 1197.70  3.40
 1198.40  3.40
 1199.10  3.40
 1199.80  3.40
 1200.50  3.40
 1201.20  3.40
 1201.90  3.40
 1202.60  3.40
 1203.30  3.40
 1204.00  3.40
 1204.70  3.40
 1205.40  3.40
 1206.10  3.40
 1206.80  3.40
 1207.50  3.40
 1208.20  3.40
 1208.90  3.40
 1209.60  3.40
 1210.30  3.40
 1211.00  3.40
 1211.70  3.40
 1212.40  3.40
 1213.10  3.40
 1213.80  3.40
 1214.50  3.40
 1215.20  3.40
 1215.90  3.40
 1216.60  3.40
 1217.30  3.40
 1218.00  3.40
 1218.70  3.40
 1219.40  3.40
 1220.10  3.40
 1220.80  3.40
 1221.50  3.40
 1222.20  3.40
 1222.90  3.40
 1223.60  3.40
 1224.30  3.40
 1225.00  3.40
 1225.70  3.40
 1226.40  3.40
 1227.10  3.40
 1227.80  3.40
 1228.50  3.40
 1229.20  3.40
 1229.90  3.40
 1230.60  3.40
 1231.30  3.40
 1232.00  3.40
 1232.70  3.40
 1233.40  3.40
 1234.10  3.40
 1234.80  3.40
 1235.50  3.40
 1236.20  3.40
 1236.90  3.40
 1237.60  3.40
 1238.30  3.40
 1239.00  3.40
 1239.70  3.40
 1240.40  3.40
 1241.10  3.40
 1241.80  3.40
 1242.50  3.40
 1243.20  3.40
 1243.90  3.40
 1244.60  3.40
 1245.30  3.40
 1246.00  3.40
 1246.70  3.40
 1247.40  3.40
 1248.10  3.40
 1248.80  3.40
 1249.50  3.41
 1250.20  3.41
 1250.90  3.41
 1251.60  3.41
 1252.30  3.41
 1253.00  3.41
 1253.70  3.41
 1254.40  3.41
 1255.10  3.41
 1255.80  3.41
 1256.50  3.41
 1257.20  3.41
 1257.90  3.41
 1258.60  3.41
 1259.30  3.41
 1260.00  3.41
 1260.70  3.41
 1261.40  3.41
 1262.10  3.41
 1262.80  3.41
 1263.50  3.41
 1264.20  3.41
 1264.90  3.41
 1265.60  3.41
 1266.30  3.41
 1267.00  3.41
 1267.70  3.41
 1268.40  3.41
 1269.10  3.41
 1269.80  3.41
 1270.50  3.41
 1271.20  3.41
 1271.90  3.41
 1272.60  3.41
 1273.30  3.41
 1274.00  3.41
 1274.70  3.41
 1275.40  3.41
 1276.10  3.41
 1276.80  3.41
 1277.50  3.41
 1278.20  3.41
 1278.90  3.41
 1279.60  3.41
 1280.30  3.41
 1281.00  3.41
 1281.70  3.41
 1282.40  3.41
 1283.10  3.41
 1283.80  3.41
 1284.50  3.41
 1285.20  3.41
 1285.90  3.41
 1286.60  3.41
 1287.30  3.41
 1288.00  3.41
 1288.70  3.41
 1289.40  3.41
 1290.10  3.41
 1290.80  3.41
 1291.50  3.41
 1292.20  3.41
 1292.90  3.41
 1293.60  3.41
 1294.30  3.41
 1295.00  3.41
 1295.70  3.41
 1296.40  3.41
 1297.10  3.41
 1297.80  3.41
 1298.50  3.41
 1299.20  3.41
 1299.90  3.41
 1300.60  3.41
 1301.30  3.41
 1302.00  3.41
 1302.70  3.41
 1303.40  3.41
 1304.10  3.41
 1304.80  3.41
 1305.50  3.41
 1306.20  3.41
 1306.90  3.41
 1307.60  3.41
 1308.30  3.41
 1309.00  3.41
 1309.70  3.41
 1310.40  3.41
 1311.10  3.41
 1311.80  3.41
 1312.50  3.41
 1313.20  3.41
 1313.90  3.41
 1314.60  3.41
 1315.30  3.41
 1316.00  3.41
 1316.70  3.41
 1317.40  3.41
 1318.10  3.41
 1318.80  3.41
 1319.50  3.41
 1320.20  3.41
 1320.90  3.41
 1321.60  3.41
 1322.30  3.41
 1323.00  3.41
 1323.70  3.41
 1324.40  3.41
 1325.10  3.41
 1325.80  3.41
 1326.50  3.41
 1327.20  3.41
 1327.90  3.41
 1328.60  3.41
 1329.30  3.41
 1330.00  3.41
 1330.70  3.41
 1331.40  3.41
 1332.10  3.41
 1332.80  3.41
 1333.50  3.41
 1334.20  3.41
 1334.90  3.41
 1335.60  3.41
 1336.30  3.41
 1337.00  3.41
 1337.70  3.41
 1338.40  3.41
 1339.10  3.41
 1339.80  3.41
 1340.50  3.41
 1341.20  3.41
 1341.90  3.41
 1342.60  3.41
 1343.30  3.41
 1344.00  3.41
 1344.70  3.41
 1345.40  3.41
 1346.10  3.41
 1346.80  3.42
 1347.50  3.42
 1348.20  3.42
 1348.90  3.42
 1349.60  3.42
 1350.30  3.42
 1351.00  3.42
 1351.70  3.42
 1352.40  3.42
 1353.10  3.42
 1353.80  3.42
 1354.50  3.42
 1355.20  3.42
 1355.90  3.42
 1356.60  3.42
 1357.30  3.42
 1358.00  3.42
 1358.70  3.42
 1359.40  3.42
 1360.10  3.42
 1360.80  3.42
 1361.50  3.42
 1362.20  3.42
 1362.90  3.42
 1363.60  3.42
 1364.30  3.42
 1365.00  3.42
 1365.70  3.42
 1366.40  3.42
 1367.10  3.42
 1367.80  3.42
 1368.50  3.42
 1369.20  3.42
 1369.90  3.42
 1370.60  3.42
 1371.30  3.42
 1372.00  3.42
 1372.70  3.42
 1373.40  3.42
 1374.10  3.42
 1374.80  3.42
 1375.50  3.42
 1376.20  3.42
 1376.90  3.42
 1377.60  3.42
 1378.30  3.42
 1379.00  3.42
 1379.70  3.42
 1380.40  3.42
 1381.10  3.42
 1381.80  3.42
 1382.50  3.42
 1383.20  3.42
 1383.90  3.42
 1384.60  3.42
 1385.30  3.42
 1386.00  3.42
 1386.70  3.42
 1387.40  3.42
 1388.10  3.42
 1388.80  3.42
 1389.50  3.42
 1390.20  3.42
 1390.90  3.42
 1391.60  3.42
 1392.30  3.42
 1393.00  3.42
 1393.70  3.42
 1394.40  3.42
 1395.10  3.42
 1395.80  3.42
 1396.50  3.42
 1397.20  3.42
 1397.90  3.42
 1398.60  3.42
 1399.30  3.42
 1400.00  3.42
 1400.70  3.42
 1401.40  3.42
 1402.10  3.42
 1402.80  3.42
 1403.50  3.42
 1404.20  3.42
 1404.90  3.42
 1405.60  3.42
 1406.30  3.42
 1407.00  3.42
 1407.70  3.42
 1408.40  3.42
 1409.10  3.42
 1409.80  3.42
 1410.50  3.42
 1411.20  3.42
 1411.90  3.42
 1412.60  3.42
 1413.30  3.42
 1414.00  3.42
 1414.70  3.42
 1415.40  3.42
 1416.10  3.42
 1416.80  3.42
 1417.50  3.42
 1418.20  3.42
 1418.90  3.42
 1419.60  3.42
 1420.30  3.42
 1421.00  3.42
 1421.70  3.42
 1422.40  3.42
 1423.10  3.42
 1423.80  3.42
 1424.50  3.42
 1425.20  3.42
 1425.90  3.42
 1426.60  3.42
 1427.30  3.42
 1428.00  3.42
 1428.70  3.42
 1429.40  3.42
 1430.10  3.42
 1430.80  3.42
 1431.50  3.42
 1432.20  3.42
 1432.90  3.42
 1433.60  3.42
 1434.30  3.42
 1435.00  3.42
 1435.70  3.42
 1436.40  3.42
 1437.10  3.42
 1437.80  3.42
 1438.50  3.42
 1439.20  3.42
 1439.90  3.42
 1440.60  3.42
 1441.30  3.42
 1442.00  3.42
 1442.70  3.42
 1443.40  3.42
 1444.10  3.42
 1444.80  3.42
 1445.50  3.42
 1446.20  3.42
 1446.90  3.42
 1447.60  3.42
 1448.30  3.42
 1449.00  3.42
 1449.70  3.42
 1450.40  3.42
 1451.10  3.42
 1451.80  3.42
 1452.50  3.42
 1453.20  3.42
 1453.90  3.42
 1454.60  3.42
 1455.30  3.42
 1456.00  3.42
 1456.70  3.42
 1457.40  3.42
 1458.10  3.42
 1458.80  3.42
 1459.50  3.42
 1460.20  3.42
 1460.90  3.42
 1461.60  3.42
 1462.30  3.42
 1463.00  3.42
 1463.70  3.42
 1464.40  3.42
 1465.10  3.42
 1465.80  3.42
 1466.50  3.42
 1467.20  3.42
 1467.90  3.42
 1468.60  3.42
 1469.30  3.42
 1470.00  3.42
 1470.70  3.42
 1471.40  3.42
 1472.10  3.42
 1472.80  3.42
 1473.50  3.42
 1474.20  3.42
 1474.90  3.42
 1475.60  3.42
 1476.30  3.42
 1477.00  3.42
 1477.70  3.42
 1478.40  3.42
 1479.10  3.42
 1479.80  3.42
 1480.50  3.42
 1481.20  3.42
 1481.90  3.42
 1482.60  3.42
 1483.30  3.42
 1484.00  3.42
 1484.70  3.42
 1485.40  3.42
 1486.10  3.42
 1486.80  3.42
 1487.50  3.42
 1488.20  3.42
 1488.90  3.42
 1489.60  3.42
 1490.30  3.42
 1491.00  3.42
 1491.70  3.42
 1492.40  3.42
 1493.10  3.42
 1493.80  3.42
 1494.50  3.42
 1495.20  3.42
 1495.90  3.42
 1496.60  3.42
 1497.30  3.42
 1498.00  3.42
 1498.70  3.42
 1499.40  3.42
 1500.10  3.42
 1500.80  3.42
 1501.50  3.42
 1502.20  3.42
 1502.90  3.42
 1503.60  3.42
 1504.30  3.42
 1505.00  3.42
 1505.70  3.42
 1506.40  3.42
 1507.10  3.42
 1507.80  3.42
 1508.50  3.42
 1509.20  3.42
 1509.90  3.42
 1510.60  3.42
 1511.30  3.42
 1512.00  3.42
 1512.70  3.42
 1513.40  3.42
 1514.10  3.42
 1514.80  3.42
 1515.50  3.42
 1516.20  3.42
 1516.90  3.42
 1517.60  3.42
 1518.30  3.42
 1519.00  3.42
 1519.70  3.42
 1520.40  3.42
 1521.10  3.42
 1521.80  3.42
 1522.50  3.42
 1523.20  3.42
 1523.90  3.42
 1524.60  3.42
 1525.30  3.42
 1526.00  3.42
 1526.70  3.42
 1527.40  3.42
 1528.10  3.42
 1528.80  3.42
 1529.50  3.42
 1530.20  3.42
 1530.90  3.42
 1531.60  3.42
 1532.30  3.42
 1533.00  3.42
 1533.70  3.42
 1534.40  3.42
 1535.10  3.42
 1535.80  3.42
 1536.50  3.43
 1537.20  3.43
 1537.90  3.43
 1538.60  3.43
 1539.30  3.43
 1540.00  3.43
 1540.70  3.43
 1541.40  3.43
 1542.10  3.43
 1542.80  3.43
 1543.50  3.43
 1544.20  3.43
 1544.90  3.43
 1545.60  3.43
 1546.30  3.43
 1547.00  3.43
 1547.70  3.43
 1548.40  3.43
 1549.10  3.43
 1549.80  3.43
 1550.50  3.43
 1551.20  3.43
 1551.90  3.43
 1552.60  3.43
 1553.30  3.43
 1554.00  3.43
 1554.70  3.43
 1555.40  3.43
 1556.10  3.43
 1556.80  3.43
 1557.50  3.43
 1558.20  3.43
 1558.90  3.43
 1559.60  3.43
 1560.30  3.43
 1561.00  3.43
 1561.70  3.43
 1562.40  3.43
 1563.10  3.43
 1563.80  3.43
 1564.50  3.43
 1565.20  3.43
 1565.90  3.43
 1566.60  3.43
 1567.30  3.43
 1568.00  3.43
 1568.70  3.43
 1569.40  3.43
 1570.10  3.43
 1570.80  3.43
 1571.50  3.43
 1572.20  3.43
 1572.90  3.43
 1573.60  3.43
 1574.30  3.43
 1575.00  3.43
 1575.70  3.43
 1576.40  3.43
 1577.10  3.43
 1577.80  3.43
 1578.50  3.43
 1579.20  3.43
 1579.90  3.43
 1580.60  3.43
 1581.30  3.43
 1582.00  3.43
 1582.70  3.43
 1583.40  3.43
 1584.10  3.43
 1584.80  3.43
 1585.50  3.43
 1586.20  3.43
 1586.90  3.43
 1587.60  3.43
 1588.30  3.43
 1589.00  3.43
 1589.70  3.43
 1590.40  3.43
 1591.10  3.43
 1591.80  3.43
 1592.50  3.43
 1593.20  3.43
 1593.90  3.43
 1594.60  3.43
 1595.30  3.43
 1596.00  3.43
 1596.70  3.43
 1597.40  3.43
 1598.10  3.43
 1598.80  3.43
 1599.50  3.43
 1600.20  3.43
 1600.90  3.43
 1601.60  3.43
 1602.30  3.43
 1603.00  3.43
 1603.70  3.43
 1604.40  3.43
 1605.10  3.43
 1605.80  3.43
 1606.50  3.43
 1607.20  3.43
 1607.90  3.43
 1608.60  3.43
 1609.30  3.43
 1610.00  3.43
 1610.70  3.43
 1611.40  3.43
 1612.10  3.43
 1612.80  3.43
 1613.50  3.43
 1614.20  3.43
 1614.90  3.43
 1615.60  3.43
 1616.30  3.43
 1617.00  3.43
 1617.70  3.43
 1618.40  3.43
 1619.10  3.43
 1619.80  3.43
 1620.50  3.43
 1621.20  3.43
 1621.90  3.43
 1622.60  3.43
 1623.30  3.43
 1624.00  3.43
 1624.70  3.43
 1625.40  3.43
 1626.10  3.43
 1626.80  3.43
 1627.50  3.43
 1628.20  3.43
 1628.90  3.43
 1629.60  3.43
 1630.30  3.43
 1631.00  3.43
 1631.70  3.43
 1632.40  3.43
 1633.10  3.43
 1633.80  3.43
 1634.50  3.43
 1635.20  3.43
 1635.90  3.43
 1636.60  3.43
 1637.30  3.43
 1638.00  3.43
 1638.70  3.43
 1639.40  3.43
 1640.10  3.43
 1640.80  3.43
 1641.50  3.43
 1642.20  3.43
 1642.90  3.43
 1643.60  3.43
 1644.30  3.43
 1645.00  3.43
 1645.70  3.43
 1646.40  3.43
 1647.10  3.43
 1647.80  3.43
 1648.50  3.43
 1649.20  3.43
 1649.90  3.43
 1650.60  3.43
 1651.30  3.43
 1652.00  3.43
 1652.70  3.43
 1653.40  3.43
 1654.10  3.43
 1654.80  3.43
 1655.50  3.43
 1656.20  3.43
 1656.90  3.43
 1657.60  3.43
 1658.30  3.43
 1659.00  3.43
 1659.70  3.43
 1660.40  3.43
 1661.10  3.43
 1661.80  3.43
 1662.50  3.43
 1663.20  3.43
 1663.90  3.43
 1664.60  3.43
 1665.30  3.43
 1666.00  3.43
 1666.70  3.43
 1667.40  3.43
 1668.10  3.43
 1668.80  3.43
 1669.50  3.43
 1670.20  3.43
 1670.90  3.43
 1671.60  3.43
 1672.30  3.43
 1673.00  3.43
 1673.70  3.43
 1674.40  3.43
 1675.10  3.43
 1675.80  3.43
 1676.50  3.43
 1677.20  3.43
 1677.90  3.43
 1678.60  3.43
 1679.30  3.43
 1680.00  3.43
 1680.70  3.43
 1681.40  3.43
 1682.10  3.43
 1682.80  3.43
 1683.50  3.43
 1684.20  3.43
 1684.90  3.43
 1685.60  3.43
 1686.30  3.43
 1687.00  3.43
 1687.70  3.43
 1688.40  3.43
 1689.10  3.43
 1689.80  3.43
 1690.50  3.43
 1691.20  3.43
 1691.90  3.43
 1692.60  3.43
 1693.30  3.43
 1694.00  3.43
 1694.70  3.43
 1695.40  3.43
 1696.10  3.43
 1696.80  3.43
 1697.50  3.43
 1698.20  3.43
 1698.90  3.43
 1699.60  3.43
 1700.30  3.43
 1701.00  3.43
 1701.70  3.43
 1702.40  3.43
 1703.10  3.43
 1703.80  3.43
 1704.50  3.43
 1705.20  3.43
 1705.90  3.43
 1706.60  3.43
 1707.30  3.43
 1708.00  3.43
 1708.70  3.43
 1709.40  3.43
 1710.10  3.43
 1710.80  3.43
 1711.50  3.43
 1712.20  3.43
 1712.90  3.43
 1713.60  3.43
 1714.30  3.43
 1715.00  3.43
 1715.70  3.43
 1716.40  3.43
 1717.10  3.43
 1717.80  3.43
 1718.50  3.43
 1719.20  3.43
 1719.90  3.43
 1720.60  3.43
 1721.30  3.43
 1722.00  3.43
 1722.70  3.43
 1723.40  3.43
 1724.10  3.43
 1724.80  3.43
 1725.50  3.43
 1726.20  3.43
 1726.90  3.43
 1727.60  3.43
 1728.30  3.43
 1729.00  3.43
 1729.70  3.43
 1730.40  3.43
 1731.10  3.43
 1731.80  3.43
 1732.50  3.43
 1733.20  3.43
 1733.90  3.43
 1734.60  3.43
 1735.30  3.43
 1736.00  3.43
 1736.70  3.43
 1737.40  3.43
 1738.10  3.43
 1738.80  3.43
 1739.50  3.43
 1740.20  3.43
 1740.90  3.43
 1741.60  3.43
 1742.30  3.43
 1743.00  3.43
 1743.70  3.43
 1744.40  3.43
 1745.10  3.43
 1745.80  3.43
 1746.50  3.43
 1747.20  3.43
 1747.90  3.43
 1748.60  3.43
 1749.30  3.43
 1750.00  3.43
 1750.70  3.43
 1751.40  3.43
 1752.10  3.43
 1752.80  3.43
 1753.50  3.43
 1754.20  3.43
 1754.90  3.43
 1755.60  3.43
 1756.30  3.43
 1757.00  3.43
 1757.70  3.43
 1758.40  3.43
 1759.10  3.43
 1759.80  3.43
 1760.50  3.43
 1761.20  3.43
 1761.90  3.43
 1762.60  3.43
 1763.30  3.43
 1764.00  3.43
 1764.70  3.43
 1765.40  3.43
 1766.10  3.43
 1766.80  3.43
 1767.50  3.43
 1768.20  3.43
 1768.90  3.43
 1769.60  3.43
 1770.30  3.43
 1771.00  3.43
 1771.70  3.43
 1772.40  3.43
 1773.10  3.43
 1773.80  3.43
 1774.50  3.43
 1775.20  3.43
 1775.90  3.43
 1776.60  3.43
 1777.30  3.43
 1778.00  3.43
 1778.70  3.43
 1779.40  3.43
 1780.10  3.43
 1780.80  3.43
 1781.50  3.43
 1782.20  3.43
 1782.90  3.43
 1783.60  3.43
 1784.30  3.43
 1785.00  3.43
 1785.70  3.43
 1786.40  3.43
 1787.10  3.43
 1787.80  3.43
 1788.50  3.43
 1789.20  3.43
 1789.90  3.43
 1790.60  3.43
 1791.30  3.43
 1792.00  3.43
 1792.70  3.43
 1793.40  3.43
 1794.10  3.43
 1794.80  3.43
 1795.50  3.43
 1796.20  3.43
 1796.90  3.43
 1797.60  3.43
 1798.30  3.43
 1799.00  3.43
 1799.70  3.43
 1800.40  3.43
 1801.10  3.43
 1801.80  3.43
 1802.50  3.43
 1803.20  3.43
 1803.90  3.43
 1804.60  3.43
 1805.30  3.43
 1806.00  3.43
 1806.70  3.43
 1807.40  3.43
 1808.10  3.43
 1808.80  3.43
 1809.50  3.43
 1810.20  3.43
 1810.90  3.43
 1811.60  3.43
 1812.30  3.43
 1813.00  3.43
 1813.70  3.43
 1814.40  3.43
 1815.10  3.43
 1815.80  3.43
 1816.50  3.43
 1817.20  3.43
 1817.90  3.43
 1818.60  3.43
 1819.30  3.43
 1820.00  3.43
 1820.70  3.43
 1821.40  3.43
 1822.10  3.43
 1822.80  3.43
 1823.50  3.43
 1824.20  3.43
 1824.90  3.43
 1825.60  3.43
 1826.30  3.43
 1827.00  3.43
 1827.70  3.43
 1828.40  3.43
 1829.10  3.43
 1829.80  3.43
 1830.50  3.43
 1831.20  3.43
 1831.90  3.43
 1832.60  3.43
 1833.30  3.43
 1834.00  3.43
 1834.70  3.43
 1835.40  3.43
 1836.10  3.43
 1836.80  3.43
 1837.50  3.43
 1838.20  3.43
 1838.90  3.43
 1839.60  3.43
 1840.30  3.43
 1841.00  3.43
 1841.70  3.43
 1842.40  3.43
 1843.10  3.43
 1843.80  3.43
 1844.50  3.43
 1845.20  3.43
 1845.90  3.43
 1846.60  3.43
 1847.30  3.43
 1848.00  3.43
 1848.70  3.43
 1849.40  3.43
 1850.10  3.43
 1850.80  3.43
 1851.50  3.43
 1852.20  3.43
 1852.90  3.43
 1853.60  3.43
 1854.30  3.43
 1855.00  3.43
 1855.70  3.43
 1856.40  3.43
 1857.10  3.43
 1857.80  3.43
 1858.50  3.43
 1859.20  3.43
 1859.90  3.43
 1860.60  3.43
 1861.30  3.43
 1862.00  3.43
 1862.70  3.43
 1863.40  3.43
 1864.10  3.43
 1864.80  3.43
 1865.50  3.43
 1866.20  3.43
 1866.90  3.43
 1867.60  3.43
 1868.30  3.43
 1869.00  3.43
 1869.70  3.43
 1870.40  3.43
 1871.10  3.43
 1871.80  3.43
 1872.50  3.43
 1873.20  3.43
 1873.90  3.43
 1874.60  3.43
 1875.30  3.43
 1876.00  3.43
 1876.70  3.43
 1877.40  3.43
 1878.10  3.43
 1878.80  3.43
 1879.50  3.43
 1880.20  3.43
 1880.90  3.43
 1881.60  3.43
 1882.30  3.43
 1883.00  3.43
 1883.70  3.43
 1884.40  3.43
 1885.10  3.43
 1885.80  3.43
 1886.50  3.43
 1887.20  3.43
 1887.90  3.43
 1888.60  3.43
 1889.30  3.43
 1890.00  3.43
 1890.70  3.43
 1891.40  3.43
 1892.10  3.43
 1892.80  3.43
 1893.50  3.43
 1894.20  3.43
 1894.90  3.43
 1895.60  3.43
 1896.30  3.43
 1897.00  3.43
 1897.70  3.43
 1898.40  3.43
 1899.10  3.43
 1899.80  3.43
 1900.50  3.43
 1901.20  3.43
 1901.90  3.43
 1902.60  3.43
 1903.30  3.43
 1904.00  3.43
 1904.70  3.43
 1905.40  3.43
 1906.10  3.43
 1906.80  3.43
 1907.50  3.43
 1908.20  3.43
 1908.90  3.43
 1909.60  3.43
 1910.30  3.43
 1911.00  3.43
 1911.70  3.43
 1912.40  3.43
 1913.10  3.43
 1913.80  3.43
 1914.50  3.43
 1915.20  3.43
 1915.90  3.43
 1916.60  3.43
 1917.30  3.43
 1918.00  3.43
 1918.70  3.43
 1919.40  3.43
 1920.10  3.43
 1920.80  3.43
 1921.50  3.43
 1922.20  3.43
 1922.90  3.43
 1923.60  3.43
 1924.30  3.43
 1925.00  3.43
 1925.70  3.43
 1926.40  3.43
 1927.10  3.43
 1927.80  3.43
 1928.50  3.43
 1929.20  3.43
 1929.90  3.43
 1930.60  3.43
 1931.30  3.43
 1932.00  3.43
 1932.70  3.43
 1933.40  3.43
 1934.10  3.43
 1934.80  3.43
 1935.50  3.43
 1936.20  3.43
 1936.90  3.43
 1937.60  3.43
 1938.30  3.43
 1939.00  3.43
 1939.70  3.43
 1940.40  3.43
 1941.10  3.43
 1941.80  3.43
 1942.50  3.43
 1943.20  3.43
 1943.90  3.43
 1944.60  3.43
 1945.30  3.43
 1946.00  3.43
 1946.70  3.43
 1947.40  3.43
 1948.10  3.43
 1948.80  3.43
 1949.50  3.43
 1950.20  3.43
 1950.90  3.43
 1951.60  3.43
 1952.30  3.43
 1953.00  3.43
 1953.70  3.43
 1954.40  3.43
 1955.10  3.43
 1955.80  3.43
 1956.50  3.43
 1957.20  3.43
 1957.90  3.43
 1958.60  3.43
 1959.30  3.43
 1960.00  3.43
 1960.70  3.43
 1961.40  3.43
 1962.10  3.43
 1962.80  3.43
 1963.50  3.43
 1964.20  3.43
 1964.90  3.43
 1965.60  3.43
 1966.30  3.43
 1967.00  3.43
 1967.70  3.43
 1968.40  3.43
 1969.10  3.43
 1969.80  3.43
 1970.50  3.43
 1971.20  3.43
 1971.90  3.43
 1972.60  3.43
 1973.30  3.43
 1974.00  3.43
 1974.70  3.43
 1975.40  3.43
 1976.10  3.43
 1976.80  3.43
 1977.50  3.43
 1978.20  3.43
 1978.90  3.43
 1979.60  3.43
 1980.30  3.43
 1981.00  3.43
 1981.70  3.43
 1982.40  3.43
 1983.10  3.43
 1983.80  3.43
 1984.50  3.43
 1985.20  3.43
 1985.90  3.43
 1986.60  3.43
 1987.30  3.43
 1988.00  3.43
 1988.70  3.43
 1989.40  3.43
 1990.10  3.43
 1990.80  3.43
 1991.50  3.43
 1992.20  3.43
 1992.90  3.43
 1993.60  3.43
 1994.30  3.43
 1995.00  3.43
 1995.70  3.43
 1996.40  3.43
 1997.10  3.43
 1997.80  3.43
 1998.50  3.43
 1999.20  3.43
 1999.90  3.43
 2000.60  3.43
 2001.30  3.43
 2002.00  3.43
 2002.70  3.43
 2003.40  3.43
 2004.10  3.43
 2004.80  3.43
 2005.50  3.43
 2006.20  3.43
 2006.90  3.43
 2007.60  3.43
 2008.30  3.43
 2009.00  3.43
 2009.70  3.43
 2010.40  3.43
 2011.10  3.43
 2011.80  3.43
 2012.50  3.43
 2013.20  3.43
 2013.90  3.43
 2014.60  3.43
 2015.30  3.43
 2016.00  3.43
 2016.70  3.43
 2017.40  3.43
 2018.10  3.43
 2018.80  3.43
 2019.50  3.43
 2020.20  3.43
 2020.90  3.43
 2021.60  3.43
 2022.30  3.43
 2023.00  3.43
 2023.70  3.43
 2024.40  3.43
 2025.10  3.43
 2025.80  3.43
 2026.50  3.43
 2027.20  3.43
 2027.90  3.43
 2028.60  3.43
 2029.30  3.43
 2030.00  3.43
 2030.70  3.43
 2031.40  3.43
 2032.10  3.43
 2032.80  3.43
 2033.50  3.43
 2034.20  3.43
 2034.90  3.43
 2035.60  3.43
 2036.30  3.43
 2037.00  3.43
 2037.70  3.43
 2038.40  3.43
 2039.10  3.43
 2039.80  3.43
 2040.50  3.43
 2041.20  3.43
 2041.90  3.43
 2042.60  3.43
 2043.30  3.43
 2044.00  3.43
 2044.70  3.43
 2045.40  3.43
 2046.10  3.43
 2046.80  3.43
 2047.50  3.43
 2048.20  3.43
 2048.90  3.43
 2049.60  3.43
 2050.30  3.43
 2051.00  3.43
 2051.70  3.43
 2052.40  3.43
 2053.10  3.43
 2053.80  3.43
 2054.50  3.43
 2055.20  3.43
 2055.90  3.43
 2056.60  3.43
 2057.30  3.43
 2058.00  3.43
 2058.70  3.43
 2059.40  3.43
 2060.10  3.43
 2060.80  3.43
 2061.50  3.43
 2062.20  3.43
 2062.90  3.43
 2063.60  3.43
 2064.30  3.43
 2065.00  3.43
 2065.70  3.43
 2066.40  3.43
 2067.10  3.43
 2067.80  3.43
 2068.50  3.43
 2069.20  3.43
 2069.90  3.43
 2070.60  3.43
 2071.30  3.43
 2072.00  3.43
 2072.70  3.43
 2073.40  3.43
 2074.10  3.43
 2074.80  3.43
 2075.50  3.43
 2076.20  3.43
 2076.90  3.43
 2077.60  3.43
 2078.30  3.43
 2079.00  3.43
 2079.70  3.43
 2080.40  3.43
 2081.10  3.43
 2081.80  3.43
 2082.50  3.43
 2083.20  3.43
 2083.90  3.43
 2084.60  3.43
 2085.30  3.43
 2086.00  3.43
 2086.70  3.43
 2087.40  3.43
 2088.10  3.43
 2088.80  3.43
 2089.50  3.43
 2090.20  3.43
 2090.90  3.43
 2091.60  3.43
 2092.30  3.43
 2093.00  3.43
 2093.70  3.43
 2094.40  3.43
 2095.10  3.43
 2095.80  3.43
 2096.50  3.43
 2097.20  3.43
 2097.90  3.43
 2098.60  3.43
 2099.30  3.43
 2100.00  3.43
 2100.70  3.43
 2101.40  3.43
 2102.10  3.43
 2102.80  3.43
 2103.50  3.43
 2104.20  3.43
 2104.90  3.43
 2105.60  3.43
 2106.30  3.43
 2107.00  3.43
 2107.70  3.43
 2108.40  3.43
 2109.10  3.43
 2109.80  3.43
 2110.50  3.43
 2111.20  3.43
 2111.90  3.43
 2112.60  3.43
 2113.30  3.43
 2114.00  3.43
 2114.70  3.43
 2115.40  3.43
 2116.10  3.43
 2116.80  3.43
 2117.50  3.43
 2118.20  3.43
 2118.90  3.43
 2119.60  3.43
 2120.30  3.43
 2121.00  3.43
 2121.70  3.43
 2122.40  3.43
 2123.10  3.43
 2123.80  3.43
 2124.50  3.43
 2125.20  3.43
 2125.90  3.43
 2126.60  3.43
 2127.30  3.43
 2128.00  3.43
 2128.70  3.43
 2129.40  3.43
 2130.10  3.43
 2130.80  3.43
 2131.50  3.43
 2132.20  3.43
 2132.90  3.43
 2133.60  3.43
 2134.30  3.43
 2135.00  3.43
 2135.70  3.43
 2136.40  3.43
 2137.10  3.43
 2137.80  3.43
 2138.50  3.43
 2139.20  3.43
 2139.90  3.43
 2140.60  3.43
 2141.30  3.43
 2142.00  3.43
 2142.70  3.43
 2143.40  3.43
 2144.10  3.43
 2144.80  3.43
 2145.50  3.43
 2146.20  3.43
 2146.90  3.43
 2147.60  3.43
 2148.30  3.43
 2149.00  3.43
 2149.70  3.43
 2150.40  3.43
 2151.10  3.43
 2151.80  3.43
 2152.50  3.43
 2153.20  3.43
 2153.90  3.43
 2154.60  3.43
 2155.30  3.43
 2156.00  3.43
 2156.70  3.43
 2157.40  3.43
 2158.10  3.43
 2158.80  3.43
 2159.50  3.43
 2160.20  3.43
 2160.90  3.43
 2161.60  3.43
 2162.30  3.43
 2163.00  3.43
 2163.70  3.43
 2164.40  3.43
 2165.10  3.43
 2165.80  3.43
 2166.50  3.43
 2167.20  3.43
 2167.90  3.43
 2168.60  3.43
 2169.30  3.43
 2170.00  3.43
 2170.70  3.43
 2171.40  3.43
 2172.10  3.43
 2172.80  3.43
 2173.50  3.43
 2174.20  3.43
 2174.90  3.43
 2175.60  3.43
 2176.30  3.43
 2177.00  3.43
 2177.70  3.43
 2178.40  3.43
 2179.10  3.43
 2179.80  3.43
 2180.50  3.43
 2181.20  3.43
 2181.90  3.43
 2182.60  3.43
 2183.30  3.43
 2184.00  3.43
 2184.70  3.43
 2185.40  3.43
 2186.10  3.43
 2186.80  3.43
 2187.50  3.43
 2188.20  3.43
 2188.90  3.43
 2189.60  3.43
 2190.30  3.43
 2191.00  3.43
 2191.70  3.43
 2192.40  3.43
 2193.10  3.43
 2193.80  3.43
 2194.50  3.43
 2195.20  3.43
 2195.90  3.43
 2196.60  3.43
 2197.30  3.43
 2198.00  3.43
 2198.70  3.43
 2199.40  3.43
 2200.10  3.43
 2200.80  3.43
 2201.50  3.43
 2202.20  3.43
 2202.90  3.43
 2203.60  3.43
 2204.30  3.43
 2205.00  3.43
 2205.70  3.43
 2206.40  3.43
 2207.10  3.43
 2207.80  3.43
 2208.50  3.43
 2209.20  3.43
 2209.90  3.43
 2210.60  3.43
 2211.30  3.43
 2212.00  3.43
 2212.70  3.43
 2213.40  3.43
 2214.10  3.43
 2214.80  3.43
 2215.50  3.43
 2216.20  3.43
 2216.90  3.43
 2217.60  3.43
 2218.30  3.43
 2219.00  3.43
 2219.70  3.43
 2220.40  3.43
 2221.10  3.43
 2221.80  3.43
 2222.50  3.43
 2223.20  3.43
 2223.90  3.43
 2224.60  3.43
 2225.30  3.43
 2226.00  3.43
 2226.70  3.43
 2227.40  3.43
 2228.10  3.43
 2228.80  3.43
 2229.50  3.43
 2230.20  3.43
 2230.90  3.43
 2231.60  3.43
 2232.30  3.43
 2233.00  3.43
 2233.70  3.43
 2234.40  3.43
 2235.10  3.43
 2235.80  3.43
 2236.50  3.43
 2237.20  3.43
 2237.90  3.43
 2238.60  3.43
 2239.30  3.43
 2240.00  3.43
 2240.70  3.43
 2241.40  3.43
 2242.10  3.43
 2242.80  3.43
 2243.50  3.43
 2244.20  3.43
 2244.90  3.43
 2245.60  3.43
 2246.30  3.43
 2247.00  3.43
 2247.70  3.43
 2248.40  3.43
 2249.10  3.43
 2249.80  3.43
 2250.50  3.43
 2251.20  3.43
 2251.90  3.43
 2252.60  3.43
 2253.30  3.43
 2254.00  3.43
 2254.70  3.43
 2255.40  3.43
 2256.10  3.43
 2256.80  3.43
 2257.50  3.43
 2258.20  3.43
 2258.90  3.43
 2259.60  3.43
 2260.30  3.43
 2261.00  3.43
 2261.70  3.43
 2262.40  3.43
 2263.10  3.43
 2263.80  3.43
 2264.50  3.43
 2265.20  3.43
 2265.90  3.43
 2266.60  3.43
 2267.30  3.43
 2268.00  3.43
 2268.70  3.43
 2269.40  3.43
 2270.10  3.43
 2270.80  3.43
 2271.50  3.43
 2272.20  3.43
 2272.90  3.43
 2273.60  3.43
 2274.30  3.43
 2275.00  3.43
 2275.70  3.43
 2276.40  3.43
 2277.10  3.43
 2277.80  3.43
 2278.50  3.43
 2279.20  3.43
 2279.90  3.43
 2280.60  3.43
 2281.30  3.43
 2282.00  3.43
 2282.70  3.43
 2283.40  3.43
 2284.10  3.43
 2284.80  3.43
 2285.50  3.43
 2286.20  3.43
 2286.90  3.43
 2287.60  3.43
 2288.30  3.43
 2289.00  3.43
 2289.70  3.43
 2290.40  3.43
 2291.10  3.43
 2291.80  3.43
 2292.50  3.43
 2293.20  3.43
 2293.90  3.43
 2294.60  3.43
 2295.30  3.43
 2296.00  3.43
 2296.70  3.43
 2297.40  3.43
 2298.10  3.43
 2298.80  3.43
 2299.50  3.43
 2300.20  3.43
 2300.90  3.43
 2301.60  3.43
 2302.30  3.43
 2303.00  3.43
 2303.70  3.43
 2304.40  3.43
 2305.10  3.43
 2305.80  3.43
 2306.50  3.43
 2307.20  3.43
 2307.90  3.43
 2308.60  3.43
 2309.30  3.43
 2310.00  3.43
 2310.70  3.43
 2311.40  3.43
 2312.10  3.43
 2312.80  3.43
 2313.50  3.43
 2314.20  3.43
 2314.90  3.43
 2315.60  3.43
 2316.30  3.43
 2317.00  3.43
 2317.70  3.43
 2318.40  3.43
 2319.10  3.43
 2319.80  3.43
 2320.50  3.43
 2321.20  3.43
 2321.90  3.43
 2322.60  3.43
 2323.30  3.43
 2324.00  3.43
 2324.70  3.43
 2325.40  3.43
 2326.10  3.43
 2326.80  3.43
 2327.50  3.43
 2328.20  3.43
 2328.90  3.43
 2329.60  3.43
 2330.30  3.43
 2331.00  3.43
 2331.70  3.43
 2332.40  3.43
 2333.10  3.43
 2333.80  3.43
 2334.50  3.43
 2335.20  3.43
 2335.90  3.43
 2336.60  3.43
 2337.30  3.43
 2338.00  3.43
 2338.70  3.43
 2339.40  3.43
 2340.10  3.43
 2340.80  3.43
 2341.50  3.43
 2342.20  3.43
 2342.90  3.43
 2343.60  3.43
 2344.30  3.43
 2345.00  3.43
 2345.70  3.43
 2346.40  3.43
 2347.10  3.43
 2347.80  3.43
 2348.50  3.43
 2349.20  3.43
 2349.90  3.43
 2350.60  3.43
 2351.30  3.43
 2352.00  3.43
 2352.70  3.43
 2353.40  3.43
 2354.10  3.43
 2354.80  3.43
 2355.50  3.43
 2356.20  3.43
 2356.90  3.43
 2357.60  3.43
 2358.30  3.43
 2359.00  3.43
 2359.70  3.43
 2360.40  3.43
 2361.10  3.43
 2361.80  3.43
 2362.50  3.43
 2363.20  3.43
 2363.90  3.43
 2364.60  3.43
 2365.30  3.43
 2366.00  3.43
 2366.70  3.43
 2367.40  3.43
 2368.10  3.43
 2368.80  3.43
 2369.50  3.43
 2370.20  3.43
 2370.90  3.43
 2371.60  3.43
 2372.30  3.43
 2373.00  3.43
 2373.70  3.43
 2374.40  3.43
 2375.10  3.43
 2375.80  3.43
 2376.50  3.43
 2377.20  3.43
 2377.90  3.43
 2378.60  3.43
 2379.30  3.43
 2380.00  3.43
 2380.70  3.43
 2381.40  3.43
 2382.10  3.43
 2382.80  3.43
 2383.50  3.43
 2384.20  3.43
 2384.90  3.43
 2385.60  3.43
 2386.30  3.43
 2387.00  3.43
 2387.70  3.43
 2388.40  3.43
 2389.10  3.43
 2389.80  3.43
 2390.50  3.43
 2391.20  3.43
 2391.90  3.43
 2392.60  3.43
 2393.30  3.43
 2394.00  3.43
 2394.70  3.43
 2395.40  3.43
 2396.10  3.43
 2396.80  3.43
 2397.50  3.43
 2398.20  3.43
 2398.90  3.43
 2399.60  3.43
 2400.30  3.43
 2401.00  3.43
 2401.70  3.43
 2402.40  3.43
 2403.10  3.43
 2403.80  3.43
 2404.50  3.43
 2405.20  3.43
 2405.90  3.43
 2406.60  3.43
 2407.30  3.43
 2408.00  3.43
 2408.70  3.43
 2409.40  3.43
 2410.10  3.43
 2410.80  3.43
 2411.50  3.43
 2412.20  3.43
 2412.90  3.43
 2413.60  3.43
 2414.30  3.43
 2415.00  3.43
 2415.70  3.43
 2416.40  3.43
 2417.10  3.43
 2417.80  3.43
 2418.50  3.43
 2419.20  3.43
 2419.90  3.43
 2420.60  3.43
 2421.30  3.43
 2422.00  3.43
 2422.70  3.43
 2423.40  3.43
 2424.10  3.43
 2424.80  3.43
 2425.50  3.43
 2426.20  3.43
 2426.90  3.43
 2427.60  3.43
 2428.30  3.43
 2429.00  3.43
 2429.70  3.43
 2430.40  3.43
 2431.10  3.43
 2431.80  3.43
 2432.50  3.43
 2433.20  3.43
 2433.90  3.43
 2434.60  3.43
 2435.30  3.43
 2436.00  3.43
 2436.70  3.43
 2437.40  3.43
 2438.10  3.43
 2438.80  3.43
 2439.50  3.43
 2440.20  3.43
 2440.90  3.43
 2441.60  3.43
 2442.30  3.43
 2443.00  3.43
 2443.70  3.43
 2444.40  3.43
 2445.10  3.43
 2445.80  3.43
 2446.50  3.43
 2447.20  3.43
 2447.90  3.43
 2448.60  3.43
 2449.30  3.43
 2450.00  3.43
 2450.70  3.43
 2451.40  3.43
 2452.10  3.43
 2452.80  3.43
 2453.50  3.43
 2454.20  3.43
 2454.90  3.43
 2455.60  3.43
 2456.30  3.43
 2457.00  3.43
 2457.70  3.43
 2458.40  3.43
 2459.10  3.43
 2459.80  3.43
 2460.50  3.43
 2461.20  3.43
 2461.90  3.43
 2462.60  3.43
 2463.30  3.43
 2464.00  3.43
 2464.70  3.43
 2465.40  3.43
 2466.10  3.43
 2466.80  3.43
 2467.50  3.43
 2468.20  3.43
 2468.90  3.43
 2469.60  3.43
 2470.30  3.43
 2471.00  3.43
 2471.70  3.43
 2472.40  3.43
 2473.10  3.43
 2473.80  3.43
 2474.50  3.43
 2475.20  3.43
 2475.90  3.43
 2476.60  3.43
 2477.30  3.43
 2478.00  3.43
 2478.70  3.43
 2479.40  3.43
 2480.10  3.43
 2480.80  3.43
 2481.50  3.43
 2482.20  3.43
 2482.90  3.43
 2483.60  3.43
 2484.30  3.43
 2485.00  3.43
 2485.70  3.43
 2486.40  3.43
 2487.10  3.43
 2487.80  3.43
 2488.50  3.43
 2489.20  3.43
 2489.90  3.43
 2490.60  3.43
 2491.30  3.43
 2492.00  3.43
 2492.70  3.43
 2493.40  3.43
 2494.10  3.43
 2494.80  3.43
 2495.50  3.43
 2496.20  3.43
 2496.90  3.43
 2497.60  3.43
 2498.30  3.43
 2499.00  3.43
 2499.70  3.43
 2500.40  3.43
 2501.10  3.43
 2501.80  3.43
 2502.50  3.43
 2503.20  3.43
 2503.90  3.43
 2504.60  3.43
 2505.30  3.43
 2506.00  3.43
 2506.70  3.43
 2507.40  3.43
 2508.10  3.43
 2508.80  3.43
 2509.50  3.43
 2510.20  3.43
 2510.90  3.43
 2511.60  3.43
 2512.30  3.43
 2513.00  3.43
 2513.70  3.43
 2514.40  3.43
 2515.10  3.43
 2515.80  3.43
 2516.50  3.43
 2517.20  3.43
 2517.90  3.43
 2518.60  3.43
 2519.30  3.43
 2520.00  3.43
 2520.70  3.43
 2521.40  3.43
 2522.10  3.43
 2522.80  3.43
 2523.50  3.43
 2524.20  3.43
 2524.90  3.43
 2525.60  3.43
 2526.30  3.43
 2527.00  3.43
 2527.70  3.43
 2528.40  3.43
 2529.10  3.43
 2529.80  3.43
 2530.50  3.43
 2531.20  3.43
 2531.90  3.43
 2532.60  3.43
 2533.30  3.43
 2534.00  3.43
 2534.70  3.43
 2535.40  3.43
 2536.10  3.43
 2536.80  3.43
 2537.50  3.43
 2538.20  3.43
 2538.90  3.43
 2539.60  3.43
 2540.30  3.43
 2541.00  3.43
 2541.70  3.43
 2542.40  3.43
 2543.10  3.43
 2543.80  3.43
 2544.50  3.43
 2545.20  3.43
 2545.90  3.43
 2546.60  3.43
 2547.30  3.43
 2548.00  3.43
 2548.70  3.43
 2549.40  3.43
 2550.10  3.43
 2550.80  3.43
 2551.50  3.43
 2552.20  3.43
 2552.90  3.43
 2553.60  3.43
 2554.30  3.43
 2555.00  3.43
 2555.70  3.43
 2556.40  3.43
 2557.10  3.43
 2557.80  3.43
 2558.50  3.43
 2559.20  3.43
 2559.90  3.43
 2560.60  3.43
 2561.30  3.43
 2562.00  3.43
 2562.70  3.43
 2563.40  3.43
 2564.10  3.43
 2564.80  3.43
 2565.50  3.43
 2566.20  3.43
 2566.90  3.43
 2567.60  3.43
 2568.30  3.43
 2569.00  3.43
 2569.70  3.43
 2570.40  3.43
 2571.10  3.43
 2571.80  3.43
 2572.50  3.43
 2573.20  3.43
 2573.90  3.43
 2574.60  3.43
 2575.30  3.43
 2576.00  3.43
 2576.70  3.43
 2577.40  3.43
 2578.10  3.43
 2578.80  3.43
 2579.50  3.43
 2580.20  3.43
 2580.90  3.43
 2581.60  3.43
 2582.30  3.43
 2583.00  3.43
 2583.70  3.43
 2584.40  3.43
 2585.10  3.43
 2585.80  3.43
 2586.50  3.43
 2587.20  3.43
 2587.90  3.43
 2588.60  3.43
 2589.30  3.43
 2590.00  3.43
 2590.70  3.43
 2591.40  3.43
 2592.10  3.43
 2592.80  3.43
 2593.50  3.43
 2594.20  3.43
 2594.90  3.43
 2595.60  3.43
 2596.30  3.43
 2597.00  3.43
 2597.70  3.43
 2598.40  3.43
 2599.10  3.43
 2599.80  3.43
 2600.50  3.43
 2601.20  3.43
 2601.90  3.43
 2602.60  3.43
 2603.30  3.43
 2604.00  3.43
 2604.70  3.43
 2605.40  3.43
 2606.10  3.43
 2606.80  3.43
 2607.50  3.43
 2608.20  3.43
 2608.90  3.43
 2609.60  3.43
 2610.30  3.43
 2611.00  3.43
 2611.70  3.43
 2612.40  3.43
 2613.10  3.43
 2613.80  3.43
 2614.50  3.43
 2615.20  3.43
 2615.90  3.43
 2616.60  3.43
 2617.30  3.43
 2618.00  3.43
 2618.70  3.43
 2619.40  3.43
 2620.10  3.43
 2620.80  3.43
 2621.50  3.43
 2622.20  3.43
 2622.90  3.43
 2623.60  3.43
 2624.30  3.43
 2625.00  3.43
 2625.70  3.43
 2626.40  3.43
 2627.10  3.43
 2627.80  3.43
 2628.50  3.43
 2629.20  3.43
 2629.90  3.43
 2630.60  3.43
 2631.30  3.43
 2632.00  3.43
 2632.70  3.43
 2633.40  3.43
 2634.10  3.43
 2634.80  3.43
 2635.50  3.43
 2636.20  3.43
 2636.90  3.43
 2637.60  3.43
 2638.30  3.43
 2639.00  3.43
 2639.70  3.43
 2640.40  3.43
 2641.10  3.43
 2641.80  3.43
 2642.50  3.43
 2643.20  3.43
 2643.90  3.43
 2644.60  3.43
 2645.30  3.43
 2646.00  3.43
 2646.70  3.43
 2647.40  3.43
 2648.10  3.43
 2648.80  3.43
 2649.50  3.43
 2650.20  3.43
 2650.90  3.43
 2651.60  3.43
 2652.30  3.43
 2653.00  3.43
 2653.70  3.43
 2654.40  3.43
 2655.10  3.43
 2655.80  3.43
 2656.50  3.43
 2657.20  3.43
 2657.90  3.43
 2658.60  3.43
 2659.30  3.43
 2660.00  3.43
 2660.70  3.43
 2661.40  3.43
 2662.10  3.43
 2662.80  3.43
 2663.50  3.43
 2664.20  3.43
 2664.90  3.43
 2665.60  3.43
 2666.30  3.43
 2667.00  3.43
 2667.70  3.43
 2668.40  3.43
 2669.10  3.43
 2669.80  3.43
 2670.50  3.43
 2671.20  3.43
 2671.90  3.43
 2672.60  3.43
 2673.30  3.43
 2674.00  3.43
 2674.70  3.43
 2675.40  3.43
 2676.10  3.43
 2676.80  3.43
 2677.50  3.43
 2678.20  3.43
 2678.90  3.43
 2679.60  3.43
 2680.30  3.43
 2681.00  3.43
 2681.70  3.43
 2682.40  3.43
 2683.10  3.43
 2683.80  3.43
 2684.50  3.43
 2685.20  3.43
 2685.90  3.43
 2686.60  3.43
 2687.30  3.43
 2688.00  3.43
 2688.70  3.43
 2689.40  3.43
 2690.10  3.43
 2690.80  3.43
 2691.50  3.43
 2692.20  3.43
 2692.90  3.43
 2693.60  3.43
 2694.30  3.43
 2695.00  3.43
 2695.70  3.43
 2696.40  3.43
 2697.10  3.43
 2697.80  3.43
 2698.50  3.43
 2699.20  3.43
 2699.90  3.43
 2700.60  3.43
 2701.30  3.43
 2702.00  3.43
 2702.70  3.43
 2703.40  3.43
 2704.10  3.43
 2704.80  3.43
 2705.50  3.43
 2706.20  3.43
 2706.90  3.43
 2707.60  3.43
 2708.30  3.43
 2709.00  3.43
 2709.70  3.43
 2710.40  3.43
 2711.10  3.43
 2711.80  3.43
 2712.50  3.43
 2713.20  3.43
 2713.90  3.43
 2714.60  3.43
 2715.30  3.43
 2716.00  3.43
 2716.70  3.43
 2717.40  3.43
 2718.10  3.43
 2718.80  3.43
 2719.50  3.43
 2720.20  3.43
 2720.90  3.43
 2721.60  3.43
 2722.30  3.43
 2723.00  3.43
 2723.70  3.43
 2724.40  3.43
 2725.10  3.43
 2725.80  3.43
 2726.50  3.43
 2727.20  3.43
 2727.90  3.43
 2728.60  3.43
 2729.30  3.43
 2730.00  3.43
 2730.70  3.43
 2731.40  3.43
 2732.10  3.43
 2732.80  3.43
 2733.50  3.43
 2734.20  3.43
 2734.90  3.43
 2735.60  3.43
 2736.30  3.43
 2737.00  3.43
 2737.70  3.43
 2738.40  3.43
 2739.10  3.43
 2739.80  3.43
 2740.50  3.43
 2741.20  3.43
 2741.90  3.43
 2742.60  3.43
 2743.30  3.43
 2744.00  3.43
 2744.70  3.43
 2745.40  3.43
 2746.10  3.43
 2746.80  3.43
 2747.50  3.43
 2748.20  3.43
 2748.90  3.43
 2749.60  3.43
 2750.30  3.43
 2751.00  3.43
 2751.70  3.43
 2752.40  3.43
 2753.10  3.43
 2753.80  3.43
 2754.50  3.43
 2755.20  3.43
 2755.90  3.43
 2756.60  3.43
 2757.30  3.43
 2758.00  3.43
 2758.70  3.43
 2759.40  3.43
 2760.10  3.43
 2760.80  3.43
 2761.50  3.43
 2762.20  3.43
 2762.90  3.43
 2763.60  3.43
 2764.30  3.43
 2765.00  3.43
 2765.70  3.43
 2766.40  3.43
 2767.10  3.43
 2767.80  3.43
 2768.50  3.43
 2769.20  3.43
 2769.90  3.43
 2770.60  3.43
 2771.30  3.43
 2772.00  3.43
 2772.70  3.43
 2773.40  3.43
 2774.10  3.43
 2774.80  3.43
 2775.50  3.43
 2776.20  3.43
 2776.90  3.43
 2777.60  3.43
 2778.30  3.43
 2779.00  3.43
 2779.70  3.43
 2780.40  3.43
 2781.10  3.43
 2781.80  3.43
 2782.50  3.43
 2783.20  3.43
 2783.90  3.43
 2784.60  3.43
 2785.30  3.43
 2786.00  3.43
 2786.70  3.43
 2787.40  3.43
 2788.10  3.43
 2788.80  3.43
 2789.50  3.43
 2790.20  3.43
 2790.90  3.43
 2791.60  3.43
 2792.30  3.43
 2793.00  3.43
 2793.70  3.43
 2794.40  3.43
 2795.10  3.43
 2795.80  3.43
 2796.50  3.43
 2797.20  3.43
 2797.90  3.43
 2798.60  3.43
 2799.30  3.43
 2800.00  3.43
 2800.70  3.43
 2801.40  3.43
 2802.10  3.43
 2802.80  3.43
 2803.50  3.43
 2804.20  3.43
 2804.90  3.43
 2805.60  3.43
 2806.30  3.43
 2807.00  3.43
 2807.70  3.43
 2808.40  3.43
 2809.10  3.43
 2809.80  3.43
 2810.50  3.43
 2811.20  3.43
 2811.90  3.43
 2812.60  3.43
 2813.30  3.43
 2814.00  3.43
 2814.70  3.43
 2815.40  3.43
 2816.10  3.43
 2816.80  3.43
 2817.50  3.43
 2818.20  3.43
 2818.90  3.43
 2819.60  3.43
 2820.30  3.43
 2821.00  3.43
 2821.70  3.43
 2822.40  3.43
 2823.10  3.43
 2823.80  3.43
 2824.50  3.43
 2825.20  3.43
 2825.90  3.43
 2826.60  3.43
 2827.30  3.43
 2828.00  3.43
 2828.70  3.43
 2829.40  3.43
 2830.10  3.43
 2830.80  3.43
 2831.50  3.43
 2832.20  3.43
 2832.90  3.43
 2833.60  3.43
 2834.30  3.43
 2835.00  3.43
 2835.70  3.43
 2836.40  3.43
 2837.10  3.43
 2837.80  3.43
 2838.50  3.43
 2839.20  3.43
 2839.90  3.43
 2840.60  3.43
 2841.30  3.43
 2842.00  3.43
 2842.70  3.43
 2843.40  3.43
 2844.10  3.43
 2844.80  3.43
 2845.50  3.43
 2846.20  3.43
 2846.90  3.43
 2847.60  3.43
 2848.30  3.43
 2849.00  3.43
 2849.70  3.43
 2850.40  3.43
 2851.10  3.43
 2851.80  3.43
 2852.50  3.43
 2853.20  3.43
 2853.90  3.43
 2854.60  3.43
 2855.30  3.43
 2856.00  3.43
 2856.70  3.43
 2857.40  3.43
 2858.10  3.43
 2858.80  3.43
 2859.50  3.43
 2860.20  3.43
 2860.90  3.43
 2861.60  3.43
 2862.30  3.43
 2863.00  3.43
 2863.70  3.43
 2864.40  3.43
 2865.10  3.43
 2865.80  3.43
 2866.50  3.43
 2867.20  3.43
 2867.90  3.43
 2868.60  3.43
 2869.30  3.43
 2870.00  3.43
 2870.70  3.43
 2871.40  3.43
 2872.10  3.43
 2872.80  3.43
 2873.50  3.43
 2874.20  3.43
 2874.90  3.43
 2875.60  3.43
 2876.30  3.43
 2877.00  3.43
 2877.70  3.43
 2878.40  3.43
 2879.10  3.43
 2879.80  3.43
 2880.50  3.43
 2881.20  3.43
 2881.90  3.43
 2882.60  3.43
 2883.30  3.43
 2884.00  3.43
 2884.70  3.43
 2885.40  3.43
 2886.10  3.43
 2886.80  3.43
 2887.50  3.43
 2888.20  3.43
 2888.90  3.43
 2889.60  3.43
 2890.30  3.43
 2891.00  3.43
 2891.70  3.43
 2892.40  3.43
 2893.10  3.43
 2893.80  3.43
 2894.50  3.43
 2895.20  3.43
 2895.90  3.43
 2896.60  3.43
 2897.30  3.43
 2898.00  3.43
 2898.70  3.43
 2899.40  3.43
 2900.10  3.43
 2900.80  3.43
 2901.50  3.43
 2902.20  3.43
 2902.90  3.43
 2903.60  3.43
 2904.30  3.43
 2905.00  3.43
 2905.70  3.43
 2906.40  3.43
 2907.10  3.43
 2907.80  3.43
 2908.50  3.43
 2909.20  3.43
 2909.90  3.43
 2910.60  3.43
 2911.30  3.43
 2912.00  3.43
 2912.70  3.43
 2913.40  3.43
 2914.10  3.43
 2914.80  3.43
 2915.50  3.43
 2916.20  3.43
 2916.90  3.43
 2917.60  3.43
 2918.30  3.43
 2919.00  3.43
 2919.70  3.43
 2920.40  3.43
 2921.10  3.43
 2921.80  3.43
 2922.50  3.43
 2923.20  3.43
 2923.90  3.43
 2924.60  3.43
 2925.30  3.43
 2926.00  3.43
 2926.70  3.43
 2927.40  3.43
 2928.10  3.43
 2928.80  3.43
 2929.50  3.43
 2930.20  3.43
 2930.90  3.43
 2931.60  3.43
 2932.30  3.43
 2933.00  3.43
 2933.70  3.43
 2934.40  3.43
 2935.10  3.43
 2935.80  3.43
 2936.50  3.43
 2937.20  3.43
 2937.90  3.43
 2938.60  3.43
 2939.30  3.43
 2940.00  3.43
 2940.70  3.43
 2941.40  3.43
 2942.10  3.43
 2942.80  3.43
 2943.50  3.43
 2944.20  3.43
 2944.90  3.43
 2945.60  3.43
 2946.30  3.43
 2947.00  3.43
 2947.70  3.43
 2948.40  3.43
 2949.10  3.43
 2949.80  3.43
 2950.50  3.43
 2951.20  3.43
 2951.90  3.43
 2952.60  3.43
 2953.30  3.43
 2954.00  3.43
 2954.70  3.43
 2955.40  3.43
 2956.10  3.43
 2956.80  3.43
 2957.50  3.43
 2958.20  3.43
 2958.90  3.43
 2959.60  3.43
 2960.30  3.43
 2961.00  3.43
 2961.70  3.43
 2962.40  3.43
 2963.10  3.43
 2963.80  3.43
 2964.50  3.43
 2965.20  3.43
 2965.90  3.43
 2966.60  3.43
 2967.30  3.43
 2968.00  3.43
 2968.70  3.43
 2969.40  3.43
 2970.10  3.43
 2970.80  3.43
 2971.50  3.43
 2972.20  3.43
 2972.90  3.43
 2973.60  3.43
 2974.30  3.43
 2975.00  3.43
 2975.70  3.43
 2976.40  3.43
 2977.10  3.43
 2977.80  3.43
 2978.50  3.43
 2979.20  3.43
 2979.90  3.43
 2980.60  3.43
 2981.30  3.43
 2982.00  3.43
 2982.70  3.43
 2983.40  3.43
 2984.10  3.43
 2984.80  3.43
 2985.50  3.43
 2986.20  3.43
 2986.90  3.43
 2987.60  3.43
 2988.30  3.43
 2989.00  3.43
 2989.70  3.43
 2990.40  3.43
 2991.10  3.43
 2991.80  3.43
 2992.50  3.43
 2993.20  3.43
 2993.90  3.43
 2994.60  3.43
 2995.30  3.43
 2996.00  3.43
 2996.70  3.43
 2997.40  3.43
 2998.10  3.43
 2998.80  3.43
 2999.50  3.43
