#Navio B MarAd
#Manobra de Curva de Giro
#
#Beta 
#
#temp      rot 
 0.00  -0.00
 0.70  -0.00
 1.40  -0.00
 2.10  0.00
 2.80  0.00
 3.50  0.00
 4.20  0.01
 4.90  0.01
 5.60  0.01
 6.30  0.01
 7.00  0.01
 7.70  0.02
 8.40  0.02
 9.10  0.02
 9.80  0.02
 10.50  0.03
 11.20  0.03
 11.90  0.03
 12.60  0.03
 13.30  0.03
 14.00  0.04
 14.70  0.04
 15.40  0.04
 16.10  0.05
 16.80  0.05
 17.50  0.05
 18.20  0.05
 18.90  0.06
 19.60  0.06
 20.30  0.06
 21.00  0.06
 21.70  0.07
 22.40  0.07
 23.10  0.07
 23.80  0.08
 24.50  0.08
 25.20  0.08
 25.90  0.08
 26.60  0.09
 27.30  0.09
 28.00  0.09
 28.70  0.10
 29.40  0.10
 30.10  0.10
 30.80  0.10
 31.50  0.11
 32.20  0.11
 32.90  0.11
 33.60  0.12
 34.30  0.12
 35.00  0.12
 35.70  0.12
 36.40  0.13
 37.10  0.13
 37.80  0.13
 38.50  0.14
 39.20  0.14
 39.90  0.14
 40.60  0.14
 41.30  0.15
 42.00  0.15
 42.70  0.15
 43.40  0.15
 44.10  0.16
 44.80  0.16
 45.50  0.16
 46.20  0.17
 46.90  0.17
 47.60  0.17
 48.30  0.17
 49.00  0.18
 49.70  0.18
 50.40  0.18
 51.10  0.18
 51.80  0.19
 52.50  0.19
 53.20  0.19
 53.90  0.19
 54.60  0.20
 55.30  0.20
 56.00  0.20
 56.70  0.20
 57.40  0.21
 58.10  0.21
 58.80  0.21
 59.50  0.21
 60.20  0.22
 60.90  0.22
 61.60  0.22
 62.30  0.22
 63.00  0.22
 63.70  0.23
 64.40  0.23
 65.10  0.23
 65.80  0.23
 66.50  0.24
 67.20  0.24
 67.90  0.24
 68.60  0.24
 69.30  0.24
 70.00  0.25
 70.70  0.25
 71.40  0.25
 72.10  0.25
 72.80  0.25
 73.50  0.26
 74.20  0.26
 74.90  0.26
 75.60  0.26
 76.30  0.26
 77.00  0.27
 77.70  0.27
 78.40  0.27
 79.10  0.27
 79.80  0.27
 80.50  0.27
 81.20  0.28
 81.90  0.28
 82.60  0.28
 83.30  0.28
 84.00  0.28
 84.70  0.28
 85.40  0.29
 86.10  0.29
 86.80  0.29
 87.50  0.29
 88.20  0.29
 88.90  0.29
 89.60  0.30
 90.30  0.30
 91.00  0.30
 91.70  0.30
 92.40  0.30
 93.10  0.30
 93.80  0.30
 94.50  0.31
 95.20  0.31
 95.90  0.31
 96.60  0.31
 97.30  0.31
 98.00  0.31
 98.70  0.31
 99.40  0.32
 100.10  0.32
 100.80  0.32
 101.50  0.32
 102.20  0.32
 102.90  0.32
 103.60  0.32
 104.30  0.32
 105.00  0.33
 105.70  0.33
 106.40  0.33
 107.10  0.33
 107.80  0.33
 108.50  0.33
 109.20  0.33
 109.90  0.33
 110.60  0.33
 111.30  0.34
 112.00  0.34
 112.70  0.34
 113.40  0.34
 114.10  0.34
 114.80  0.34
 115.50  0.34
 116.20  0.34
 116.90  0.34
 117.60  0.34
 118.30  0.35
 119.00  0.35
 119.70  0.35
 120.40  0.35
 121.10  0.35
 121.80  0.35
 122.50  0.35
 123.20  0.35
 123.90  0.35
 124.60  0.35
 125.30  0.35
 126.00  0.36
 126.70  0.36
 127.40  0.36
 128.10  0.36
 128.80  0.36
 129.50  0.36
 130.20  0.36
 130.90  0.36
 131.60  0.36
 132.30  0.36
 133.00  0.36
 133.70  0.36
 134.40  0.36
 135.10  0.37
 135.80  0.37
 136.50  0.37
 137.20  0.37
 137.90  0.37
 138.60  0.37
 139.30  0.37
 140.00  0.37
 140.70  0.37
 141.40  0.37
 142.10  0.37
 142.80  0.37
 143.50  0.37
 144.20  0.37
 144.90  0.37
 145.60  0.38
 146.30  0.38
 147.00  0.38
 147.70  0.38
 148.40  0.38
 149.10  0.38
 149.80  0.38
 150.50  0.38
 151.20  0.38
 151.90  0.38
 152.60  0.38
 153.30  0.38
 154.00  0.38
 154.70  0.38
 155.40  0.38
 156.10  0.38
 156.80  0.38
 157.50  0.38
 158.20  0.39
 158.90  0.39
 159.60  0.39
 160.30  0.39
 161.00  0.39
 161.70  0.39
 162.40  0.39
 163.10  0.39
 163.80  0.39
 164.50  0.39
 165.20  0.39
 165.90  0.39
 166.60  0.39
 167.30  0.39
 168.00  0.39
 168.70  0.39
 169.40  0.39
 170.10  0.39
 170.80  0.39
 171.50  0.39
 172.20  0.39
 172.90  0.39
 173.60  0.39
 174.30  0.39
 175.00  0.40
 175.70  0.40
 176.40  0.40
 177.10  0.40
 177.80  0.40
 178.50  0.40
 179.20  0.40
 179.90  0.40
 180.60  0.40
 181.30  0.40
 182.00  0.40
 182.70  0.40
 183.40  0.40
 184.10  0.40
 184.80  0.40
 185.50  0.40
 186.20  0.40
 186.90  0.40
 187.60  0.40
 188.30  0.40
 189.00  0.40
 189.70  0.40
 190.40  0.40
 191.10  0.40
 191.80  0.40
 192.50  0.40
 193.20  0.40
 193.90  0.40
 194.60  0.40
 195.30  0.40
 196.00  0.40
 196.70  0.40
 197.40  0.40
 198.10  0.40
 198.80  0.41
 199.50  0.41
 200.20  0.41
 200.90  0.41
 201.60  0.41
 202.30  0.41
 203.00  0.41
 203.70  0.41
 204.40  0.41
 205.10  0.41
 205.80  0.41
 206.50  0.41
 207.20  0.41
 207.90  0.41
 208.60  0.41
 209.30  0.41
 210.00  0.41
 210.70  0.41
 211.40  0.41
 212.10  0.41
 212.80  0.41
 213.50  0.41
 214.20  0.41
 214.90  0.41
 215.60  0.41
 216.30  0.41
 217.00  0.41
 217.70  0.41
 218.40  0.41
 219.10  0.41
 219.80  0.41
 220.50  0.41
 221.20  0.41
 221.90  0.41
 222.60  0.41
 223.30  0.41
 224.00  0.41
 224.70  0.41
 225.40  0.41
 226.10  0.41
 226.80  0.41
 227.50  0.41
 228.20  0.41
 228.90  0.41
 229.60  0.41
 230.30  0.41
 231.00  0.41
 231.70  0.41
 232.40  0.41
 233.10  0.41
 233.80  0.41
 234.50  0.41
 235.20  0.41
 235.90  0.41
 236.60  0.41
 237.30  0.41
 238.00  0.41
 238.70  0.41
 239.40  0.41
 240.10  0.41
 240.80  0.41
 241.50  0.41
 242.20  0.41
 242.90  0.41
 243.60  0.41
 244.30  0.41
 245.00  0.41
 245.70  0.41
 246.40  0.41
 247.10  0.41
 247.80  0.41
 248.50  0.41
 249.20  0.41
 249.90  0.41
 250.60  0.41
 251.30  0.41
 252.00  0.41
 252.70  0.41
 253.40  0.41
 254.10  0.41
 254.80  0.41
 255.50  0.41
 256.20  0.41
 256.90  0.41
 257.60  0.41
 258.30  0.41
 259.00  0.41
 259.70  0.41
 260.40  0.41
 261.10  0.41
 261.80  0.42
 262.50  0.42
 263.20  0.42
 263.90  0.42
 264.60  0.42
 265.30  0.42
 266.00  0.42
 266.70  0.42
 267.40  0.42
 268.10  0.42
 268.80  0.42
 269.50  0.42
 270.20  0.42
 270.90  0.42
 271.60  0.42
 272.30  0.42
 273.00  0.42
 273.70  0.42
 274.40  0.42
 275.10  0.42
 275.80  0.42
 276.50  0.42
 277.20  0.42
 277.90  0.42
 278.60  0.42
 279.30  0.42
 280.00  0.42
 280.70  0.42
 281.40  0.42
 282.10  0.42
 282.80  0.42
 283.50  0.42
 284.20  0.42
 284.90  0.42
 285.60  0.42
 286.30  0.42
 287.00  0.42
 287.70  0.42
 288.40  0.42
 289.10  0.42
 289.80  0.42
 290.50  0.42
 291.20  0.42
 291.90  0.42
 292.60  0.42
 293.30  0.42
 294.00  0.42
 294.70  0.42
 295.40  0.42
 296.10  0.42
 296.80  0.42
 297.50  0.42
 298.20  0.42
 298.90  0.42
 299.60  0.42
 300.30  0.42
 301.00  0.42
 301.70  0.42
 302.40  0.42
 303.10  0.42
 303.80  0.42
 304.50  0.42
 305.20  0.41
 305.90  0.41
 306.60  0.41
 307.30  0.41
 308.00  0.41
 308.70  0.41
 309.40  0.41
 310.10  0.41
 310.80  0.41
 311.50  0.41
 312.20  0.41
 312.90  0.41
 313.60  0.41
 314.30  0.41
 315.00  0.41
 315.70  0.41
 316.40  0.41
 317.10  0.41
 317.80  0.41
 318.50  0.41
 319.20  0.41
 319.90  0.41
 320.60  0.41
 321.30  0.41
 322.00  0.41
 322.70  0.41
 323.40  0.41
 324.10  0.41
 324.80  0.41
 325.50  0.41
 326.20  0.41
 326.90  0.41
 327.60  0.41
 328.30  0.41
 329.00  0.41
 329.70  0.41
 330.40  0.41
 331.10  0.41
 331.80  0.41
 332.50  0.41
 333.20  0.41
 333.90  0.41
 334.60  0.41
 335.30  0.41
 336.00  0.41
 336.70  0.41
 337.40  0.41
 338.10  0.41
 338.80  0.41
 339.50  0.41
 340.20  0.41
 340.90  0.41
 341.60  0.41
 342.30  0.41
 343.00  0.41
 343.70  0.41
 344.40  0.41
 345.10  0.41
 345.80  0.41
 346.50  0.41
 347.20  0.41
 347.90  0.41
 348.60  0.41
 349.30  0.41
 350.00  0.41
 350.70  0.41
 351.40  0.41
 352.10  0.41
 352.80  0.41
 353.50  0.41
 354.20  0.41
 354.90  0.41
 355.60  0.41
 356.30  0.41
 357.00  0.41
 357.70  0.41
 358.40  0.41
 359.10  0.41
 359.80  0.41
 360.50  0.41
 361.20  0.41
 361.90  0.41
 362.60  0.41
 363.30  0.41
 364.00  0.41
 364.70  0.41
 365.40  0.41
 366.10  0.41
 366.80  0.41
 367.50  0.41
 368.20  0.41
 368.90  0.41
 369.60  0.41
 370.30  0.41
 371.00  0.41
 371.70  0.41
 372.40  0.41
 373.10  0.41
 373.80  0.41
 374.50  0.41
 375.20  0.41
 375.90  0.41
 376.60  0.41
 377.30  0.41
 378.00  0.41
 378.70  0.41
 379.40  0.41
 380.10  0.41
 380.80  0.41
 381.50  0.41
 382.20  0.41
 382.90  0.41
 383.60  0.41
 384.30  0.41
 385.00  0.41
 385.70  0.41
 386.40  0.41
 387.10  0.41
 387.80  0.41
 388.50  0.41
 389.20  0.41
 389.90  0.41
 390.60  0.41
 391.30  0.41
 392.00  0.41
 392.70  0.41
 393.40  0.41
 394.10  0.41
 394.80  0.41
 395.50  0.41
 396.20  0.41
 396.90  0.41
 397.60  0.41
 398.30  0.41
 399.00  0.41
 399.70  0.41
 400.40  0.41
 401.10  0.41
 401.80  0.41
 402.50  0.41
 403.20  0.41
 403.90  0.41
 404.60  0.41
 405.30  0.41
 406.00  0.41
 406.70  0.41
 407.40  0.41
 408.10  0.41
 408.80  0.41
 409.50  0.41
 410.20  0.41
 410.90  0.41
 411.60  0.41
 412.30  0.41
 413.00  0.41
 413.70  0.41
 414.40  0.41
 415.10  0.41
 415.80  0.41
 416.50  0.41
 417.20  0.41
 417.90  0.41
 418.60  0.41
 419.30  0.41
 420.00  0.41
 420.70  0.41
 421.40  0.41
 422.10  0.41
 422.80  0.41
 423.50  0.41
 424.20  0.41
 424.90  0.41
 425.60  0.41
 426.30  0.41
 427.00  0.41
 427.70  0.41
 428.40  0.41
 429.10  0.41
 429.80  0.41
 430.50  0.41
 431.20  0.41
 431.90  0.41
 432.60  0.41
 433.30  0.41
 434.00  0.41
 434.70  0.41
 435.40  0.41
 436.10  0.41
 436.80  0.41
 437.50  0.41
 438.20  0.41
 438.90  0.41
 439.60  0.41
 440.30  0.41
 441.00  0.41
 441.70  0.41
 442.40  0.41
 443.10  0.41
 443.80  0.41
 444.50  0.41
 445.20  0.41
 445.90  0.41
 446.60  0.41
 447.30  0.41
 448.00  0.41
 448.70  0.41
 449.40  0.41
 450.10  0.41
 450.80  0.41
 451.50  0.41
 452.20  0.41
 452.90  0.41
 453.60  0.41
 454.30  0.41
 455.00  0.41
 455.70  0.41
 456.40  0.41
 457.10  0.41
 457.80  0.41
 458.50  0.41
 459.20  0.40
 459.90  0.40
 460.60  0.40
 461.30  0.40
 462.00  0.40
 462.70  0.40
 463.40  0.40
 464.10  0.40
 464.80  0.40
 465.50  0.40
 466.20  0.40
 466.90  0.40
 467.60  0.40
 468.30  0.40
 469.00  0.40
 469.70  0.40
 470.40  0.40
 471.10  0.40
 471.80  0.40
 472.50  0.40
 473.20  0.40
 473.90  0.40
 474.60  0.40
 475.30  0.40
 476.00  0.40
 476.70  0.40
 477.40  0.40
 478.10  0.40
 478.80  0.40
 479.50  0.40
 480.20  0.40
 480.90  0.40
 481.60  0.40
 482.30  0.40
 483.00  0.40
 483.70  0.40
 484.40  0.40
 485.10  0.40
 485.80  0.40
 486.50  0.40
 487.20  0.40
 487.90  0.40
 488.60  0.40
 489.30  0.40
 490.00  0.40
 490.70  0.40
 491.40  0.40
 492.10  0.40
 492.80  0.40
 493.50  0.40
 494.20  0.40
 494.90  0.40
 495.60  0.40
 496.30  0.40
 497.00  0.40
 497.70  0.40
 498.40  0.40
 499.10  0.40
 499.80  0.40
 500.50  0.40
 501.20  0.40
 501.90  0.40
 502.60  0.40
 503.30  0.40
 504.00  0.40
 504.70  0.40
 505.40  0.40
 506.10  0.40
 506.80  0.40
 507.50  0.40
 508.20  0.40
 508.90  0.40
 509.60  0.40
 510.30  0.40
 511.00  0.40
 511.70  0.40
 512.40  0.40
 513.10  0.40
 513.80  0.40
 514.50  0.40
 515.20  0.40
 515.90  0.40
 516.60  0.40
 517.30  0.40
 518.00  0.40
 518.70  0.40
 519.40  0.40
 520.10  0.40
 520.80  0.40
 521.50  0.40
 522.20  0.40
 522.90  0.40
 523.60  0.40
 524.30  0.40
 525.00  0.40
 525.70  0.40
 526.40  0.40
 527.10  0.40
 527.80  0.40
 528.50  0.40
 529.20  0.40
 529.90  0.40
 530.60  0.40
 531.30  0.40
 532.00  0.40
 532.70  0.40
 533.40  0.40
 534.10  0.40
 534.80  0.40
 535.50  0.40
 536.20  0.40
 536.90  0.40
 537.60  0.40
 538.30  0.40
 539.00  0.40
 539.70  0.40
 540.40  0.40
 541.10  0.40
 541.80  0.40
 542.50  0.40
 543.20  0.40
 543.90  0.40
 544.60  0.40
 545.30  0.40
 546.00  0.40
 546.70  0.40
 547.40  0.40
 548.10  0.40
 548.80  0.40
 549.50  0.40
 550.20  0.40
 550.90  0.40
 551.60  0.40
 552.30  0.40
 553.00  0.40
 553.70  0.40
 554.40  0.40
 555.10  0.40
 555.80  0.40
 556.50  0.40
 557.20  0.40
 557.90  0.40
 558.60  0.40
 559.30  0.40
 560.00  0.40
 560.70  0.40
 561.40  0.40
 562.10  0.40
 562.80  0.40
 563.50  0.40
 564.20  0.40
 564.90  0.40
 565.60  0.40
 566.30  0.40
 567.00  0.40
 567.70  0.40
 568.40  0.40
 569.10  0.40
 569.80  0.40
 570.50  0.40
 571.20  0.40
 571.90  0.40
 572.60  0.40
 573.30  0.40
 574.00  0.40
 574.70  0.40
 575.40  0.40
 576.10  0.40
 576.80  0.40
 577.50  0.40
 578.20  0.40
 578.90  0.40
 579.60  0.40
 580.30  0.40
 581.00  0.40
 581.70  0.40
 582.40  0.40
 583.10  0.40
 583.80  0.40
 584.50  0.40
 585.20  0.40
 585.90  0.40
 586.60  0.40
 587.30  0.40
 588.00  0.40
 588.70  0.40
 589.40  0.40
 590.10  0.40
 590.80  0.40
 591.50  0.40
 592.20  0.40
 592.90  0.40
 593.60  0.40
 594.30  0.40
 595.00  0.40
 595.70  0.40
 596.40  0.40
 597.10  0.40
 597.80  0.40
 598.50  0.40
 599.20  0.40
 599.90  0.40
 600.60  0.40
 601.30  0.40
 602.00  0.40
 602.70  0.40
 603.40  0.40
 604.10  0.40
 604.80  0.40
 605.50  0.40
 606.20  0.40
 606.90  0.40
 607.60  0.40
 608.30  0.40
 609.00  0.40
 609.70  0.40
 610.40  0.40
 611.10  0.40
 611.80  0.40
 612.50  0.40
 613.20  0.40
 613.90  0.40
 614.60  0.40
 615.30  0.40
 616.00  0.40
 616.70  0.40
 617.40  0.40
 618.10  0.40
 618.80  0.40
 619.50  0.40
 620.20  0.40
 620.90  0.40
 621.60  0.40
 622.30  0.40
 623.00  0.40
 623.70  0.40
 624.40  0.40
 625.10  0.40
 625.80  0.40
 626.50  0.40
 627.20  0.40
 627.90  0.40
 628.60  0.40
 629.30  0.40
 630.00  0.40
 630.70  0.40
 631.40  0.40
 632.10  0.40
 632.80  0.40
 633.50  0.40
 634.20  0.40
 634.90  0.40
 635.60  0.40
 636.30  0.40
 637.00  0.40
 637.70  0.40
 638.40  0.40
 639.10  0.40
 639.80  0.40
 640.50  0.40
 641.20  0.40
 641.90  0.40
 642.60  0.40
 643.30  0.40
 644.00  0.40
 644.70  0.40
 645.40  0.40
 646.10  0.40
 646.80  0.40
 647.50  0.40
 648.20  0.40
 648.90  0.40
 649.60  0.40
 650.30  0.40
 651.00  0.40
 651.70  0.40
 652.40  0.40
 653.10  0.40
 653.80  0.40
 654.50  0.40
 655.20  0.40
 655.90  0.40
 656.60  0.40
 657.30  0.40
 658.00  0.40
 658.70  0.40
 659.40  0.40
 660.10  0.40
 660.80  0.40
 661.50  0.40
 662.20  0.40
 662.90  0.40
 663.60  0.40
 664.30  0.40
 665.00  0.40
 665.70  0.40
 666.40  0.40
 667.10  0.40
 667.80  0.40
 668.50  0.40
 669.20  0.40
 669.90  0.40
 670.60  0.40
 671.30  0.40
 672.00  0.40
 672.70  0.40
 673.40  0.40
 674.10  0.40
 674.80  0.40
 675.50  0.40
 676.20  0.40
 676.90  0.40
 677.60  0.40
 678.30  0.40
 679.00  0.40
 679.70  0.40
 680.40  0.40
 681.10  0.40
 681.80  0.40
 682.50  0.40
 683.20  0.40
 683.90  0.40
 684.60  0.40
 685.30  0.40
 686.00  0.40
 686.70  0.40
 687.40  0.40
 688.10  0.40
 688.80  0.40
 689.50  0.40
 690.20  0.40
 690.90  0.40
 691.60  0.40
 692.30  0.40
 693.00  0.40
 693.70  0.40
 694.40  0.40
 695.10  0.40
 695.80  0.40
 696.50  0.40
 697.20  0.40
 697.90  0.40
 698.60  0.40
 699.30  0.40
 700.00  0.40
 700.70  0.40
 701.40  0.40
 702.10  0.40
 702.80  0.40
 703.50  0.40
 704.20  0.40
 704.90  0.40
 705.60  0.40
 706.30  0.40
 707.00  0.40
 707.70  0.40
 708.40  0.40
 709.10  0.40
 709.80  0.40
 710.50  0.40
 711.20  0.40
 711.90  0.40
 712.60  0.40
 713.30  0.40
 714.00  0.40
 714.70  0.40
 715.40  0.40
 716.10  0.40
 716.80  0.40
 717.50  0.40
 718.20  0.40
 718.90  0.40
 719.60  0.40
 720.30  0.40
 721.00  0.40
 721.70  0.40
 722.40  0.40
 723.10  0.40
 723.80  0.40
 724.50  0.40
 725.20  0.40
 725.90  0.40
 726.60  0.40
 727.30  0.40
 728.00  0.40
 728.70  0.40
 729.40  0.40
 730.10  0.40
 730.80  0.40
 731.50  0.40
 732.20  0.40
 732.90  0.40
 733.60  0.40
 734.30  0.40
 735.00  0.40
 735.70  0.40
 736.40  0.40
 737.10  0.40
 737.80  0.40
 738.50  0.40
 739.20  0.40
 739.90  0.40
 740.60  0.40
 741.30  0.40
 742.00  0.40
 742.70  0.40
 743.40  0.40
 744.10  0.40
 744.80  0.40
 745.50  0.40
 746.20  0.40
 746.90  0.40
 747.60  0.40
 748.30  0.40
 749.00  0.40
 749.70  0.40
 750.40  0.40
 751.10  0.40
 751.80  0.40
 752.50  0.40
 753.20  0.40
 753.90  0.40
 754.60  0.40
 755.30  0.40
 756.00  0.40
 756.70  0.40
 757.40  0.40
 758.10  0.40
 758.80  0.40
 759.50  0.40
 760.20  0.40
 760.90  0.40
 761.60  0.40
 762.30  0.40
 763.00  0.40
 763.70  0.40
 764.40  0.40
 765.10  0.40
 765.80  0.40
 766.50  0.40
 767.20  0.40
 767.90  0.40
 768.60  0.40
 769.30  0.40
 770.00  0.40
 770.70  0.40
 771.40  0.40
 772.10  0.40
 772.80  0.40
 773.50  0.40
 774.20  0.40
 774.90  0.40
 775.60  0.40
 776.30  0.40
 777.00  0.40
 777.70  0.40
 778.40  0.40
 779.10  0.40
 779.80  0.40
 780.50  0.40
 781.20  0.40
 781.90  0.40
 782.60  0.40
 783.30  0.40
 784.00  0.40
 784.70  0.40
 785.40  0.40
 786.10  0.40
 786.80  0.40
 787.50  0.40
 788.20  0.40
 788.90  0.40
 789.60  0.40
 790.30  0.40
 791.00  0.40
 791.70  0.40
 792.40  0.40
 793.10  0.40
 793.80  0.40
 794.50  0.40
 795.20  0.40
 795.90  0.40
 796.60  0.40
 797.30  0.40
 798.00  0.40
 798.70  0.40
 799.40  0.40
 800.10  0.40
 800.80  0.39
 801.50  0.39
 802.20  0.39
 802.90  0.39
 803.60  0.39
 804.30  0.39
 805.00  0.39
 805.70  0.39
 806.40  0.39
 807.10  0.39
 807.80  0.39
 808.50  0.39
 809.20  0.39
 809.90  0.39
 810.60  0.39
 811.30  0.39
 812.00  0.39
 812.70  0.39
 813.40  0.39
 814.10  0.39
 814.80  0.39
 815.50  0.39
 816.20  0.39
 816.90  0.39
 817.60  0.39
 818.30  0.39
 819.00  0.39
 819.70  0.39
 820.40  0.39
 821.10  0.39
 821.80  0.39
 822.50  0.39
 823.20  0.39
 823.90  0.39
 824.60  0.39
 825.30  0.39
 826.00  0.39
 826.70  0.39
 827.40  0.39
 828.10  0.39
 828.80  0.39
 829.50  0.39
 830.20  0.39
 830.90  0.39
 831.60  0.39
 832.30  0.39
 833.00  0.39
 833.70  0.39
 834.40  0.39
 835.10  0.39
 835.80  0.39
 836.50  0.39
 837.20  0.39
 837.90  0.39
 838.60  0.39
 839.30  0.39
 840.00  0.39
 840.70  0.39
 841.40  0.39
 842.10  0.39
 842.80  0.39
 843.50  0.39
 844.20  0.39
 844.90  0.39
 845.60  0.39
 846.30  0.39
 847.00  0.39
 847.70  0.39
 848.40  0.39
 849.10  0.39
 849.80  0.39
 850.50  0.39
 851.20  0.39
 851.90  0.39
 852.60  0.39
 853.30  0.39
 854.00  0.39
 854.70  0.39
 855.40  0.39
 856.10  0.39
 856.80  0.39
 857.50  0.39
 858.20  0.39
 858.90  0.39
 859.60  0.39
 860.30  0.39
 861.00  0.39
 861.70  0.39
 862.40  0.39
 863.10  0.39
 863.80  0.39
 864.50  0.39
 865.20  0.39
 865.90  0.39
 866.60  0.39
 867.30  0.39
 868.00  0.39
 868.70  0.39
 869.40  0.39
 870.10  0.39
 870.80  0.39
 871.50  0.39
 872.20  0.39
 872.90  0.39
 873.60  0.39
 874.30  0.39
 875.00  0.39
 875.70  0.39
 876.40  0.39
 877.10  0.39
 877.80  0.39
 878.50  0.39
 879.20  0.39
 879.90  0.39
 880.60  0.39
 881.30  0.39
 882.00  0.39
 882.70  0.39
 883.40  0.39
 884.10  0.39
 884.80  0.39
 885.50  0.39
 886.20  0.39
 886.90  0.39
 887.60  0.39
 888.30  0.39
 889.00  0.39
 889.70  0.39
 890.40  0.39
 891.10  0.39
 891.80  0.39
 892.50  0.39
 893.20  0.39
 893.90  0.39
 894.60  0.39
 895.30  0.39
 896.00  0.39
 896.70  0.39
 897.40  0.39
 898.10  0.39
 898.80  0.39
 899.50  0.39
 900.20  0.39
 900.90  0.39
 901.60  0.39
 902.30  0.39
 903.00  0.39
 903.70  0.39
 904.40  0.39
 905.10  0.39
 905.80  0.39
 906.50  0.39
 907.20  0.39
 907.90  0.39
 908.60  0.39
 909.30  0.39
 910.00  0.39
 910.70  0.39
 911.40  0.39
 912.10  0.39
 912.80  0.39
 913.50  0.39
 914.20  0.39
 914.90  0.39
 915.60  0.39
 916.30  0.39
 917.00  0.39
 917.70  0.39
 918.40  0.39
 919.10  0.39
 919.80  0.39
 920.50  0.39
 921.20  0.39
 921.90  0.39
 922.60  0.39
 923.30  0.39
 924.00  0.39
 924.70  0.39
 925.40  0.39
 926.10  0.39
 926.80  0.39
 927.50  0.39
 928.20  0.39
 928.90  0.39
 929.60  0.39
 930.30  0.39
 931.00  0.39
 931.70  0.39
 932.40  0.39
 933.10  0.39
 933.80  0.39
 934.50  0.39
 935.20  0.39
 935.90  0.39
 936.60  0.39
 937.30  0.39
 938.00  0.39
 938.70  0.39
 939.40  0.39
 940.10  0.39
 940.80  0.39
 941.50  0.39
 942.20  0.39
 942.90  0.39
 943.60  0.39
 944.30  0.39
 945.00  0.39
 945.70  0.39
 946.40  0.39
 947.10  0.39
 947.80  0.39
 948.50  0.39
 949.20  0.39
 949.90  0.39
 950.60  0.39
 951.30  0.39
 952.00  0.39
 952.70  0.39
 953.40  0.39
 954.10  0.39
 954.80  0.39
 955.50  0.39
 956.20  0.39
 956.90  0.39
 957.60  0.39
 958.30  0.39
 959.00  0.39
 959.70  0.39
 960.40  0.39
 961.10  0.39
 961.80  0.39
 962.50  0.39
 963.20  0.39
 963.90  0.39
 964.60  0.39
 965.30  0.39
 966.00  0.39
 966.70  0.39
 967.40  0.39
 968.10  0.39
 968.80  0.39
 969.50  0.39
 970.20  0.39
 970.90  0.39
 971.60  0.39
 972.30  0.39
 973.00  0.39
 973.70  0.39
 974.40  0.39
 975.10  0.39
 975.80  0.39
 976.50  0.39
 977.20  0.39
 977.90  0.39
 978.60  0.39
 979.30  0.39
 980.00  0.39
 980.70  0.39
 981.40  0.39
 982.10  0.39
 982.80  0.39
 983.50  0.39
 984.20  0.39
 984.90  0.39
 985.60  0.39
 986.30  0.39
 987.00  0.39
 987.70  0.39
 988.40  0.39
 989.10  0.39
 989.80  0.39
 990.50  0.39
 991.20  0.39
 991.90  0.39
 992.60  0.39
 993.30  0.39
 994.00  0.39
 994.70  0.39
 995.40  0.39
 996.10  0.39
 996.80  0.39
 997.50  0.39
 998.20  0.39
 998.90  0.39
 999.60  0.39
 1000.30  0.39
 1001.00  0.39
 1001.70  0.39
 1002.40  0.39
 1003.10  0.39
 1003.80  0.39
 1004.50  0.39
 1005.20  0.39
 1005.90  0.39
 1006.60  0.39
 1007.30  0.39
 1008.00  0.39
 1008.70  0.39
 1009.40  0.39
 1010.10  0.39
 1010.80  0.39
 1011.50  0.39
 1012.20  0.39
 1012.90  0.39
 1013.60  0.39
 1014.30  0.39
 1015.00  0.39
 1015.70  0.39
 1016.40  0.39
 1017.10  0.39
 1017.80  0.39
 1018.50  0.39
 1019.20  0.39
 1019.90  0.39
 1020.60  0.39
 1021.30  0.39
 1022.00  0.39
 1022.70  0.39
 1023.40  0.39
 1024.10  0.39
 1024.80  0.39
 1025.50  0.39
 1026.20  0.39
 1026.90  0.39
 1027.60  0.39
 1028.30  0.39
 1029.00  0.39
 1029.70  0.39
 1030.40  0.39
 1031.10  0.39
 1031.80  0.39
 1032.50  0.39
 1033.20  0.39
 1033.90  0.39
 1034.60  0.39
 1035.30  0.39
 1036.00  0.39
 1036.70  0.39
 1037.40  0.39
 1038.10  0.39
 1038.80  0.39
 1039.50  0.39
 1040.20  0.39
 1040.90  0.39
 1041.60  0.39
 1042.30  0.39
 1043.00  0.39
 1043.70  0.39
 1044.40  0.39
 1045.10  0.39
 1045.80  0.39
 1046.50  0.39
 1047.20  0.39
 1047.90  0.39
 1048.60  0.39
 1049.30  0.39
 1050.00  0.39
 1050.70  0.39
 1051.40  0.39
 1052.10  0.39
 1052.80  0.39
 1053.50  0.39
 1054.20  0.39
 1054.90  0.39
 1055.60  0.39
 1056.30  0.39
 1057.00  0.39
 1057.70  0.39
 1058.40  0.39
 1059.10  0.39
 1059.80  0.39
 1060.50  0.39
 1061.20  0.39
 1061.90  0.39
 1062.60  0.39
 1063.30  0.39
 1064.00  0.39
 1064.70  0.39
 1065.40  0.39
 1066.10  0.39
 1066.80  0.39
 1067.50  0.39
 1068.20  0.39
 1068.90  0.39
 1069.60  0.39
 1070.30  0.39
 1071.00  0.39
 1071.70  0.39
 1072.40  0.39
 1073.10  0.39
 1073.80  0.39
 1074.50  0.39
 1075.20  0.39
 1075.90  0.39
 1076.60  0.39
 1077.30  0.39
 1078.00  0.39
 1078.70  0.39
 1079.40  0.39
 1080.10  0.39
 1080.80  0.39
 1081.50  0.39
 1082.20  0.39
 1082.90  0.39
 1083.60  0.39
 1084.30  0.39
 1085.00  0.39
 1085.70  0.39
 1086.40  0.39
 1087.10  0.39
 1087.80  0.39
 1088.50  0.39
 1089.20  0.39
 1089.90  0.39
 1090.60  0.39
 1091.30  0.39
 1092.00  0.39
 1092.70  0.39
 1093.40  0.39
 1094.10  0.39
 1094.80  0.39
 1095.50  0.39
 1096.20  0.39
 1096.90  0.39
 1097.60  0.39
 1098.30  0.39
 1099.00  0.39
 1099.70  0.39
 1100.40  0.39
 1101.10  0.39
 1101.80  0.39
 1102.50  0.39
 1103.20  0.39
 1103.90  0.39
 1104.60  0.39
 1105.30  0.39
 1106.00  0.39
 1106.70  0.39
 1107.40  0.39
 1108.10  0.39
 1108.80  0.39
 1109.50  0.39
 1110.20  0.39
 1110.90  0.39
 1111.60  0.39
 1112.30  0.39
 1113.00  0.39
 1113.70  0.39
 1114.40  0.39
 1115.10  0.39
 1115.80  0.39
 1116.50  0.39
 1117.20  0.39
 1117.90  0.39
 1118.60  0.39
 1119.30  0.39
 1120.00  0.39
 1120.70  0.39
 1121.40  0.39
 1122.10  0.39
 1122.80  0.39
 1123.50  0.39
 1124.20  0.39
 1124.90  0.39
 1125.60  0.39
 1126.30  0.39
 1127.00  0.39
 1127.70  0.39
 1128.40  0.39
 1129.10  0.39
 1129.80  0.39
 1130.50  0.39
 1131.20  0.39
 1131.90  0.39
 1132.60  0.39
 1133.30  0.39
 1134.00  0.39
 1134.70  0.39
 1135.40  0.39
 1136.10  0.39
 1136.80  0.39
 1137.50  0.39
 1138.20  0.39
 1138.90  0.39
 1139.60  0.39
 1140.30  0.39
 1141.00  0.39
 1141.70  0.39
 1142.40  0.39
 1143.10  0.39
 1143.80  0.39
 1144.50  0.39
 1145.20  0.39
 1145.90  0.39
 1146.60  0.39
 1147.30  0.39
 1148.00  0.39
 1148.70  0.39
 1149.40  0.39
 1150.10  0.39
 1150.80  0.39
 1151.50  0.39
 1152.20  0.39
 1152.90  0.39
 1153.60  0.39
 1154.30  0.39
 1155.00  0.39
 1155.70  0.39
 1156.40  0.39
 1157.10  0.39
 1157.80  0.39
 1158.50  0.39
 1159.20  0.39
 1159.90  0.39
 1160.60  0.39
 1161.30  0.39
 1162.00  0.39
 1162.70  0.39
 1163.40  0.39
 1164.10  0.39
 1164.80  0.39
 1165.50  0.39
 1166.20  0.39
 1166.90  0.39
 1167.60  0.39
 1168.30  0.39
 1169.00  0.39
 1169.70  0.39
 1170.40  0.39
 1171.10  0.39
 1171.80  0.39
 1172.50  0.39
 1173.20  0.39
 1173.90  0.39
 1174.60  0.39
 1175.30  0.39
 1176.00  0.39
 1176.70  0.39
 1177.40  0.39
 1178.10  0.39
 1178.80  0.39
 1179.50  0.39
 1180.20  0.39
 1180.90  0.39
 1181.60  0.39
 1182.30  0.39
 1183.00  0.39
 1183.70  0.39
 1184.40  0.39
 1185.10  0.39
 1185.80  0.39
 1186.50  0.39
 1187.20  0.39
 1187.90  0.39
 1188.60  0.39
 1189.30  0.39
 1190.00  0.39
 1190.70  0.39
 1191.40  0.39
 1192.10  0.39
 1192.80  0.39
 1193.50  0.39
 1194.20  0.39
 1194.90  0.39
 1195.60  0.39
 1196.30  0.39
 1197.00  0.39
 1197.70  0.39
 1198.40  0.39
 1199.10  0.39
 1199.80  0.39
 1200.50  0.39
 1201.20  0.39
 1201.90  0.39
 1202.60  0.39
 1203.30  0.39
 1204.00  0.39
 1204.70  0.39
 1205.40  0.39
 1206.10  0.39
 1206.80  0.39
 1207.50  0.39
 1208.20  0.39
 1208.90  0.39
 1209.60  0.39
 1210.30  0.39
 1211.00  0.39
 1211.70  0.39
 1212.40  0.39
 1213.10  0.39
 1213.80  0.39
 1214.50  0.39
 1215.20  0.39
 1215.90  0.39
 1216.60  0.39
 1217.30  0.39
 1218.00  0.39
 1218.70  0.39
 1219.40  0.39
 1220.10  0.39
 1220.80  0.39
 1221.50  0.39
 1222.20  0.39
 1222.90  0.39
 1223.60  0.39
 1224.30  0.39
 1225.00  0.39
 1225.70  0.39
 1226.40  0.39
 1227.10  0.39
 1227.80  0.39
 1228.50  0.39
 1229.20  0.39
 1229.90  0.39
 1230.60  0.39
 1231.30  0.39
 1232.00  0.39
 1232.70  0.39
 1233.40  0.39
 1234.10  0.39
 1234.80  0.39
 1235.50  0.39
 1236.20  0.39
 1236.90  0.39
 1237.60  0.39
 1238.30  0.39
 1239.00  0.39
 1239.70  0.39
 1240.40  0.39
 1241.10  0.39
 1241.80  0.39
 1242.50  0.39
 1243.20  0.39
 1243.90  0.39
 1244.60  0.39
 1245.30  0.39
 1246.00  0.39
 1246.70  0.39
 1247.40  0.39
 1248.10  0.39
 1248.80  0.39
 1249.50  0.39
 1250.20  0.39
 1250.90  0.39
 1251.60  0.39
 1252.30  0.39
 1253.00  0.39
 1253.70  0.39
 1254.40  0.39
 1255.10  0.39
 1255.80  0.39
 1256.50  0.39
 1257.20  0.39
 1257.90  0.39
 1258.60  0.39
 1259.30  0.39
 1260.00  0.39
 1260.70  0.39
 1261.40  0.39
 1262.10  0.39
 1262.80  0.39
 1263.50  0.39
 1264.20  0.39
 1264.90  0.39
 1265.60  0.39
 1266.30  0.39
 1267.00  0.39
 1267.70  0.39
 1268.40  0.39
 1269.10  0.39
 1269.80  0.39
 1270.50  0.39
 1271.20  0.39
 1271.90  0.39
 1272.60  0.39
 1273.30  0.39
 1274.00  0.39
 1274.70  0.39
 1275.40  0.39
 1276.10  0.39
 1276.80  0.39
 1277.50  0.39
 1278.20  0.39
 1278.90  0.39
 1279.60  0.39
 1280.30  0.39
 1281.00  0.39
 1281.70  0.39
 1282.40  0.39
 1283.10  0.39
 1283.80  0.39
 1284.50  0.39
 1285.20  0.39
 1285.90  0.39
 1286.60  0.39
 1287.30  0.39
 1288.00  0.39
 1288.70  0.39
 1289.40  0.39
 1290.10  0.39
 1290.80  0.39
 1291.50  0.39
 1292.20  0.39
 1292.90  0.39
 1293.60  0.39
 1294.30  0.39
 1295.00  0.39
 1295.70  0.39
 1296.40  0.39
 1297.10  0.39
 1297.80  0.39
 1298.50  0.39
 1299.20  0.39
 1299.90  0.39
 1300.60  0.39
 1301.30  0.39
 1302.00  0.39
 1302.70  0.39
 1303.40  0.39
 1304.10  0.39
 1304.80  0.39
 1305.50  0.39
 1306.20  0.39
 1306.90  0.39
 1307.60  0.39
 1308.30  0.39
 1309.00  0.39
 1309.70  0.39
 1310.40  0.39
 1311.10  0.39
 1311.80  0.39
 1312.50  0.39
 1313.20  0.39
 1313.90  0.39
 1314.60  0.39
 1315.30  0.39
 1316.00  0.39
 1316.70  0.39
 1317.40  0.39
 1318.10  0.39
 1318.80  0.39
 1319.50  0.39
 1320.20  0.39
 1320.90  0.39
 1321.60  0.39
 1322.30  0.39
 1323.00  0.39
 1323.70  0.39
 1324.40  0.39
 1325.10  0.39
 1325.80  0.39
 1326.50  0.39
 1327.20  0.39
 1327.90  0.39
 1328.60  0.39
 1329.30  0.39
 1330.00  0.39
 1330.70  0.39
 1331.40  0.39
 1332.10  0.39
 1332.80  0.39
 1333.50  0.39
 1334.20  0.39
 1334.90  0.39
 1335.60  0.39
 1336.30  0.39
 1337.00  0.39
 1337.70  0.39
 1338.40  0.39
 1339.10  0.39
 1339.80  0.39
 1340.50  0.39
 1341.20  0.39
 1341.90  0.39
 1342.60  0.39
 1343.30  0.39
 1344.00  0.39
 1344.70  0.39
 1345.40  0.39
 1346.10  0.39
 1346.80  0.39
 1347.50  0.39
 1348.20  0.39
 1348.90  0.39
 1349.60  0.39
 1350.30  0.39
 1351.00  0.39
 1351.70  0.39
 1352.40  0.39
 1353.10  0.39
 1353.80  0.39
 1354.50  0.39
 1355.20  0.39
 1355.90  0.39
 1356.60  0.39
 1357.30  0.39
 1358.00  0.39
 1358.70  0.39
 1359.40  0.39
 1360.10  0.39
 1360.80  0.39
 1361.50  0.39
 1362.20  0.39
 1362.90  0.39
 1363.60  0.39
 1364.30  0.39
 1365.00  0.39
 1365.70  0.39
 1366.40  0.39
 1367.10  0.39
 1367.80  0.39
 1368.50  0.39
 1369.20  0.39
 1369.90  0.39
 1370.60  0.39
 1371.30  0.39
 1372.00  0.39
 1372.70  0.39
 1373.40  0.39
 1374.10  0.39
 1374.80  0.39
 1375.50  0.39
 1376.20  0.39
 1376.90  0.39
 1377.60  0.39
 1378.30  0.39
 1379.00  0.39
 1379.70  0.39
 1380.40  0.39
 1381.10  0.39
 1381.80  0.39
 1382.50  0.39
 1383.20  0.39
 1383.90  0.39
 1384.60  0.39
 1385.30  0.39
 1386.00  0.39
 1386.70  0.39
 1387.40  0.39
 1388.10  0.39
 1388.80  0.39
 1389.50  0.39
 1390.20  0.39
 1390.90  0.39
 1391.60  0.39
 1392.30  0.39
 1393.00  0.39
 1393.70  0.39
 1394.40  0.39
 1395.10  0.39
 1395.80  0.39
 1396.50  0.39
 1397.20  0.39
 1397.90  0.39
 1398.60  0.39
 1399.30  0.39
 1400.00  0.39
 1400.70  0.39
 1401.40  0.39
 1402.10  0.39
 1402.80  0.39
 1403.50  0.39
 1404.20  0.39
 1404.90  0.39
 1405.60  0.39
 1406.30  0.39
 1407.00  0.39
 1407.70  0.39
 1408.40  0.39
 1409.10  0.39
 1409.80  0.39
 1410.50  0.39
 1411.20  0.39
 1411.90  0.39
 1412.60  0.39
 1413.30  0.39
 1414.00  0.39
 1414.70  0.39
 1415.40  0.39
 1416.10  0.39
 1416.80  0.39
 1417.50  0.39
 1418.20  0.39
 1418.90  0.39
 1419.60  0.39
 1420.30  0.39
 1421.00  0.39
 1421.70  0.39
 1422.40  0.39
 1423.10  0.39
 1423.80  0.39
 1424.50  0.39
 1425.20  0.39
 1425.90  0.39
 1426.60  0.39
 1427.30  0.39
 1428.00  0.39
 1428.70  0.39
 1429.40  0.39
 1430.10  0.39
 1430.80  0.39
 1431.50  0.39
 1432.20  0.39
 1432.90  0.39
 1433.60  0.39
 1434.30  0.39
 1435.00  0.39
 1435.70  0.39
 1436.40  0.39
 1437.10  0.39
 1437.80  0.39
 1438.50  0.39
 1439.20  0.39
 1439.90  0.39
 1440.60  0.39
 1441.30  0.39
 1442.00  0.39
 1442.70  0.39
 1443.40  0.39
 1444.10  0.39
 1444.80  0.39
 1445.50  0.39
 1446.20  0.39
 1446.90  0.39
 1447.60  0.39
 1448.30  0.39
 1449.00  0.39
 1449.70  0.39
 1450.40  0.39
 1451.10  0.39
 1451.80  0.39
 1452.50  0.39
 1453.20  0.39
 1453.90  0.39
 1454.60  0.39
 1455.30  0.39
 1456.00  0.39
 1456.70  0.39
 1457.40  0.39
 1458.10  0.39
 1458.80  0.39
 1459.50  0.39
 1460.20  0.39
 1460.90  0.39
 1461.60  0.39
 1462.30  0.39
 1463.00  0.39
 1463.70  0.39
 1464.40  0.39
 1465.10  0.39
 1465.80  0.39
 1466.50  0.39
 1467.20  0.39
 1467.90  0.39
 1468.60  0.39
 1469.30  0.39
 1470.00  0.39
 1470.70  0.39
 1471.40  0.39
 1472.10  0.39
 1472.80  0.39
 1473.50  0.39
 1474.20  0.39
 1474.90  0.39
 1475.60  0.39
 1476.30  0.39
 1477.00  0.39
 1477.70  0.39
 1478.40  0.39
 1479.10  0.39
 1479.80  0.39
 1480.50  0.39
 1481.20  0.39
 1481.90  0.39
 1482.60  0.39
 1483.30  0.39
 1484.00  0.39
 1484.70  0.39
 1485.40  0.39
 1486.10  0.39
 1486.80  0.39
 1487.50  0.39
 1488.20  0.39
 1488.90  0.39
 1489.60  0.39
 1490.30  0.39
 1491.00  0.39
 1491.70  0.39
 1492.40  0.39
 1493.10  0.39
 1493.80  0.39
 1494.50  0.39
 1495.20  0.39
 1495.90  0.39
 1496.60  0.39
 1497.30  0.39
 1498.00  0.39
 1498.70  0.39
 1499.40  0.39
 1500.10  0.39
 1500.80  0.39
 1501.50  0.39
 1502.20  0.39
 1502.90  0.39
 1503.60  0.39
 1504.30  0.39
 1505.00  0.39
 1505.70  0.39
 1506.40  0.39
 1507.10  0.39
 1507.80  0.39
 1508.50  0.39
 1509.20  0.39
 1509.90  0.39
 1510.60  0.39
 1511.30  0.39
 1512.00  0.39
 1512.70  0.39
 1513.40  0.39
 1514.10  0.39
 1514.80  0.39
 1515.50  0.39
 1516.20  0.39
 1516.90  0.39
 1517.60  0.39
 1518.30  0.39
 1519.00  0.39
 1519.70  0.39
 1520.40  0.39
 1521.10  0.39
 1521.80  0.39
 1522.50  0.39
 1523.20  0.39
 1523.90  0.39
 1524.60  0.39
 1525.30  0.39
 1526.00  0.39
 1526.70  0.39
 1527.40  0.39
 1528.10  0.39
 1528.80  0.39
 1529.50  0.39
 1530.20  0.39
 1530.90  0.39
 1531.60  0.39
 1532.30  0.39
 1533.00  0.39
 1533.70  0.39
 1534.40  0.39
 1535.10  0.39
 1535.80  0.39
 1536.50  0.39
 1537.20  0.39
 1537.90  0.39
 1538.60  0.39
 1539.30  0.39
 1540.00  0.39
 1540.70  0.39
 1541.40  0.39
 1542.10  0.39
 1542.80  0.39
 1543.50  0.39
 1544.20  0.39
 1544.90  0.39
 1545.60  0.39
 1546.30  0.39
 1547.00  0.39
 1547.70  0.39
 1548.40  0.39
 1549.10  0.39
 1549.80  0.39
 1550.50  0.39
 1551.20  0.39
 1551.90  0.39
 1552.60  0.39
 1553.30  0.39
 1554.00  0.39
 1554.70  0.39
 1555.40  0.39
 1556.10  0.39
 1556.80  0.39
 1557.50  0.39
 1558.20  0.39
 1558.90  0.39
 1559.60  0.39
 1560.30  0.39
 1561.00  0.39
 1561.70  0.39
 1562.40  0.39
 1563.10  0.39
 1563.80  0.39
 1564.50  0.39
 1565.20  0.39
 1565.90  0.39
 1566.60  0.39
 1567.30  0.39
 1568.00  0.39
 1568.70  0.39
 1569.40  0.39
 1570.10  0.39
 1570.80  0.39
 1571.50  0.39
 1572.20  0.39
 1572.90  0.39
 1573.60  0.39
 1574.30  0.39
 1575.00  0.39
 1575.70  0.39
 1576.40  0.39
 1577.10  0.39
 1577.80  0.39
 1578.50  0.39
 1579.20  0.39
 1579.90  0.39
 1580.60  0.39
 1581.30  0.39
 1582.00  0.39
 1582.70  0.39
 1583.40  0.39
 1584.10  0.39
 1584.80  0.39
 1585.50  0.39
 1586.20  0.39
 1586.90  0.39
 1587.60  0.39
 1588.30  0.39
 1589.00  0.39
 1589.70  0.39
 1590.40  0.39
 1591.10  0.39
 1591.80  0.39
 1592.50  0.39
 1593.20  0.39
 1593.90  0.39
 1594.60  0.39
 1595.30  0.39
 1596.00  0.39
 1596.70  0.39
 1597.40  0.39
 1598.10  0.39
 1598.80  0.39
 1599.50  0.39
 1600.20  0.39
 1600.90  0.39
 1601.60  0.39
 1602.30  0.39
 1603.00  0.39
 1603.70  0.39
 1604.40  0.39
 1605.10  0.39
 1605.80  0.39
 1606.50  0.39
 1607.20  0.39
 1607.90  0.39
 1608.60  0.39
 1609.30  0.39
 1610.00  0.39
 1610.70  0.39
 1611.40  0.39
 1612.10  0.39
 1612.80  0.39
 1613.50  0.39
 1614.20  0.39
 1614.90  0.39
 1615.60  0.39
 1616.30  0.39
 1617.00  0.39
 1617.70  0.39
 1618.40  0.39
 1619.10  0.39
 1619.80  0.39
 1620.50  0.39
 1621.20  0.39
 1621.90  0.39
 1622.60  0.39
 1623.30  0.39
 1624.00  0.39
 1624.70  0.39
 1625.40  0.39
 1626.10  0.39
 1626.80  0.39
 1627.50  0.39
 1628.20  0.39
 1628.90  0.39
 1629.60  0.39
 1630.30  0.39
 1631.00  0.39
 1631.70  0.39
 1632.40  0.39
 1633.10  0.39
 1633.80  0.39
 1634.50  0.39
 1635.20  0.39
 1635.90  0.39
 1636.60  0.39
 1637.30  0.39
 1638.00  0.39
 1638.70  0.39
 1639.40  0.39
 1640.10  0.39
 1640.80  0.39
 1641.50  0.39
 1642.20  0.39
 1642.90  0.39
 1643.60  0.39
 1644.30  0.39
 1645.00  0.39
 1645.70  0.39
 1646.40  0.39
 1647.10  0.39
 1647.80  0.39
 1648.50  0.39
 1649.20  0.39
 1649.90  0.39
 1650.60  0.39
 1651.30  0.39
 1652.00  0.39
 1652.70  0.39
 1653.40  0.39
 1654.10  0.39
 1654.80  0.39
 1655.50  0.39
 1656.20  0.39
 1656.90  0.39
 1657.60  0.39
 1658.30  0.39
 1659.00  0.39
 1659.70  0.39
 1660.40  0.39
 1661.10  0.39
 1661.80  0.39
 1662.50  0.39
 1663.20  0.39
 1663.90  0.39
 1664.60  0.39
 1665.30  0.39
 1666.00  0.39
 1666.70  0.39
 1667.40  0.39
 1668.10  0.39
 1668.80  0.39
 1669.50  0.39
 1670.20  0.39
 1670.90  0.39
 1671.60  0.39
 1672.30  0.39
 1673.00  0.39
 1673.70  0.39
 1674.40  0.39
 1675.10  0.39
 1675.80  0.39
 1676.50  0.39
 1677.20  0.39
 1677.90  0.39
 1678.60  0.39
 1679.30  0.39
 1680.00  0.39
 1680.70  0.39
 1681.40  0.39
 1682.10  0.39
 1682.80  0.39
 1683.50  0.39
 1684.20  0.39
 1684.90  0.39
 1685.60  0.39
 1686.30  0.39
 1687.00  0.39
 1687.70  0.39
 1688.40  0.39
 1689.10  0.39
 1689.80  0.39
 1690.50  0.39
 1691.20  0.39
 1691.90  0.39
 1692.60  0.39
 1693.30  0.39
 1694.00  0.39
 1694.70  0.39
 1695.40  0.39
 1696.10  0.39
 1696.80  0.39
 1697.50  0.39
 1698.20  0.39
 1698.90  0.39
 1699.60  0.39
 1700.30  0.39
 1701.00  0.39
 1701.70  0.39
 1702.40  0.39
 1703.10  0.39
 1703.80  0.39
 1704.50  0.39
 1705.20  0.39
 1705.90  0.39
 1706.60  0.39
 1707.30  0.39
 1708.00  0.39
 1708.70  0.39
 1709.40  0.39
 1710.10  0.39
 1710.80  0.39
 1711.50  0.39
 1712.20  0.39
 1712.90  0.39
 1713.60  0.39
 1714.30  0.39
 1715.00  0.39
 1715.70  0.39
 1716.40  0.39
 1717.10  0.39
 1717.80  0.39
 1718.50  0.39
 1719.20  0.39
 1719.90  0.39
 1720.60  0.39
 1721.30  0.39
 1722.00  0.39
 1722.70  0.39
 1723.40  0.39
 1724.10  0.39
 1724.80  0.39
 1725.50  0.39
 1726.20  0.39
 1726.90  0.39
 1727.60  0.39
 1728.30  0.39
 1729.00  0.39
 1729.70  0.39
 1730.40  0.39
 1731.10  0.39
 1731.80  0.39
 1732.50  0.39
 1733.20  0.39
 1733.90  0.39
 1734.60  0.39
 1735.30  0.39
 1736.00  0.39
 1736.70  0.39
 1737.40  0.39
 1738.10  0.39
 1738.80  0.39
 1739.50  0.39
 1740.20  0.39
 1740.90  0.39
 1741.60  0.39
 1742.30  0.39
 1743.00  0.39
 1743.70  0.39
 1744.40  0.39
 1745.10  0.39
 1745.80  0.39
 1746.50  0.39
 1747.20  0.39
 1747.90  0.39
 1748.60  0.39
 1749.30  0.39
 1750.00  0.39
 1750.70  0.39
 1751.40  0.39
 1752.10  0.39
 1752.80  0.39
 1753.50  0.39
 1754.20  0.39
 1754.90  0.39
 1755.60  0.39
 1756.30  0.39
 1757.00  0.39
 1757.70  0.39
 1758.40  0.39
 1759.10  0.39
 1759.80  0.39
 1760.50  0.39
 1761.20  0.39
 1761.90  0.39
 1762.60  0.39
 1763.30  0.39
 1764.00  0.39
 1764.70  0.39
 1765.40  0.39
 1766.10  0.39
 1766.80  0.39
 1767.50  0.39
 1768.20  0.39
 1768.90  0.39
 1769.60  0.39
 1770.30  0.39
 1771.00  0.39
 1771.70  0.39
 1772.40  0.39
 1773.10  0.39
 1773.80  0.39
 1774.50  0.39
 1775.20  0.39
 1775.90  0.39
 1776.60  0.39
 1777.30  0.39
 1778.00  0.39
 1778.70  0.39
 1779.40  0.39
 1780.10  0.39
 1780.80  0.39
 1781.50  0.39
 1782.20  0.39
 1782.90  0.39
 1783.60  0.39
 1784.30  0.39
 1785.00  0.39
 1785.70  0.39
 1786.40  0.39
 1787.10  0.39
 1787.80  0.39
 1788.50  0.39
 1789.20  0.39
 1789.90  0.39
 1790.60  0.39
 1791.30  0.39
 1792.00  0.39
 1792.70  0.39
 1793.40  0.39
 1794.10  0.39
 1794.80  0.39
 1795.50  0.39
 1796.20  0.39
 1796.90  0.39
 1797.60  0.39
 1798.30  0.39
 1799.00  0.39
 1799.70  0.39
 1800.40  0.39
 1801.10  0.39
 1801.80  0.39
 1802.50  0.39
 1803.20  0.39
 1803.90  0.39
 1804.60  0.39
 1805.30  0.39
 1806.00  0.39
 1806.70  0.39
 1807.40  0.39
 1808.10  0.39
 1808.80  0.39
 1809.50  0.39
 1810.20  0.39
 1810.90  0.39
 1811.60  0.39
 1812.30  0.39
 1813.00  0.39
 1813.70  0.39
 1814.40  0.39
 1815.10  0.39
 1815.80  0.39
 1816.50  0.39
 1817.20  0.39
 1817.90  0.39
 1818.60  0.39
 1819.30  0.39
 1820.00  0.39
 1820.70  0.39
 1821.40  0.39
 1822.10  0.39
 1822.80  0.39
 1823.50  0.39
 1824.20  0.39
 1824.90  0.39
 1825.60  0.39
 1826.30  0.39
 1827.00  0.39
 1827.70  0.39
 1828.40  0.39
 1829.10  0.39
 1829.80  0.39
 1830.50  0.39
 1831.20  0.39
 1831.90  0.39
 1832.60  0.39
 1833.30  0.39
 1834.00  0.39
 1834.70  0.39
 1835.40  0.39
 1836.10  0.39
 1836.80  0.39
 1837.50  0.39
 1838.20  0.39
 1838.90  0.39
 1839.60  0.39
 1840.30  0.39
 1841.00  0.39
 1841.70  0.39
 1842.40  0.39
 1843.10  0.39
 1843.80  0.39
 1844.50  0.39
 1845.20  0.39
 1845.90  0.39
 1846.60  0.39
 1847.30  0.39
 1848.00  0.39
 1848.70  0.39
 1849.40  0.39
 1850.10  0.39
 1850.80  0.39
 1851.50  0.39
 1852.20  0.39
 1852.90  0.39
 1853.60  0.39
 1854.30  0.39
 1855.00  0.39
 1855.70  0.39
 1856.40  0.39
 1857.10  0.39
 1857.80  0.39
 1858.50  0.39
 1859.20  0.39
 1859.90  0.39
 1860.60  0.39
 1861.30  0.39
 1862.00  0.39
 1862.70  0.39
 1863.40  0.39
 1864.10  0.39
 1864.80  0.39
 1865.50  0.39
 1866.20  0.39
 1866.90  0.39
 1867.60  0.39
 1868.30  0.39
 1869.00  0.39
 1869.70  0.39
 1870.40  0.39
 1871.10  0.39
 1871.80  0.39
 1872.50  0.39
 1873.20  0.39
 1873.90  0.39
 1874.60  0.39
 1875.30  0.39
 1876.00  0.39
 1876.70  0.39
 1877.40  0.39
 1878.10  0.39
 1878.80  0.39
 1879.50  0.39
 1880.20  0.39
 1880.90  0.39
 1881.60  0.39
 1882.30  0.39
 1883.00  0.39
 1883.70  0.39
 1884.40  0.39
 1885.10  0.39
 1885.80  0.39
 1886.50  0.39
 1887.20  0.39
 1887.90  0.39
 1888.60  0.39
 1889.30  0.39
 1890.00  0.39
 1890.70  0.39
 1891.40  0.39
 1892.10  0.39
 1892.80  0.39
 1893.50  0.39
 1894.20  0.39
 1894.90  0.39
 1895.60  0.39
 1896.30  0.39
 1897.00  0.39
 1897.70  0.39
 1898.40  0.39
 1899.10  0.39
 1899.80  0.39
 1900.50  0.39
 1901.20  0.39
 1901.90  0.39
 1902.60  0.39
 1903.30  0.39
 1904.00  0.39
 1904.70  0.39
 1905.40  0.39
 1906.10  0.39
 1906.80  0.39
 1907.50  0.39
 1908.20  0.39
 1908.90  0.39
 1909.60  0.39
 1910.30  0.39
 1911.00  0.39
 1911.70  0.39
 1912.40  0.39
 1913.10  0.39
 1913.80  0.39
 1914.50  0.39
 1915.20  0.39
 1915.90  0.39
 1916.60  0.39
 1917.30  0.39
 1918.00  0.39
 1918.70  0.39
 1919.40  0.39
 1920.10  0.39
 1920.80  0.39
 1921.50  0.39
 1922.20  0.39
 1922.90  0.39
 1923.60  0.39
 1924.30  0.39
 1925.00  0.39
 1925.70  0.39
 1926.40  0.39
 1927.10  0.39
 1927.80  0.39
 1928.50  0.39
 1929.20  0.39
 1929.90  0.39
 1930.60  0.39
 1931.30  0.39
 1932.00  0.39
 1932.70  0.39
 1933.40  0.39
 1934.10  0.39
 1934.80  0.39
 1935.50  0.39
 1936.20  0.39
 1936.90  0.39
 1937.60  0.39
 1938.30  0.39
 1939.00  0.39
 1939.70  0.39
 1940.40  0.39
 1941.10  0.39
 1941.80  0.39
 1942.50  0.39
 1943.20  0.39
 1943.90  0.39
 1944.60  0.39
 1945.30  0.39
 1946.00  0.39
 1946.70  0.39
 1947.40  0.39
 1948.10  0.39
 1948.80  0.39
 1949.50  0.39
 1950.20  0.39
 1950.90  0.39
 1951.60  0.39
 1952.30  0.39
 1953.00  0.39
 1953.70  0.39
 1954.40  0.39
 1955.10  0.39
 1955.80  0.39
 1956.50  0.39
 1957.20  0.39
 1957.90  0.39
 1958.60  0.39
 1959.30  0.39
 1960.00  0.39
 1960.70  0.39
 1961.40  0.39
 1962.10  0.39
 1962.80  0.39
 1963.50  0.39
 1964.20  0.39
 1964.90  0.39
 1965.60  0.39
 1966.30  0.39
 1967.00  0.39
 1967.70  0.39
 1968.40  0.39
 1969.10  0.39
 1969.80  0.39
 1970.50  0.39
 1971.20  0.39
 1971.90  0.39
 1972.60  0.39
 1973.30  0.39
 1974.00  0.39
 1974.70  0.39
 1975.40  0.39
 1976.10  0.39
 1976.80  0.39
 1977.50  0.39
 1978.20  0.39
 1978.90  0.39
 1979.60  0.39
 1980.30  0.39
 1981.00  0.39
 1981.70  0.39
 1982.40  0.39
 1983.10  0.39
 1983.80  0.39
 1984.50  0.39
 1985.20  0.39
 1985.90  0.39
 1986.60  0.39
 1987.30  0.39
 1988.00  0.39
 1988.70  0.39
 1989.40  0.39
 1990.10  0.39
 1990.80  0.39
 1991.50  0.39
 1992.20  0.39
 1992.90  0.39
 1993.60  0.39
 1994.30  0.39
 1995.00  0.39
 1995.70  0.39
 1996.40  0.39
 1997.10  0.39
 1997.80  0.39
 1998.50  0.39
 1999.20  0.39
 1999.90  0.39
 2000.60  0.39
 2001.30  0.39
 2002.00  0.39
 2002.70  0.39
 2003.40  0.39
 2004.10  0.39
 2004.80  0.39
 2005.50  0.39
 2006.20  0.39
 2006.90  0.39
 2007.60  0.39
 2008.30  0.39
 2009.00  0.39
 2009.70  0.39
 2010.40  0.39
 2011.10  0.39
 2011.80  0.39
 2012.50  0.39
 2013.20  0.39
 2013.90  0.39
 2014.60  0.39
 2015.30  0.39
 2016.00  0.39
 2016.70  0.39
 2017.40  0.39
 2018.10  0.39
 2018.80  0.39
 2019.50  0.39
 2020.20  0.39
 2020.90  0.39
 2021.60  0.39
 2022.30  0.39
 2023.00  0.39
 2023.70  0.39
 2024.40  0.39
 2025.10  0.39
 2025.80  0.39
 2026.50  0.39
 2027.20  0.39
 2027.90  0.39
 2028.60  0.39
 2029.30  0.39
 2030.00  0.39
 2030.70  0.39
 2031.40  0.39
 2032.10  0.39
 2032.80  0.39
 2033.50  0.39
 2034.20  0.39
 2034.90  0.39
 2035.60  0.39
 2036.30  0.39
 2037.00  0.39
 2037.70  0.39
 2038.40  0.39
 2039.10  0.39
 2039.80  0.39
 2040.50  0.39
 2041.20  0.39
 2041.90  0.39
 2042.60  0.39
 2043.30  0.39
 2044.00  0.39
 2044.70  0.39
 2045.40  0.39
 2046.10  0.39
 2046.80  0.39
 2047.50  0.39
 2048.20  0.39
 2048.90  0.39
 2049.60  0.39
 2050.30  0.39
 2051.00  0.39
 2051.70  0.39
 2052.40  0.39
 2053.10  0.39
 2053.80  0.39
 2054.50  0.39
 2055.20  0.39
 2055.90  0.39
 2056.60  0.39
 2057.30  0.39
 2058.00  0.39
 2058.70  0.39
 2059.40  0.39
 2060.10  0.39
 2060.80  0.39
 2061.50  0.39
 2062.20  0.39
 2062.90  0.39
 2063.60  0.39
 2064.30  0.39
 2065.00  0.39
 2065.70  0.39
 2066.40  0.39
 2067.10  0.39
 2067.80  0.39
 2068.50  0.39
 2069.20  0.39
 2069.90  0.39
 2070.60  0.39
 2071.30  0.39
 2072.00  0.39
 2072.70  0.39
 2073.40  0.39
 2074.10  0.39
 2074.80  0.39
 2075.50  0.39
 2076.20  0.39
 2076.90  0.39
 2077.60  0.39
 2078.30  0.39
 2079.00  0.39
 2079.70  0.39
 2080.40  0.39
 2081.10  0.39
 2081.80  0.39
 2082.50  0.39
 2083.20  0.39
 2083.90  0.39
 2084.60  0.39
 2085.30  0.39
 2086.00  0.39
 2086.70  0.39
 2087.40  0.39
 2088.10  0.39
 2088.80  0.39
 2089.50  0.39
 2090.20  0.39
 2090.90  0.39
 2091.60  0.39
 2092.30  0.39
 2093.00  0.39
 2093.70  0.39
 2094.40  0.39
 2095.10  0.39
 2095.80  0.39
 2096.50  0.39
 2097.20  0.39
 2097.90  0.39
 2098.60  0.39
 2099.30  0.39
 2100.00  0.39
 2100.70  0.39
 2101.40  0.39
 2102.10  0.39
 2102.80  0.39
 2103.50  0.39
 2104.20  0.39
 2104.90  0.39
 2105.60  0.39
 2106.30  0.39
 2107.00  0.39
 2107.70  0.39
 2108.40  0.39
 2109.10  0.39
 2109.80  0.39
 2110.50  0.39
 2111.20  0.39
 2111.90  0.39
 2112.60  0.39
 2113.30  0.39
 2114.00  0.39
 2114.70  0.39
 2115.40  0.39
 2116.10  0.39
 2116.80  0.39
 2117.50  0.39
 2118.20  0.39
 2118.90  0.39
 2119.60  0.39
 2120.30  0.39
 2121.00  0.39
 2121.70  0.39
 2122.40  0.39
 2123.10  0.39
 2123.80  0.39
 2124.50  0.39
 2125.20  0.39
 2125.90  0.39
 2126.60  0.39
 2127.30  0.39
 2128.00  0.39
 2128.70  0.39
 2129.40  0.39
 2130.10  0.39
 2130.80  0.39
 2131.50  0.39
 2132.20  0.39
 2132.90  0.39
 2133.60  0.39
 2134.30  0.39
 2135.00  0.39
 2135.70  0.39
 2136.40  0.39
 2137.10  0.39
 2137.80  0.39
 2138.50  0.39
 2139.20  0.39
 2139.90  0.39
 2140.60  0.39
 2141.30  0.39
 2142.00  0.39
 2142.70  0.39
 2143.40  0.39
 2144.10  0.39
 2144.80  0.39
 2145.50  0.39
 2146.20  0.39
 2146.90  0.39
 2147.60  0.39
 2148.30  0.39
 2149.00  0.39
 2149.70  0.39
 2150.40  0.39
 2151.10  0.39
 2151.80  0.39
 2152.50  0.39
 2153.20  0.39
 2153.90  0.39
 2154.60  0.39
 2155.30  0.39
 2156.00  0.39
 2156.70  0.39
 2157.40  0.39
 2158.10  0.39
 2158.80  0.39
 2159.50  0.39
 2160.20  0.39
 2160.90  0.39
 2161.60  0.39
 2162.30  0.39
 2163.00  0.39
 2163.70  0.39
 2164.40  0.39
 2165.10  0.39
 2165.80  0.39
 2166.50  0.39
 2167.20  0.39
 2167.90  0.39
 2168.60  0.39
 2169.30  0.39
 2170.00  0.39
 2170.70  0.39
 2171.40  0.39
 2172.10  0.39
 2172.80  0.39
 2173.50  0.39
 2174.20  0.39
 2174.90  0.39
 2175.60  0.39
 2176.30  0.39
 2177.00  0.39
 2177.70  0.39
 2178.40  0.39
 2179.10  0.39
 2179.80  0.39
 2180.50  0.39
 2181.20  0.39
 2181.90  0.39
 2182.60  0.39
 2183.30  0.39
 2184.00  0.39
 2184.70  0.39
 2185.40  0.39
 2186.10  0.39
 2186.80  0.39
 2187.50  0.39
 2188.20  0.39
 2188.90  0.39
 2189.60  0.39
 2190.30  0.39
 2191.00  0.39
 2191.70  0.39
 2192.40  0.39
 2193.10  0.39
 2193.80  0.39
 2194.50  0.39
 2195.20  0.39
 2195.90  0.39
 2196.60  0.39
 2197.30  0.39
 2198.00  0.39
 2198.70  0.39
 2199.40  0.39
 2200.10  0.39
 2200.80  0.39
 2201.50  0.39
 2202.20  0.39
 2202.90  0.39
 2203.60  0.39
 2204.30  0.39
 2205.00  0.39
 2205.70  0.39
 2206.40  0.39
 2207.10  0.39
 2207.80  0.39
 2208.50  0.39
 2209.20  0.39
 2209.90  0.39
 2210.60  0.39
 2211.30  0.39
 2212.00  0.39
 2212.70  0.39
 2213.40  0.39
 2214.10  0.39
 2214.80  0.39
 2215.50  0.39
 2216.20  0.39
 2216.90  0.39
 2217.60  0.39
 2218.30  0.39
 2219.00  0.39
 2219.70  0.39
 2220.40  0.39
 2221.10  0.39
 2221.80  0.39
 2222.50  0.39
 2223.20  0.39
 2223.90  0.39
 2224.60  0.39
 2225.30  0.39
 2226.00  0.39
 2226.70  0.39
 2227.40  0.39
 2228.10  0.39
 2228.80  0.39
 2229.50  0.39
 2230.20  0.39
 2230.90  0.39
 2231.60  0.39
 2232.30  0.39
 2233.00  0.39
 2233.70  0.39
 2234.40  0.39
 2235.10  0.39
 2235.80  0.39
 2236.50  0.39
 2237.20  0.39
 2237.90  0.39
 2238.60  0.39
 2239.30  0.39
 2240.00  0.39
 2240.70  0.39
 2241.40  0.39
 2242.10  0.39
 2242.80  0.39
 2243.50  0.39
 2244.20  0.39
 2244.90  0.39
 2245.60  0.39
 2246.30  0.39
 2247.00  0.39
 2247.70  0.39
 2248.40  0.39
 2249.10  0.39
 2249.80  0.39
 2250.50  0.39
 2251.20  0.39
 2251.90  0.39
 2252.60  0.39
 2253.30  0.39
 2254.00  0.39
 2254.70  0.39
 2255.40  0.39
 2256.10  0.39
 2256.80  0.39
 2257.50  0.39
 2258.20  0.39
 2258.90  0.39
 2259.60  0.39
 2260.30  0.39
 2261.00  0.39
 2261.70  0.39
 2262.40  0.39
 2263.10  0.39
 2263.80  0.39
 2264.50  0.39
 2265.20  0.39
 2265.90  0.39
 2266.60  0.39
 2267.30  0.39
 2268.00  0.39
 2268.70  0.39
 2269.40  0.39
 2270.10  0.39
 2270.80  0.39
 2271.50  0.39
 2272.20  0.39
 2272.90  0.39
 2273.60  0.39
 2274.30  0.39
 2275.00  0.39
 2275.70  0.39
 2276.40  0.39
 2277.10  0.39
 2277.80  0.39
 2278.50  0.39
 2279.20  0.39
 2279.90  0.39
 2280.60  0.39
 2281.30  0.39
 2282.00  0.39
 2282.70  0.39
 2283.40  0.39
 2284.10  0.39
 2284.80  0.39
 2285.50  0.39
 2286.20  0.39
 2286.90  0.39
 2287.60  0.39
 2288.30  0.39
 2289.00  0.39
 2289.70  0.39
 2290.40  0.39
 2291.10  0.39
 2291.80  0.39
 2292.50  0.39
 2293.20  0.39
 2293.90  0.39
 2294.60  0.39
 2295.30  0.39
 2296.00  0.39
 2296.70  0.39
 2297.40  0.39
 2298.10  0.39
 2298.80  0.39
 2299.50  0.39
 2300.20  0.39
 2300.90  0.39
 2301.60  0.39
 2302.30  0.39
 2303.00  0.39
 2303.70  0.39
 2304.40  0.39
 2305.10  0.39
 2305.80  0.39
 2306.50  0.39
 2307.20  0.39
 2307.90  0.39
 2308.60  0.39
 2309.30  0.39
 2310.00  0.39
 2310.70  0.39
 2311.40  0.39
 2312.10  0.39
 2312.80  0.39
 2313.50  0.39
 2314.20  0.39
 2314.90  0.39
 2315.60  0.39
 2316.30  0.39
 2317.00  0.39
 2317.70  0.39
 2318.40  0.39
 2319.10  0.39
 2319.80  0.39
 2320.50  0.39
 2321.20  0.39
 2321.90  0.39
 2322.60  0.39
 2323.30  0.39
 2324.00  0.39
 2324.70  0.39
 2325.40  0.39
 2326.10  0.39
 2326.80  0.39
 2327.50  0.39
 2328.20  0.39
 2328.90  0.39
 2329.60  0.39
 2330.30  0.39
 2331.00  0.39
 2331.70  0.39
 2332.40  0.39
 2333.10  0.39
 2333.80  0.39
 2334.50  0.39
 2335.20  0.39
 2335.90  0.39
 2336.60  0.39
 2337.30  0.39
 2338.00  0.39
 2338.70  0.39
 2339.40  0.39
 2340.10  0.39
 2340.80  0.39
 2341.50  0.39
 2342.20  0.39
 2342.90  0.39
 2343.60  0.39
 2344.30  0.39
 2345.00  0.39
 2345.70  0.39
 2346.40  0.39
 2347.10  0.39
 2347.80  0.39
 2348.50  0.39
 2349.20  0.39
 2349.90  0.39
 2350.60  0.39
 2351.30  0.39
 2352.00  0.39
 2352.70  0.39
 2353.40  0.39
 2354.10  0.39
 2354.80  0.39
 2355.50  0.39
 2356.20  0.39
 2356.90  0.39
 2357.60  0.39
 2358.30  0.39
 2359.00  0.39
 2359.70  0.39
 2360.40  0.39
 2361.10  0.39
 2361.80  0.39
 2362.50  0.39
 2363.20  0.39
 2363.90  0.39
 2364.60  0.39
 2365.30  0.39
 2366.00  0.39
 2366.70  0.39
 2367.40  0.39
 2368.10  0.39
 2368.80  0.39
 2369.50  0.39
 2370.20  0.39
 2370.90  0.39
 2371.60  0.39
 2372.30  0.39
 2373.00  0.39
 2373.70  0.39
 2374.40  0.39
 2375.10  0.39
 2375.80  0.39
 2376.50  0.39
 2377.20  0.39
 2377.90  0.39
 2378.60  0.39
 2379.30  0.39
 2380.00  0.39
 2380.70  0.39
 2381.40  0.39
 2382.10  0.39
 2382.80  0.39
 2383.50  0.39
 2384.20  0.39
 2384.90  0.39
 2385.60  0.39
 2386.30  0.39
 2387.00  0.39
 2387.70  0.39
 2388.40  0.39
 2389.10  0.39
 2389.80  0.39
 2390.50  0.39
 2391.20  0.39
 2391.90  0.39
 2392.60  0.39
 2393.30  0.39
 2394.00  0.39
 2394.70  0.39
 2395.40  0.39
 2396.10  0.39
 2396.80  0.39
 2397.50  0.39
 2398.20  0.39
 2398.90  0.39
 2399.60  0.39
 2400.30  0.39
 2401.00  0.39
 2401.70  0.39
 2402.40  0.39
 2403.10  0.39
 2403.80  0.39
 2404.50  0.39
 2405.20  0.39
 2405.90  0.39
 2406.60  0.39
 2407.30  0.39
 2408.00  0.39
 2408.70  0.39
 2409.40  0.39
 2410.10  0.39
 2410.80  0.39
 2411.50  0.39
 2412.20  0.39
 2412.90  0.39
 2413.60  0.39
 2414.30  0.39
 2415.00  0.39
 2415.70  0.39
 2416.40  0.39
 2417.10  0.39
 2417.80  0.39
 2418.50  0.39
 2419.20  0.39
 2419.90  0.39
 2420.60  0.39
 2421.30  0.39
 2422.00  0.39
 2422.70  0.39
 2423.40  0.39
 2424.10  0.39
 2424.80  0.39
 2425.50  0.39
 2426.20  0.39
 2426.90  0.39
 2427.60  0.39
 2428.30  0.39
 2429.00  0.39
 2429.70  0.39
 2430.40  0.39
 2431.10  0.39
 2431.80  0.39
 2432.50  0.39
 2433.20  0.39
 2433.90  0.39
 2434.60  0.39
 2435.30  0.39
 2436.00  0.39
 2436.70  0.39
 2437.40  0.39
 2438.10  0.39
 2438.80  0.39
 2439.50  0.39
 2440.20  0.39
 2440.90  0.39
 2441.60  0.39
 2442.30  0.39
 2443.00  0.39
 2443.70  0.39
 2444.40  0.39
 2445.10  0.39
 2445.80  0.39
 2446.50  0.39
 2447.20  0.39
 2447.90  0.39
 2448.60  0.39
 2449.30  0.39
 2450.00  0.39
 2450.70  0.39
 2451.40  0.39
 2452.10  0.39
 2452.80  0.39
 2453.50  0.39
 2454.20  0.39
 2454.90  0.39
 2455.60  0.39
 2456.30  0.39
 2457.00  0.39
 2457.70  0.39
 2458.40  0.39
 2459.10  0.39
 2459.80  0.39
 2460.50  0.39
 2461.20  0.39
 2461.90  0.39
 2462.60  0.39
 2463.30  0.39
 2464.00  0.39
 2464.70  0.39
 2465.40  0.39
 2466.10  0.39
 2466.80  0.39
 2467.50  0.39
 2468.20  0.39
 2468.90  0.39
 2469.60  0.39
 2470.30  0.39
 2471.00  0.39
 2471.70  0.39
 2472.40  0.39
 2473.10  0.39
 2473.80  0.39
 2474.50  0.39
 2475.20  0.39
 2475.90  0.39
 2476.60  0.39
 2477.30  0.39
 2478.00  0.39
 2478.70  0.39
 2479.40  0.39
 2480.10  0.39
 2480.80  0.39
 2481.50  0.39
 2482.20  0.39
 2482.90  0.39
 2483.60  0.39
 2484.30  0.39
 2485.00  0.39
 2485.70  0.39
 2486.40  0.39
 2487.10  0.39
 2487.80  0.39
 2488.50  0.39
 2489.20  0.39
 2489.90  0.39
 2490.60  0.39
 2491.30  0.39
 2492.00  0.39
 2492.70  0.39
 2493.40  0.39
 2494.10  0.39
 2494.80  0.39
 2495.50  0.39
 2496.20  0.39
 2496.90  0.39
 2497.60  0.39
 2498.30  0.39
 2499.00  0.39
 2499.70  0.39
 2500.40  0.39
 2501.10  0.39
 2501.80  0.39
 2502.50  0.39
 2503.20  0.39
 2503.90  0.39
 2504.60  0.39
 2505.30  0.39
 2506.00  0.39
 2506.70  0.39
 2507.40  0.39
 2508.10  0.39
 2508.80  0.39
 2509.50  0.39
 2510.20  0.39
 2510.90  0.39
 2511.60  0.39
 2512.30  0.39
 2513.00  0.39
 2513.70  0.39
 2514.40  0.39
 2515.10  0.39
 2515.80  0.39
 2516.50  0.39
 2517.20  0.39
 2517.90  0.39
 2518.60  0.39
 2519.30  0.39
 2520.00  0.39
 2520.70  0.39
 2521.40  0.39
 2522.10  0.39
 2522.80  0.39
 2523.50  0.39
 2524.20  0.39
 2524.90  0.39
 2525.60  0.39
 2526.30  0.39
 2527.00  0.39
 2527.70  0.39
 2528.40  0.39
 2529.10  0.39
 2529.80  0.39
 2530.50  0.39
 2531.20  0.39
 2531.90  0.39
 2532.60  0.39
 2533.30  0.39
 2534.00  0.39
 2534.70  0.39
 2535.40  0.39
 2536.10  0.39
 2536.80  0.39
 2537.50  0.39
 2538.20  0.39
 2538.90  0.39
 2539.60  0.39
 2540.30  0.39
 2541.00  0.39
 2541.70  0.39
 2542.40  0.39
 2543.10  0.39
 2543.80  0.39
 2544.50  0.39
 2545.20  0.39
 2545.90  0.39
 2546.60  0.39
 2547.30  0.39
 2548.00  0.39
 2548.70  0.39
 2549.40  0.39
 2550.10  0.39
 2550.80  0.39
 2551.50  0.39
 2552.20  0.39
 2552.90  0.39
 2553.60  0.39
 2554.30  0.39
 2555.00  0.39
 2555.70  0.39
 2556.40  0.39
 2557.10  0.39
 2557.80  0.39
 2558.50  0.39
 2559.20  0.39
 2559.90  0.39
 2560.60  0.39
 2561.30  0.39
 2562.00  0.39
 2562.70  0.39
 2563.40  0.39
 2564.10  0.39
 2564.80  0.39
 2565.50  0.39
 2566.20  0.39
 2566.90  0.39
 2567.60  0.39
 2568.30  0.39
 2569.00  0.39
 2569.70  0.39
 2570.40  0.39
 2571.10  0.39
 2571.80  0.39
 2572.50  0.39
 2573.20  0.39
 2573.90  0.39
 2574.60  0.39
 2575.30  0.39
 2576.00  0.39
 2576.70  0.39
 2577.40  0.39
 2578.10  0.39
 2578.80  0.39
 2579.50  0.39
 2580.20  0.39
 2580.90  0.39
 2581.60  0.39
 2582.30  0.39
 2583.00  0.39
 2583.70  0.39
 2584.40  0.39
 2585.10  0.39
 2585.80  0.39
 2586.50  0.39
 2587.20  0.39
 2587.90  0.39
 2588.60  0.39
 2589.30  0.39
 2590.00  0.39
 2590.70  0.39
 2591.40  0.39
 2592.10  0.39
 2592.80  0.39
 2593.50  0.39
 2594.20  0.39
 2594.90  0.39
 2595.60  0.39
 2596.30  0.39
 2597.00  0.39
 2597.70  0.39
 2598.40  0.39
 2599.10  0.39
 2599.80  0.39
 2600.50  0.39
 2601.20  0.39
 2601.90  0.39
 2602.60  0.39
 2603.30  0.39
 2604.00  0.39
 2604.70  0.39
 2605.40  0.39
 2606.10  0.39
 2606.80  0.39
 2607.50  0.39
 2608.20  0.39
 2608.90  0.39
 2609.60  0.39
 2610.30  0.39
 2611.00  0.39
 2611.70  0.39
 2612.40  0.39
 2613.10  0.39
 2613.80  0.39
 2614.50  0.39
 2615.20  0.39
 2615.90  0.39
 2616.60  0.39
 2617.30  0.39
 2618.00  0.39
 2618.70  0.39
 2619.40  0.39
 2620.10  0.39
 2620.80  0.39
 2621.50  0.39
 2622.20  0.39
 2622.90  0.39
 2623.60  0.39
 2624.30  0.39
 2625.00  0.39
 2625.70  0.39
 2626.40  0.39
 2627.10  0.39
 2627.80  0.39
 2628.50  0.39
 2629.20  0.39
 2629.90  0.39
 2630.60  0.39
 2631.30  0.39
 2632.00  0.39
 2632.70  0.39
 2633.40  0.39
 2634.10  0.39
 2634.80  0.39
 2635.50  0.39
 2636.20  0.39
 2636.90  0.39
 2637.60  0.39
 2638.30  0.39
 2639.00  0.39
 2639.70  0.39
 2640.40  0.39
 2641.10  0.39
 2641.80  0.39
 2642.50  0.39
 2643.20  0.39
 2643.90  0.39
 2644.60  0.39
 2645.30  0.39
 2646.00  0.39
 2646.70  0.39
 2647.40  0.39
 2648.10  0.39
 2648.80  0.39
 2649.50  0.39
 2650.20  0.39
 2650.90  0.39
 2651.60  0.39
 2652.30  0.39
 2653.00  0.39
 2653.70  0.39
 2654.40  0.39
 2655.10  0.39
 2655.80  0.39
 2656.50  0.39
 2657.20  0.39
 2657.90  0.39
 2658.60  0.39
 2659.30  0.39
 2660.00  0.39
 2660.70  0.39
 2661.40  0.39
 2662.10  0.39
 2662.80  0.39
 2663.50  0.39
 2664.20  0.39
 2664.90  0.39
 2665.60  0.39
 2666.30  0.39
 2667.00  0.39
 2667.70  0.39
 2668.40  0.39
 2669.10  0.39
 2669.80  0.39
 2670.50  0.39
 2671.20  0.39
 2671.90  0.39
 2672.60  0.39
 2673.30  0.39
 2674.00  0.39
 2674.70  0.39
 2675.40  0.39
 2676.10  0.39
 2676.80  0.39
 2677.50  0.39
 2678.20  0.39
 2678.90  0.39
 2679.60  0.39
 2680.30  0.39
 2681.00  0.39
 2681.70  0.39
 2682.40  0.39
 2683.10  0.39
 2683.80  0.39
 2684.50  0.39
 2685.20  0.39
 2685.90  0.39
 2686.60  0.39
 2687.30  0.39
 2688.00  0.39
 2688.70  0.39
 2689.40  0.39
 2690.10  0.39
 2690.80  0.39
 2691.50  0.39
 2692.20  0.39
 2692.90  0.39
 2693.60  0.39
 2694.30  0.39
 2695.00  0.39
 2695.70  0.39
 2696.40  0.39
 2697.10  0.39
 2697.80  0.39
 2698.50  0.39
 2699.20  0.39
 2699.90  0.39
 2700.60  0.39
 2701.30  0.39
 2702.00  0.39
 2702.70  0.39
 2703.40  0.39
 2704.10  0.39
 2704.80  0.39
 2705.50  0.39
 2706.20  0.39
 2706.90  0.39
 2707.60  0.39
 2708.30  0.39
 2709.00  0.39
 2709.70  0.39
 2710.40  0.39
 2711.10  0.39
 2711.80  0.39
 2712.50  0.39
 2713.20  0.39
 2713.90  0.39
 2714.60  0.39
 2715.30  0.39
 2716.00  0.39
 2716.70  0.39
 2717.40  0.39
 2718.10  0.39
 2718.80  0.39
 2719.50  0.39
 2720.20  0.39
 2720.90  0.39
 2721.60  0.39
 2722.30  0.39
 2723.00  0.39
 2723.70  0.39
 2724.40  0.39
 2725.10  0.39
 2725.80  0.39
 2726.50  0.39
 2727.20  0.39
 2727.90  0.39
 2728.60  0.39
 2729.30  0.39
 2730.00  0.39
 2730.70  0.39
 2731.40  0.39
 2732.10  0.39
 2732.80  0.39
 2733.50  0.39
 2734.20  0.39
 2734.90  0.39
 2735.60  0.39
 2736.30  0.39
 2737.00  0.39
 2737.70  0.39
 2738.40  0.39
 2739.10  0.39
 2739.80  0.39
 2740.50  0.39
 2741.20  0.39
 2741.90  0.39
 2742.60  0.39
 2743.30  0.39
 2744.00  0.39
 2744.70  0.39
 2745.40  0.39
 2746.10  0.39
 2746.80  0.39
 2747.50  0.39
 2748.20  0.39
 2748.90  0.39
 2749.60  0.39
 2750.30  0.39
 2751.00  0.39
 2751.70  0.39
 2752.40  0.39
 2753.10  0.39
 2753.80  0.39
 2754.50  0.39
 2755.20  0.39
 2755.90  0.39
 2756.60  0.39
 2757.30  0.39
 2758.00  0.39
 2758.70  0.39
 2759.40  0.39
 2760.10  0.39
 2760.80  0.39
 2761.50  0.39
 2762.20  0.39
 2762.90  0.39
 2763.60  0.39
 2764.30  0.39
 2765.00  0.39
 2765.70  0.39
 2766.40  0.39
 2767.10  0.39
 2767.80  0.39
 2768.50  0.39
 2769.20  0.39
 2769.90  0.39
 2770.60  0.39
 2771.30  0.39
 2772.00  0.39
 2772.70  0.39
 2773.40  0.39
 2774.10  0.39
 2774.80  0.39
 2775.50  0.39
 2776.20  0.39
 2776.90  0.39
 2777.60  0.39
 2778.30  0.39
 2779.00  0.39
 2779.70  0.39
 2780.40  0.39
 2781.10  0.39
 2781.80  0.39
 2782.50  0.39
 2783.20  0.39
 2783.90  0.39
 2784.60  0.39
 2785.30  0.39
 2786.00  0.39
 2786.70  0.39
 2787.40  0.39
 2788.10  0.39
 2788.80  0.39
 2789.50  0.39
 2790.20  0.39
 2790.90  0.39
 2791.60  0.39
 2792.30  0.39
 2793.00  0.39
 2793.70  0.39
 2794.40  0.39
 2795.10  0.39
 2795.80  0.39
 2796.50  0.39
 2797.20  0.39
 2797.90  0.39
 2798.60  0.39
 2799.30  0.39
 2800.00  0.39
 2800.70  0.39
 2801.40  0.39
 2802.10  0.39
 2802.80  0.39
 2803.50  0.39
 2804.20  0.39
 2804.90  0.39
 2805.60  0.39
 2806.30  0.39
 2807.00  0.39
 2807.70  0.39
 2808.40  0.39
 2809.10  0.39
 2809.80  0.39
 2810.50  0.39
 2811.20  0.39
 2811.90  0.39
 2812.60  0.39
 2813.30  0.39
 2814.00  0.39
 2814.70  0.39
 2815.40  0.39
 2816.10  0.39
 2816.80  0.39
 2817.50  0.39
 2818.20  0.39
 2818.90  0.39
 2819.60  0.39
 2820.30  0.39
 2821.00  0.39
 2821.70  0.39
 2822.40  0.39
 2823.10  0.39
 2823.80  0.39
 2824.50  0.39
 2825.20  0.39
 2825.90  0.39
 2826.60  0.39
 2827.30  0.39
 2828.00  0.39
 2828.70  0.39
 2829.40  0.39
 2830.10  0.39
 2830.80  0.39
 2831.50  0.39
 2832.20  0.39
 2832.90  0.39
 2833.60  0.39
 2834.30  0.39
 2835.00  0.39
 2835.70  0.39
 2836.40  0.39
 2837.10  0.39
 2837.80  0.39
 2838.50  0.39
 2839.20  0.39
 2839.90  0.39
 2840.60  0.39
 2841.30  0.39
 2842.00  0.39
 2842.70  0.39
 2843.40  0.39
 2844.10  0.39
 2844.80  0.39
 2845.50  0.39
 2846.20  0.39
 2846.90  0.39
 2847.60  0.39
 2848.30  0.39
 2849.00  0.39
 2849.70  0.39
 2850.40  0.39
 2851.10  0.39
 2851.80  0.39
 2852.50  0.39
 2853.20  0.39
 2853.90  0.39
 2854.60  0.39
 2855.30  0.39
 2856.00  0.39
 2856.70  0.39
 2857.40  0.39
 2858.10  0.39
 2858.80  0.39
 2859.50  0.39
 2860.20  0.39
 2860.90  0.39
 2861.60  0.39
 2862.30  0.39
 2863.00  0.39
 2863.70  0.39
 2864.40  0.39
 2865.10  0.39
 2865.80  0.39
 2866.50  0.39
 2867.20  0.39
 2867.90  0.39
 2868.60  0.39
 2869.30  0.39
 2870.00  0.39
 2870.70  0.39
 2871.40  0.39
 2872.10  0.39
 2872.80  0.39
 2873.50  0.39
 2874.20  0.39
 2874.90  0.39
 2875.60  0.39
 2876.30  0.39
 2877.00  0.39
 2877.70  0.39
 2878.40  0.39
 2879.10  0.39
 2879.80  0.39
 2880.50  0.39
 2881.20  0.39
 2881.90  0.39
 2882.60  0.39
 2883.30  0.39
 2884.00  0.39
 2884.70  0.39
 2885.40  0.39
 2886.10  0.39
 2886.80  0.39
 2887.50  0.39
 2888.20  0.39
 2888.90  0.39
 2889.60  0.39
 2890.30  0.39
 2891.00  0.39
 2891.70  0.39
 2892.40  0.39
 2893.10  0.39
 2893.80  0.39
 2894.50  0.39
 2895.20  0.39
 2895.90  0.39
 2896.60  0.39
 2897.30  0.39
 2898.00  0.39
 2898.70  0.39
 2899.40  0.39
 2900.10  0.39
 2900.80  0.39
 2901.50  0.39
 2902.20  0.39
 2902.90  0.39
 2903.60  0.39
 2904.30  0.39
 2905.00  0.39
 2905.70  0.39
 2906.40  0.39
 2907.10  0.39
 2907.80  0.39
 2908.50  0.39
 2909.20  0.39
 2909.90  0.39
 2910.60  0.39
 2911.30  0.39
 2912.00  0.39
 2912.70  0.39
 2913.40  0.39
 2914.10  0.39
 2914.80  0.39
 2915.50  0.39
 2916.20  0.39
 2916.90  0.39
 2917.60  0.39
 2918.30  0.39
 2919.00  0.39
 2919.70  0.39
 2920.40  0.39
 2921.10  0.39
 2921.80  0.39
 2922.50  0.39
 2923.20  0.39
 2923.90  0.39
 2924.60  0.39
 2925.30  0.39
 2926.00  0.39
 2926.70  0.39
 2927.40  0.39
 2928.10  0.39
 2928.80  0.39
 2929.50  0.39
 2930.20  0.39
 2930.90  0.39
 2931.60  0.39
 2932.30  0.39
 2933.00  0.39
 2933.70  0.39
 2934.40  0.39
 2935.10  0.39
 2935.80  0.39
 2936.50  0.39
 2937.20  0.39
 2937.90  0.39
 2938.60  0.39
 2939.30  0.39
 2940.00  0.39
 2940.70  0.39
 2941.40  0.39
 2942.10  0.39
 2942.80  0.39
 2943.50  0.39
 2944.20  0.39
 2944.90  0.39
 2945.60  0.39
 2946.30  0.39
 2947.00  0.39
 2947.70  0.39
 2948.40  0.39
 2949.10  0.39
 2949.80  0.39
 2950.50  0.39
 2951.20  0.39
 2951.90  0.39
 2952.60  0.39
 2953.30  0.39
 2954.00  0.39
 2954.70  0.39
 2955.40  0.39
 2956.10  0.39
 2956.80  0.39
 2957.50  0.39
 2958.20  0.39
 2958.90  0.39
 2959.60  0.39
 2960.30  0.39
 2961.00  0.39
 2961.70  0.39
 2962.40  0.39
 2963.10  0.39
 2963.80  0.39
 2964.50  0.39
 2965.20  0.39
 2965.90  0.39
 2966.60  0.39
 2967.30  0.39
 2968.00  0.39
 2968.70  0.39
 2969.40  0.39
 2970.10  0.39
 2970.80  0.39
 2971.50  0.39
 2972.20  0.39
 2972.90  0.39
 2973.60  0.39
 2974.30  0.39
 2975.00  0.39
 2975.70  0.39
 2976.40  0.39
 2977.10  0.39
 2977.80  0.39
 2978.50  0.39
 2979.20  0.39
 2979.90  0.39
 2980.60  0.39
 2981.30  0.39
 2982.00  0.39
 2982.70  0.39
 2983.40  0.39
 2984.10  0.39
 2984.80  0.39
 2985.50  0.39
 2986.20  0.39
 2986.90  0.39
 2987.60  0.39
 2988.30  0.39
 2989.00  0.39
 2989.70  0.39
 2990.40  0.39
 2991.10  0.39
 2991.80  0.39
 2992.50  0.39
 2993.20  0.39
 2993.90  0.39
 2994.60  0.39
 2995.30  0.39
 2996.00  0.39
 2996.70  0.39
 2997.40  0.39
 2998.10  0.39
 2998.80  0.39
 2999.50  0.39
 3000.20  0.39
 3000.90  0.39
 3001.60  0.39
 3002.30  0.39
 3003.00  0.39
 3003.70  0.39
 3004.40  0.39
 3005.10  0.39
 3005.80  0.39
 3006.50  0.39
 3007.20  0.39
 3007.90  0.39
 3008.60  0.39
 3009.30  0.39
 3010.00  0.39
 3010.70  0.39
 3011.40  0.39
 3012.10  0.39
 3012.80  0.39
 3013.50  0.39
 3014.20  0.39
 3014.90  0.39
 3015.60  0.39
 3016.30  0.39
 3017.00  0.39
 3017.70  0.39
 3018.40  0.39
 3019.10  0.39
 3019.80  0.39
 3020.50  0.39
 3021.20  0.39
 3021.90  0.39
 3022.60  0.39
 3023.30  0.39
 3024.00  0.39
 3024.70  0.39
 3025.40  0.39
 3026.10  0.39
 3026.80  0.39
 3027.50  0.39
 3028.20  0.39
 3028.90  0.39
 3029.60  0.39
 3030.30  0.39
 3031.00  0.39
 3031.70  0.39
 3032.40  0.39
 3033.10  0.39
 3033.80  0.39
 3034.50  0.39
 3035.20  0.39
 3035.90  0.39
 3036.60  0.39
 3037.30  0.39
 3038.00  0.39
 3038.70  0.39
 3039.40  0.39
 3040.10  0.39
 3040.80  0.39
 3041.50  0.39
 3042.20  0.39
 3042.90  0.39
 3043.60  0.39
 3044.30  0.39
 3045.00  0.39
 3045.70  0.39
 3046.40  0.39
 3047.10  0.39
 3047.80  0.39
 3048.50  0.39
 3049.20  0.39
 3049.90  0.39
 3050.60  0.39
 3051.30  0.39
 3052.00  0.39
 3052.70  0.39
 3053.40  0.39
 3054.10  0.39
 3054.80  0.39
 3055.50  0.39
 3056.20  0.39
 3056.90  0.39
 3057.60  0.39
 3058.30  0.39
 3059.00  0.39
 3059.70  0.39
 3060.40  0.39
 3061.10  0.39
 3061.80  0.39
 3062.50  0.39
 3063.20  0.39
 3063.90  0.39
 3064.60  0.39
 3065.30  0.39
 3066.00  0.39
 3066.70  0.39
 3067.40  0.39
 3068.10  0.39
 3068.80  0.39
 3069.50  0.39
 3070.20  0.39
 3070.90  0.39
 3071.60  0.39
 3072.30  0.39
 3073.00  0.39
 3073.70  0.39
 3074.40  0.39
 3075.10  0.39
 3075.80  0.39
 3076.50  0.39
 3077.20  0.39
 3077.90  0.39
 3078.60  0.39
 3079.30  0.39
 3080.00  0.39
 3080.70  0.39
 3081.40  0.39
 3082.10  0.39
 3082.80  0.39
 3083.50  0.39
 3084.20  0.39
 3084.90  0.39
 3085.60  0.39
 3086.30  0.39
 3087.00  0.39
 3087.70  0.39
 3088.40  0.39
 3089.10  0.39
 3089.80  0.39
 3090.50  0.39
 3091.20  0.39
 3091.90  0.39
 3092.60  0.39
 3093.30  0.39
 3094.00  0.39
 3094.70  0.39
 3095.40  0.39
 3096.10  0.39
 3096.80  0.39
 3097.50  0.39
 3098.20  0.39
 3098.90  0.39
 3099.60  0.39
 3100.30  0.39
 3101.00  0.39
 3101.70  0.39
 3102.40  0.39
 3103.10  0.39
 3103.80  0.39
 3104.50  0.39
 3105.20  0.39
 3105.90  0.39
 3106.60  0.39
 3107.30  0.39
 3108.00  0.39
 3108.70  0.39
 3109.40  0.39
 3110.10  0.39
 3110.80  0.39
 3111.50  0.39
 3112.20  0.39
 3112.90  0.39
 3113.60  0.39
 3114.30  0.39
 3115.00  0.39
 3115.70  0.39
 3116.40  0.39
 3117.10  0.39
 3117.80  0.39
 3118.50  0.39
 3119.20  0.39
 3119.90  0.39
 3120.60  0.39
 3121.30  0.39
 3122.00  0.39
 3122.70  0.39
 3123.40  0.39
 3124.10  0.39
 3124.80  0.39
 3125.50  0.39
 3126.20  0.39
 3126.90  0.39
 3127.60  0.39
 3128.30  0.39
 3129.00  0.39
 3129.70  0.39
 3130.40  0.39
 3131.10  0.39
 3131.80  0.39
 3132.50  0.39
 3133.20  0.39
 3133.90  0.39
 3134.60  0.39
 3135.30  0.39
 3136.00  0.39
 3136.70  0.39
 3137.40  0.39
 3138.10  0.39
 3138.80  0.39
 3139.50  0.39
 3140.20  0.39
 3140.90  0.39
 3141.60  0.39
 3142.30  0.39
 3143.00  0.39
 3143.70  0.39
 3144.40  0.39
 3145.10  0.39
 3145.80  0.39
 3146.50  0.39
 3147.20  0.39
 3147.90  0.39
 3148.60  0.39
 3149.30  0.39
 3150.00  0.39
 3150.70  0.39
 3151.40  0.39
 3152.10  0.39
 3152.80  0.39
 3153.50  0.39
 3154.20  0.39
 3154.90  0.39
 3155.60  0.39
 3156.30  0.39
 3157.00  0.39
 3157.70  0.39
 3158.40  0.39
 3159.10  0.39
 3159.80  0.39
 3160.50  0.39
 3161.20  0.39
 3161.90  0.39
 3162.60  0.39
 3163.30  0.39
 3164.00  0.39
 3164.70  0.39
 3165.40  0.39
 3166.10  0.39
 3166.80  0.39
 3167.50  0.39
 3168.20  0.39
 3168.90  0.39
 3169.60  0.39
 3170.30  0.39
 3171.00  0.39
 3171.70  0.39
 3172.40  0.39
 3173.10  0.39
 3173.80  0.39
 3174.50  0.39
 3175.20  0.39
 3175.90  0.39
 3176.60  0.39
 3177.30  0.39
 3178.00  0.39
 3178.70  0.39
 3179.40  0.39
 3180.10  0.39
 3180.80  0.39
 3181.50  0.39
 3182.20  0.39
 3182.90  0.39
 3183.60  0.39
 3184.30  0.39
 3185.00  0.39
 3185.70  0.39
 3186.40  0.39
 3187.10  0.39
 3187.80  0.39
 3188.50  0.39
 3189.20  0.39
 3189.90  0.39
 3190.60  0.39
 3191.30  0.39
 3192.00  0.39
 3192.70  0.39
 3193.40  0.39
 3194.10  0.39
 3194.80  0.39
 3195.50  0.39
 3196.20  0.39
 3196.90  0.39
 3197.60  0.39
 3198.30  0.39
 3199.00  0.39
 3199.70  0.39
 3200.40  0.39
 3201.10  0.39
 3201.80  0.39
 3202.50  0.39
 3203.20  0.39
 3203.90  0.39
 3204.60  0.39
 3205.30  0.39
 3206.00  0.39
 3206.70  0.39
 3207.40  0.39
 3208.10  0.39
 3208.80  0.39
 3209.50  0.39
 3210.20  0.39
 3210.90  0.39
 3211.60  0.39
 3212.30  0.39
 3213.00  0.39
 3213.70  0.39
 3214.40  0.39
 3215.10  0.39
 3215.80  0.39
 3216.50  0.39
 3217.20  0.39
 3217.90  0.39
 3218.60  0.39
 3219.30  0.39
 3220.00  0.39
 3220.70  0.39
 3221.40  0.39
 3222.10  0.39
 3222.80  0.39
 3223.50  0.39
 3224.20  0.39
 3224.90  0.39
 3225.60  0.39
 3226.30  0.39
 3227.00  0.39
 3227.70  0.39
 3228.40  0.39
 3229.10  0.39
 3229.80  0.39
 3230.50  0.39
 3231.20  0.39
 3231.90  0.39
 3232.60  0.39
 3233.30  0.39
 3234.00  0.39
 3234.70  0.39
 3235.40  0.39
 3236.10  0.39
 3236.80  0.39
 3237.50  0.39
 3238.20  0.39
 3238.90  0.39
 3239.60  0.39
 3240.30  0.39
 3241.00  0.39
 3241.70  0.39
 3242.40  0.39
 3243.10  0.39
 3243.80  0.39
 3244.50  0.39
 3245.20  0.39
 3245.90  0.39
 3246.60  0.39
 3247.30  0.39
 3248.00  0.39
 3248.70  0.39
 3249.40  0.39
 3250.10  0.39
 3250.80  0.39
 3251.50  0.39
 3252.20  0.39
 3252.90  0.39
 3253.60  0.39
 3254.30  0.39
 3255.00  0.39
 3255.70  0.39
 3256.40  0.39
 3257.10  0.39
 3257.80  0.39
 3258.50  0.39
 3259.20  0.39
 3259.90  0.39
 3260.60  0.39
 3261.30  0.39
 3262.00  0.39
 3262.70  0.39
 3263.40  0.39
 3264.10  0.39
 3264.80  0.39
 3265.50  0.39
 3266.20  0.39
 3266.90  0.39
 3267.60  0.39
 3268.30  0.39
 3269.00  0.39
 3269.70  0.39
 3270.40  0.39
 3271.10  0.39
 3271.80  0.39
 3272.50  0.39
 3273.20  0.39
 3273.90  0.39
 3274.60  0.39
 3275.30  0.39
 3276.00  0.39
 3276.70  0.39
 3277.40  0.39
 3278.10  0.39
 3278.80  0.39
 3279.50  0.39
 3280.20  0.39
 3280.90  0.39
 3281.60  0.39
 3282.30  0.39
 3283.00  0.39
 3283.70  0.39
 3284.40  0.39
 3285.10  0.39
 3285.80  0.39
 3286.50  0.39
 3287.20  0.39
 3287.90  0.39
 3288.60  0.39
 3289.30  0.39
 3290.00  0.39
 3290.70  0.39
 3291.40  0.39
 3292.10  0.39
 3292.80  0.39
 3293.50  0.39
 3294.20  0.39
 3294.90  0.39
 3295.60  0.39
 3296.30  0.39
 3297.00  0.39
 3297.70  0.39
 3298.40  0.39
 3299.10  0.39
 3299.80  0.39
 3300.50  0.39
 3301.20  0.39
 3301.90  0.39
 3302.60  0.39
 3303.30  0.39
 3304.00  0.39
 3304.70  0.39
 3305.40  0.39
 3306.10  0.39
 3306.80  0.39
 3307.50  0.39
 3308.20  0.39
 3308.90  0.39
 3309.60  0.39
 3310.30  0.39
 3311.00  0.39
 3311.70  0.39
 3312.40  0.39
 3313.10  0.39
 3313.80  0.39
 3314.50  0.39
 3315.20  0.39
 3315.90  0.39
 3316.60  0.39
 3317.30  0.39
 3318.00  0.39
 3318.70  0.39
 3319.40  0.39
 3320.10  0.39
 3320.80  0.39
 3321.50  0.39
 3322.20  0.39
 3322.90  0.39
 3323.60  0.39
 3324.30  0.39
 3325.00  0.39
 3325.70  0.39
 3326.40  0.39
 3327.10  0.39
 3327.80  0.39
 3328.50  0.39
 3329.20  0.39
 3329.90  0.39
 3330.60  0.39
 3331.30  0.39
 3332.00  0.39
 3332.70  0.39
 3333.40  0.39
 3334.10  0.39
 3334.80  0.39
 3335.50  0.39
 3336.20  0.39
 3336.90  0.39
 3337.60  0.39
 3338.30  0.39
 3339.00  0.39
 3339.70  0.39
 3340.40  0.39
 3341.10  0.39
 3341.80  0.39
 3342.50  0.39
 3343.20  0.39
 3343.90  0.39
 3344.60  0.39
 3345.30  0.39
 3346.00  0.39
 3346.70  0.39
 3347.40  0.39
 3348.10  0.39
 3348.80  0.39
 3349.50  0.39
 3350.20  0.39
 3350.90  0.39
 3351.60  0.39
 3352.30  0.39
 3353.00  0.39
 3353.70  0.39
 3354.40  0.39
 3355.10  0.39
 3355.80  0.39
 3356.50  0.39
 3357.20  0.39
 3357.90  0.39
 3358.60  0.39
 3359.30  0.39
 3360.00  0.39
 3360.70  0.39
 3361.40  0.39
 3362.10  0.39
 3362.80  0.39
 3363.50  0.39
 3364.20  0.39
 3364.90  0.39
 3365.60  0.39
 3366.30  0.39
 3367.00  0.39
 3367.70  0.39
 3368.40  0.39
 3369.10  0.39
 3369.80  0.39
 3370.50  0.39
 3371.20  0.39
 3371.90  0.39
 3372.60  0.39
 3373.30  0.39
 3374.00  0.39
 3374.70  0.39
 3375.40  0.39
 3376.10  0.39
 3376.80  0.39
 3377.50  0.39
 3378.20  0.39
 3378.90  0.39
 3379.60  0.39
 3380.30  0.39
 3381.00  0.39
 3381.70  0.39
 3382.40  0.39
 3383.10  0.39
 3383.80  0.39
 3384.50  0.39
 3385.20  0.39
 3385.90  0.39
 3386.60  0.39
 3387.30  0.39
 3388.00  0.39
 3388.70  0.39
 3389.40  0.39
 3390.10  0.39
 3390.80  0.39
 3391.50  0.39
 3392.20  0.39
 3392.90  0.39
 3393.60  0.39
 3394.30  0.39
 3395.00  0.39
 3395.70  0.39
 3396.40  0.39
 3397.10  0.39
 3397.80  0.39
 3398.50  0.39
 3399.20  0.39
 3399.90  0.39
 3400.60  0.39
 3401.30  0.39
 3402.00  0.39
 3402.70  0.39
 3403.40  0.39
 3404.10  0.39
 3404.80  0.39
 3405.50  0.39
 3406.20  0.39
 3406.90  0.39
 3407.60  0.39
 3408.30  0.39
 3409.00  0.39
 3409.70  0.39
 3410.40  0.39
 3411.10  0.39
 3411.80  0.39
 3412.50  0.39
 3413.20  0.39
 3413.90  0.39
 3414.60  0.39
 3415.30  0.39
 3416.00  0.39
 3416.70  0.39
 3417.40  0.39
 3418.10  0.39
 3418.80  0.39
 3419.50  0.39
 3420.20  0.39
 3420.90  0.39
 3421.60  0.39
 3422.30  0.39
 3423.00  0.39
 3423.70  0.39
 3424.40  0.39
 3425.10  0.39
 3425.80  0.39
 3426.50  0.39
 3427.20  0.39
 3427.90  0.39
 3428.60  0.39
 3429.30  0.39
 3430.00  0.39
 3430.70  0.39
 3431.40  0.39
 3432.10  0.39
 3432.80  0.39
 3433.50  0.39
 3434.20  0.39
 3434.90  0.39
 3435.60  0.39
 3436.30  0.39
 3437.00  0.39
 3437.70  0.39
 3438.40  0.39
 3439.10  0.39
 3439.80  0.39
 3440.50  0.39
 3441.20  0.39
 3441.90  0.39
 3442.60  0.39
 3443.30  0.39
 3444.00  0.39
 3444.70  0.39
 3445.40  0.39
 3446.10  0.39
 3446.80  0.39
 3447.50  0.39
 3448.20  0.39
 3448.90  0.39
 3449.60  0.39
 3450.30  0.39
 3451.00  0.39
 3451.70  0.39
 3452.40  0.39
 3453.10  0.39
 3453.80  0.39
 3454.50  0.39
 3455.20  0.39
 3455.90  0.39
 3456.60  0.39
 3457.30  0.39
 3458.00  0.39
 3458.70  0.39
 3459.40  0.39
 3460.10  0.39
 3460.80  0.39
 3461.50  0.39
 3462.20  0.39
 3462.90  0.39
 3463.60  0.39
 3464.30  0.39
 3465.00  0.39
 3465.70  0.39
 3466.40  0.39
 3467.10  0.39
 3467.80  0.39
 3468.50  0.39
 3469.20  0.39
 3469.90  0.39
 3470.60  0.39
 3471.30  0.39
 3472.00  0.39
 3472.70  0.39
 3473.40  0.39
 3474.10  0.39
 3474.80  0.39
 3475.50  0.39
 3476.20  0.39
 3476.90  0.39
 3477.60  0.39
 3478.30  0.39
 3479.00  0.39
 3479.70  0.39
 3480.40  0.39
 3481.10  0.39
 3481.80  0.39
 3482.50  0.39
 3483.20  0.39
 3483.90  0.39
 3484.60  0.39
 3485.30  0.39
 3486.00  0.39
 3486.70  0.39
 3487.40  0.39
 3488.10  0.39
 3488.80  0.39
 3489.50  0.39
 3490.20  0.39
 3490.90  0.39
 3491.60  0.39
 3492.30  0.39
 3493.00  0.39
 3493.70  0.39
 3494.40  0.39
 3495.10  0.39
 3495.80  0.39
 3496.50  0.39
 3497.20  0.39
 3497.90  0.39
 3498.60  0.39
 3499.30  0.39
 3500.00  0.39
 3500.70  0.39
 3501.40  0.39
 3502.10  0.39
 3502.80  0.39
 3503.50  0.39
 3504.20  0.39
 3504.90  0.39
 3505.60  0.39
 3506.30  0.39
 3507.00  0.39
 3507.70  0.39
 3508.40  0.39
 3509.10  0.39
 3509.80  0.39
 3510.50  0.39
 3511.20  0.39
 3511.90  0.39
 3512.60  0.39
 3513.30  0.39
 3514.00  0.39
 3514.70  0.39
 3515.40  0.39
 3516.10  0.39
 3516.80  0.39
 3517.50  0.39
 3518.20  0.39
 3518.90  0.39
 3519.60  0.39
 3520.30  0.39
 3521.00  0.39
 3521.70  0.39
 3522.40  0.39
 3523.10  0.39
 3523.80  0.39
 3524.50  0.39
 3525.20  0.39
 3525.90  0.39
 3526.60  0.39
 3527.30  0.39
 3528.00  0.39
 3528.70  0.39
 3529.40  0.39
 3530.10  0.39
 3530.80  0.39
 3531.50  0.39
 3532.20  0.39
 3532.90  0.39
 3533.60  0.39
 3534.30  0.39
 3535.00  0.39
 3535.70  0.39
 3536.40  0.39
 3537.10  0.39
 3537.80  0.39
 3538.50  0.39
 3539.20  0.39
 3539.90  0.39
 3540.60  0.39
 3541.30  0.39
 3542.00  0.39
 3542.70  0.39
 3543.40  0.39
 3544.10  0.39
 3544.80  0.39
 3545.50  0.39
 3546.20  0.39
 3546.90  0.39
 3547.60  0.39
 3548.30  0.39
 3549.00  0.39
 3549.70  0.39
 3550.40  0.39
 3551.10  0.39
 3551.80  0.39
 3552.50  0.39
 3553.20  0.39
 3553.90  0.39
 3554.60  0.39
 3555.30  0.39
 3556.00  0.39
 3556.70  0.39
 3557.40  0.39
 3558.10  0.39
 3558.80  0.39
 3559.50  0.39
 3560.20  0.39
 3560.90  0.39
 3561.60  0.39
 3562.30  0.39
 3563.00  0.39
 3563.70  0.39
 3564.40  0.39
 3565.10  0.39
 3565.80  0.39
 3566.50  0.39
 3567.20  0.39
 3567.90  0.39
 3568.60  0.39
 3569.30  0.39
 3570.00  0.39
 3570.70  0.39
 3571.40  0.39
 3572.10  0.39
 3572.80  0.39
 3573.50  0.39
 3574.20  0.39
 3574.90  0.39
 3575.60  0.39
 3576.30  0.39
 3577.00  0.39
 3577.70  0.39
 3578.40  0.39
 3579.10  0.39
 3579.80  0.39
 3580.50  0.39
 3581.20  0.39
 3581.90  0.39
 3582.60  0.39
 3583.30  0.39
 3584.00  0.39
 3584.70  0.39
 3585.40  0.39
 3586.10  0.39
 3586.80  0.39
 3587.50  0.39
 3588.20  0.39
 3588.90  0.39
 3589.60  0.39
 3590.30  0.39
 3591.00  0.39
 3591.70  0.39
 3592.40  0.39
 3593.10  0.39
 3593.80  0.39
 3594.50  0.39
 3595.20  0.39
 3595.90  0.39
 3596.60  0.39
 3597.30  0.39
 3598.00  0.39
 3598.70  0.39
 3599.40  0.39
 3600.10  0.39
 3600.80  0.39
 3601.50  0.39
 3602.20  0.39
 3602.90  0.39
 3603.60  0.39
 3604.30  0.39
 3605.00  0.39
 3605.70  0.39
 3606.40  0.39
 3607.10  0.39
 3607.80  0.39
 3608.50  0.39
 3609.20  0.39
 3609.90  0.39
 3610.60  0.39
 3611.30  0.39
 3612.00  0.39
 3612.70  0.39
 3613.40  0.39
 3614.10  0.39
 3614.80  0.39
 3615.50  0.39
 3616.20  0.39
 3616.90  0.39
 3617.60  0.39
 3618.30  0.39
 3619.00  0.39
 3619.70  0.39
 3620.40  0.39
 3621.10  0.39
 3621.80  0.39
 3622.50  0.39
 3623.20  0.39
 3623.90  0.39
 3624.60  0.39
 3625.30  0.39
 3626.00  0.39
 3626.70  0.39
 3627.40  0.39
 3628.10  0.39
 3628.80  0.39
 3629.50  0.39
 3630.20  0.39
 3630.90  0.39
 3631.60  0.39
 3632.30  0.39
 3633.00  0.39
 3633.70  0.39
 3634.40  0.39
 3635.10  0.39
 3635.80  0.39
 3636.50  0.39
 3637.20  0.39
 3637.90  0.39
 3638.60  0.39
 3639.30  0.39
 3640.00  0.39
 3640.70  0.39
 3641.40  0.39
 3642.10  0.39
 3642.80  0.39
 3643.50  0.39
 3644.20  0.39
 3644.90  0.39
 3645.60  0.39
 3646.30  0.39
 3647.00  0.39
 3647.70  0.39
 3648.40  0.39
 3649.10  0.39
 3649.80  0.39
 3650.50  0.39
 3651.20  0.39
 3651.90  0.39
 3652.60  0.39
 3653.30  0.39
 3654.00  0.39
 3654.70  0.39
 3655.40  0.39
 3656.10  0.39
 3656.80  0.39
 3657.50  0.39
 3658.20  0.39
 3658.90  0.39
 3659.60  0.39
 3660.30  0.39
 3661.00  0.39
 3661.70  0.39
 3662.40  0.39
 3663.10  0.39
 3663.80  0.39
 3664.50  0.39
 3665.20  0.39
 3665.90  0.39
 3666.60  0.39
 3667.30  0.39
 3668.00  0.39
 3668.70  0.39
 3669.40  0.39
 3670.10  0.39
 3670.80  0.39
 3671.50  0.39
 3672.20  0.39
 3672.90  0.39
 3673.60  0.39
 3674.30  0.39
 3675.00  0.39
 3675.70  0.39
 3676.40  0.39
 3677.10  0.39
 3677.80  0.39
 3678.50  0.39
 3679.20  0.39
 3679.90  0.39
 3680.60  0.39
 3681.30  0.39
 3682.00  0.39
 3682.70  0.39
 3683.40  0.39
 3684.10  0.39
 3684.80  0.39
 3685.50  0.39
 3686.20  0.39
 3686.90  0.39
 3687.60  0.39
 3688.30  0.39
 3689.00  0.39
 3689.70  0.39
 3690.40  0.39
 3691.10  0.39
 3691.80  0.39
 3692.50  0.39
 3693.20  0.39
 3693.90  0.39
 3694.60  0.39
 3695.30  0.39
 3696.00  0.39
 3696.70  0.39
 3697.40  0.39
 3698.10  0.39
 3698.80  0.39
 3699.50  0.39
 3700.20  0.39
 3700.90  0.39
 3701.60  0.39
 3702.30  0.39
 3703.00  0.39
 3703.70  0.39
 3704.40  0.39
 3705.10  0.39
 3705.80  0.39
 3706.50  0.39
 3707.20  0.39
 3707.90  0.39
 3708.60  0.39
 3709.30  0.39
 3710.00  0.39
 3710.70  0.39
 3711.40  0.39
 3712.10  0.39
 3712.80  0.39
 3713.50  0.39
 3714.20  0.39
 3714.90  0.39
 3715.60  0.39
 3716.30  0.39
 3717.00  0.39
 3717.70  0.39
 3718.40  0.39
 3719.10  0.39
 3719.80  0.39
 3720.50  0.39
 3721.20  0.39
 3721.90  0.39
 3722.60  0.39
 3723.30  0.39
 3724.00  0.39
 3724.70  0.39
 3725.40  0.39
 3726.10  0.39
 3726.80  0.39
 3727.50  0.39
 3728.20  0.39
 3728.90  0.39
 3729.60  0.39
 3730.30  0.39
 3731.00  0.39
 3731.70  0.39
 3732.40  0.39
 3733.10  0.39
 3733.80  0.39
 3734.50  0.39
 3735.20  0.39
 3735.90  0.39
 3736.60  0.39
 3737.30  0.39
 3738.00  0.39
 3738.70  0.39
 3739.40  0.39
 3740.10  0.39
 3740.80  0.39
 3741.50  0.39
 3742.20  0.39
 3742.90  0.39
 3743.60  0.39
 3744.30  0.39
 3745.00  0.39
 3745.70  0.39
 3746.40  0.39
 3747.10  0.39
 3747.80  0.39
 3748.50  0.39
 3749.20  0.39
 3749.90  0.39
 3750.60  0.39
 3751.30  0.39
 3752.00  0.39
 3752.70  0.39
 3753.40  0.39
 3754.10  0.39
 3754.80  0.39
 3755.50  0.39
 3756.20  0.39
 3756.90  0.39
 3757.60  0.39
 3758.30  0.39
 3759.00  0.39
 3759.70  0.39
 3760.40  0.39
 3761.10  0.39
 3761.80  0.39
 3762.50  0.39
 3763.20  0.39
 3763.90  0.39
 3764.60  0.39
 3765.30  0.39
 3766.00  0.39
 3766.70  0.39
 3767.40  0.39
 3768.10  0.39
 3768.80  0.39
 3769.50  0.39
 3770.20  0.39
 3770.90  0.39
 3771.60  0.39
 3772.30  0.39
 3773.00  0.39
 3773.70  0.39
 3774.40  0.39
 3775.10  0.39
 3775.80  0.39
 3776.50  0.39
 3777.20  0.39
 3777.90  0.39
 3778.60  0.39
 3779.30  0.39
 3780.00  0.39
 3780.70  0.39
 3781.40  0.39
 3782.10  0.39
 3782.80  0.39
 3783.50  0.39
 3784.20  0.39
 3784.90  0.39
 3785.60  0.39
 3786.30  0.39
 3787.00  0.39
 3787.70  0.39
 3788.40  0.39
 3789.10  0.39
 3789.80  0.39
 3790.50  0.39
 3791.20  0.39
 3791.90  0.39
 3792.60  0.39
 3793.30  0.39
 3794.00  0.39
 3794.70  0.39
 3795.40  0.39
 3796.10  0.39
 3796.80  0.39
 3797.50  0.39
 3798.20  0.39
 3798.90  0.39
 3799.60  0.39
 3800.30  0.39
 3801.00  0.39
 3801.70  0.39
 3802.40  0.39
 3803.10  0.39
 3803.80  0.39
 3804.50  0.39
 3805.20  0.39
 3805.90  0.39
 3806.60  0.39
 3807.30  0.39
 3808.00  0.39
 3808.70  0.39
 3809.40  0.39
 3810.10  0.39
 3810.80  0.39
 3811.50  0.39
 3812.20  0.39
 3812.90  0.39
 3813.60  0.39
 3814.30  0.39
 3815.00  0.39
 3815.70  0.39
 3816.40  0.39
 3817.10  0.39
 3817.80  0.39
 3818.50  0.39
 3819.20  0.39
 3819.90  0.39
 3820.60  0.39
 3821.30  0.39
 3822.00  0.39
 3822.70  0.39
 3823.40  0.39
 3824.10  0.39
 3824.80  0.39
 3825.50  0.39
 3826.20  0.39
 3826.90  0.39
 3827.60  0.39
 3828.30  0.39
 3829.00  0.39
 3829.70  0.39
 3830.40  0.39
 3831.10  0.39
 3831.80  0.39
 3832.50  0.39
 3833.20  0.39
 3833.90  0.39
 3834.60  0.39
 3835.30  0.39
 3836.00  0.39
 3836.70  0.39
 3837.40  0.39
 3838.10  0.39
 3838.80  0.39
 3839.50  0.39
 3840.20  0.39
 3840.90  0.39
 3841.60  0.39
 3842.30  0.39
 3843.00  0.39
 3843.70  0.39
 3844.40  0.39
 3845.10  0.39
 3845.80  0.39
 3846.50  0.39
 3847.20  0.39
 3847.90  0.39
 3848.60  0.39
 3849.30  0.39
 3850.00  0.39
 3850.70  0.39
 3851.40  0.39
 3852.10  0.39
 3852.80  0.39
 3853.50  0.39
 3854.20  0.39
 3854.90  0.39
 3855.60  0.39
 3856.30  0.39
 3857.00  0.39
 3857.70  0.39
 3858.40  0.39
 3859.10  0.39
 3859.80  0.39
 3860.50  0.39
 3861.20  0.39
 3861.90  0.39
 3862.60  0.39
 3863.30  0.39
 3864.00  0.39
 3864.70  0.39
 3865.40  0.39
 3866.10  0.39
 3866.80  0.39
 3867.50  0.39
 3868.20  0.39
 3868.90  0.39
 3869.60  0.39
 3870.30  0.39
 3871.00  0.39
 3871.70  0.39
 3872.40  0.39
 3873.10  0.39
 3873.80  0.39
 3874.50  0.39
 3875.20  0.39
 3875.90  0.39
 3876.60  0.39
 3877.30  0.39
 3878.00  0.39
 3878.70  0.39
 3879.40  0.39
 3880.10  0.39
 3880.80  0.39
 3881.50  0.39
 3882.20  0.39
 3882.90  0.39
 3883.60  0.39
 3884.30  0.39
 3885.00  0.39
 3885.70  0.39
 3886.40  0.39
 3887.10  0.39
 3887.80  0.39
 3888.50  0.39
 3889.20  0.39
 3889.90  0.39
 3890.60  0.39
 3891.30  0.39
 3892.00  0.39
 3892.70  0.39
 3893.40  0.39
 3894.10  0.39
 3894.80  0.39
 3895.50  0.39
 3896.20  0.39
 3896.90  0.39
 3897.60  0.39
 3898.30  0.39
 3899.00  0.39
 3899.70  0.39
 3900.40  0.39
 3901.10  0.39
 3901.80  0.39
 3902.50  0.39
 3903.20  0.39
 3903.90  0.39
 3904.60  0.39
 3905.30  0.39
 3906.00  0.39
 3906.70  0.39
 3907.40  0.39
 3908.10  0.39
 3908.80  0.39
 3909.50  0.39
 3910.20  0.39
 3910.90  0.39
 3911.60  0.39
 3912.30  0.39
 3913.00  0.39
 3913.70  0.39
 3914.40  0.39
 3915.10  0.39
 3915.80  0.39
 3916.50  0.39
 3917.20  0.39
 3917.90  0.39
 3918.60  0.39
 3919.30  0.39
 3920.00  0.39
 3920.70  0.39
 3921.40  0.39
 3922.10  0.39
 3922.80  0.39
 3923.50  0.39
 3924.20  0.39
 3924.90  0.39
 3925.60  0.39
 3926.30  0.39
 3927.00  0.39
 3927.70  0.39
 3928.40  0.39
 3929.10  0.39
 3929.80  0.39
 3930.50  0.39
 3931.20  0.39
 3931.90  0.39
 3932.60  0.39
 3933.30  0.39
 3934.00  0.39
 3934.70  0.39
 3935.40  0.39
 3936.10  0.39
 3936.80  0.39
 3937.50  0.39
 3938.20  0.39
 3938.90  0.39
 3939.60  0.39
 3940.30  0.39
 3941.00  0.39
 3941.70  0.39
 3942.40  0.39
 3943.10  0.39
 3943.80  0.39
 3944.50  0.39
 3945.20  0.39
 3945.90  0.39
 3946.60  0.39
 3947.30  0.39
 3948.00  0.39
 3948.70  0.39
 3949.40  0.39
 3950.10  0.39
 3950.80  0.39
 3951.50  0.39
 3952.20  0.39
 3952.90  0.39
 3953.60  0.39
 3954.30  0.39
 3955.00  0.39
 3955.70  0.39
 3956.40  0.39
 3957.10  0.39
 3957.80  0.39
 3958.50  0.39
 3959.20  0.39
 3959.90  0.39
 3960.60  0.39
 3961.30  0.39
 3962.00  0.39
 3962.70  0.39
 3963.40  0.39
 3964.10  0.39
 3964.80  0.39
 3965.50  0.39
 3966.20  0.39
 3966.90  0.39
 3967.60  0.39
 3968.30  0.39
 3969.00  0.39
 3969.70  0.39
 3970.40  0.39
 3971.10  0.39
 3971.80  0.39
 3972.50  0.39
 3973.20  0.39
 3973.90  0.39
 3974.60  0.39
 3975.30  0.39
 3976.00  0.39
 3976.70  0.39
 3977.40  0.39
 3978.10  0.39
 3978.80  0.39
 3979.50  0.39
 3980.20  0.39
 3980.90  0.39
 3981.60  0.39
 3982.30  0.39
 3983.00  0.39
 3983.70  0.39
 3984.40  0.39
 3985.10  0.39
 3985.80  0.39
 3986.50  0.39
 3987.20  0.39
 3987.90  0.39
 3988.60  0.39
 3989.30  0.39
 3990.00  0.39
 3990.70  0.39
 3991.40  0.39
 3992.10  0.39
 3992.80  0.39
 3993.50  0.39
 3994.20  0.39
 3994.90  0.39
 3995.60  0.39
 3996.30  0.39
 3997.00  0.39
 3997.70  0.39
 3998.40  0.39
 3999.10  0.39
 3999.80  0.39
