#Navio B MarAd
#Manobra de Curva de Giro
#
#eta 
#
#temp      rot 
 0.00  1.00
 0.70  1.00
 1.40  1.00
 2.10  1.00
 2.80  1.00
 3.50  1.00
 4.20  1.00
 4.90  1.01
 5.60  1.01
 6.30  1.01
 7.00  1.01
 7.70  1.01
 8.40  1.01
 9.10  1.01
 9.80  1.01
 10.50  1.01
 11.20  1.01
 11.90  1.02
 12.60  1.02
 13.30  1.02
 14.00  1.02
 14.70  1.02
 15.40  1.02
 16.10  1.02
 16.80  1.02
 17.50  1.03
 18.20  1.03
 18.90  1.03
 19.60  1.03
 20.30  1.03
 21.00  1.03
 21.70  1.03
 22.40  1.04
 23.10  1.04
 23.80  1.04
 24.50  1.04
 25.20  1.04
 25.90  1.04
 26.60  1.04
 27.30  1.05
 28.00  1.05
 28.70  1.05
 29.40  1.05
 30.10  1.05
 30.80  1.06
 31.50  1.06
 32.20  1.06
 32.90  1.06
 33.60  1.06
 34.30  1.07
 35.00  1.07
 35.70  1.07
 36.40  1.07
 37.10  1.08
 37.80  1.08
 38.50  1.08
 39.20  1.08
 39.90  1.09
 40.60  1.09
 41.30  1.09
 42.00  1.09
 42.70  1.10
 43.40  1.10
 44.10  1.10
 44.80  1.11
 45.50  1.11
 46.20  1.11
 46.90  1.12
 47.60  1.12
 48.30  1.12
 49.00  1.13
 49.70  1.13
 50.40  1.13
 51.10  1.14
 51.80  1.14
 52.50  1.14
 53.20  1.15
 53.90  1.15
 54.60  1.15
 55.30  1.16
 56.00  1.16
 56.70  1.17
 57.40  1.17
 58.10  1.17
 58.80  1.18
 59.50  1.18
 60.20  1.19
 60.90  1.19
 61.60  1.20
 62.30  1.20
 63.00  1.20
 63.70  1.21
 64.40  1.21
 65.10  1.22
 65.80  1.22
 66.50  1.23
 67.20  1.23
 67.90  1.24
 68.60  1.24
 69.30  1.25
 70.00  1.25
 70.70  1.26
 71.40  1.26
 72.10  1.27
 72.80  1.27
 73.50  1.28
 74.20  1.28
 74.90  1.29
 75.60  1.29
 76.30  1.30
 77.00  1.31
 77.70  1.31
 78.40  1.32
 79.10  1.32
 79.80  1.33
 80.50  1.33
 81.20  1.34
 81.90  1.35
 82.60  1.35
 83.30  1.36
 84.00  1.36
 84.70  1.37
 85.40  1.38
 86.10  1.38
 86.80  1.39
 87.50  1.39
 88.20  1.40
 88.90  1.41
 89.60  1.41
 90.30  1.42
 91.00  1.43
 91.70  1.43
 92.40  1.44
 93.10  1.44
 93.80  1.45
 94.50  1.46
 95.20  1.46
 95.90  1.47
 96.60  1.48
 97.30  1.48
 98.00  1.49
 98.70  1.50
 99.40  1.50
 100.10  1.51
 100.80  1.52
 101.50  1.52
 102.20  1.53
 102.90  1.54
 103.60  1.55
 104.30  1.55
 105.00  1.56
 105.70  1.57
 106.40  1.57
 107.10  1.58
 107.80  1.59
 108.50  1.59
 109.20  1.60
 109.90  1.61
 110.60  1.62
 111.30  1.62
 112.00  1.63
 112.70  1.64
 113.40  1.64
 114.10  1.65
 114.80  1.66
 115.50  1.67
 116.20  1.67
 116.90  1.68
 117.60  1.69
 118.30  1.70
 119.00  1.70
 119.70  1.71
 120.40  1.72
 121.10  1.72
 121.80  1.73
 122.50  1.74
 123.20  1.75
 123.90  1.75
 124.60  1.76
 125.30  1.77
 126.00  1.78
 126.70  1.78
 127.40  1.79
 128.10  1.80
 128.80  1.81
 129.50  1.81
 130.20  1.82
 130.90  1.83
 131.60  1.84
 132.30  1.84
 133.00  1.85
 133.70  1.86
 134.40  1.87
 135.10  1.87
 135.80  1.88
 136.50  1.89
 137.20  1.90
 137.90  1.91
 138.60  1.91
 139.30  1.92
 140.00  1.93
 140.70  1.94
 141.40  1.94
 142.10  1.95
 142.80  1.96
 143.50  1.97
 144.20  1.97
 144.90  1.98
 145.60  1.99
 146.30  2.00
 147.00  2.00
 147.70  2.01
 148.40  2.02
 149.10  2.03
 149.80  2.03
 150.50  2.04
 151.20  2.05
 151.90  2.06
 152.60  2.07
 153.30  2.07
 154.00  2.08
 154.70  2.09
 155.40  2.10
 156.10  2.10
 156.80  2.11
 157.50  2.12
 158.20  2.13
 158.90  2.13
 159.60  2.14
 160.30  2.15
 161.00  2.16
 161.70  2.16
 162.40  2.17
 163.10  2.18
 163.80  2.19
 164.50  2.19
 165.20  2.20
 165.90  2.21
 166.60  2.22
 167.30  2.22
 168.00  2.23
 168.70  2.24
 169.40  2.25
 170.10  2.25
 170.80  2.26
 171.50  2.27
 172.20  2.28
 172.90  2.28
 173.60  2.29
 174.30  2.30
 175.00  2.31
 175.70  2.31
 176.40  2.32
 177.10  2.33
 177.80  2.34
 178.50  2.34
 179.20  2.35
 179.90  2.36
 180.60  2.37
 181.30  2.37
 182.00  2.38
 182.70  2.39
 183.40  2.39
 184.10  2.40
 184.80  2.41
 185.50  2.42
 186.20  2.42
 186.90  2.43
 187.60  2.44
 188.30  2.44
 189.00  2.45
 189.70  2.46
 190.40  2.47
 191.10  2.47
 191.80  2.48
 192.50  2.49
 193.20  2.49
 193.90  2.50
 194.60  2.51
 195.30  2.52
 196.00  2.52
 196.70  2.53
 197.40  2.54
 198.10  2.54
 198.80  2.55
 199.50  2.56
 200.20  2.56
 200.90  2.57
 201.60  2.58
 202.30  2.58
 203.00  2.59
 203.70  2.60
 204.40  2.60
 205.10  2.61
 205.80  2.62
 206.50  2.62
 207.20  2.63
 207.90  2.64
 208.60  2.64
 209.30  2.65
 210.00  2.66
 210.70  2.66
 211.40  2.67
 212.10  2.68
 212.80  2.68
 213.50  2.69
 214.20  2.70
 214.90  2.70
 215.60  2.71
 216.30  2.72
 217.00  2.72
 217.70  2.73
 218.40  2.73
 219.10  2.74
 219.80  2.75
 220.50  2.75
 221.20  2.76
 221.90  2.77
 222.60  2.77
 223.30  2.78
 224.00  2.78
 224.70  2.79
 225.40  2.80
 226.10  2.80
 226.80  2.81
 227.50  2.82
 228.20  2.82
 228.90  2.83
 229.60  2.83
 230.30  2.84
 231.00  2.85
 231.70  2.85
 232.40  2.86
 233.10  2.86
 233.80  2.87
 234.50  2.88
 235.20  2.88
 235.90  2.89
 236.60  2.89
 237.30  2.90
 238.00  2.90
 238.70  2.91
 239.40  2.92
 240.10  2.92
 240.80  2.93
 241.50  2.93
 242.20  2.94
 242.90  2.94
 243.60  2.95
 244.30  2.96
 245.00  2.96
 245.70  2.97
 246.40  2.97
 247.10  2.98
 247.80  2.98
 248.50  2.99
 249.20  2.99
 249.90  3.00
 250.60  3.00
 251.30  3.01
 252.00  3.02
 252.70  3.02
 253.40  3.03
 254.10  3.03
 254.80  3.04
 255.50  3.04
 256.20  3.05
 256.90  3.05
 257.60  3.06
 258.30  3.06
 259.00  3.07
 259.70  3.07
 260.40  3.08
 261.10  3.08
 261.80  3.09
 262.50  3.09
 263.20  3.10
 263.90  3.10
 264.60  3.11
 265.30  3.11
 266.00  3.12
 266.70  3.12
 267.40  3.13
 268.10  3.13
 268.80  3.14
 269.50  3.14
 270.20  3.15
 270.90  3.15
 271.60  3.16
 272.30  3.16
 273.00  3.17
 273.70  3.17
 274.40  3.18
 275.10  3.18
 275.80  3.19
 276.50  3.19
 277.20  3.20
 277.90  3.20
 278.60  3.20
 279.30  3.21
 280.00  3.21
 280.70  3.22
 281.40  3.22
 282.10  3.23
 282.80  3.23
 283.50  3.24
 284.20  3.24
 284.90  3.24
 285.60  3.25
 286.30  3.25
 287.00  3.26
 287.70  3.26
 288.40  3.27
 289.10  3.27
 289.80  3.28
 290.50  3.28
 291.20  3.28
 291.90  3.29
 292.60  3.29
 293.30  3.30
 294.00  3.30
 294.70  3.30
 295.40  3.31
 296.10  3.31
 296.80  3.32
 297.50  3.32
 298.20  3.32
 298.90  3.33
 299.60  3.33
 300.30  3.34
 301.00  3.34
 301.70  3.34
 302.40  3.35
 303.10  3.35
 303.80  3.36
 304.50  3.36
 305.20  3.36
 305.90  3.37
 306.60  3.37
 307.30  3.38
 308.00  3.38
 308.70  3.38
 309.40  3.39
 310.10  3.39
 310.80  3.39
 311.50  3.40
 312.20  3.40
 312.90  3.41
 313.60  3.41
 314.30  3.41
 315.00  3.42
 315.70  3.42
 316.40  3.42
 317.10  3.43
 317.80  3.43
 318.50  3.43
 319.20  3.44
 319.90  3.44
 320.60  3.45
 321.30  3.45
 322.00  3.45
 322.70  3.46
 323.40  3.46
 324.10  3.46
 324.80  3.47
 325.50  3.47
 326.20  3.47
 326.90  3.48
 327.60  3.48
 328.30  3.48
 329.00  3.49
 329.70  3.49
 330.40  3.49
 331.10  3.50
 331.80  3.50
 332.50  3.50
 333.20  3.50
 333.90  3.51
 334.60  3.51
 335.30  3.51
 336.00  3.52
 336.70  3.52
 337.40  3.52
 338.10  3.53
 338.80  3.53
 339.50  3.53
 340.20  3.54
 340.90  3.54
 341.60  3.54
 342.30  3.54
 343.00  3.55
 343.70  3.55
 344.40  3.55
 345.10  3.56
 345.80  3.56
 346.50  3.56
 347.20  3.57
 347.90  3.57
 348.60  3.57
 349.30  3.57
 350.00  3.58
 350.70  3.58
 351.40  3.58
 352.10  3.59
 352.80  3.59
 353.50  3.59
 354.20  3.59
 354.90  3.60
 355.60  3.60
 356.30  3.60
 357.00  3.60
 357.70  3.61
 358.40  3.61
 359.10  3.61
 359.80  3.61
 360.50  3.62
 361.20  3.62
 361.90  3.62
 362.60  3.63
 363.30  3.63
 364.00  3.63
 364.70  3.63
 365.40  3.64
 366.10  3.64
 366.80  3.64
 367.50  3.64
 368.20  3.65
 368.90  3.65
 369.60  3.65
 370.30  3.65
 371.00  3.66
 371.70  3.66
 372.40  3.66
 373.10  3.66
 373.80  3.66
 374.50  3.67
 375.20  3.67
 375.90  3.67
 376.60  3.67
 377.30  3.68
 378.00  3.68
 378.70  3.68
 379.40  3.68
 380.10  3.69
 380.80  3.69
 381.50  3.69
 382.20  3.69
 382.90  3.69
 383.60  3.70
 384.30  3.70
 385.00  3.70
 385.70  3.70
 386.40  3.71
 387.10  3.71
 387.80  3.71
 388.50  3.71
 389.20  3.71
 389.90  3.72
 390.60  3.72
 391.30  3.72
 392.00  3.72
 392.70  3.72
 393.40  3.73
 394.10  3.73
 394.80  3.73
 395.50  3.73
 396.20  3.73
 396.90  3.74
 397.60  3.74
 398.30  3.74
 399.00  3.74
 399.70  3.74
 400.40  3.75
 401.10  3.75
 401.80  3.75
 402.50  3.75
 403.20  3.75
 403.90  3.76
 404.60  3.76
 405.30  3.76
 406.00  3.76
 406.70  3.76
 407.40  3.76
 408.10  3.77
 408.80  3.77
 409.50  3.77
 410.20  3.77
 410.90  3.77
 411.60  3.77
 412.30  3.78
 413.00  3.78
 413.70  3.78
 414.40  3.78
 415.10  3.78
 415.80  3.79
 416.50  3.79
 417.20  3.79
 417.90  3.79
 418.60  3.79
 419.30  3.79
 420.00  3.80
 420.70  3.80
 421.40  3.80
 422.10  3.80
 422.80  3.80
 423.50  3.80
 424.20  3.81
 424.90  3.81
 425.60  3.81
 426.30  3.81
 427.00  3.81
 427.70  3.81
 428.40  3.81
 429.10  3.82
 429.80  3.82
 430.50  3.82
 431.20  3.82
 431.90  3.82
 432.60  3.82
 433.30  3.82
 434.00  3.83
 434.70  3.83
 435.40  3.83
 436.10  3.83
 436.80  3.83
 437.50  3.83
 438.20  3.84
 438.90  3.84
 439.60  3.84
 440.30  3.84
 441.00  3.84
 441.70  3.84
 442.40  3.84
 443.10  3.84
 443.80  3.85
 444.50  3.85
 445.20  3.85
 445.90  3.85
 446.60  3.85
 447.30  3.85
 448.00  3.85
 448.70  3.86
 449.40  3.86
 450.10  3.86
 450.80  3.86
 451.50  3.86
 452.20  3.86
 452.90  3.86
 453.60  3.86
 454.30  3.87
 455.00  3.87
 455.70  3.87
 456.40  3.87
 457.10  3.87
 457.80  3.87
 458.50  3.87
 459.20  3.87
 459.90  3.88
 460.60  3.88
 461.30  3.88
 462.00  3.88
 462.70  3.88
 463.40  3.88
 464.10  3.88
 464.80  3.88
 465.50  3.88
 466.20  3.89
 466.90  3.89
 467.60  3.89
 468.30  3.89
 469.00  3.89
 469.70  3.89
 470.40  3.89
 471.10  3.89
 471.80  3.89
 472.50  3.90
 473.20  3.90
 473.90  3.90
 474.60  3.90
 475.30  3.90
 476.00  3.90
 476.70  3.90
 477.40  3.90
 478.10  3.90
 478.80  3.90
 479.50  3.91
 480.20  3.91
 480.90  3.91
 481.60  3.91
 482.30  3.91
 483.00  3.91
 483.70  3.91
 484.40  3.91
 485.10  3.91
 485.80  3.91
 486.50  3.92
 487.20  3.92
 487.90  3.92
 488.60  3.92
 489.30  3.92
 490.00  3.92
 490.70  3.92
 491.40  3.92
 492.10  3.92
 492.80  3.92
 493.50  3.92
 494.20  3.93
 494.90  3.93
 495.60  3.93
 496.30  3.93
 497.00  3.93
 497.70  3.93
 498.40  3.93
 499.10  3.93
 499.80  3.93
 500.50  3.93
 501.20  3.93
 501.90  3.94
 502.60  3.94
 503.30  3.94
 504.00  3.94
 504.70  3.94
 505.40  3.94
 506.10  3.94
 506.80  3.94
 507.50  3.94
 508.20  3.94
 508.90  3.94
 509.60  3.94
 510.30  3.94
 511.00  3.95
 511.70  3.95
 512.40  3.95
 513.10  3.95
 513.80  3.95
 514.50  3.95
 515.20  3.95
 515.90  3.95
 516.60  3.95
 517.30  3.95
 518.00  3.95
 518.70  3.95
 519.40  3.95
 520.10  3.96
 520.80  3.96
 521.50  3.96
 522.20  3.96
 522.90  3.96
 523.60  3.96
 524.30  3.96
 525.00  3.96
 525.70  3.96
 526.40  3.96
 527.10  3.96
 527.80  3.96
 528.50  3.96
 529.20  3.96
 529.90  3.96
 530.60  3.97
 531.30  3.97
 532.00  3.97
 532.70  3.97
 533.40  3.97
 534.10  3.97
 534.80  3.97
 535.50  3.97
 536.20  3.97
 536.90  3.97
 537.60  3.97
 538.30  3.97
 539.00  3.97
 539.70  3.97
 540.40  3.97
 541.10  3.98
 541.80  3.98
 542.50  3.98
 543.20  3.98
 543.90  3.98
 544.60  3.98
 545.30  3.98
 546.00  3.98
 546.70  3.98
 547.40  3.98
 548.10  3.98
 548.80  3.98
 549.50  3.98
 550.20  3.98
 550.90  3.98
 551.60  3.98
 552.30  3.98
 553.00  3.98
 553.70  3.99
 554.40  3.99
 555.10  3.99
 555.80  3.99
 556.50  3.99
 557.20  3.99
 557.90  3.99
 558.60  3.99
 559.30  3.99
 560.00  3.99
 560.70  3.99
 561.40  3.99
 562.10  3.99
 562.80  3.99
 563.50  3.99
 564.20  3.99
 564.90  3.99
 565.60  3.99
 566.30  3.99
 567.00  3.99
 567.70  4.00
 568.40  4.00
 569.10  4.00
 569.80  4.00
 570.50  4.00
 571.20  4.00
 571.90  4.00
 572.60  4.00
 573.30  4.00
 574.00  4.00
 574.70  4.00
 575.40  4.00
 576.10  4.00
 576.80  4.00
 577.50  4.00
 578.20  4.00
 578.90  4.00
 579.60  4.00
 580.30  4.00
 581.00  4.00
 581.70  4.00
 582.40  4.00
 583.10  4.00
 583.80  4.01
 584.50  4.01
 585.20  4.01
 585.90  4.01
 586.60  4.01
 587.30  4.01
 588.00  4.01
 588.70  4.01
 589.40  4.01
 590.10  4.01
 590.80  4.01
 591.50  4.01
 592.20  4.01
 592.90  4.01
 593.60  4.01
 594.30  4.01
 595.00  4.01
 595.70  4.01
 596.40  4.01
 597.10  4.01
 597.80  4.01
 598.50  4.01
 599.20  4.01
 599.90  4.01
 600.60  4.01
 601.30  4.01
 602.00  4.02
 602.70  4.02
 603.40  4.02
 604.10  4.02
 604.80  4.02
 605.50  4.02
 606.20  4.02
 606.90  4.02
 607.60  4.02
 608.30  4.02
 609.00  4.02
 609.70  4.02
 610.40  4.02
 611.10  4.02
 611.80  4.02
 612.50  4.02
 613.20  4.02
 613.90  4.02
 614.60  4.02
 615.30  4.02
 616.00  4.02
 616.70  4.02
 617.40  4.02
 618.10  4.02
 618.80  4.02
 619.50  4.02
 620.20  4.02
 620.90  4.02
 621.60  4.02
 622.30  4.02
 623.00  4.02
 623.70  4.03
 624.40  4.03
 625.10  4.03
 625.80  4.03
 626.50  4.03
 627.20  4.03
 627.90  4.03
 628.60  4.03
 629.30  4.03
 630.00  4.03
 630.70  4.03
 631.40  4.03
 632.10  4.03
 632.80  4.03
 633.50  4.03
 634.20  4.03
 634.90  4.03
 635.60  4.03
 636.30  4.03
 637.00  4.03
 637.70  4.03
 638.40  4.03
 639.10  4.03
 639.80  4.03
 640.50  4.03
 641.20  4.03
 641.90  4.03
 642.60  4.03
 643.30  4.03
 644.00  4.03
 644.70  4.03
 645.40  4.03
 646.10  4.03
 646.80  4.03
 647.50  4.03
 648.20  4.03
 648.90  4.03
 649.60  4.03
 650.30  4.03
 651.00  4.04
 651.70  4.04
 652.40  4.04
 653.10  4.04
 653.80  4.04
 654.50  4.04
 655.20  4.04
 655.90  4.04
 656.60  4.04
 657.30  4.04
 658.00  4.04
 658.70  4.04
 659.40  4.04
 660.10  4.04
 660.80  4.04
 661.50  4.04
 662.20  4.04
 662.90  4.04
 663.60  4.04
 664.30  4.04
 665.00  4.04
 665.70  4.04
 666.40  4.04
 667.10  4.04
 667.80  4.04
 668.50  4.04
 669.20  4.04
 669.90  4.04
 670.60  4.04
 671.30  4.04
 672.00  4.04
 672.70  4.04
 673.40  4.04
 674.10  4.04
 674.80  4.04
 675.50  4.04
 676.20  4.04
 676.90  4.04
 677.60  4.04
 678.30  4.04
 679.00  4.04
 679.70  4.04
 680.40  4.04
 681.10  4.04
 681.80  4.04
 682.50  4.04
 683.20  4.04
 683.90  4.04
 684.60  4.04
 685.30  4.04
 686.00  4.04
 686.70  4.04
 687.40  4.05
 688.10  4.05
 688.80  4.05
 689.50  4.05
 690.20  4.05
 690.90  4.05
 691.60  4.05
 692.30  4.05
 693.00  4.05
 693.70  4.05
 694.40  4.05
 695.10  4.05
 695.80  4.05
 696.50  4.05
 697.20  4.05
 697.90  4.05
 698.60  4.05
 699.30  4.05
 700.00  4.05
 700.70  4.05
 701.40  4.05
 702.10  4.05
 702.80  4.05
 703.50  4.05
 704.20  4.05
 704.90  4.05
 705.60  4.05
 706.30  4.05
 707.00  4.05
 707.70  4.05
 708.40  4.05
 709.10  4.05
 709.80  4.05
 710.50  4.05
 711.20  4.05
 711.90  4.05
 712.60  4.05
 713.30  4.05
 714.00  4.05
 714.70  4.05
 715.40  4.05
 716.10  4.05
 716.80  4.05
 717.50  4.05
 718.20  4.05
 718.90  4.05
 719.60  4.05
 720.30  4.05
 721.00  4.05
 721.70  4.05
 722.40  4.05
 723.10  4.05
 723.80  4.05
 724.50  4.05
 725.20  4.05
 725.90  4.05
 726.60  4.05
 727.30  4.05
 728.00  4.05
 728.70  4.05
 729.40  4.05
 730.10  4.05
 730.80  4.05
 731.50  4.05
 732.20  4.05
 732.90  4.05
 733.60  4.05
 734.30  4.05
 735.00  4.05
 735.70  4.05
 736.40  4.05
 737.10  4.05
 737.80  4.05
 738.50  4.05
 739.20  4.05
 739.90  4.05
 740.60  4.05
 741.30  4.05
 742.00  4.06
 742.70  4.06
 743.40  4.06
 744.10  4.06
 744.80  4.06
 745.50  4.06
 746.20  4.06
 746.90  4.06
 747.60  4.06
 748.30  4.06
 749.00  4.06
 749.70  4.06
 750.40  4.06
 751.10  4.06
 751.80  4.06
 752.50  4.06
 753.20  4.06
 753.90  4.06
 754.60  4.06
 755.30  4.06
 756.00  4.06
 756.70  4.06
 757.40  4.06
 758.10  4.06
 758.80  4.06
 759.50  4.06
 760.20  4.06
 760.90  4.06
 761.60  4.06
 762.30  4.06
 763.00  4.06
 763.70  4.06
 764.40  4.06
 765.10  4.06
 765.80  4.06
 766.50  4.06
 767.20  4.06
 767.90  4.06
 768.60  4.06
 769.30  4.06
 770.00  4.06
 770.70  4.06
 771.40  4.06
 772.10  4.06
 772.80  4.06
 773.50  4.06
 774.20  4.06
 774.90  4.06
 775.60  4.06
 776.30  4.06
 777.00  4.06
 777.70  4.06
 778.40  4.06
 779.10  4.06
 779.80  4.06
 780.50  4.06
 781.20  4.06
 781.90  4.06
 782.60  4.06
 783.30  4.06
 784.00  4.06
 784.70  4.06
 785.40  4.06
 786.10  4.06
 786.80  4.06
 787.50  4.06
 788.20  4.06
 788.90  4.06
 789.60  4.06
 790.30  4.06
 791.00  4.06
 791.70  4.06
 792.40  4.06
 793.10  4.06
 793.80  4.06
 794.50  4.06
 795.20  4.06
 795.90  4.06
 796.60  4.06
 797.30  4.06
 798.00  4.06
 798.70  4.06
 799.40  4.06
 800.10  4.06
 800.80  4.06
 801.50  4.06
 802.20  4.06
 802.90  4.06
 803.60  4.06
 804.30  4.06
 805.00  4.06
 805.70  4.06
 806.40  4.06
 807.10  4.06
 807.80  4.06
 808.50  4.06
 809.20  4.06
 809.90  4.06
 810.60  4.06
 811.30  4.06
 812.00  4.06
 812.70  4.06
 813.40  4.06
 814.10  4.06
 814.80  4.06
 815.50  4.06
 816.20  4.06
 816.90  4.06
 817.60  4.06
 818.30  4.06
 819.00  4.06
 819.70  4.06
 820.40  4.06
 821.10  4.06
 821.80  4.06
 822.50  4.06
 823.20  4.06
 823.90  4.06
 824.60  4.06
 825.30  4.06
 826.00  4.06
 826.70  4.06
 827.40  4.06
 828.10  4.06
 828.80  4.06
 829.50  4.06
 830.20  4.06
 830.90  4.06
 831.60  4.06
 832.30  4.06
 833.00  4.06
 833.70  4.06
 834.40  4.06
 835.10  4.06
 835.80  4.06
 836.50  4.06
 837.20  4.06
 837.90  4.06
 838.60  4.06
 839.30  4.06
 840.00  4.06
 840.70  4.06
 841.40  4.06
 842.10  4.06
 842.80  4.06
 843.50  4.06
 844.20  4.06
 844.90  4.06
 845.60  4.06
 846.30  4.06
 847.00  4.06
 847.70  4.06
 848.40  4.06
 849.10  4.06
 849.80  4.06
 850.50  4.06
 851.20  4.06
 851.90  4.06
 852.60  4.06
 853.30  4.06
 854.00  4.06
 854.70  4.07
 855.40  4.07
 856.10  4.07
 856.80  4.07
 857.50  4.07
 858.20  4.07
 858.90  4.07
 859.60  4.07
 860.30  4.07
 861.00  4.07
 861.70  4.07
 862.40  4.07
 863.10  4.07
 863.80  4.07
 864.50  4.07
 865.20  4.07
 865.90  4.07
 866.60  4.07
 867.30  4.07
 868.00  4.07
 868.70  4.07
 869.40  4.07
 870.10  4.07
 870.80  4.07
 871.50  4.07
 872.20  4.07
 872.90  4.07
 873.60  4.07
 874.30  4.07
 875.00  4.07
 875.70  4.07
 876.40  4.07
 877.10  4.07
 877.80  4.07
 878.50  4.07
 879.20  4.07
 879.90  4.07
 880.60  4.07
 881.30  4.07
 882.00  4.07
 882.70  4.07
 883.40  4.07
 884.10  4.07
 884.80  4.07
 885.50  4.07
 886.20  4.07
 886.90  4.07
 887.60  4.07
 888.30  4.07
 889.00  4.07
 889.70  4.07
 890.40  4.07
 891.10  4.07
 891.80  4.07
 892.50  4.07
 893.20  4.07
 893.90  4.07
 894.60  4.07
 895.30  4.07
 896.00  4.07
 896.70  4.07
 897.40  4.07
 898.10  4.07
 898.80  4.07
 899.50  4.07
 900.20  4.07
 900.90  4.07
 901.60  4.07
 902.30  4.07
 903.00  4.07
 903.70  4.07
 904.40  4.07
 905.10  4.07
 905.80  4.07
 906.50  4.07
 907.20  4.07
 907.90  4.07
 908.60  4.07
 909.30  4.07
 910.00  4.07
 910.70  4.07
 911.40  4.07
 912.10  4.07
 912.80  4.07
 913.50  4.07
 914.20  4.07
 914.90  4.07
 915.60  4.07
 916.30  4.07
 917.00  4.07
 917.70  4.07
 918.40  4.07
 919.10  4.07
 919.80  4.07
 920.50  4.07
 921.20  4.07
 921.90  4.07
 922.60  4.07
 923.30  4.07
 924.00  4.07
 924.70  4.07
 925.40  4.07
 926.10  4.07
 926.80  4.07
 927.50  4.07
 928.20  4.07
 928.90  4.07
 929.60  4.07
 930.30  4.07
 931.00  4.07
 931.70  4.07
 932.40  4.07
 933.10  4.07
 933.80  4.07
 934.50  4.07
 935.20  4.07
 935.90  4.07
 936.60  4.07
 937.30  4.07
 938.00  4.07
 938.70  4.07
 939.40  4.07
 940.10  4.07
 940.80  4.07
 941.50  4.07
 942.20  4.07
 942.90  4.07
 943.60  4.07
 944.30  4.07
 945.00  4.07
 945.70  4.07
 946.40  4.07
 947.10  4.07
 947.80  4.07
 948.50  4.07
 949.20  4.07
 949.90  4.07
 950.60  4.07
 951.30  4.07
 952.00  4.07
 952.70  4.07
 953.40  4.07
 954.10  4.07
 954.80  4.07
 955.50  4.07
 956.20  4.07
 956.90  4.07
 957.60  4.07
 958.30  4.07
 959.00  4.07
 959.70  4.07
 960.40  4.07
 961.10  4.07
 961.80  4.07
 962.50  4.07
 963.20  4.07
 963.90  4.07
 964.60  4.07
 965.30  4.07
 966.00  4.07
 966.70  4.07
 967.40  4.07
 968.10  4.07
 968.80  4.07
 969.50  4.07
 970.20  4.07
 970.90  4.07
 971.60  4.07
 972.30  4.07
 973.00  4.07
 973.70  4.07
 974.40  4.07
 975.10  4.07
 975.80  4.07
 976.50  4.07
 977.20  4.07
 977.90  4.07
 978.60  4.07
 979.30  4.07
 980.00  4.07
 980.70  4.07
 981.40  4.07
 982.10  4.07
 982.80  4.07
 983.50  4.07
 984.20  4.07
 984.90  4.07
 985.60  4.07
 986.30  4.07
 987.00  4.07
 987.70  4.07
 988.40  4.07
 989.10  4.07
 989.80  4.07
 990.50  4.07
 991.20  4.07
 991.90  4.07
 992.60  4.07
 993.30  4.07
 994.00  4.07
 994.70  4.07
 995.40  4.07
 996.10  4.07
 996.80  4.07
 997.50  4.07
 998.20  4.07
 998.90  4.07
 999.60  4.07
 1000.30  4.07
 1001.00  4.07
 1001.70  4.07
 1002.40  4.07
 1003.10  4.07
 1003.80  4.07
 1004.50  4.07
 1005.20  4.07
 1005.90  4.07
 1006.60  4.07
 1007.30  4.07
 1008.00  4.07
 1008.70  4.07
 1009.40  4.07
 1010.10  4.07
 1010.80  4.07
 1011.50  4.07
 1012.20  4.07
 1012.90  4.07
 1013.60  4.07
 1014.30  4.07
 1015.00  4.07
 1015.70  4.07
 1016.40  4.07
 1017.10  4.07
 1017.80  4.07
 1018.50  4.07
 1019.20  4.07
 1019.90  4.07
 1020.60  4.07
 1021.30  4.07
 1022.00  4.07
 1022.70  4.07
 1023.40  4.07
 1024.10  4.07
 1024.80  4.07
 1025.50  4.07
 1026.20  4.07
 1026.90  4.07
 1027.60  4.07
 1028.30  4.07
 1029.00  4.07
 1029.70  4.07
 1030.40  4.07
 1031.10  4.07
 1031.80  4.07
 1032.50  4.07
 1033.20  4.07
 1033.90  4.07
 1034.60  4.07
 1035.30  4.07
 1036.00  4.07
 1036.70  4.07
 1037.40  4.07
 1038.10  4.07
 1038.80  4.07
 1039.50  4.07
 1040.20  4.07
 1040.90  4.07
 1041.60  4.07
 1042.30  4.07
 1043.00  4.07
 1043.70  4.07
 1044.40  4.07
 1045.10  4.07
 1045.80  4.07
 1046.50  4.07
 1047.20  4.07
 1047.90  4.07
 1048.60  4.07
 1049.30  4.07
 1050.00  4.07
 1050.70  4.07
 1051.40  4.07
 1052.10  4.07
 1052.80  4.07
 1053.50  4.07
 1054.20  4.07
 1054.90  4.07
 1055.60  4.07
 1056.30  4.07
 1057.00  4.07
 1057.70  4.07
 1058.40  4.07
 1059.10  4.07
 1059.80  4.07
 1060.50  4.07
 1061.20  4.07
 1061.90  4.07
 1062.60  4.07
 1063.30  4.07
 1064.00  4.07
 1064.70  4.07
 1065.40  4.07
 1066.10  4.07
 1066.80  4.07
 1067.50  4.07
 1068.20  4.07
 1068.90  4.07
 1069.60  4.07
 1070.30  4.07
 1071.00  4.07
 1071.70  4.07
 1072.40  4.07
 1073.10  4.07
 1073.80  4.07
 1074.50  4.07
 1075.20  4.07
 1075.90  4.07
 1076.60  4.07
 1077.30  4.07
 1078.00  4.07
 1078.70  4.07
 1079.40  4.07
 1080.10  4.07
 1080.80  4.07
 1081.50  4.07
 1082.20  4.07
 1082.90  4.07
 1083.60  4.07
 1084.30  4.07
 1085.00  4.07
 1085.70  4.07
 1086.40  4.07
 1087.10  4.07
 1087.80  4.07
 1088.50  4.07
 1089.20  4.07
 1089.90  4.07
 1090.60  4.07
 1091.30  4.07
 1092.00  4.07
 1092.70  4.07
 1093.40  4.07
 1094.10  4.07
 1094.80  4.07
 1095.50  4.07
 1096.20  4.07
 1096.90  4.07
 1097.60  4.07
 1098.30  4.07
 1099.00  4.07
 1099.70  4.07
 1100.40  4.07
 1101.10  4.07
 1101.80  4.07
 1102.50  4.07
 1103.20  4.07
 1103.90  4.07
 1104.60  4.07
 1105.30  4.07
 1106.00  4.07
 1106.70  4.07
 1107.40  4.07
 1108.10  4.07
 1108.80  4.07
 1109.50  4.07
 1110.20  4.07
 1110.90  4.07
 1111.60  4.07
 1112.30  4.07
 1113.00  4.07
 1113.70  4.07
 1114.40  4.07
 1115.10  4.07
 1115.80  4.07
 1116.50  4.07
 1117.20  4.07
 1117.90  4.07
 1118.60  4.07
 1119.30  4.07
 1120.00  4.07
 1120.70  4.07
 1121.40  4.07
 1122.10  4.07
 1122.80  4.07
 1123.50  4.07
 1124.20  4.07
 1124.90  4.07
 1125.60  4.07
 1126.30  4.07
 1127.00  4.07
 1127.70  4.07
 1128.40  4.07
 1129.10  4.07
 1129.80  4.07
 1130.50  4.07
 1131.20  4.07
 1131.90  4.07
 1132.60  4.07
 1133.30  4.07
 1134.00  4.07
 1134.70  4.07
 1135.40  4.07
 1136.10  4.07
 1136.80  4.07
 1137.50  4.07
 1138.20  4.07
 1138.90  4.07
 1139.60  4.07
 1140.30  4.07
 1141.00  4.07
 1141.70  4.07
 1142.40  4.07
 1143.10  4.07
 1143.80  4.07
 1144.50  4.07
 1145.20  4.07
 1145.90  4.07
 1146.60  4.07
 1147.30  4.07
 1148.00  4.07
 1148.70  4.07
 1149.40  4.07
 1150.10  4.07
 1150.80  4.07
 1151.50  4.07
 1152.20  4.07
 1152.90  4.07
 1153.60  4.07
 1154.30  4.07
 1155.00  4.07
 1155.70  4.07
 1156.40  4.07
 1157.10  4.07
 1157.80  4.07
 1158.50  4.07
 1159.20  4.07
 1159.90  4.07
 1160.60  4.07
 1161.30  4.07
 1162.00  4.07
 1162.70  4.07
 1163.40  4.07
 1164.10  4.07
 1164.80  4.07
 1165.50  4.07
 1166.20  4.07
 1166.90  4.07
 1167.60  4.07
 1168.30  4.07
 1169.00  4.07
 1169.70  4.07
 1170.40  4.07
 1171.10  4.07
 1171.80  4.07
 1172.50  4.07
 1173.20  4.07
 1173.90  4.07
 1174.60  4.07
 1175.30  4.07
 1176.00  4.07
 1176.70  4.07
 1177.40  4.07
 1178.10  4.07
 1178.80  4.07
 1179.50  4.07
 1180.20  4.07
 1180.90  4.07
 1181.60  4.07
 1182.30  4.07
 1183.00  4.07
 1183.70  4.07
 1184.40  4.07
 1185.10  4.07
 1185.80  4.07
 1186.50  4.07
 1187.20  4.07
 1187.90  4.07
 1188.60  4.07
 1189.30  4.07
 1190.00  4.07
 1190.70  4.07
 1191.40  4.07
 1192.10  4.07
 1192.80  4.07
 1193.50  4.07
 1194.20  4.07
 1194.90  4.07
 1195.60  4.07
 1196.30  4.07
 1197.00  4.07
 1197.70  4.07
 1198.40  4.07
 1199.10  4.07
 1199.80  4.07
 1200.50  4.07
 1201.20  4.07
 1201.90  4.07
 1202.60  4.07
 1203.30  4.07
 1204.00  4.07
 1204.70  4.07
 1205.40  4.07
 1206.10  4.07
 1206.80  4.07
 1207.50  4.07
 1208.20  4.07
 1208.90  4.07
 1209.60  4.07
 1210.30  4.07
 1211.00  4.07
 1211.70  4.07
 1212.40  4.07
 1213.10  4.07
 1213.80  4.07
 1214.50  4.07
 1215.20  4.07
 1215.90  4.07
 1216.60  4.07
 1217.30  4.07
 1218.00  4.07
 1218.70  4.07
 1219.40  4.07
 1220.10  4.07
 1220.80  4.07
 1221.50  4.07
 1222.20  4.07
 1222.90  4.07
 1223.60  4.07
 1224.30  4.07
 1225.00  4.07
 1225.70  4.07
 1226.40  4.07
 1227.10  4.07
 1227.80  4.07
 1228.50  4.07
 1229.20  4.07
 1229.90  4.07
 1230.60  4.07
 1231.30  4.07
 1232.00  4.07
 1232.70  4.07
 1233.40  4.07
 1234.10  4.07
 1234.80  4.07
 1235.50  4.07
 1236.20  4.07
 1236.90  4.07
 1237.60  4.07
 1238.30  4.07
 1239.00  4.07
 1239.70  4.07
 1240.40  4.07
 1241.10  4.07
 1241.80  4.07
 1242.50  4.07
 1243.20  4.07
 1243.90  4.07
 1244.60  4.07
 1245.30  4.07
 1246.00  4.07
 1246.70  4.07
 1247.40  4.07
 1248.10  4.07
 1248.80  4.07
 1249.50  4.07
 1250.20  4.07
 1250.90  4.07
 1251.60  4.07
 1252.30  4.07
 1253.00  4.07
 1253.70  4.07
 1254.40  4.07
 1255.10  4.07
 1255.80  4.07
 1256.50  4.07
 1257.20  4.07
 1257.90  4.07
 1258.60  4.07
 1259.30  4.07
 1260.00  4.07
 1260.70  4.07
 1261.40  4.07
 1262.10  4.07
 1262.80  4.07
 1263.50  4.07
 1264.20  4.07
 1264.90  4.07
 1265.60  4.07
 1266.30  4.07
 1267.00  4.07
 1267.70  4.07
 1268.40  4.07
 1269.10  4.07
 1269.80  4.07
 1270.50  4.07
 1271.20  4.07
 1271.90  4.07
 1272.60  4.07
 1273.30  4.07
 1274.00  4.07
 1274.70  4.07
 1275.40  4.07
 1276.10  4.07
 1276.80  4.07
 1277.50  4.07
 1278.20  4.07
 1278.90  4.07
 1279.60  4.07
 1280.30  4.07
 1281.00  4.07
 1281.70  4.07
 1282.40  4.07
 1283.10  4.07
 1283.80  4.07
 1284.50  4.07
 1285.20  4.07
 1285.90  4.07
 1286.60  4.07
 1287.30  4.07
 1288.00  4.07
 1288.70  4.07
 1289.40  4.07
 1290.10  4.07
 1290.80  4.07
 1291.50  4.07
 1292.20  4.07
 1292.90  4.07
 1293.60  4.07
 1294.30  4.07
 1295.00  4.07
 1295.70  4.07
 1296.40  4.07
 1297.10  4.07
 1297.80  4.07
 1298.50  4.07
 1299.20  4.07
 1299.90  4.07
 1300.60  4.07
 1301.30  4.07
 1302.00  4.07
 1302.70  4.07
 1303.40  4.07
 1304.10  4.07
 1304.80  4.07
 1305.50  4.07
 1306.20  4.07
 1306.90  4.07
 1307.60  4.07
 1308.30  4.07
 1309.00  4.07
 1309.70  4.07
 1310.40  4.07
 1311.10  4.07
 1311.80  4.07
 1312.50  4.07
 1313.20  4.07
 1313.90  4.07
 1314.60  4.07
 1315.30  4.07
 1316.00  4.07
 1316.70  4.07
 1317.40  4.07
 1318.10  4.07
 1318.80  4.07
 1319.50  4.07
 1320.20  4.07
 1320.90  4.07
 1321.60  4.07
 1322.30  4.07
 1323.00  4.07
 1323.70  4.07
 1324.40  4.07
 1325.10  4.07
 1325.80  4.07
 1326.50  4.07
 1327.20  4.07
 1327.90  4.07
 1328.60  4.07
 1329.30  4.07
 1330.00  4.07
 1330.70  4.07
 1331.40  4.07
 1332.10  4.07
 1332.80  4.07
 1333.50  4.07
 1334.20  4.07
 1334.90  4.07
 1335.60  4.07
 1336.30  4.07
 1337.00  4.07
 1337.70  4.07
 1338.40  4.07
 1339.10  4.07
 1339.80  4.07
 1340.50  4.07
 1341.20  4.07
 1341.90  4.07
 1342.60  4.07
 1343.30  4.07
 1344.00  4.07
 1344.70  4.07
 1345.40  4.07
 1346.10  4.07
 1346.80  4.07
 1347.50  4.07
 1348.20  4.07
 1348.90  4.07
 1349.60  4.07
 1350.30  4.07
 1351.00  4.07
 1351.70  4.07
 1352.40  4.07
 1353.10  4.07
 1353.80  4.07
 1354.50  4.07
 1355.20  4.07
 1355.90  4.07
 1356.60  4.07
 1357.30  4.07
 1358.00  4.07
 1358.70  4.07
 1359.40  4.07
 1360.10  4.07
 1360.80  4.07
 1361.50  4.07
 1362.20  4.07
 1362.90  4.07
 1363.60  4.07
 1364.30  4.07
 1365.00  4.07
 1365.70  4.07
 1366.40  4.07
 1367.10  4.07
 1367.80  4.07
 1368.50  4.07
 1369.20  4.07
 1369.90  4.07
 1370.60  4.07
 1371.30  4.07
 1372.00  4.07
 1372.70  4.07
 1373.40  4.07
 1374.10  4.07
 1374.80  4.07
 1375.50  4.07
 1376.20  4.07
 1376.90  4.07
 1377.60  4.07
 1378.30  4.07
 1379.00  4.07
 1379.70  4.07
 1380.40  4.07
 1381.10  4.07
 1381.80  4.07
 1382.50  4.07
 1383.20  4.07
 1383.90  4.07
 1384.60  4.07
 1385.30  4.07
 1386.00  4.07
 1386.70  4.07
 1387.40  4.07
 1388.10  4.07
 1388.80  4.07
 1389.50  4.07
 1390.20  4.07
 1390.90  4.07
 1391.60  4.07
 1392.30  4.07
 1393.00  4.07
 1393.70  4.07
 1394.40  4.07
 1395.10  4.07
 1395.80  4.07
 1396.50  4.07
 1397.20  4.07
 1397.90  4.07
 1398.60  4.07
 1399.30  4.07
 1400.00  4.07
 1400.70  4.07
 1401.40  4.07
 1402.10  4.07
 1402.80  4.07
 1403.50  4.07
 1404.20  4.07
 1404.90  4.07
 1405.60  4.07
 1406.30  4.07
 1407.00  4.07
 1407.70  4.07
 1408.40  4.07
 1409.10  4.07
 1409.80  4.07
 1410.50  4.07
 1411.20  4.07
 1411.90  4.07
 1412.60  4.07
 1413.30  4.07
 1414.00  4.07
 1414.70  4.07
 1415.40  4.07
 1416.10  4.07
 1416.80  4.07
 1417.50  4.07
 1418.20  4.07
 1418.90  4.07
 1419.60  4.07
 1420.30  4.07
 1421.00  4.07
 1421.70  4.07
 1422.40  4.07
 1423.10  4.07
 1423.80  4.07
 1424.50  4.07
 1425.20  4.07
 1425.90  4.07
 1426.60  4.07
 1427.30  4.07
 1428.00  4.07
 1428.70  4.07
 1429.40  4.07
 1430.10  4.07
 1430.80  4.07
 1431.50  4.07
 1432.20  4.07
 1432.90  4.07
 1433.60  4.07
 1434.30  4.07
 1435.00  4.07
 1435.70  4.07
 1436.40  4.07
 1437.10  4.07
 1437.80  4.07
 1438.50  4.07
 1439.20  4.07
 1439.90  4.07
 1440.60  4.07
 1441.30  4.07
 1442.00  4.07
 1442.70  4.07
 1443.40  4.07
 1444.10  4.07
 1444.80  4.07
 1445.50  4.07
 1446.20  4.07
 1446.90  4.07
 1447.60  4.07
 1448.30  4.07
 1449.00  4.07
 1449.70  4.07
 1450.40  4.07
 1451.10  4.07
 1451.80  4.07
 1452.50  4.07
 1453.20  4.07
 1453.90  4.07
 1454.60  4.07
 1455.30  4.07
 1456.00  4.07
 1456.70  4.07
 1457.40  4.07
 1458.10  4.07
 1458.80  4.07
 1459.50  4.07
 1460.20  4.07
 1460.90  4.07
 1461.60  4.07
 1462.30  4.07
 1463.00  4.07
 1463.70  4.07
 1464.40  4.07
 1465.10  4.07
 1465.80  4.07
 1466.50  4.07
 1467.20  4.07
 1467.90  4.07
 1468.60  4.07
 1469.30  4.07
 1470.00  4.07
 1470.70  4.07
 1471.40  4.07
 1472.10  4.07
 1472.80  4.07
 1473.50  4.07
 1474.20  4.07
 1474.90  4.07
 1475.60  4.07
 1476.30  4.07
 1477.00  4.07
 1477.70  4.07
 1478.40  4.07
 1479.10  4.07
 1479.80  4.07
 1480.50  4.07
 1481.20  4.07
 1481.90  4.07
 1482.60  4.07
 1483.30  4.07
 1484.00  4.07
 1484.70  4.07
 1485.40  4.07
 1486.10  4.07
 1486.80  4.07
 1487.50  4.07
 1488.20  4.07
 1488.90  4.07
 1489.60  4.07
 1490.30  4.07
 1491.00  4.07
 1491.70  4.07
 1492.40  4.07
 1493.10  4.07
 1493.80  4.07
 1494.50  4.07
 1495.20  4.07
 1495.90  4.07
 1496.60  4.07
 1497.30  4.07
 1498.00  4.07
 1498.70  4.07
 1499.40  4.07
 1500.10  4.07
 1500.80  4.07
 1501.50  4.07
 1502.20  4.07
 1502.90  4.07
 1503.60  4.07
 1504.30  4.07
 1505.00  4.07
 1505.70  4.07
 1506.40  4.07
 1507.10  4.07
 1507.80  4.07
 1508.50  4.07
 1509.20  4.07
 1509.90  4.07
 1510.60  4.07
 1511.30  4.07
 1512.00  4.07
 1512.70  4.07
 1513.40  4.07
 1514.10  4.07
 1514.80  4.07
 1515.50  4.07
 1516.20  4.07
 1516.90  4.07
 1517.60  4.07
 1518.30  4.07
 1519.00  4.07
 1519.70  4.07
 1520.40  4.07
 1521.10  4.07
 1521.80  4.07
 1522.50  4.07
 1523.20  4.07
 1523.90  4.07
 1524.60  4.07
 1525.30  4.07
 1526.00  4.07
 1526.70  4.07
 1527.40  4.07
 1528.10  4.07
 1528.80  4.07
 1529.50  4.07
 1530.20  4.07
 1530.90  4.07
 1531.60  4.07
 1532.30  4.07
 1533.00  4.07
 1533.70  4.07
 1534.40  4.07
 1535.10  4.07
 1535.80  4.07
 1536.50  4.07
 1537.20  4.07
 1537.90  4.07
 1538.60  4.07
 1539.30  4.07
 1540.00  4.07
 1540.70  4.07
 1541.40  4.07
 1542.10  4.07
 1542.80  4.07
 1543.50  4.07
 1544.20  4.07
 1544.90  4.07
 1545.60  4.07
 1546.30  4.07
 1547.00  4.07
 1547.70  4.07
 1548.40  4.07
 1549.10  4.07
 1549.80  4.07
 1550.50  4.07
 1551.20  4.07
 1551.90  4.07
 1552.60  4.07
 1553.30  4.07
 1554.00  4.07
 1554.70  4.07
 1555.40  4.07
 1556.10  4.07
 1556.80  4.07
 1557.50  4.07
 1558.20  4.07
 1558.90  4.07
 1559.60  4.07
 1560.30  4.07
 1561.00  4.07
 1561.70  4.07
 1562.40  4.07
 1563.10  4.07
 1563.80  4.07
 1564.50  4.07
 1565.20  4.07
 1565.90  4.07
 1566.60  4.07
 1567.30  4.07
 1568.00  4.07
 1568.70  4.07
 1569.40  4.07
 1570.10  4.07
 1570.80  4.07
 1571.50  4.07
 1572.20  4.07
 1572.90  4.07
 1573.60  4.07
 1574.30  4.07
 1575.00  4.07
 1575.70  4.07
 1576.40  4.07
 1577.10  4.07
 1577.80  4.07
 1578.50  4.07
 1579.20  4.07
 1579.90  4.07
 1580.60  4.07
 1581.30  4.07
 1582.00  4.07
 1582.70  4.07
 1583.40  4.07
 1584.10  4.07
 1584.80  4.07
 1585.50  4.07
 1586.20  4.07
 1586.90  4.07
 1587.60  4.07
 1588.30  4.07
 1589.00  4.07
 1589.70  4.07
 1590.40  4.07
 1591.10  4.07
 1591.80  4.07
 1592.50  4.07
 1593.20  4.07
 1593.90  4.07
 1594.60  4.07
 1595.30  4.07
 1596.00  4.07
 1596.70  4.07
 1597.40  4.07
 1598.10  4.07
 1598.80  4.07
 1599.50  4.07
 1600.20  4.07
 1600.90  4.07
 1601.60  4.07
 1602.30  4.07
 1603.00  4.07
 1603.70  4.07
 1604.40  4.07
 1605.10  4.07
 1605.80  4.07
 1606.50  4.07
 1607.20  4.07
 1607.90  4.07
 1608.60  4.07
 1609.30  4.07
 1610.00  4.07
 1610.70  4.07
 1611.40  4.07
 1612.10  4.07
 1612.80  4.07
 1613.50  4.07
 1614.20  4.07
 1614.90  4.07
 1615.60  4.07
 1616.30  4.07
 1617.00  4.07
 1617.70  4.07
 1618.40  4.07
 1619.10  4.07
 1619.80  4.07
 1620.50  4.07
 1621.20  4.07
 1621.90  4.07
 1622.60  4.07
 1623.30  4.07
 1624.00  4.07
 1624.70  4.07
 1625.40  4.07
 1626.10  4.07
 1626.80  4.07
 1627.50  4.07
 1628.20  4.07
 1628.90  4.07
 1629.60  4.07
 1630.30  4.07
 1631.00  4.07
 1631.70  4.07
 1632.40  4.07
 1633.10  4.07
 1633.80  4.07
 1634.50  4.07
 1635.20  4.07
 1635.90  4.07
 1636.60  4.07
 1637.30  4.07
 1638.00  4.07
 1638.70  4.07
 1639.40  4.07
 1640.10  4.07
 1640.80  4.07
 1641.50  4.07
 1642.20  4.07
 1642.90  4.07
 1643.60  4.07
 1644.30  4.07
 1645.00  4.07
 1645.70  4.07
 1646.40  4.07
 1647.10  4.07
 1647.80  4.07
 1648.50  4.07
 1649.20  4.07
 1649.90  4.07
 1650.60  4.07
 1651.30  4.07
 1652.00  4.07
 1652.70  4.07
 1653.40  4.07
 1654.10  4.07
 1654.80  4.07
 1655.50  4.07
 1656.20  4.07
 1656.90  4.07
 1657.60  4.07
 1658.30  4.07
 1659.00  4.07
 1659.70  4.07
 1660.40  4.07
 1661.10  4.07
 1661.80  4.07
 1662.50  4.07
 1663.20  4.07
 1663.90  4.07
 1664.60  4.07
 1665.30  4.07
 1666.00  4.07
 1666.70  4.07
 1667.40  4.07
 1668.10  4.07
 1668.80  4.07
 1669.50  4.07
 1670.20  4.07
 1670.90  4.07
 1671.60  4.07
 1672.30  4.07
 1673.00  4.07
 1673.70  4.07
 1674.40  4.07
 1675.10  4.07
 1675.80  4.07
 1676.50  4.07
 1677.20  4.07
 1677.90  4.07
 1678.60  4.07
 1679.30  4.07
 1680.00  4.07
 1680.70  4.07
 1681.40  4.07
 1682.10  4.07
 1682.80  4.07
 1683.50  4.07
 1684.20  4.07
 1684.90  4.07
 1685.60  4.07
 1686.30  4.07
 1687.00  4.07
 1687.70  4.07
 1688.40  4.07
 1689.10  4.07
 1689.80  4.07
 1690.50  4.07
 1691.20  4.07
 1691.90  4.07
 1692.60  4.07
 1693.30  4.07
 1694.00  4.07
 1694.70  4.07
 1695.40  4.07
 1696.10  4.07
 1696.80  4.07
 1697.50  4.07
 1698.20  4.07
 1698.90  4.07
 1699.60  4.07
 1700.30  4.07
 1701.00  4.07
 1701.70  4.07
 1702.40  4.07
 1703.10  4.07
 1703.80  4.07
 1704.50  4.07
 1705.20  4.07
 1705.90  4.07
 1706.60  4.07
 1707.30  4.07
 1708.00  4.07
 1708.70  4.07
 1709.40  4.07
 1710.10  4.07
 1710.80  4.07
 1711.50  4.07
 1712.20  4.07
 1712.90  4.07
 1713.60  4.07
 1714.30  4.07
 1715.00  4.07
 1715.70  4.07
 1716.40  4.07
 1717.10  4.07
 1717.80  4.07
 1718.50  4.07
 1719.20  4.07
 1719.90  4.07
 1720.60  4.07
 1721.30  4.07
 1722.00  4.07
 1722.70  4.07
 1723.40  4.07
 1724.10  4.07
 1724.80  4.07
 1725.50  4.07
 1726.20  4.07
 1726.90  4.07
 1727.60  4.07
 1728.30  4.07
 1729.00  4.07
 1729.70  4.07
 1730.40  4.07
 1731.10  4.07
 1731.80  4.07
 1732.50  4.07
 1733.20  4.07
 1733.90  4.07
 1734.60  4.07
 1735.30  4.07
 1736.00  4.07
 1736.70  4.07
 1737.40  4.07
 1738.10  4.07
 1738.80  4.07
 1739.50  4.07
 1740.20  4.07
 1740.90  4.07
 1741.60  4.07
 1742.30  4.07
 1743.00  4.07
 1743.70  4.07
 1744.40  4.07
 1745.10  4.07
 1745.80  4.07
 1746.50  4.07
 1747.20  4.07
 1747.90  4.07
 1748.60  4.07
 1749.30  4.07
 1750.00  4.07
 1750.70  4.07
 1751.40  4.07
 1752.10  4.07
 1752.80  4.07
 1753.50  4.07
 1754.20  4.07
 1754.90  4.07
 1755.60  4.07
 1756.30  4.07
 1757.00  4.07
 1757.70  4.07
 1758.40  4.07
 1759.10  4.07
 1759.80  4.07
 1760.50  4.07
 1761.20  4.07
 1761.90  4.07
 1762.60  4.07
 1763.30  4.07
 1764.00  4.07
 1764.70  4.07
 1765.40  4.07
 1766.10  4.07
 1766.80  4.07
 1767.50  4.07
 1768.20  4.07
 1768.90  4.07
 1769.60  4.07
 1770.30  4.07
 1771.00  4.07
 1771.70  4.07
 1772.40  4.07
 1773.10  4.07
 1773.80  4.07
 1774.50  4.07
 1775.20  4.07
 1775.90  4.07
 1776.60  4.07
 1777.30  4.07
 1778.00  4.07
 1778.70  4.07
 1779.40  4.07
 1780.10  4.07
 1780.80  4.07
 1781.50  4.07
 1782.20  4.07
 1782.90  4.07
 1783.60  4.07
 1784.30  4.07
 1785.00  4.07
 1785.70  4.07
 1786.40  4.07
 1787.10  4.07
 1787.80  4.07
 1788.50  4.07
 1789.20  4.07
 1789.90  4.07
 1790.60  4.07
 1791.30  4.07
 1792.00  4.07
 1792.70  4.07
 1793.40  4.07
 1794.10  4.07
 1794.80  4.07
 1795.50  4.07
 1796.20  4.07
 1796.90  4.07
 1797.60  4.07
 1798.30  4.07
 1799.00  4.07
 1799.70  4.07
 1800.40  4.07
 1801.10  4.07
 1801.80  4.07
 1802.50  4.07
 1803.20  4.07
 1803.90  4.07
 1804.60  4.07
 1805.30  4.07
 1806.00  4.07
 1806.70  4.07
 1807.40  4.07
 1808.10  4.07
 1808.80  4.07
 1809.50  4.07
 1810.20  4.07
 1810.90  4.07
 1811.60  4.07
 1812.30  4.07
 1813.00  4.07
 1813.70  4.07
 1814.40  4.07
 1815.10  4.07
 1815.80  4.07
 1816.50  4.07
 1817.20  4.07
 1817.90  4.07
 1818.60  4.07
 1819.30  4.07
 1820.00  4.07
 1820.70  4.07
 1821.40  4.07
 1822.10  4.07
 1822.80  4.07
 1823.50  4.07
 1824.20  4.07
 1824.90  4.07
 1825.60  4.07
 1826.30  4.07
 1827.00  4.07
 1827.70  4.07
 1828.40  4.07
 1829.10  4.07
 1829.80  4.07
 1830.50  4.07
 1831.20  4.07
 1831.90  4.07
 1832.60  4.07
 1833.30  4.07
 1834.00  4.07
 1834.70  4.07
 1835.40  4.07
 1836.10  4.07
 1836.80  4.07
 1837.50  4.07
 1838.20  4.07
 1838.90  4.07
 1839.60  4.07
 1840.30  4.07
 1841.00  4.07
 1841.70  4.07
 1842.40  4.07
 1843.10  4.07
 1843.80  4.07
 1844.50  4.07
 1845.20  4.07
 1845.90  4.07
 1846.60  4.07
 1847.30  4.07
 1848.00  4.07
 1848.70  4.07
 1849.40  4.07
 1850.10  4.07
 1850.80  4.07
 1851.50  4.07
 1852.20  4.07
 1852.90  4.07
 1853.60  4.07
 1854.30  4.07
 1855.00  4.07
 1855.70  4.07
 1856.40  4.07
 1857.10  4.07
 1857.80  4.07
 1858.50  4.07
 1859.20  4.07
 1859.90  4.07
 1860.60  4.07
 1861.30  4.07
 1862.00  4.07
 1862.70  4.07
 1863.40  4.07
 1864.10  4.07
 1864.80  4.07
 1865.50  4.07
 1866.20  4.07
 1866.90  4.07
 1867.60  4.07
 1868.30  4.07
 1869.00  4.07
 1869.70  4.07
 1870.40  4.07
 1871.10  4.07
 1871.80  4.07
 1872.50  4.07
 1873.20  4.07
 1873.90  4.07
 1874.60  4.07
 1875.30  4.07
 1876.00  4.07
 1876.70  4.07
 1877.40  4.07
 1878.10  4.07
 1878.80  4.07
 1879.50  4.07
 1880.20  4.07
 1880.90  4.07
 1881.60  4.07
 1882.30  4.07
 1883.00  4.07
 1883.70  4.07
 1884.40  4.07
 1885.10  4.07
 1885.80  4.07
 1886.50  4.07
 1887.20  4.07
 1887.90  4.07
 1888.60  4.07
 1889.30  4.07
 1890.00  4.07
 1890.70  4.07
 1891.40  4.07
 1892.10  4.07
 1892.80  4.07
 1893.50  4.07
 1894.20  4.07
 1894.90  4.07
 1895.60  4.07
 1896.30  4.07
 1897.00  4.07
 1897.70  4.07
 1898.40  4.07
 1899.10  4.07
 1899.80  4.07
 1900.50  4.07
 1901.20  4.07
 1901.90  4.07
 1902.60  4.07
 1903.30  4.07
 1904.00  4.07
 1904.70  4.07
 1905.40  4.07
 1906.10  4.07
 1906.80  4.07
 1907.50  4.07
 1908.20  4.07
 1908.90  4.07
 1909.60  4.07
 1910.30  4.07
 1911.00  4.07
 1911.70  4.07
 1912.40  4.07
 1913.10  4.07
 1913.80  4.07
 1914.50  4.07
 1915.20  4.07
 1915.90  4.07
 1916.60  4.07
 1917.30  4.07
 1918.00  4.07
 1918.70  4.07
 1919.40  4.07
 1920.10  4.07
 1920.80  4.07
 1921.50  4.07
 1922.20  4.07
 1922.90  4.07
 1923.60  4.07
 1924.30  4.07
 1925.00  4.07
 1925.70  4.07
 1926.40  4.07
 1927.10  4.07
 1927.80  4.07
 1928.50  4.07
 1929.20  4.07
 1929.90  4.07
 1930.60  4.07
 1931.30  4.07
 1932.00  4.07
 1932.70  4.07
 1933.40  4.07
 1934.10  4.07
 1934.80  4.07
 1935.50  4.07
 1936.20  4.07
 1936.90  4.07
 1937.60  4.07
 1938.30  4.07
 1939.00  4.07
 1939.70  4.07
 1940.40  4.07
 1941.10  4.07
 1941.80  4.07
 1942.50  4.07
 1943.20  4.07
 1943.90  4.07
 1944.60  4.07
 1945.30  4.07
 1946.00  4.07
 1946.70  4.07
 1947.40  4.07
 1948.10  4.07
 1948.80  4.07
 1949.50  4.07
 1950.20  4.07
 1950.90  4.07
 1951.60  4.07
 1952.30  4.07
 1953.00  4.07
 1953.70  4.07
 1954.40  4.07
 1955.10  4.07
 1955.80  4.07
 1956.50  4.07
 1957.20  4.07
 1957.90  4.07
 1958.60  4.07
 1959.30  4.07
 1960.00  4.07
 1960.70  4.07
 1961.40  4.07
 1962.10  4.07
 1962.80  4.07
 1963.50  4.07
 1964.20  4.07
 1964.90  4.07
 1965.60  4.07
 1966.30  4.07
 1967.00  4.07
 1967.70  4.07
 1968.40  4.07
 1969.10  4.07
 1969.80  4.07
 1970.50  4.07
 1971.20  4.07
 1971.90  4.07
 1972.60  4.07
 1973.30  4.07
 1974.00  4.07
 1974.70  4.07
 1975.40  4.07
 1976.10  4.07
 1976.80  4.07
 1977.50  4.07
 1978.20  4.07
 1978.90  4.07
 1979.60  4.07
 1980.30  4.07
 1981.00  4.07
 1981.70  4.07
 1982.40  4.07
 1983.10  4.07
 1983.80  4.07
 1984.50  4.07
 1985.20  4.07
 1985.90  4.07
 1986.60  4.07
 1987.30  4.07
 1988.00  4.07
 1988.70  4.07
 1989.40  4.07
 1990.10  4.07
 1990.80  4.07
 1991.50  4.07
 1992.20  4.07
 1992.90  4.07
 1993.60  4.07
 1994.30  4.07
 1995.00  4.07
 1995.70  4.07
 1996.40  4.07
 1997.10  4.07
 1997.80  4.07
 1998.50  4.07
 1999.20  4.07
 1999.90  4.07
 2000.60  4.07
 2001.30  4.07
 2002.00  4.07
 2002.70  4.07
 2003.40  4.07
 2004.10  4.07
 2004.80  4.07
 2005.50  4.07
 2006.20  4.07
 2006.90  4.07
 2007.60  4.07
 2008.30  4.07
 2009.00  4.07
 2009.70  4.07
 2010.40  4.07
 2011.10  4.07
 2011.80  4.07
 2012.50  4.07
 2013.20  4.07
 2013.90  4.07
 2014.60  4.07
 2015.30  4.07
 2016.00  4.07
 2016.70  4.07
 2017.40  4.07
 2018.10  4.07
 2018.80  4.07
 2019.50  4.07
 2020.20  4.07
 2020.90  4.07
 2021.60  4.07
 2022.30  4.07
 2023.00  4.07
 2023.70  4.07
 2024.40  4.07
 2025.10  4.07
 2025.80  4.07
 2026.50  4.07
 2027.20  4.07
 2027.90  4.07
 2028.60  4.07
 2029.30  4.07
 2030.00  4.07
 2030.70  4.07
 2031.40  4.07
 2032.10  4.07
 2032.80  4.07
 2033.50  4.07
 2034.20  4.07
 2034.90  4.07
 2035.60  4.07
 2036.30  4.07
 2037.00  4.07
 2037.70  4.07
 2038.40  4.07
 2039.10  4.07
 2039.80  4.07
 2040.50  4.07
 2041.20  4.07
 2041.90  4.07
 2042.60  4.07
 2043.30  4.07
 2044.00  4.07
 2044.70  4.07
 2045.40  4.07
 2046.10  4.07
 2046.80  4.07
 2047.50  4.07
 2048.20  4.07
 2048.90  4.07
 2049.60  4.07
 2050.30  4.07
 2051.00  4.07
 2051.70  4.07
 2052.40  4.07
 2053.10  4.07
 2053.80  4.07
 2054.50  4.07
 2055.20  4.07
 2055.90  4.07
 2056.60  4.07
 2057.30  4.07
 2058.00  4.07
 2058.70  4.07
 2059.40  4.07
 2060.10  4.07
 2060.80  4.07
 2061.50  4.07
 2062.20  4.07
 2062.90  4.07
 2063.60  4.07
 2064.30  4.07
 2065.00  4.07
 2065.70  4.07
 2066.40  4.07
 2067.10  4.07
 2067.80  4.07
 2068.50  4.07
 2069.20  4.07
 2069.90  4.07
 2070.60  4.07
 2071.30  4.07
 2072.00  4.07
 2072.70  4.07
 2073.40  4.07
 2074.10  4.07
 2074.80  4.07
 2075.50  4.07
 2076.20  4.07
 2076.90  4.07
 2077.60  4.07
 2078.30  4.07
 2079.00  4.07
 2079.70  4.07
 2080.40  4.07
 2081.10  4.07
 2081.80  4.07
 2082.50  4.07
 2083.20  4.07
 2083.90  4.07
 2084.60  4.07
 2085.30  4.07
 2086.00  4.07
 2086.70  4.07
 2087.40  4.07
 2088.10  4.07
 2088.80  4.07
 2089.50  4.07
 2090.20  4.07
 2090.90  4.07
 2091.60  4.07
 2092.30  4.07
 2093.00  4.07
 2093.70  4.07
 2094.40  4.07
 2095.10  4.07
 2095.80  4.07
 2096.50  4.07
 2097.20  4.07
 2097.90  4.07
 2098.60  4.07
 2099.30  4.07
 2100.00  4.07
 2100.70  4.07
 2101.40  4.07
 2102.10  4.07
 2102.80  4.07
 2103.50  4.07
 2104.20  4.07
 2104.90  4.07
 2105.60  4.07
 2106.30  4.07
 2107.00  4.07
 2107.70  4.07
 2108.40  4.07
 2109.10  4.07
 2109.80  4.07
 2110.50  4.07
 2111.20  4.07
 2111.90  4.07
 2112.60  4.07
 2113.30  4.07
 2114.00  4.07
 2114.70  4.07
 2115.40  4.07
 2116.10  4.07
 2116.80  4.07
 2117.50  4.07
 2118.20  4.07
 2118.90  4.07
 2119.60  4.07
 2120.30  4.07
 2121.00  4.07
 2121.70  4.07
 2122.40  4.07
 2123.10  4.07
 2123.80  4.07
 2124.50  4.07
 2125.20  4.07
 2125.90  4.07
 2126.60  4.07
 2127.30  4.07
 2128.00  4.07
 2128.70  4.07
 2129.40  4.07
 2130.10  4.07
 2130.80  4.07
 2131.50  4.07
 2132.20  4.07
 2132.90  4.07
 2133.60  4.07
 2134.30  4.07
 2135.00  4.07
 2135.70  4.07
 2136.40  4.07
 2137.10  4.07
 2137.80  4.07
 2138.50  4.07
 2139.20  4.07
 2139.90  4.07
 2140.60  4.07
 2141.30  4.07
 2142.00  4.07
 2142.70  4.07
 2143.40  4.07
 2144.10  4.07
 2144.80  4.07
 2145.50  4.07
 2146.20  4.07
 2146.90  4.07
 2147.60  4.07
 2148.30  4.07
 2149.00  4.07
 2149.70  4.07
 2150.40  4.07
 2151.10  4.07
 2151.80  4.07
 2152.50  4.07
 2153.20  4.07
 2153.90  4.07
 2154.60  4.07
 2155.30  4.07
 2156.00  4.07
 2156.70  4.07
 2157.40  4.07
 2158.10  4.07
 2158.80  4.07
 2159.50  4.07
 2160.20  4.07
 2160.90  4.07
 2161.60  4.07
 2162.30  4.07
 2163.00  4.07
 2163.70  4.07
 2164.40  4.07
 2165.10  4.07
 2165.80  4.07
 2166.50  4.07
 2167.20  4.07
 2167.90  4.07
 2168.60  4.07
 2169.30  4.07
 2170.00  4.07
 2170.70  4.07
 2171.40  4.07
 2172.10  4.07
 2172.80  4.07
 2173.50  4.07
 2174.20  4.07
 2174.90  4.07
 2175.60  4.07
 2176.30  4.07
 2177.00  4.07
 2177.70  4.07
 2178.40  4.07
 2179.10  4.07
 2179.80  4.07
 2180.50  4.07
 2181.20  4.07
 2181.90  4.07
 2182.60  4.07
 2183.30  4.07
 2184.00  4.07
 2184.70  4.07
 2185.40  4.07
 2186.10  4.07
 2186.80  4.07
 2187.50  4.07
 2188.20  4.07
 2188.90  4.07
 2189.60  4.07
 2190.30  4.07
 2191.00  4.07
 2191.70  4.07
 2192.40  4.07
 2193.10  4.07
 2193.80  4.07
 2194.50  4.07
 2195.20  4.07
 2195.90  4.07
 2196.60  4.07
 2197.30  4.07
 2198.00  4.07
 2198.70  4.07
 2199.40  4.07
 2200.10  4.07
 2200.80  4.07
 2201.50  4.07
 2202.20  4.07
 2202.90  4.07
 2203.60  4.07
 2204.30  4.07
 2205.00  4.07
 2205.70  4.07
 2206.40  4.07
 2207.10  4.07
 2207.80  4.07
 2208.50  4.07
 2209.20  4.07
 2209.90  4.07
 2210.60  4.07
 2211.30  4.07
 2212.00  4.07
 2212.70  4.07
 2213.40  4.07
 2214.10  4.07
 2214.80  4.07
 2215.50  4.07
 2216.20  4.07
 2216.90  4.07
 2217.60  4.07
 2218.30  4.07
 2219.00  4.07
 2219.70  4.07
 2220.40  4.07
 2221.10  4.07
 2221.80  4.07
 2222.50  4.07
 2223.20  4.07
 2223.90  4.07
 2224.60  4.07
 2225.30  4.07
 2226.00  4.07
 2226.70  4.07
 2227.40  4.07
 2228.10  4.07
 2228.80  4.07
 2229.50  4.07
 2230.20  4.07
 2230.90  4.07
 2231.60  4.07
 2232.30  4.07
 2233.00  4.07
 2233.70  4.07
 2234.40  4.07
 2235.10  4.07
 2235.80  4.07
 2236.50  4.07
 2237.20  4.07
 2237.90  4.07
 2238.60  4.07
 2239.30  4.07
 2240.00  4.07
 2240.70  4.07
 2241.40  4.07
 2242.10  4.07
 2242.80  4.07
 2243.50  4.07
 2244.20  4.07
 2244.90  4.07
 2245.60  4.07
 2246.30  4.07
 2247.00  4.07
 2247.70  4.07
 2248.40  4.07
 2249.10  4.07
 2249.80  4.07
 2250.50  4.07
 2251.20  4.07
 2251.90  4.07
 2252.60  4.07
 2253.30  4.07
 2254.00  4.07
 2254.70  4.07
 2255.40  4.07
 2256.10  4.07
 2256.80  4.07
 2257.50  4.07
 2258.20  4.07
 2258.90  4.07
 2259.60  4.07
 2260.30  4.07
 2261.00  4.07
 2261.70  4.07
 2262.40  4.07
 2263.10  4.07
 2263.80  4.07
 2264.50  4.07
 2265.20  4.07
 2265.90  4.07
 2266.60  4.07
 2267.30  4.07
 2268.00  4.07
 2268.70  4.07
 2269.40  4.07
 2270.10  4.07
 2270.80  4.07
 2271.50  4.07
 2272.20  4.07
 2272.90  4.07
 2273.60  4.07
 2274.30  4.07
 2275.00  4.07
 2275.70  4.07
 2276.40  4.07
 2277.10  4.07
 2277.80  4.07
 2278.50  4.07
 2279.20  4.07
 2279.90  4.07
 2280.60  4.07
 2281.30  4.07
 2282.00  4.07
 2282.70  4.07
 2283.40  4.07
 2284.10  4.07
 2284.80  4.07
 2285.50  4.07
 2286.20  4.07
 2286.90  4.07
 2287.60  4.07
 2288.30  4.07
 2289.00  4.07
 2289.70  4.07
 2290.40  4.07
 2291.10  4.07
 2291.80  4.07
 2292.50  4.07
 2293.20  4.07
 2293.90  4.07
 2294.60  4.07
 2295.30  4.07
 2296.00  4.07
 2296.70  4.07
 2297.40  4.07
 2298.10  4.07
 2298.80  4.07
 2299.50  4.07
 2300.20  4.07
 2300.90  4.07
 2301.60  4.07
 2302.30  4.07
 2303.00  4.07
 2303.70  4.07
 2304.40  4.07
 2305.10  4.07
 2305.80  4.07
 2306.50  4.07
 2307.20  4.07
 2307.90  4.07
 2308.60  4.07
 2309.30  4.07
 2310.00  4.07
 2310.70  4.07
 2311.40  4.07
 2312.10  4.07
 2312.80  4.07
 2313.50  4.07
 2314.20  4.07
 2314.90  4.07
 2315.60  4.07
 2316.30  4.07
 2317.00  4.07
 2317.70  4.07
 2318.40  4.07
 2319.10  4.07
 2319.80  4.07
 2320.50  4.07
 2321.20  4.07
 2321.90  4.07
 2322.60  4.07
 2323.30  4.07
 2324.00  4.07
 2324.70  4.07
 2325.40  4.07
 2326.10  4.07
 2326.80  4.07
 2327.50  4.07
 2328.20  4.07
 2328.90  4.07
 2329.60  4.07
 2330.30  4.07
 2331.00  4.07
 2331.70  4.07
 2332.40  4.07
 2333.10  4.07
 2333.80  4.07
 2334.50  4.07
 2335.20  4.07
 2335.90  4.07
 2336.60  4.07
 2337.30  4.07
 2338.00  4.07
 2338.70  4.07
 2339.40  4.07
 2340.10  4.07
 2340.80  4.07
 2341.50  4.07
 2342.20  4.07
 2342.90  4.07
 2343.60  4.07
 2344.30  4.07
 2345.00  4.07
 2345.70  4.07
 2346.40  4.07
 2347.10  4.07
 2347.80  4.07
 2348.50  4.07
 2349.20  4.07
 2349.90  4.07
 2350.60  4.07
 2351.30  4.07
 2352.00  4.07
 2352.70  4.07
 2353.40  4.07
 2354.10  4.07
 2354.80  4.07
 2355.50  4.07
 2356.20  4.07
 2356.90  4.07
 2357.60  4.07
 2358.30  4.07
 2359.00  4.07
 2359.70  4.07
 2360.40  4.07
 2361.10  4.07
 2361.80  4.07
 2362.50  4.07
 2363.20  4.07
 2363.90  4.07
 2364.60  4.07
 2365.30  4.07
 2366.00  4.07
 2366.70  4.07
 2367.40  4.07
 2368.10  4.07
 2368.80  4.07
 2369.50  4.07
 2370.20  4.07
 2370.90  4.07
 2371.60  4.07
 2372.30  4.07
 2373.00  4.07
 2373.70  4.07
 2374.40  4.07
 2375.10  4.07
 2375.80  4.07
 2376.50  4.07
 2377.20  4.07
 2377.90  4.07
 2378.60  4.07
 2379.30  4.07
 2380.00  4.07
 2380.70  4.07
 2381.40  4.07
 2382.10  4.07
 2382.80  4.07
 2383.50  4.07
 2384.20  4.07
 2384.90  4.07
 2385.60  4.07
 2386.30  4.07
 2387.00  4.07
 2387.70  4.07
 2388.40  4.07
 2389.10  4.07
 2389.80  4.07
 2390.50  4.07
 2391.20  4.07
 2391.90  4.07
 2392.60  4.07
 2393.30  4.07
 2394.00  4.07
 2394.70  4.07
 2395.40  4.07
 2396.10  4.07
 2396.80  4.07
 2397.50  4.07
 2398.20  4.07
 2398.90  4.07
 2399.60  4.07
 2400.30  4.07
 2401.00  4.07
 2401.70  4.07
 2402.40  4.07
 2403.10  4.07
 2403.80  4.07
 2404.50  4.07
 2405.20  4.07
 2405.90  4.07
 2406.60  4.07
 2407.30  4.07
 2408.00  4.07
 2408.70  4.07
 2409.40  4.07
 2410.10  4.07
 2410.80  4.07
 2411.50  4.07
 2412.20  4.07
 2412.90  4.07
 2413.60  4.07
 2414.30  4.07
 2415.00  4.07
 2415.70  4.07
 2416.40  4.07
 2417.10  4.07
 2417.80  4.07
 2418.50  4.07
 2419.20  4.07
 2419.90  4.07
 2420.60  4.07
 2421.30  4.07
 2422.00  4.07
 2422.70  4.07
 2423.40  4.07
 2424.10  4.07
 2424.80  4.07
 2425.50  4.07
 2426.20  4.07
 2426.90  4.07
 2427.60  4.07
 2428.30  4.07
 2429.00  4.07
 2429.70  4.07
 2430.40  4.07
 2431.10  4.07
 2431.80  4.07
 2432.50  4.07
 2433.20  4.07
 2433.90  4.07
 2434.60  4.07
 2435.30  4.07
 2436.00  4.07
 2436.70  4.07
 2437.40  4.07
 2438.10  4.07
 2438.80  4.07
 2439.50  4.07
 2440.20  4.07
 2440.90  4.07
 2441.60  4.07
 2442.30  4.07
 2443.00  4.07
 2443.70  4.07
 2444.40  4.07
 2445.10  4.07
 2445.80  4.07
 2446.50  4.07
 2447.20  4.07
 2447.90  4.07
 2448.60  4.07
 2449.30  4.07
 2450.00  4.07
 2450.70  4.07
 2451.40  4.07
 2452.10  4.07
 2452.80  4.07
 2453.50  4.07
 2454.20  4.07
 2454.90  4.07
 2455.60  4.07
 2456.30  4.07
 2457.00  4.07
 2457.70  4.07
 2458.40  4.07
 2459.10  4.07
 2459.80  4.07
 2460.50  4.07
 2461.20  4.07
 2461.90  4.07
 2462.60  4.07
 2463.30  4.07
 2464.00  4.07
 2464.70  4.07
 2465.40  4.07
 2466.10  4.07
 2466.80  4.07
 2467.50  4.07
 2468.20  4.07
 2468.90  4.07
 2469.60  4.07
 2470.30  4.07
 2471.00  4.07
 2471.70  4.07
 2472.40  4.07
 2473.10  4.07
 2473.80  4.07
 2474.50  4.07
 2475.20  4.07
 2475.90  4.07
 2476.60  4.07
 2477.30  4.07
 2478.00  4.07
 2478.70  4.07
 2479.40  4.07
 2480.10  4.07
 2480.80  4.07
 2481.50  4.07
 2482.20  4.07
 2482.90  4.07
 2483.60  4.07
 2484.30  4.07
 2485.00  4.07
 2485.70  4.07
 2486.40  4.07
 2487.10  4.07
 2487.80  4.07
 2488.50  4.07
 2489.20  4.07
 2489.90  4.07
 2490.60  4.07
 2491.30  4.07
 2492.00  4.07
 2492.70  4.07
 2493.40  4.07
 2494.10  4.07
 2494.80  4.07
 2495.50  4.07
 2496.20  4.07
 2496.90  4.07
 2497.60  4.07
 2498.30  4.07
 2499.00  4.07
 2499.70  4.07
 2500.40  4.07
 2501.10  4.07
 2501.80  4.07
 2502.50  4.07
 2503.20  4.07
 2503.90  4.07
 2504.60  4.07
 2505.30  4.07
 2506.00  4.07
 2506.70  4.07
 2507.40  4.07
 2508.10  4.07
 2508.80  4.07
 2509.50  4.07
 2510.20  4.07
 2510.90  4.07
 2511.60  4.07
 2512.30  4.07
 2513.00  4.07
 2513.70  4.07
 2514.40  4.07
 2515.10  4.07
 2515.80  4.07
 2516.50  4.07
 2517.20  4.07
 2517.90  4.07
 2518.60  4.07
 2519.30  4.07
 2520.00  4.07
 2520.70  4.07
 2521.40  4.07
 2522.10  4.07
 2522.80  4.07
 2523.50  4.07
 2524.20  4.07
 2524.90  4.07
 2525.60  4.07
 2526.30  4.07
 2527.00  4.07
 2527.70  4.07
 2528.40  4.07
 2529.10  4.07
 2529.80  4.07
 2530.50  4.07
 2531.20  4.07
 2531.90  4.07
 2532.60  4.07
 2533.30  4.07
 2534.00  4.07
 2534.70  4.07
 2535.40  4.07
 2536.10  4.07
 2536.80  4.07
 2537.50  4.07
 2538.20  4.07
 2538.90  4.07
 2539.60  4.07
 2540.30  4.07
 2541.00  4.07
 2541.70  4.07
 2542.40  4.07
 2543.10  4.07
 2543.80  4.07
 2544.50  4.07
 2545.20  4.07
 2545.90  4.07
 2546.60  4.07
 2547.30  4.07
 2548.00  4.07
 2548.70  4.07
 2549.40  4.07
 2550.10  4.07
 2550.80  4.07
 2551.50  4.07
 2552.20  4.07
 2552.90  4.07
 2553.60  4.07
 2554.30  4.07
 2555.00  4.07
 2555.70  4.07
 2556.40  4.07
 2557.10  4.07
 2557.80  4.07
 2558.50  4.07
 2559.20  4.07
 2559.90  4.07
 2560.60  4.07
 2561.30  4.07
 2562.00  4.07
 2562.70  4.07
 2563.40  4.07
 2564.10  4.07
 2564.80  4.07
 2565.50  4.07
 2566.20  4.07
 2566.90  4.07
 2567.60  4.07
 2568.30  4.07
 2569.00  4.07
 2569.70  4.07
 2570.40  4.07
 2571.10  4.07
 2571.80  4.07
 2572.50  4.07
 2573.20  4.07
 2573.90  4.07
 2574.60  4.07
 2575.30  4.07
 2576.00  4.07
 2576.70  4.07
 2577.40  4.07
 2578.10  4.07
 2578.80  4.07
 2579.50  4.07
 2580.20  4.07
 2580.90  4.07
 2581.60  4.07
 2582.30  4.07
 2583.00  4.07
 2583.70  4.07
 2584.40  4.07
 2585.10  4.07
 2585.80  4.07
 2586.50  4.07
 2587.20  4.07
 2587.90  4.07
 2588.60  4.07
 2589.30  4.07
 2590.00  4.07
 2590.70  4.07
 2591.40  4.07
 2592.10  4.07
 2592.80  4.07
 2593.50  4.07
 2594.20  4.07
 2594.90  4.07
 2595.60  4.07
 2596.30  4.07
 2597.00  4.07
 2597.70  4.07
 2598.40  4.07
 2599.10  4.07
 2599.80  4.07
 2600.50  4.07
 2601.20  4.07
 2601.90  4.07
 2602.60  4.07
 2603.30  4.07
 2604.00  4.07
 2604.70  4.07
 2605.40  4.07
 2606.10  4.07
 2606.80  4.07
 2607.50  4.07
 2608.20  4.07
 2608.90  4.07
 2609.60  4.07
 2610.30  4.07
 2611.00  4.07
 2611.70  4.07
 2612.40  4.07
 2613.10  4.07
 2613.80  4.07
 2614.50  4.07
 2615.20  4.07
 2615.90  4.07
 2616.60  4.07
 2617.30  4.07
 2618.00  4.07
 2618.70  4.07
 2619.40  4.07
 2620.10  4.07
 2620.80  4.07
 2621.50  4.07
 2622.20  4.07
 2622.90  4.07
 2623.60  4.07
 2624.30  4.07
 2625.00  4.07
 2625.70  4.07
 2626.40  4.07
 2627.10  4.07
 2627.80  4.07
 2628.50  4.07
 2629.20  4.07
 2629.90  4.07
 2630.60  4.07
 2631.30  4.07
 2632.00  4.07
 2632.70  4.07
 2633.40  4.07
 2634.10  4.07
 2634.80  4.07
 2635.50  4.07
 2636.20  4.07
 2636.90  4.07
 2637.60  4.07
 2638.30  4.07
 2639.00  4.07
 2639.70  4.07
 2640.40  4.07
 2641.10  4.07
 2641.80  4.07
 2642.50  4.07
 2643.20  4.07
 2643.90  4.07
 2644.60  4.07
 2645.30  4.07
 2646.00  4.07
 2646.70  4.07
 2647.40  4.07
 2648.10  4.07
 2648.80  4.07
 2649.50  4.07
 2650.20  4.07
 2650.90  4.07
 2651.60  4.07
 2652.30  4.07
 2653.00  4.07
 2653.70  4.07
 2654.40  4.07
 2655.10  4.07
 2655.80  4.07
 2656.50  4.07
 2657.20  4.07
 2657.90  4.07
 2658.60  4.07
 2659.30  4.07
 2660.00  4.07
 2660.70  4.07
 2661.40  4.07
 2662.10  4.07
 2662.80  4.07
 2663.50  4.07
 2664.20  4.07
 2664.90  4.07
 2665.60  4.07
 2666.30  4.07
 2667.00  4.07
 2667.70  4.07
 2668.40  4.07
 2669.10  4.07
 2669.80  4.07
 2670.50  4.07
 2671.20  4.07
 2671.90  4.07
 2672.60  4.07
 2673.30  4.07
 2674.00  4.07
 2674.70  4.07
 2675.40  4.07
 2676.10  4.07
 2676.80  4.07
 2677.50  4.07
 2678.20  4.07
 2678.90  4.07
 2679.60  4.07
 2680.30  4.07
 2681.00  4.07
 2681.70  4.07
 2682.40  4.07
 2683.10  4.07
 2683.80  4.07
 2684.50  4.07
 2685.20  4.07
 2685.90  4.07
 2686.60  4.07
 2687.30  4.07
 2688.00  4.07
 2688.70  4.07
 2689.40  4.07
 2690.10  4.07
 2690.80  4.07
 2691.50  4.07
 2692.20  4.07
 2692.90  4.07
 2693.60  4.07
 2694.30  4.07
 2695.00  4.07
 2695.70  4.07
 2696.40  4.07
 2697.10  4.07
 2697.80  4.07
 2698.50  4.07
 2699.20  4.07
 2699.90  4.07
 2700.60  4.07
 2701.30  4.07
 2702.00  4.07
 2702.70  4.07
 2703.40  4.07
 2704.10  4.07
 2704.80  4.07
 2705.50  4.07
 2706.20  4.07
 2706.90  4.07
 2707.60  4.07
 2708.30  4.07
 2709.00  4.07
 2709.70  4.07
 2710.40  4.07
 2711.10  4.07
 2711.80  4.07
 2712.50  4.07
 2713.20  4.07
 2713.90  4.07
 2714.60  4.07
 2715.30  4.07
 2716.00  4.07
 2716.70  4.07
 2717.40  4.07
 2718.10  4.07
 2718.80  4.07
 2719.50  4.07
 2720.20  4.07
 2720.90  4.07
 2721.60  4.07
 2722.30  4.07
 2723.00  4.07
 2723.70  4.07
 2724.40  4.07
 2725.10  4.07
 2725.80  4.07
 2726.50  4.07
 2727.20  4.07
 2727.90  4.07
 2728.60  4.07
 2729.30  4.07
 2730.00  4.07
 2730.70  4.07
 2731.40  4.07
 2732.10  4.07
 2732.80  4.07
 2733.50  4.07
 2734.20  4.07
 2734.90  4.07
 2735.60  4.07
 2736.30  4.07
 2737.00  4.07
 2737.70  4.07
 2738.40  4.07
 2739.10  4.07
 2739.80  4.07
 2740.50  4.07
 2741.20  4.07
 2741.90  4.07
 2742.60  4.07
 2743.30  4.07
 2744.00  4.07
 2744.70  4.07
 2745.40  4.07
 2746.10  4.07
 2746.80  4.07
 2747.50  4.07
 2748.20  4.07
 2748.90  4.07
 2749.60  4.07
 2750.30  4.07
 2751.00  4.07
 2751.70  4.07
 2752.40  4.07
 2753.10  4.07
 2753.80  4.07
 2754.50  4.07
 2755.20  4.07
 2755.90  4.07
 2756.60  4.07
 2757.30  4.07
 2758.00  4.07
 2758.70  4.07
 2759.40  4.07
 2760.10  4.07
 2760.80  4.07
 2761.50  4.07
 2762.20  4.07
 2762.90  4.07
 2763.60  4.07
 2764.30  4.07
 2765.00  4.07
 2765.70  4.07
 2766.40  4.07
 2767.10  4.07
 2767.80  4.07
 2768.50  4.07
 2769.20  4.07
 2769.90  4.07
 2770.60  4.07
 2771.30  4.07
 2772.00  4.07
 2772.70  4.07
 2773.40  4.07
 2774.10  4.07
 2774.80  4.07
 2775.50  4.07
 2776.20  4.07
 2776.90  4.07
 2777.60  4.07
 2778.30  4.07
 2779.00  4.07
 2779.70  4.07
 2780.40  4.07
 2781.10  4.07
 2781.80  4.07
 2782.50  4.07
 2783.20  4.07
 2783.90  4.07
 2784.60  4.07
 2785.30  4.07
 2786.00  4.07
 2786.70  4.07
 2787.40  4.07
 2788.10  4.07
 2788.80  4.07
 2789.50  4.07
 2790.20  4.07
 2790.90  4.07
 2791.60  4.07
 2792.30  4.07
 2793.00  4.07
 2793.70  4.07
 2794.40  4.07
 2795.10  4.07
 2795.80  4.07
 2796.50  4.07
 2797.20  4.07
 2797.90  4.07
 2798.60  4.07
 2799.30  4.07
 2800.00  4.07
 2800.70  4.07
 2801.40  4.07
 2802.10  4.07
 2802.80  4.07
 2803.50  4.07
 2804.20  4.07
 2804.90  4.07
 2805.60  4.07
 2806.30  4.07
 2807.00  4.07
 2807.70  4.07
 2808.40  4.07
 2809.10  4.07
 2809.80  4.07
 2810.50  4.07
 2811.20  4.07
 2811.90  4.07
 2812.60  4.07
 2813.30  4.07
 2814.00  4.07
 2814.70  4.07
 2815.40  4.07
 2816.10  4.07
 2816.80  4.07
 2817.50  4.07
 2818.20  4.07
 2818.90  4.07
 2819.60  4.07
 2820.30  4.07
 2821.00  4.07
 2821.70  4.07
 2822.40  4.07
 2823.10  4.07
 2823.80  4.07
 2824.50  4.07
 2825.20  4.07
 2825.90  4.07
 2826.60  4.07
 2827.30  4.07
 2828.00  4.07
 2828.70  4.07
 2829.40  4.07
 2830.10  4.07
 2830.80  4.07
 2831.50  4.07
 2832.20  4.07
 2832.90  4.07
 2833.60  4.07
 2834.30  4.07
 2835.00  4.07
 2835.70  4.07
 2836.40  4.07
 2837.10  4.07
 2837.80  4.07
 2838.50  4.07
 2839.20  4.07
 2839.90  4.07
 2840.60  4.07
 2841.30  4.07
 2842.00  4.07
 2842.70  4.07
 2843.40  4.07
 2844.10  4.07
 2844.80  4.07
 2845.50  4.07
 2846.20  4.07
 2846.90  4.07
 2847.60  4.07
 2848.30  4.07
 2849.00  4.07
 2849.70  4.07
 2850.40  4.07
 2851.10  4.07
 2851.80  4.07
 2852.50  4.07
 2853.20  4.07
 2853.90  4.07
 2854.60  4.07
 2855.30  4.07
 2856.00  4.07
 2856.70  4.07
 2857.40  4.07
 2858.10  4.07
 2858.80  4.07
 2859.50  4.07
 2860.20  4.07
 2860.90  4.07
 2861.60  4.07
 2862.30  4.07
 2863.00  4.07
 2863.70  4.07
 2864.40  4.07
 2865.10  4.07
 2865.80  4.07
 2866.50  4.07
 2867.20  4.07
 2867.90  4.07
 2868.60  4.07
 2869.30  4.07
 2870.00  4.07
 2870.70  4.07
 2871.40  4.07
 2872.10  4.07
 2872.80  4.07
 2873.50  4.07
 2874.20  4.07
 2874.90  4.07
 2875.60  4.07
 2876.30  4.07
 2877.00  4.07
 2877.70  4.07
 2878.40  4.07
 2879.10  4.07
 2879.80  4.07
 2880.50  4.07
 2881.20  4.07
 2881.90  4.07
 2882.60  4.07
 2883.30  4.07
 2884.00  4.07
 2884.70  4.07
 2885.40  4.07
 2886.10  4.07
 2886.80  4.07
 2887.50  4.07
 2888.20  4.07
 2888.90  4.07
 2889.60  4.07
 2890.30  4.07
 2891.00  4.07
 2891.70  4.07
 2892.40  4.07
 2893.10  4.07
 2893.80  4.07
 2894.50  4.07
 2895.20  4.07
 2895.90  4.07
 2896.60  4.07
 2897.30  4.07
 2898.00  4.07
 2898.70  4.07
 2899.40  4.07
 2900.10  4.07
 2900.80  4.07
 2901.50  4.07
 2902.20  4.07
 2902.90  4.07
 2903.60  4.07
 2904.30  4.07
 2905.00  4.07
 2905.70  4.07
 2906.40  4.07
 2907.10  4.07
 2907.80  4.07
 2908.50  4.07
 2909.20  4.07
 2909.90  4.07
 2910.60  4.07
 2911.30  4.07
 2912.00  4.07
 2912.70  4.07
 2913.40  4.07
 2914.10  4.07
 2914.80  4.07
 2915.50  4.07
 2916.20  4.07
 2916.90  4.07
 2917.60  4.07
 2918.30  4.07
 2919.00  4.07
 2919.70  4.07
 2920.40  4.07
 2921.10  4.07
 2921.80  4.07
 2922.50  4.07
 2923.20  4.07
 2923.90  4.07
 2924.60  4.07
 2925.30  4.07
 2926.00  4.07
 2926.70  4.07
 2927.40  4.07
 2928.10  4.07
 2928.80  4.07
 2929.50  4.07
 2930.20  4.07
 2930.90  4.07
 2931.60  4.07
 2932.30  4.07
 2933.00  4.07
 2933.70  4.07
 2934.40  4.07
 2935.10  4.07
 2935.80  4.07
 2936.50  4.07
 2937.20  4.07
 2937.90  4.07
 2938.60  4.07
 2939.30  4.07
 2940.00  4.07
 2940.70  4.07
 2941.40  4.07
 2942.10  4.07
 2942.80  4.07
 2943.50  4.07
 2944.20  4.07
 2944.90  4.07
 2945.60  4.07
 2946.30  4.07
 2947.00  4.07
 2947.70  4.07
 2948.40  4.07
 2949.10  4.07
 2949.80  4.07
 2950.50  4.07
 2951.20  4.07
 2951.90  4.07
 2952.60  4.07
 2953.30  4.07
 2954.00  4.07
 2954.70  4.07
 2955.40  4.07
 2956.10  4.07
 2956.80  4.07
 2957.50  4.07
 2958.20  4.07
 2958.90  4.07
 2959.60  4.07
 2960.30  4.07
 2961.00  4.07
 2961.70  4.07
 2962.40  4.07
 2963.10  4.07
 2963.80  4.07
 2964.50  4.07
 2965.20  4.07
 2965.90  4.07
 2966.60  4.07
 2967.30  4.07
 2968.00  4.07
 2968.70  4.07
 2969.40  4.07
 2970.10  4.07
 2970.80  4.07
 2971.50  4.07
 2972.20  4.07
 2972.90  4.07
 2973.60  4.07
 2974.30  4.07
 2975.00  4.07
 2975.70  4.07
 2976.40  4.07
 2977.10  4.07
 2977.80  4.07
 2978.50  4.07
 2979.20  4.07
 2979.90  4.07
 2980.60  4.07
 2981.30  4.07
 2982.00  4.07
 2982.70  4.07
 2983.40  4.07
 2984.10  4.07
 2984.80  4.07
 2985.50  4.07
 2986.20  4.07
 2986.90  4.07
 2987.60  4.07
 2988.30  4.07
 2989.00  4.07
 2989.70  4.07
 2990.40  4.07
 2991.10  4.07
 2991.80  4.07
 2992.50  4.07
 2993.20  4.07
 2993.90  4.07
 2994.60  4.07
 2995.30  4.07
 2996.00  4.07
 2996.70  4.07
 2997.40  4.07
 2998.10  4.07
 2998.80  4.07
 2999.50  4.07
 3000.20  4.07
 3000.90  4.07
 3001.60  4.07
 3002.30  4.07
 3003.00  4.07
 3003.70  4.07
 3004.40  4.07
 3005.10  4.07
 3005.80  4.07
 3006.50  4.07
 3007.20  4.07
 3007.90  4.07
 3008.60  4.07
 3009.30  4.07
 3010.00  4.07
 3010.70  4.07
 3011.40  4.07
 3012.10  4.07
 3012.80  4.07
 3013.50  4.07
 3014.20  4.07
 3014.90  4.07
 3015.60  4.07
 3016.30  4.07
 3017.00  4.07
 3017.70  4.07
 3018.40  4.07
 3019.10  4.07
 3019.80  4.07
 3020.50  4.07
 3021.20  4.07
 3021.90  4.07
 3022.60  4.07
 3023.30  4.07
 3024.00  4.07
 3024.70  4.07
 3025.40  4.07
 3026.10  4.07
 3026.80  4.07
 3027.50  4.07
 3028.20  4.07
 3028.90  4.07
 3029.60  4.07
 3030.30  4.07
 3031.00  4.07
 3031.70  4.07
 3032.40  4.07
 3033.10  4.07
 3033.80  4.07
 3034.50  4.07
 3035.20  4.07
 3035.90  4.07
 3036.60  4.07
 3037.30  4.07
 3038.00  4.07
 3038.70  4.07
 3039.40  4.07
 3040.10  4.07
 3040.80  4.07
 3041.50  4.07
 3042.20  4.07
 3042.90  4.07
 3043.60  4.07
 3044.30  4.07
 3045.00  4.07
 3045.70  4.07
 3046.40  4.07
 3047.10  4.07
 3047.80  4.07
 3048.50  4.07
 3049.20  4.07
 3049.90  4.07
 3050.60  4.07
 3051.30  4.07
 3052.00  4.07
 3052.70  4.07
 3053.40  4.07
 3054.10  4.07
 3054.80  4.07
 3055.50  4.07
 3056.20  4.07
 3056.90  4.07
 3057.60  4.07
 3058.30  4.07
 3059.00  4.07
 3059.70  4.07
 3060.40  4.07
 3061.10  4.07
 3061.80  4.07
 3062.50  4.07
 3063.20  4.07
 3063.90  4.07
 3064.60  4.07
 3065.30  4.07
 3066.00  4.07
 3066.70  4.07
 3067.40  4.07
 3068.10  4.07
 3068.80  4.07
 3069.50  4.07
 3070.20  4.07
 3070.90  4.07
 3071.60  4.07
 3072.30  4.07
 3073.00  4.07
 3073.70  4.07
 3074.40  4.07
 3075.10  4.07
 3075.80  4.07
 3076.50  4.07
 3077.20  4.07
 3077.90  4.07
 3078.60  4.07
 3079.30  4.07
 3080.00  4.07
 3080.70  4.07
 3081.40  4.07
 3082.10  4.07
 3082.80  4.07
 3083.50  4.07
 3084.20  4.07
 3084.90  4.07
 3085.60  4.07
 3086.30  4.07
 3087.00  4.07
 3087.70  4.07
 3088.40  4.07
 3089.10  4.07
 3089.80  4.07
 3090.50  4.07
 3091.20  4.07
 3091.90  4.07
 3092.60  4.07
 3093.30  4.07
 3094.00  4.07
 3094.70  4.07
 3095.40  4.07
 3096.10  4.07
 3096.80  4.07
 3097.50  4.07
 3098.20  4.07
 3098.90  4.07
 3099.60  4.07
 3100.30  4.07
 3101.00  4.07
 3101.70  4.07
 3102.40  4.07
 3103.10  4.07
 3103.80  4.07
 3104.50  4.07
 3105.20  4.07
 3105.90  4.07
 3106.60  4.07
 3107.30  4.07
 3108.00  4.07
 3108.70  4.07
 3109.40  4.07
 3110.10  4.07
 3110.80  4.07
 3111.50  4.07
 3112.20  4.07
 3112.90  4.07
 3113.60  4.07
 3114.30  4.07
 3115.00  4.07
 3115.70  4.07
 3116.40  4.07
 3117.10  4.07
 3117.80  4.07
 3118.50  4.07
 3119.20  4.07
 3119.90  4.07
 3120.60  4.07
 3121.30  4.07
 3122.00  4.07
 3122.70  4.07
 3123.40  4.07
 3124.10  4.07
 3124.80  4.07
 3125.50  4.07
 3126.20  4.07
 3126.90  4.07
 3127.60  4.07
 3128.30  4.07
 3129.00  4.07
 3129.70  4.07
 3130.40  4.07
 3131.10  4.07
 3131.80  4.07
 3132.50  4.07
 3133.20  4.07
 3133.90  4.07
 3134.60  4.07
 3135.30  4.07
 3136.00  4.07
 3136.70  4.07
 3137.40  4.07
 3138.10  4.07
 3138.80  4.07
 3139.50  4.07
 3140.20  4.07
 3140.90  4.07
 3141.60  4.07
 3142.30  4.07
 3143.00  4.07
 3143.70  4.07
 3144.40  4.07
 3145.10  4.07
 3145.80  4.07
 3146.50  4.07
 3147.20  4.07
 3147.90  4.07
 3148.60  4.07
 3149.30  4.07
 3150.00  4.07
 3150.70  4.07
 3151.40  4.07
 3152.10  4.07
 3152.80  4.07
 3153.50  4.07
 3154.20  4.07
 3154.90  4.07
 3155.60  4.07
 3156.30  4.07
 3157.00  4.07
 3157.70  4.07
 3158.40  4.07
 3159.10  4.07
 3159.80  4.07
 3160.50  4.07
 3161.20  4.07
 3161.90  4.07
 3162.60  4.07
 3163.30  4.07
 3164.00  4.07
 3164.70  4.07
 3165.40  4.07
 3166.10  4.07
 3166.80  4.07
 3167.50  4.07
 3168.20  4.07
 3168.90  4.07
 3169.60  4.07
 3170.30  4.07
 3171.00  4.07
 3171.70  4.07
 3172.40  4.07
 3173.10  4.07
 3173.80  4.07
 3174.50  4.07
 3175.20  4.07
 3175.90  4.07
 3176.60  4.07
 3177.30  4.07
 3178.00  4.07
 3178.70  4.07
 3179.40  4.07
 3180.10  4.07
 3180.80  4.07
 3181.50  4.07
 3182.20  4.07
 3182.90  4.07
 3183.60  4.07
 3184.30  4.07
 3185.00  4.07
 3185.70  4.07
 3186.40  4.07
 3187.10  4.07
 3187.80  4.07
 3188.50  4.07
 3189.20  4.07
 3189.90  4.07
 3190.60  4.07
 3191.30  4.07
 3192.00  4.07
 3192.70  4.07
 3193.40  4.07
 3194.10  4.07
 3194.80  4.07
 3195.50  4.07
 3196.20  4.07
 3196.90  4.07
 3197.60  4.07
 3198.30  4.07
 3199.00  4.07
 3199.70  4.07
 3200.40  4.07
 3201.10  4.07
 3201.80  4.07
 3202.50  4.07
 3203.20  4.07
 3203.90  4.07
 3204.60  4.07
 3205.30  4.07
 3206.00  4.07
 3206.70  4.07
 3207.40  4.07
 3208.10  4.07
 3208.80  4.07
 3209.50  4.07
 3210.20  4.07
 3210.90  4.07
 3211.60  4.07
 3212.30  4.07
 3213.00  4.07
 3213.70  4.07
 3214.40  4.07
 3215.10  4.07
 3215.80  4.07
 3216.50  4.07
 3217.20  4.07
 3217.90  4.07
 3218.60  4.07
 3219.30  4.07
 3220.00  4.07
 3220.70  4.07
 3221.40  4.07
 3222.10  4.07
 3222.80  4.07
 3223.50  4.07
 3224.20  4.07
 3224.90  4.07
 3225.60  4.07
 3226.30  4.07
 3227.00  4.07
 3227.70  4.07
 3228.40  4.07
 3229.10  4.07
 3229.80  4.07
 3230.50  4.07
 3231.20  4.07
 3231.90  4.07
 3232.60  4.07
 3233.30  4.07
 3234.00  4.07
 3234.70  4.07
 3235.40  4.07
 3236.10  4.07
 3236.80  4.07
 3237.50  4.07
 3238.20  4.07
 3238.90  4.07
 3239.60  4.07
 3240.30  4.07
 3241.00  4.07
 3241.70  4.07
 3242.40  4.07
 3243.10  4.07
 3243.80  4.07
 3244.50  4.07
 3245.20  4.07
 3245.90  4.07
 3246.60  4.07
 3247.30  4.07
 3248.00  4.07
 3248.70  4.07
 3249.40  4.07
 3250.10  4.07
 3250.80  4.07
 3251.50  4.07
 3252.20  4.07
 3252.90  4.07
 3253.60  4.07
 3254.30  4.07
 3255.00  4.07
 3255.70  4.07
 3256.40  4.07
 3257.10  4.07
 3257.80  4.07
 3258.50  4.07
 3259.20  4.07
 3259.90  4.07
 3260.60  4.07
 3261.30  4.07
 3262.00  4.07
 3262.70  4.07
 3263.40  4.07
 3264.10  4.07
 3264.80  4.07
 3265.50  4.07
 3266.20  4.07
 3266.90  4.07
 3267.60  4.07
 3268.30  4.07
 3269.00  4.07
 3269.70  4.07
 3270.40  4.07
 3271.10  4.07
 3271.80  4.07
 3272.50  4.07
 3273.20  4.07
 3273.90  4.07
 3274.60  4.07
 3275.30  4.07
 3276.00  4.07
 3276.70  4.07
 3277.40  4.07
 3278.10  4.07
 3278.80  4.07
 3279.50  4.07
 3280.20  4.07
 3280.90  4.07
 3281.60  4.07
 3282.30  4.07
 3283.00  4.07
 3283.70  4.07
 3284.40  4.07
 3285.10  4.07
 3285.80  4.07
 3286.50  4.07
 3287.20  4.07
 3287.90  4.07
 3288.60  4.07
 3289.30  4.07
 3290.00  4.07
 3290.70  4.07
 3291.40  4.07
 3292.10  4.07
 3292.80  4.07
 3293.50  4.07
 3294.20  4.07
 3294.90  4.07
 3295.60  4.07
 3296.30  4.07
 3297.00  4.07
 3297.70  4.07
 3298.40  4.07
 3299.10  4.07
 3299.80  4.07
 3300.50  4.07
 3301.20  4.07
 3301.90  4.07
 3302.60  4.07
 3303.30  4.07
 3304.00  4.07
 3304.70  4.07
 3305.40  4.07
 3306.10  4.07
 3306.80  4.07
 3307.50  4.07
 3308.20  4.07
 3308.90  4.07
 3309.60  4.07
 3310.30  4.07
 3311.00  4.07
 3311.70  4.07
 3312.40  4.07
 3313.10  4.07
 3313.80  4.07
 3314.50  4.07
 3315.20  4.07
 3315.90  4.07
 3316.60  4.07
 3317.30  4.07
 3318.00  4.07
 3318.70  4.07
 3319.40  4.07
 3320.10  4.07
 3320.80  4.07
 3321.50  4.07
 3322.20  4.07
 3322.90  4.07
 3323.60  4.07
 3324.30  4.07
 3325.00  4.07
 3325.70  4.07
 3326.40  4.07
 3327.10  4.07
 3327.80  4.07
 3328.50  4.07
 3329.20  4.07
 3329.90  4.07
 3330.60  4.07
 3331.30  4.07
 3332.00  4.07
 3332.70  4.07
 3333.40  4.07
 3334.10  4.07
 3334.80  4.07
 3335.50  4.07
 3336.20  4.07
 3336.90  4.07
 3337.60  4.07
 3338.30  4.07
 3339.00  4.07
 3339.70  4.07
 3340.40  4.07
 3341.10  4.07
 3341.80  4.07
 3342.50  4.07
 3343.20  4.07
 3343.90  4.07
 3344.60  4.07
 3345.30  4.07
 3346.00  4.07
 3346.70  4.07
 3347.40  4.07
 3348.10  4.07
 3348.80  4.07
 3349.50  4.07
 3350.20  4.07
 3350.90  4.07
 3351.60  4.07
 3352.30  4.07
 3353.00  4.07
 3353.70  4.07
 3354.40  4.07
 3355.10  4.07
 3355.80  4.07
 3356.50  4.07
 3357.20  4.07
 3357.90  4.07
 3358.60  4.07
 3359.30  4.07
 3360.00  4.07
 3360.70  4.07
 3361.40  4.07
 3362.10  4.07
 3362.80  4.07
 3363.50  4.07
 3364.20  4.07
 3364.90  4.07
 3365.60  4.07
 3366.30  4.07
 3367.00  4.07
 3367.70  4.07
 3368.40  4.07
 3369.10  4.07
 3369.80  4.07
 3370.50  4.07
 3371.20  4.07
 3371.90  4.07
 3372.60  4.07
 3373.30  4.07
 3374.00  4.07
 3374.70  4.07
 3375.40  4.07
 3376.10  4.07
 3376.80  4.07
 3377.50  4.07
 3378.20  4.07
 3378.90  4.07
 3379.60  4.07
 3380.30  4.07
 3381.00  4.07
 3381.70  4.07
 3382.40  4.07
 3383.10  4.07
 3383.80  4.07
 3384.50  4.07
 3385.20  4.07
 3385.90  4.07
 3386.60  4.07
 3387.30  4.07
 3388.00  4.07
 3388.70  4.07
 3389.40  4.07
 3390.10  4.07
 3390.80  4.07
 3391.50  4.07
 3392.20  4.07
 3392.90  4.07
 3393.60  4.07
 3394.30  4.07
 3395.00  4.07
 3395.70  4.07
 3396.40  4.07
 3397.10  4.07
 3397.80  4.07
 3398.50  4.07
 3399.20  4.07
 3399.90  4.07
 3400.60  4.07
 3401.30  4.07
 3402.00  4.07
 3402.70  4.07
 3403.40  4.07
 3404.10  4.07
 3404.80  4.07
 3405.50  4.07
 3406.20  4.07
 3406.90  4.07
 3407.60  4.07
 3408.30  4.07
 3409.00  4.07
 3409.70  4.07
 3410.40  4.07
 3411.10  4.07
 3411.80  4.07
 3412.50  4.07
 3413.20  4.07
 3413.90  4.07
 3414.60  4.07
 3415.30  4.07
 3416.00  4.07
 3416.70  4.07
 3417.40  4.07
 3418.10  4.07
 3418.80  4.07
 3419.50  4.07
 3420.20  4.07
 3420.90  4.07
 3421.60  4.07
 3422.30  4.07
 3423.00  4.07
 3423.70  4.07
 3424.40  4.07
 3425.10  4.07
 3425.80  4.07
 3426.50  4.07
 3427.20  4.07
 3427.90  4.07
 3428.60  4.07
 3429.30  4.07
 3430.00  4.07
 3430.70  4.07
 3431.40  4.07
 3432.10  4.07
 3432.80  4.07
 3433.50  4.07
 3434.20  4.07
 3434.90  4.07
 3435.60  4.07
 3436.30  4.07
 3437.00  4.07
 3437.70  4.07
 3438.40  4.07
 3439.10  4.07
 3439.80  4.07
 3440.50  4.07
 3441.20  4.07
 3441.90  4.07
 3442.60  4.07
 3443.30  4.07
 3444.00  4.07
 3444.70  4.07
 3445.40  4.07
 3446.10  4.07
 3446.80  4.07
 3447.50  4.07
 3448.20  4.07
 3448.90  4.07
 3449.60  4.07
 3450.30  4.07
 3451.00  4.07
 3451.70  4.07
 3452.40  4.07
 3453.10  4.07
 3453.80  4.07
 3454.50  4.07
 3455.20  4.07
 3455.90  4.07
 3456.60  4.07
 3457.30  4.07
 3458.00  4.07
 3458.70  4.07
 3459.40  4.07
 3460.10  4.07
 3460.80  4.07
 3461.50  4.07
 3462.20  4.07
 3462.90  4.07
 3463.60  4.07
 3464.30  4.07
 3465.00  4.07
 3465.70  4.07
 3466.40  4.07
 3467.10  4.07
 3467.80  4.07
 3468.50  4.07
 3469.20  4.07
 3469.90  4.07
 3470.60  4.07
 3471.30  4.07
 3472.00  4.07
 3472.70  4.07
 3473.40  4.07
 3474.10  4.07
 3474.80  4.07
 3475.50  4.07
 3476.20  4.07
 3476.90  4.07
 3477.60  4.07
 3478.30  4.07
 3479.00  4.07
 3479.70  4.07
 3480.40  4.07
 3481.10  4.07
 3481.80  4.07
 3482.50  4.07
 3483.20  4.07
 3483.90  4.07
 3484.60  4.07
 3485.30  4.07
 3486.00  4.07
 3486.70  4.07
 3487.40  4.07
 3488.10  4.07
 3488.80  4.07
 3489.50  4.07
 3490.20  4.07
 3490.90  4.07
 3491.60  4.07
 3492.30  4.07
 3493.00  4.07
 3493.70  4.07
 3494.40  4.07
 3495.10  4.07
 3495.80  4.07
 3496.50  4.07
 3497.20  4.07
 3497.90  4.07
 3498.60  4.07
 3499.30  4.07
 3500.00  4.07
 3500.70  4.07
 3501.40  4.07
 3502.10  4.07
 3502.80  4.07
 3503.50  4.07
 3504.20  4.07
 3504.90  4.07
 3505.60  4.07
 3506.30  4.07
 3507.00  4.07
 3507.70  4.07
 3508.40  4.07
 3509.10  4.07
 3509.80  4.07
 3510.50  4.07
 3511.20  4.07
 3511.90  4.07
 3512.60  4.07
 3513.30  4.07
 3514.00  4.07
 3514.70  4.07
 3515.40  4.07
 3516.10  4.07
 3516.80  4.07
 3517.50  4.07
 3518.20  4.07
 3518.90  4.07
 3519.60  4.07
 3520.30  4.07
 3521.00  4.07
 3521.70  4.07
 3522.40  4.07
 3523.10  4.07
 3523.80  4.07
 3524.50  4.07
 3525.20  4.07
 3525.90  4.07
 3526.60  4.07
 3527.30  4.07
 3528.00  4.07
 3528.70  4.07
 3529.40  4.07
 3530.10  4.07
 3530.80  4.07
 3531.50  4.07
 3532.20  4.07
 3532.90  4.07
 3533.60  4.07
 3534.30  4.07
 3535.00  4.07
 3535.70  4.07
 3536.40  4.07
 3537.10  4.07
 3537.80  4.07
 3538.50  4.07
 3539.20  4.07
 3539.90  4.07
 3540.60  4.07
 3541.30  4.07
 3542.00  4.07
 3542.70  4.07
 3543.40  4.07
 3544.10  4.07
 3544.80  4.07
 3545.50  4.07
 3546.20  4.07
 3546.90  4.07
 3547.60  4.07
 3548.30  4.07
 3549.00  4.07
 3549.70  4.07
 3550.40  4.07
 3551.10  4.07
 3551.80  4.07
 3552.50  4.07
 3553.20  4.07
 3553.90  4.07
 3554.60  4.07
 3555.30  4.07
 3556.00  4.07
 3556.70  4.07
 3557.40  4.07
 3558.10  4.07
 3558.80  4.07
 3559.50  4.07
 3560.20  4.07
 3560.90  4.07
 3561.60  4.07
 3562.30  4.07
 3563.00  4.07
 3563.70  4.07
 3564.40  4.07
 3565.10  4.07
 3565.80  4.07
 3566.50  4.07
 3567.20  4.07
 3567.90  4.07
 3568.60  4.07
 3569.30  4.07
 3570.00  4.07
 3570.70  4.07
 3571.40  4.07
 3572.10  4.07
 3572.80  4.07
 3573.50  4.07
 3574.20  4.07
 3574.90  4.07
 3575.60  4.07
 3576.30  4.07
 3577.00  4.07
 3577.70  4.07
 3578.40  4.07
 3579.10  4.07
 3579.80  4.07
 3580.50  4.07
 3581.20  4.07
 3581.90  4.07
 3582.60  4.07
 3583.30  4.07
 3584.00  4.07
 3584.70  4.07
 3585.40  4.07
 3586.10  4.07
 3586.80  4.07
 3587.50  4.07
 3588.20  4.07
 3588.90  4.07
 3589.60  4.07
 3590.30  4.07
 3591.00  4.07
 3591.70  4.07
 3592.40  4.07
 3593.10  4.07
 3593.80  4.07
 3594.50  4.07
 3595.20  4.07
 3595.90  4.07
 3596.60  4.07
 3597.30  4.07
 3598.00  4.07
 3598.70  4.07
 3599.40  4.07
 3600.10  4.07
 3600.80  4.07
 3601.50  4.07
 3602.20  4.07
 3602.90  4.07
 3603.60  4.07
 3604.30  4.07
 3605.00  4.07
 3605.70  4.07
 3606.40  4.07
 3607.10  4.07
 3607.80  4.07
 3608.50  4.07
 3609.20  4.07
 3609.90  4.07
 3610.60  4.07
 3611.30  4.07
 3612.00  4.07
 3612.70  4.07
 3613.40  4.07
 3614.10  4.07
 3614.80  4.07
 3615.50  4.07
 3616.20  4.07
 3616.90  4.07
 3617.60  4.07
 3618.30  4.07
 3619.00  4.07
 3619.70  4.07
 3620.40  4.07
 3621.10  4.07
 3621.80  4.07
 3622.50  4.07
 3623.20  4.07
 3623.90  4.07
 3624.60  4.07
 3625.30  4.07
 3626.00  4.07
 3626.70  4.07
 3627.40  4.07
 3628.10  4.07
 3628.80  4.07
 3629.50  4.07
 3630.20  4.07
 3630.90  4.07
 3631.60  4.07
 3632.30  4.07
 3633.00  4.07
 3633.70  4.07
 3634.40  4.07
 3635.10  4.07
 3635.80  4.07
 3636.50  4.07
 3637.20  4.07
 3637.90  4.07
 3638.60  4.07
 3639.30  4.07
 3640.00  4.07
 3640.70  4.07
 3641.40  4.07
 3642.10  4.07
 3642.80  4.07
 3643.50  4.07
 3644.20  4.07
 3644.90  4.07
 3645.60  4.07
 3646.30  4.07
 3647.00  4.07
 3647.70  4.07
 3648.40  4.07
 3649.10  4.07
 3649.80  4.07
 3650.50  4.07
 3651.20  4.07
 3651.90  4.07
 3652.60  4.07
 3653.30  4.07
 3654.00  4.07
 3654.70  4.07
 3655.40  4.07
 3656.10  4.07
 3656.80  4.07
 3657.50  4.07
 3658.20  4.07
 3658.90  4.07
 3659.60  4.07
 3660.30  4.07
 3661.00  4.07
 3661.70  4.07
 3662.40  4.07
 3663.10  4.07
 3663.80  4.07
 3664.50  4.07
 3665.20  4.07
 3665.90  4.07
 3666.60  4.07
 3667.30  4.07
 3668.00  4.07
 3668.70  4.07
 3669.40  4.07
 3670.10  4.07
 3670.80  4.07
 3671.50  4.07
 3672.20  4.07
 3672.90  4.07
 3673.60  4.07
 3674.30  4.07
 3675.00  4.07
 3675.70  4.07
 3676.40  4.07
 3677.10  4.07
 3677.80  4.07
 3678.50  4.07
 3679.20  4.07
 3679.90  4.07
 3680.60  4.07
 3681.30  4.07
 3682.00  4.07
 3682.70  4.07
 3683.40  4.07
 3684.10  4.07
 3684.80  4.07
 3685.50  4.07
 3686.20  4.07
 3686.90  4.07
 3687.60  4.07
 3688.30  4.07
 3689.00  4.07
 3689.70  4.07
 3690.40  4.07
 3691.10  4.07
 3691.80  4.07
 3692.50  4.07
 3693.20  4.07
 3693.90  4.07
 3694.60  4.07
 3695.30  4.07
 3696.00  4.07
 3696.70  4.07
 3697.40  4.07
 3698.10  4.07
 3698.80  4.07
 3699.50  4.07
 3700.20  4.07
 3700.90  4.07
 3701.60  4.07
 3702.30  4.07
 3703.00  4.07
 3703.70  4.07
 3704.40  4.07
 3705.10  4.07
 3705.80  4.07
 3706.50  4.07
 3707.20  4.07
 3707.90  4.07
 3708.60  4.07
 3709.30  4.07
 3710.00  4.07
 3710.70  4.07
 3711.40  4.07
 3712.10  4.07
 3712.80  4.07
 3713.50  4.07
 3714.20  4.07
 3714.90  4.07
 3715.60  4.07
 3716.30  4.07
 3717.00  4.07
 3717.70  4.07
 3718.40  4.07
 3719.10  4.07
 3719.80  4.07
 3720.50  4.07
 3721.20  4.07
 3721.90  4.07
 3722.60  4.07
 3723.30  4.07
 3724.00  4.07
 3724.70  4.07
 3725.40  4.07
 3726.10  4.07
 3726.80  4.07
 3727.50  4.07
 3728.20  4.07
 3728.90  4.07
 3729.60  4.07
 3730.30  4.07
 3731.00  4.07
 3731.70  4.07
 3732.40  4.07
 3733.10  4.07
 3733.80  4.07
 3734.50  4.07
 3735.20  4.07
 3735.90  4.07
 3736.60  4.07
 3737.30  4.07
 3738.00  4.07
 3738.70  4.07
 3739.40  4.07
 3740.10  4.07
 3740.80  4.07
 3741.50  4.07
 3742.20  4.07
 3742.90  4.07
 3743.60  4.07
 3744.30  4.07
 3745.00  4.07
 3745.70  4.07
 3746.40  4.07
 3747.10  4.07
 3747.80  4.07
 3748.50  4.07
 3749.20  4.07
 3749.90  4.07
 3750.60  4.07
 3751.30  4.07
 3752.00  4.07
 3752.70  4.07
 3753.40  4.07
 3754.10  4.07
 3754.80  4.07
 3755.50  4.07
 3756.20  4.07
 3756.90  4.07
 3757.60  4.07
 3758.30  4.07
 3759.00  4.07
 3759.70  4.07
 3760.40  4.07
 3761.10  4.07
 3761.80  4.07
 3762.50  4.07
 3763.20  4.07
 3763.90  4.07
 3764.60  4.07
 3765.30  4.07
 3766.00  4.07
 3766.70  4.07
 3767.40  4.07
 3768.10  4.07
 3768.80  4.07
 3769.50  4.07
 3770.20  4.07
 3770.90  4.07
 3771.60  4.07
 3772.30  4.07
 3773.00  4.07
 3773.70  4.07
 3774.40  4.07
 3775.10  4.07
 3775.80  4.07
 3776.50  4.07
 3777.20  4.07
 3777.90  4.07
 3778.60  4.07
 3779.30  4.07
 3780.00  4.07
 3780.70  4.07
 3781.40  4.07
 3782.10  4.07
 3782.80  4.07
 3783.50  4.07
 3784.20  4.07
 3784.90  4.07
 3785.60  4.07
 3786.30  4.07
 3787.00  4.07
 3787.70  4.07
 3788.40  4.07
 3789.10  4.07
 3789.80  4.07
 3790.50  4.07
 3791.20  4.07
 3791.90  4.07
 3792.60  4.07
 3793.30  4.07
 3794.00  4.07
 3794.70  4.07
 3795.40  4.07
 3796.10  4.07
 3796.80  4.07
 3797.50  4.07
 3798.20  4.07
 3798.90  4.07
 3799.60  4.07
 3800.30  4.07
 3801.00  4.07
 3801.70  4.07
 3802.40  4.07
 3803.10  4.07
 3803.80  4.07
 3804.50  4.07
 3805.20  4.07
 3805.90  4.07
 3806.60  4.07
 3807.30  4.07
 3808.00  4.07
 3808.70  4.07
 3809.40  4.07
 3810.10  4.07
 3810.80  4.07
 3811.50  4.07
 3812.20  4.07
 3812.90  4.07
 3813.60  4.07
 3814.30  4.07
 3815.00  4.07
 3815.70  4.07
 3816.40  4.07
 3817.10  4.07
 3817.80  4.07
 3818.50  4.07
 3819.20  4.07
 3819.90  4.07
 3820.60  4.07
 3821.30  4.07
 3822.00  4.07
 3822.70  4.07
 3823.40  4.07
 3824.10  4.07
 3824.80  4.07
 3825.50  4.07
 3826.20  4.07
 3826.90  4.07
 3827.60  4.07
 3828.30  4.07
 3829.00  4.07
 3829.70  4.07
 3830.40  4.07
 3831.10  4.07
 3831.80  4.07
 3832.50  4.07
 3833.20  4.07
 3833.90  4.07
 3834.60  4.07
 3835.30  4.07
 3836.00  4.07
 3836.70  4.07
 3837.40  4.07
 3838.10  4.07
 3838.80  4.07
 3839.50  4.07
 3840.20  4.07
 3840.90  4.07
 3841.60  4.07
 3842.30  4.07
 3843.00  4.07
 3843.70  4.07
 3844.40  4.07
 3845.10  4.07
 3845.80  4.07
 3846.50  4.07
 3847.20  4.07
 3847.90  4.07
 3848.60  4.07
 3849.30  4.07
 3850.00  4.07
 3850.70  4.07
 3851.40  4.07
 3852.10  4.07
 3852.80  4.07
 3853.50  4.07
 3854.20  4.07
 3854.90  4.07
 3855.60  4.07
 3856.30  4.07
 3857.00  4.07
 3857.70  4.07
 3858.40  4.07
 3859.10  4.07
 3859.80  4.07
 3860.50  4.07
 3861.20  4.07
 3861.90  4.07
 3862.60  4.07
 3863.30  4.07
 3864.00  4.07
 3864.70  4.07
 3865.40  4.07
 3866.10  4.07
 3866.80  4.07
 3867.50  4.07
 3868.20  4.07
 3868.90  4.07
 3869.60  4.07
 3870.30  4.07
 3871.00  4.07
 3871.70  4.07
 3872.40  4.07
 3873.10  4.07
 3873.80  4.07
 3874.50  4.07
 3875.20  4.07
 3875.90  4.07
 3876.60  4.07
 3877.30  4.07
 3878.00  4.07
 3878.70  4.07
 3879.40  4.07
 3880.10  4.07
 3880.80  4.07
 3881.50  4.07
 3882.20  4.07
 3882.90  4.07
 3883.60  4.07
 3884.30  4.07
 3885.00  4.07
 3885.70  4.07
 3886.40  4.07
 3887.10  4.07
 3887.80  4.07
 3888.50  4.07
 3889.20  4.07
 3889.90  4.07
 3890.60  4.07
 3891.30  4.07
 3892.00  4.07
 3892.70  4.07
 3893.40  4.07
 3894.10  4.07
 3894.80  4.07
 3895.50  4.07
 3896.20  4.07
 3896.90  4.07
 3897.60  4.07
 3898.30  4.07
 3899.00  4.07
 3899.70  4.07
 3900.40  4.07
 3901.10  4.07
 3901.80  4.07
 3902.50  4.07
 3903.20  4.07
 3903.90  4.07
 3904.60  4.07
 3905.30  4.07
 3906.00  4.07
 3906.70  4.07
 3907.40  4.07
 3908.10  4.07
 3908.80  4.07
 3909.50  4.07
 3910.20  4.07
 3910.90  4.07
 3911.60  4.07
 3912.30  4.07
 3913.00  4.07
 3913.70  4.07
 3914.40  4.07
 3915.10  4.07
 3915.80  4.07
 3916.50  4.07
 3917.20  4.07
 3917.90  4.07
 3918.60  4.07
 3919.30  4.07
 3920.00  4.07
 3920.70  4.07
 3921.40  4.07
 3922.10  4.07
 3922.80  4.07
 3923.50  4.07
 3924.20  4.07
 3924.90  4.07
 3925.60  4.07
 3926.30  4.07
 3927.00  4.07
 3927.70  4.07
 3928.40  4.07
 3929.10  4.07
 3929.80  4.07
 3930.50  4.07
 3931.20  4.07
 3931.90  4.07
 3932.60  4.07
 3933.30  4.07
 3934.00  4.07
 3934.70  4.07
 3935.40  4.07
 3936.10  4.07
 3936.80  4.07
 3937.50  4.07
 3938.20  4.07
 3938.90  4.07
 3939.60  4.07
 3940.30  4.07
 3941.00  4.07
 3941.70  4.07
 3942.40  4.07
 3943.10  4.07
 3943.80  4.07
 3944.50  4.07
 3945.20  4.07
 3945.90  4.07
 3946.60  4.07
 3947.30  4.07
 3948.00  4.07
 3948.70  4.07
 3949.40  4.07
 3950.10  4.07
 3950.80  4.07
 3951.50  4.07
 3952.20  4.07
 3952.90  4.07
 3953.60  4.07
 3954.30  4.07
 3955.00  4.07
 3955.70  4.07
 3956.40  4.07
 3957.10  4.07
 3957.80  4.07
 3958.50  4.07
 3959.20  4.07
 3959.90  4.07
 3960.60  4.07
 3961.30  4.07
 3962.00  4.07
 3962.70  4.07
 3963.40  4.07
 3964.10  4.07
 3964.80  4.07
 3965.50  4.07
 3966.20  4.07
 3966.90  4.07
 3967.60  4.07
 3968.30  4.07
 3969.00  4.07
 3969.70  4.07
 3970.40  4.07
 3971.10  4.07
 3971.80  4.07
 3972.50  4.07
 3973.20  4.07
 3973.90  4.07
 3974.60  4.07
 3975.30  4.07
 3976.00  4.07
 3976.70  4.07
 3977.40  4.07
 3978.10  4.07
 3978.80  4.07
 3979.50  4.07
 3980.20  4.07
 3980.90  4.07
 3981.60  4.07
 3982.30  4.07
 3983.00  4.07
 3983.70  4.07
 3984.40  4.07
 3985.10  4.07
 3985.80  4.07
 3986.50  4.07
 3987.20  4.07
 3987.90  4.07
 3988.60  4.07
 3989.30  4.07
 3990.00  4.07
 3990.70  4.07
 3991.40  4.07
 3992.10  4.07
 3992.80  4.07
 3993.50  4.07
 3994.20  4.07
 3994.90  4.07
 3995.60  4.07
 3996.30  4.07
 3997.00  4.07
 3997.70  4.07
 3998.40  4.07
 3999.10  4.07
 3999.80  4.07
