#Navio B MarAd
#Manobra de Curva Giro
#
#Eta 
#
#temp      rot 
 0.00  1.00
 0.70  1.00
 1.40  1.00
 2.10  1.00
 2.80  1.00
 3.50  1.00
 4.20  1.00
 4.90  1.00
 5.60  1.00
 6.30  1.00
 7.00  1.00
 7.70  1.00
 8.40  1.00
 9.10  1.00
 9.80  1.01
 10.50  1.01
 11.20  1.01
 11.90  1.01
 12.60  1.01
 13.30  1.01
 14.00  1.01
 14.70  1.01
 15.40  1.01
 16.10  1.01
 16.80  1.01
 17.50  1.01
 18.20  1.01
 18.90  1.01
 19.60  1.01
 20.30  1.01
 21.00  1.01
 21.70  1.01
 22.40  1.01
 23.10  1.01
 23.80  1.01
 24.50  1.02
 25.20  1.02
 25.90  1.02
 26.60  1.02
 27.30  1.02
 28.00  1.02
 28.70  1.02
 29.40  1.02
 30.10  1.02
 30.80  1.02
 31.50  1.02
 32.20  1.02
 32.90  1.02
 33.60  1.02
 34.30  1.02
 35.00  1.02
 35.70  1.02
 36.40  1.03
 37.10  1.03
 37.80  1.03
 38.50  1.03
 39.20  1.03
 39.90  1.03
 40.60  1.03
 41.30  1.03
 42.00  1.03
 42.70  1.03
 43.40  1.03
 44.10  1.03
 44.80  1.03
 45.50  1.03
 46.20  1.03
 46.90  1.04
 47.60  1.04
 48.30  1.04
 49.00  1.04
 49.70  1.04
 50.40  1.04
 51.10  1.04
 51.80  1.04
 52.50  1.04
 53.20  1.04
 53.90  1.04
 54.60  1.04
 55.30  1.04
 56.00  1.05
 56.70  1.05
 57.40  1.05
 58.10  1.05
 58.80  1.05
 59.50  1.05
 60.20  1.05
 60.90  1.05
 61.60  1.05
 62.30  1.05
 63.00  1.06
 63.70  1.06
 64.40  1.06
 65.10  1.06
 65.80  1.06
 66.50  1.06
 67.20  1.06
 67.90  1.06
 68.60  1.06
 69.30  1.06
 70.00  1.07
 70.70  1.07
 71.40  1.07
 72.10  1.07
 72.80  1.07
 73.50  1.07
 74.20  1.07
 74.90  1.07
 75.60  1.08
 76.30  1.08
 77.00  1.08
 77.70  1.08
 78.40  1.08
 79.10  1.08
 79.80  1.08
 80.50  1.08
 81.20  1.09
 81.90  1.09
 82.60  1.09
 83.30  1.09
 84.00  1.09
 84.70  1.09
 85.40  1.09
 86.10  1.09
 86.80  1.10
 87.50  1.10
 88.20  1.10
 88.90  1.10
 89.60  1.10
 90.30  1.10
 91.00  1.11
 91.70  1.11
 92.40  1.11
 93.10  1.11
 93.80  1.11
 94.50  1.11
 95.20  1.11
 95.90  1.12
 96.60  1.12
 97.30  1.12
 98.00  1.12
 98.70  1.12
 99.40  1.12
 100.10  1.13
 100.80  1.13
 101.50  1.13
 102.20  1.13
 102.90  1.13
 103.60  1.13
 104.30  1.14
 105.00  1.14
 105.70  1.14
 106.40  1.14
 107.10  1.14
 107.80  1.15
 108.50  1.15
 109.20  1.15
 109.90  1.15
 110.60  1.15
 111.30  1.16
 112.00  1.16
 112.70  1.16
 113.40  1.16
 114.10  1.16
 114.80  1.17
 115.50  1.17
 116.20  1.17
 116.90  1.17
 117.60  1.17
 118.30  1.18
 119.00  1.18
 119.70  1.18
 120.40  1.18
 121.10  1.18
 121.80  1.19
 122.50  1.19
 123.20  1.19
 123.90  1.19
 124.60  1.19
 125.30  1.20
 126.00  1.20
 126.70  1.20
 127.40  1.20
 128.10  1.21
 128.80  1.21
 129.50  1.21
 130.20  1.21
 130.90  1.21
 131.60  1.22
 132.30  1.22
 133.00  1.22
 133.70  1.22
 134.40  1.23
 135.10  1.23
 135.80  1.23
 136.50  1.23
 137.20  1.24
 137.90  1.24
 138.60  1.24
 139.30  1.24
 140.00  1.25
 140.70  1.25
 141.40  1.25
 142.10  1.25
 142.80  1.26
 143.50  1.26
 144.20  1.26
 144.90  1.26
 145.60  1.27
 146.30  1.27
 147.00  1.27
 147.70  1.27
 148.40  1.28
 149.10  1.28
 149.80  1.28
 150.50  1.28
 151.20  1.29
 151.90  1.29
 152.60  1.29
 153.30  1.29
 154.00  1.30
 154.70  1.30
 155.40  1.30
 156.10  1.31
 156.80  1.31
 157.50  1.31
 158.20  1.31
 158.90  1.32
 159.60  1.32
 160.30  1.32
 161.00  1.33
 161.70  1.33
 162.40  1.33
 163.10  1.33
 163.80  1.34
 164.50  1.34
 165.20  1.34
 165.90  1.34
 166.60  1.35
 167.30  1.35
 168.00  1.35
 168.70  1.36
 169.40  1.36
 170.10  1.36
 170.80  1.37
 171.50  1.37
 172.20  1.37
 172.90  1.37
 173.60  1.38
 174.30  1.38
 175.00  1.38
 175.70  1.39
 176.40  1.39
 177.10  1.39
 177.80  1.40
 178.50  1.40
 179.20  1.40
 179.90  1.40
 180.60  1.41
 181.30  1.41
 182.00  1.41
 182.70  1.42
 183.40  1.42
 184.10  1.42
 184.80  1.43
 185.50  1.43
 186.20  1.43
 186.90  1.44
 187.60  1.44
 188.30  1.44
 189.00  1.44
 189.70  1.45
 190.40  1.45
 191.10  1.45
 191.80  1.46
 192.50  1.46
 193.20  1.46
 193.90  1.47
 194.60  1.47
 195.30  1.47
 196.00  1.48
 196.70  1.48
 197.40  1.48
 198.10  1.49
 198.80  1.49
 199.50  1.49
 200.20  1.50
 200.90  1.50
 201.60  1.50
 202.30  1.51
 203.00  1.51
 203.70  1.51
 204.40  1.52
 205.10  1.52
 205.80  1.52
 206.50  1.53
 207.20  1.53
 207.90  1.53
 208.60  1.54
 209.30  1.54
 210.00  1.54
 210.70  1.55
 211.40  1.55
 212.10  1.55
 212.80  1.56
 213.50  1.56
 214.20  1.56
 214.90  1.57
 215.60  1.57
 216.30  1.57
 217.00  1.58
 217.70  1.58
 218.40  1.58
 219.10  1.59
 219.80  1.59
 220.50  1.59
 221.20  1.60
 221.90  1.60
 222.60  1.60
 223.30  1.61
 224.00  1.61
 224.70  1.61
 225.40  1.62
 226.10  1.62
 226.80  1.62
 227.50  1.63
 228.20  1.63
 228.90  1.63
 229.60  1.64
 230.30  1.64
 231.00  1.65
 231.70  1.65
 232.40  1.65
 233.10  1.66
 233.80  1.66
 234.50  1.66
 235.20  1.67
 235.90  1.67
 236.60  1.67
 237.30  1.68
 238.00  1.68
 238.70  1.68
 239.40  1.69
 240.10  1.69
 240.80  1.69
 241.50  1.70
 242.20  1.70
 242.90  1.71
 243.60  1.71
 244.30  1.71
 245.00  1.72
 245.70  1.72
 246.40  1.72
 247.10  1.73
 247.80  1.73
 248.50  1.73
 249.20  1.74
 249.90  1.74
 250.60  1.74
 251.30  1.75
 252.00  1.75
 252.70  1.75
 253.40  1.76
 254.10  1.76
 254.80  1.77
 255.50  1.77
 256.20  1.77
 256.90  1.78
 257.60  1.78
 258.30  1.78
 259.00  1.79
 259.70  1.79
 260.40  1.79
 261.10  1.80
 261.80  1.80
 262.50  1.80
 263.20  1.81
 263.90  1.81
 264.60  1.82
 265.30  1.82
 266.00  1.82
 266.70  1.83
 267.40  1.83
 268.10  1.83
 268.80  1.84
 269.50  1.84
 270.20  1.84
 270.90  1.85
 271.60  1.85
 272.30  1.86
 273.00  1.86
 273.70  1.86
 274.40  1.87
 275.10  1.87
 275.80  1.87
 276.50  1.88
 277.20  1.88
 277.90  1.88
 278.60  1.89
 279.30  1.89
 280.00  1.90
 280.70  1.90
 281.40  1.90
 282.10  1.91
 282.80  1.91
 283.50  1.91
 284.20  1.92
 284.90  1.92
 285.60  1.92
 286.30  1.93
 287.00  1.93
 287.70  1.93
 288.40  1.94
 289.10  1.94
 289.80  1.95
 290.50  1.95
 291.20  1.95
 291.90  1.96
 292.60  1.96
 293.30  1.96
 294.00  1.97
 294.70  1.97
 295.40  1.97
 296.10  1.98
 296.80  1.98
 297.50  1.99
 298.20  1.99
 298.90  1.99
 299.60  2.00
 300.30  2.00
 301.00  2.00
 301.70  2.01
 302.40  2.01
 303.10  2.01
 303.80  2.02
 304.50  2.02
 305.20  2.02
 305.90  2.03
 306.60  2.03
 307.30  2.04
 308.00  2.04
 308.70  2.04
 309.40  2.05
 310.10  2.05
 310.80  2.05
 311.50  2.06
 312.20  2.06
 312.90  2.06
 313.60  2.07
 314.30  2.07
 315.00  2.08
 315.70  2.08
 316.40  2.08
 317.10  2.09
 317.80  2.09
 318.50  2.09
 319.20  2.10
 319.90  2.10
 320.60  2.10
 321.30  2.11
 322.00  2.11
 322.70  2.11
 323.40  2.12
 324.10  2.12
 324.80  2.13
 325.50  2.13
 326.20  2.13
 326.90  2.14
 327.60  2.14
 328.30  2.14
 329.00  2.15
 329.70  2.15
 330.40  2.15
 331.10  2.16
 331.80  2.16
 332.50  2.16
 333.20  2.17
 333.90  2.17
 334.60  2.18
 335.30  2.18
 336.00  2.18
 336.70  2.19
 337.40  2.19
 338.10  2.19
 338.80  2.20
 339.50  2.20
 340.20  2.20
 340.90  2.21
 341.60  2.21
 342.30  2.21
 343.00  2.22
 343.70  2.22
 344.40  2.22
 345.10  2.23
 345.80  2.23
 346.50  2.23
 347.20  2.24
 347.90  2.24
 348.60  2.25
 349.30  2.25
 350.00  2.25
 350.70  2.26
 351.40  2.26
 352.10  2.26
 352.80  2.27
 353.50  2.27
 354.20  2.27
 354.90  2.28
 355.60  2.28
 356.30  2.28
 357.00  2.29
 357.70  2.29
 358.40  2.29
 359.10  2.30
 359.80  2.30
 360.50  2.30
 361.20  2.31
 361.90  2.31
 362.60  2.31
 363.30  2.32
 364.00  2.32
 364.70  2.32
 365.40  2.33
 366.10  2.33
 366.80  2.33
 367.50  2.34
 368.20  2.34
 368.90  2.34
 369.60  2.35
 370.30  2.35
 371.00  2.35
 371.70  2.36
 372.40  2.36
 373.10  2.36
 373.80  2.37
 374.50  2.37
 375.20  2.37
 375.90  2.38
 376.60  2.38
 377.30  2.38
 378.00  2.39
 378.70  2.39
 379.40  2.39
 380.10  2.40
 380.80  2.40
 381.50  2.40
 382.20  2.41
 382.90  2.41
 383.60  2.41
 384.30  2.42
 385.00  2.42
 385.70  2.42
 386.40  2.43
 387.10  2.43
 387.80  2.43
 388.50  2.44
 389.20  2.44
 389.90  2.44
 390.60  2.45
 391.30  2.45
 392.00  2.45
 392.70  2.46
 393.40  2.46
 394.10  2.46
 394.80  2.46
 395.50  2.47
 396.20  2.47
 396.90  2.47
 397.60  2.48
 398.30  2.48
 399.00  2.48
 399.70  2.49
 400.40  2.49
 401.10  2.49
 401.80  2.50
 402.50  2.50
 403.20  2.50
 403.90  2.51
 404.60  2.51
 405.30  2.51
 406.00  2.52
 406.70  2.52
 407.40  2.52
 408.10  2.52
 408.80  2.53
 409.50  2.53
 410.20  2.53
 410.90  2.54
 411.60  2.54
 412.30  2.54
 413.00  2.55
 413.70  2.55
 414.40  2.55
 415.10  2.56
 415.80  2.56
 416.50  2.56
 417.20  2.56
 417.90  2.57
 418.60  2.57
 419.30  2.57
 420.00  2.58
 420.70  2.58
 421.40  2.58
 422.10  2.59
 422.80  2.59
 423.50  2.59
 424.20  2.59
 424.90  2.60
 425.60  2.60
 426.30  2.60
 427.00  2.61
 427.70  2.61
 428.40  2.61
 429.10  2.62
 429.80  2.62
 430.50  2.62
 431.20  2.62
 431.90  2.63
 432.60  2.63
 433.30  2.63
 434.00  2.64
 434.70  2.64
 435.40  2.64
 436.10  2.64
 436.80  2.65
 437.50  2.65
 438.20  2.65
 438.90  2.66
 439.60  2.66
 440.30  2.66
 441.00  2.66
 441.70  2.67
 442.40  2.67
 443.10  2.67
 443.80  2.68
 444.50  2.68
 445.20  2.68
 445.90  2.68
 446.60  2.69
 447.30  2.69
 448.00  2.69
 448.70  2.70
 449.40  2.70
 450.10  2.70
 450.80  2.70
 451.50  2.71
 452.20  2.71
 452.90  2.71
 453.60  2.72
 454.30  2.72
 455.00  2.72
 455.70  2.72
 456.40  2.73
 457.10  2.73
 457.80  2.73
 458.50  2.73
 459.20  2.74
 459.90  2.74
 460.60  2.74
 461.30  2.75
 462.00  2.75
 462.70  2.75
 463.40  2.75
 464.10  2.76
 464.80  2.76
 465.50  2.76
 466.20  2.76
 466.90  2.77
 467.60  2.77
 468.30  2.77
 469.00  2.78
 469.70  2.78
 470.40  2.78
 471.10  2.78
 471.80  2.79
 472.50  2.79
 473.20  2.79
 473.90  2.79
 474.60  2.80
 475.30  2.80
 476.00  2.80
 476.70  2.80
 477.40  2.81
 478.10  2.81
 478.80  2.81
 479.50  2.81
 480.20  2.82
 480.90  2.82
 481.60  2.82
 482.30  2.82
 483.00  2.83
 483.70  2.83
 484.40  2.83
 485.10  2.83
 485.80  2.84
 486.50  2.84
 487.20  2.84
 487.90  2.84
 488.60  2.85
 489.30  2.85
 490.00  2.85
 490.70  2.85
 491.40  2.86
 492.10  2.86
 492.80  2.86
 493.50  2.86
 494.20  2.87
 494.90  2.87
 495.60  2.87
 496.30  2.87
 497.00  2.88
 497.70  2.88
 498.40  2.88
 499.10  2.88
 499.80  2.89
 500.50  2.89
 501.20  2.89
 501.90  2.89
 502.60  2.90
 503.30  2.90
 504.00  2.90
 504.70  2.90
 505.40  2.91
 506.10  2.91
 506.80  2.91
 507.50  2.91
 508.20  2.92
 508.90  2.92
 509.60  2.92
 510.30  2.92
 511.00  2.92
 511.70  2.93
 512.40  2.93
 513.10  2.93
 513.80  2.93
 514.50  2.94
 515.20  2.94
 515.90  2.94
 516.60  2.94
 517.30  2.95
 518.00  2.95
 518.70  2.95
 519.40  2.95
 520.10  2.95
 520.80  2.96
 521.50  2.96
 522.20  2.96
 522.90  2.96
 523.60  2.97
 524.30  2.97
 525.00  2.97
 525.70  2.97
 526.40  2.98
 527.10  2.98
 527.80  2.98
 528.50  2.98
 529.20  2.98
 529.90  2.99
 530.60  2.99
 531.30  2.99
 532.00  2.99
 532.70  2.99
 533.40  3.00
 534.10  3.00
 534.80  3.00
 535.50  3.00
 536.20  3.01
 536.90  3.01
 537.60  3.01
 538.30  3.01
 539.00  3.01
 539.70  3.02
 540.40  3.02
 541.10  3.02
 541.80  3.02
 542.50  3.02
 543.20  3.03
 543.90  3.03
 544.60  3.03
 545.30  3.03
 546.00  3.04
 546.70  3.04
 547.40  3.04
 548.10  3.04
 548.80  3.04
 549.50  3.05
 550.20  3.05
 550.90  3.05
 551.60  3.05
 552.30  3.05
 553.00  3.06
 553.70  3.06
 554.40  3.06
 555.10  3.06
 555.80  3.06
 556.50  3.07
 557.20  3.07
 557.90  3.07
 558.60  3.07
 559.30  3.07
 560.00  3.08
 560.70  3.08
 561.40  3.08
 562.10  3.08
 562.80  3.08
 563.50  3.09
 564.20  3.09
 564.90  3.09
 565.60  3.09
 566.30  3.09
 567.00  3.10
 567.70  3.10
 568.40  3.10
 569.10  3.10
 569.80  3.10
 570.50  3.11
 571.20  3.11
 571.90  3.11
 572.60  3.11
 573.30  3.11
 574.00  3.11
 574.70  3.12
 575.40  3.12
 576.10  3.12
 576.80  3.12
 577.50  3.12
 578.20  3.13
 578.90  3.13
 579.60  3.13
 580.30  3.13
 581.00  3.13
 581.70  3.14
 582.40  3.14
 583.10  3.14
 583.80  3.14
 584.50  3.14
 585.20  3.14
 585.90  3.15
 586.60  3.15
 587.30  3.15
 588.00  3.15
 588.70  3.15
 589.40  3.16
 590.10  3.16
 590.80  3.16
 591.50  3.16
 592.20  3.16
 592.90  3.16
 593.60  3.17
 594.30  3.17
 595.00  3.17
 595.70  3.17
 596.40  3.17
 597.10  3.17
 597.80  3.18
 598.50  3.18
 599.20  3.18
 599.90  3.18
 600.60  3.18
 601.30  3.19
 602.00  3.19
 602.70  3.19
 603.40  3.19
 604.10  3.19
 604.80  3.19
 605.50  3.20
 606.20  3.20
 606.90  3.20
 607.60  3.20
 608.30  3.20
 609.00  3.20
 609.70  3.21
 610.40  3.21
 611.10  3.21
 611.80  3.21
 612.50  3.21
 613.20  3.21
 613.90  3.22
 614.60  3.22
 615.30  3.22
 616.00  3.22
 616.70  3.22
 617.40  3.22
 618.10  3.22
 618.80  3.23
 619.50  3.23
 620.20  3.23
 620.90  3.23
 621.60  3.23
 622.30  3.23
 623.00  3.24
 623.70  3.24
 624.40  3.24
 625.10  3.24
 625.80  3.24
 626.50  3.24
 627.20  3.25
 627.90  3.25
 628.60  3.25
 629.30  3.25
 630.00  3.25
 630.70  3.25
 631.40  3.25
 632.10  3.26
 632.80  3.26
 633.50  3.26
 634.20  3.26
 634.90  3.26
 635.60  3.26
 636.30  3.27
 637.00  3.27
 637.70  3.27
 638.40  3.27
 639.10  3.27
 639.80  3.27
 640.50  3.27
 641.20  3.28
 641.90  3.28
 642.60  3.28
 643.30  3.28
 644.00  3.28
 644.70  3.28
 645.40  3.28
 646.10  3.29
 646.80  3.29
 647.50  3.29
 648.20  3.29
 648.90  3.29
 649.60  3.29
 650.30  3.29
 651.00  3.30
 651.70  3.30
 652.40  3.30
 653.10  3.30
 653.80  3.30
 654.50  3.30
 655.20  3.30
 655.90  3.31
 656.60  3.31
 657.30  3.31
 658.00  3.31
 658.70  3.31
 659.40  3.31
 660.10  3.31
 660.80  3.32
 661.50  3.32
 662.20  3.32
 662.90  3.32
 663.60  3.32
 664.30  3.32
 665.00  3.32
 665.70  3.32
 666.40  3.33
 667.10  3.33
 667.80  3.33
 668.50  3.33
 669.20  3.33
 669.90  3.33
 670.60  3.33
 671.30  3.34
 672.00  3.34
 672.70  3.34
 673.40  3.34
 674.10  3.34
 674.80  3.34
 675.50  3.34
 676.20  3.34
 676.90  3.35
 677.60  3.35
 678.30  3.35
 679.00  3.35
 679.70  3.35
 680.40  3.35
 681.10  3.35
 681.80  3.35
 682.50  3.36
 683.20  3.36
 683.90  3.36
 684.60  3.36
 685.30  3.36
 686.00  3.36
 686.70  3.36
 687.40  3.36
 688.10  3.37
 688.80  3.37
 689.50  3.37
 690.20  3.37
 690.90  3.37
 691.60  3.37
 692.30  3.37
 693.00  3.37
 693.70  3.38
 694.40  3.38
 695.10  3.38
 695.80  3.38
 696.50  3.38
 697.20  3.38
 697.90  3.38
 698.60  3.38
 699.30  3.38
 700.00  3.39
 700.70  3.39
 701.40  3.39
 702.10  3.39
 702.80  3.39
 703.50  3.39
 704.20  3.39
 704.90  3.39
 705.60  3.40
 706.30  3.40
 707.00  3.40
 707.70  3.40
 708.40  3.40
 709.10  3.40
 709.80  3.40
 710.50  3.40
 711.20  3.40
 711.90  3.41
 712.60  3.41
 713.30  3.41
 714.00  3.41
 714.70  3.41
 715.40  3.41
 716.10  3.41
 716.80  3.41
 717.50  3.41
 718.20  3.41
 718.90  3.42
 719.60  3.42
 720.30  3.42
 721.00  3.42
 721.70  3.42
 722.40  3.42
 723.10  3.42
 723.80  3.42
 724.50  3.42
 725.20  3.43
 725.90  3.43
 726.60  3.43
 727.30  3.43
 728.00  3.43
 728.70  3.43
 729.40  3.43
 730.10  3.43
 730.80  3.43
 731.50  3.43
 732.20  3.44
 732.90  3.44
 733.60  3.44
 734.30  3.44
 735.00  3.44
 735.70  3.44
 736.40  3.44
 737.10  3.44
 737.80  3.44
 738.50  3.44
 739.20  3.45
 739.90  3.45
 740.60  3.45
 741.30  3.45
 742.00  3.45
 742.70  3.45
 743.40  3.45
 744.10  3.45
 744.80  3.45
 745.50  3.45
 746.20  3.46
 746.90  3.46
 747.60  3.46
 748.30  3.46
 749.00  3.46
 749.70  3.46
 750.40  3.46
 751.10  3.46
 751.80  3.46
 752.50  3.46
 753.20  3.47
 753.90  3.47
 754.60  3.47
 755.30  3.47
 756.00  3.47
 756.70  3.47
 757.40  3.47
 758.10  3.47
 758.80  3.47
 759.50  3.47
 760.20  3.47
 760.90  3.48
 761.60  3.48
 762.30  3.48
 763.00  3.48
 763.70  3.48
 764.40  3.48
 765.10  3.48
 765.80  3.48
 766.50  3.48
 767.20  3.48
 767.90  3.48
 768.60  3.48
 769.30  3.49
 770.00  3.49
 770.70  3.49
 771.40  3.49
 772.10  3.49
 772.80  3.49
 773.50  3.49
 774.20  3.49
 774.90  3.49
 775.60  3.49
 776.30  3.49
 777.00  3.49
 777.70  3.50
 778.40  3.50
 779.10  3.50
 779.80  3.50
 780.50  3.50
 781.20  3.50
 781.90  3.50
 782.60  3.50
 783.30  3.50
 784.00  3.50
 784.70  3.50
 785.40  3.50
 786.10  3.51
 786.80  3.51
 787.50  3.51
 788.20  3.51
 788.90  3.51
 789.60  3.51
 790.30  3.51
 791.00  3.51
 791.70  3.51
 792.40  3.51
 793.10  3.51
 793.80  3.51
 794.50  3.52
 795.20  3.52
 795.90  3.52
 796.60  3.52
 797.30  3.52
 798.00  3.52
 798.70  3.52
 799.40  3.52
 800.10  3.52
 800.80  3.52
 801.50  3.52
 802.20  3.52
 802.90  3.52
 803.60  3.52
 804.30  3.53
 805.00  3.53
 805.70  3.53
 806.40  3.53
 807.10  3.53
 807.80  3.53
 808.50  3.53
 809.20  3.53
 809.90  3.53
 810.60  3.53
 811.30  3.53
 812.00  3.53
 812.70  3.53
 813.40  3.54
 814.10  3.54
 814.80  3.54
 815.50  3.54
 816.20  3.54
 816.90  3.54
 817.60  3.54
 818.30  3.54
 819.00  3.54
 819.70  3.54
 820.40  3.54
 821.10  3.54
 821.80  3.54
 822.50  3.54
 823.20  3.54
 823.90  3.55
 824.60  3.55
 825.30  3.55
 826.00  3.55
 826.70  3.55
 827.40  3.55
 828.10  3.55
 828.80  3.55
 829.50  3.55
 830.20  3.55
 830.90  3.55
 831.60  3.55
 832.30  3.55
 833.00  3.55
 833.70  3.55
 834.40  3.56
 835.10  3.56
 835.80  3.56
 836.50  3.56
 837.20  3.56
 837.90  3.56
 838.60  3.56
 839.30  3.56
 840.00  3.56
 840.70  3.56
 841.40  3.56
 842.10  3.56
 842.80  3.56
 843.50  3.56
 844.20  3.56
 844.90  3.57
 845.60  3.57
 846.30  3.57
 847.00  3.57
 847.70  3.57
 848.40  3.57
 849.10  3.57
 849.80  3.57
 850.50  3.57
 851.20  3.57
 851.90  3.57
 852.60  3.57
 853.30  3.57
 854.00  3.57
 854.70  3.57
 855.40  3.57
 856.10  3.57
 856.80  3.58
 857.50  3.58
 858.20  3.58
 858.90  3.58
 859.60  3.58
 860.30  3.58
 861.00  3.58
 861.70  3.58
 862.40  3.58
 863.10  3.58
 863.80  3.58
 864.50  3.58
 865.20  3.58
 865.90  3.58
 866.60  3.58
 867.30  3.58
 868.00  3.58
 868.70  3.58
 869.40  3.59
 870.10  3.59
 870.80  3.59
 871.50  3.59
 872.20  3.59
 872.90  3.59
 873.60  3.59
 874.30  3.59
 875.00  3.59
 875.70  3.59
 876.40  3.59
 877.10  3.59
 877.80  3.59
 878.50  3.59
 879.20  3.59
 879.90  3.59
 880.60  3.59
 881.30  3.59
 882.00  3.60
 882.70  3.60
 883.40  3.60
 884.10  3.60
 884.80  3.60
 885.50  3.60
 886.20  3.60
 886.90  3.60
 887.60  3.60
 888.30  3.60
 889.00  3.60
 889.70  3.60
 890.40  3.60
 891.10  3.60
 891.80  3.60
 892.50  3.60
 893.20  3.60
 893.90  3.60
 894.60  3.60
 895.30  3.60
 896.00  3.61
 896.70  3.61
 897.40  3.61
 898.10  3.61
 898.80  3.61
 899.50  3.61
 900.20  3.61
 900.90  3.61
 901.60  3.61
 902.30  3.61
 903.00  3.61
 903.70  3.61
 904.40  3.61
 905.10  3.61
 905.80  3.61
 906.50  3.61
 907.20  3.61
 907.90  3.61
 908.60  3.61
 909.30  3.61
 910.00  3.61
 910.70  3.61
 911.40  3.62
 912.10  3.62
 912.80  3.62
 913.50  3.62
 914.20  3.62
 914.90  3.62
 915.60  3.62
 916.30  3.62
 917.00  3.62
 917.70  3.62
 918.40  3.62
 919.10  3.62
 919.80  3.62
 920.50  3.62
 921.20  3.62
 921.90  3.62
 922.60  3.62
 923.30  3.62
 924.00  3.62
 924.70  3.62
 925.40  3.62
 926.10  3.62
 926.80  3.63
 927.50  3.63
 928.20  3.63
 928.90  3.63
 929.60  3.63
 930.30  3.63
 931.00  3.63
 931.70  3.63
 932.40  3.63
 933.10  3.63
 933.80  3.63
 934.50  3.63
 935.20  3.63
 935.90  3.63
 936.60  3.63
 937.30  3.63
 938.00  3.63
 938.70  3.63
 939.40  3.63
 940.10  3.63
 940.80  3.63
 941.50  3.63
 942.20  3.63
 942.90  3.63
 943.60  3.63
 944.30  3.64
 945.00  3.64
 945.70  3.64
 946.40  3.64
 947.10  3.64
 947.80  3.64
 948.50  3.64
 949.20  3.64
 949.90  3.64
 950.60  3.64
 951.30  3.64
 952.00  3.64
 952.70  3.64
 953.40  3.64
 954.10  3.64
 954.80  3.64
 955.50  3.64
 956.20  3.64
 956.90  3.64
 957.60  3.64
 958.30  3.64
 959.00  3.64
 959.70  3.64
 960.40  3.64
 961.10  3.64
 961.80  3.64
 962.50  3.64
 963.20  3.65
 963.90  3.65
 964.60  3.65
 965.30  3.65
 966.00  3.65
 966.70  3.65
 967.40  3.65
 968.10  3.65
 968.80  3.65
 969.50  3.65
 970.20  3.65
 970.90  3.65
 971.60  3.65
 972.30  3.65
 973.00  3.65
 973.70  3.65
 974.40  3.65
 975.10  3.65
 975.80  3.65
 976.50  3.65
 977.20  3.65
 977.90  3.65
 978.60  3.65
 979.30  3.65
 980.00  3.65
 980.70  3.65
 981.40  3.65
 982.10  3.65
 982.80  3.65
 983.50  3.65
 984.20  3.66
 984.90  3.66
 985.60  3.66
 986.30  3.66
 987.00  3.66
 987.70  3.66
 988.40  3.66
 989.10  3.66
 989.80  3.66
 990.50  3.66
 991.20  3.66
 991.90  3.66
 992.60  3.66
 993.30  3.66
 994.00  3.66
 994.70  3.66
 995.40  3.66
 996.10  3.66
 996.80  3.66
 997.50  3.66
 998.20  3.66
 998.90  3.66
 999.60  3.66
 1000.30  3.66
 1001.00  3.66
 1001.70  3.66
 1002.40  3.66
 1003.10  3.66
 1003.80  3.66
 1004.50  3.66
 1005.20  3.66
 1005.90  3.66
 1006.60  3.66
 1007.30  3.67
 1008.00  3.67
 1008.70  3.67
 1009.40  3.67
 1010.10  3.67
 1010.80  3.67
 1011.50  3.67
 1012.20  3.67
 1012.90  3.67
 1013.60  3.67
 1014.30  3.67
 1015.00  3.67
 1015.70  3.67
 1016.40  3.67
 1017.10  3.67
 1017.80  3.67
 1018.50  3.67
 1019.20  3.67
 1019.90  3.67
 1020.60  3.67
 1021.30  3.67
 1022.00  3.67
 1022.70  3.67
 1023.40  3.67
 1024.10  3.67
 1024.80  3.67
 1025.50  3.67
 1026.20  3.67
 1026.90  3.67
 1027.60  3.67
 1028.30  3.67
 1029.00  3.67
 1029.70  3.67
 1030.40  3.67
 1031.10  3.67
 1031.80  3.67
 1032.50  3.67
 1033.20  3.67
 1033.90  3.68
 1034.60  3.68
 1035.30  3.68
 1036.00  3.68
 1036.70  3.68
 1037.40  3.68
 1038.10  3.68
 1038.80  3.68
 1039.50  3.68
 1040.20  3.68
 1040.90  3.68
 1041.60  3.68
 1042.30  3.68
 1043.00  3.68
 1043.70  3.68
 1044.40  3.68
 1045.10  3.68
 1045.80  3.68
 1046.50  3.68
 1047.20  3.68
 1047.90  3.68
 1048.60  3.68
 1049.30  3.68
 1050.00  3.68
 1050.70  3.68
 1051.40  3.68
 1052.10  3.68
 1052.80  3.68
 1053.50  3.68
 1054.20  3.68
 1054.90  3.68
 1055.60  3.68
 1056.30  3.68
 1057.00  3.68
 1057.70  3.68
 1058.40  3.68
 1059.10  3.68
 1059.80  3.68
 1060.50  3.68
 1061.20  3.68
 1061.90  3.68
 1062.60  3.68
 1063.30  3.68
 1064.00  3.69
 1064.70  3.69
 1065.40  3.69
 1066.10  3.69
 1066.80  3.69
 1067.50  3.69
 1068.20  3.69
 1068.90  3.69
 1069.60  3.69
 1070.30  3.69
 1071.00  3.69
 1071.70  3.69
 1072.40  3.69
 1073.10  3.69
 1073.80  3.69
 1074.50  3.69
 1075.20  3.69
 1075.90  3.69
 1076.60  3.69
 1077.30  3.69
 1078.00  3.69
 1078.70  3.69
 1079.40  3.69
 1080.10  3.69
 1080.80  3.69
 1081.50  3.69
 1082.20  3.69
 1082.90  3.69
 1083.60  3.69
 1084.30  3.69
 1085.00  3.69
 1085.70  3.69
 1086.40  3.69
 1087.10  3.69
 1087.80  3.69
 1088.50  3.69
 1089.20  3.69
 1089.90  3.69
 1090.60  3.69
 1091.30  3.69
 1092.00  3.69
 1092.70  3.69
 1093.40  3.69
 1094.10  3.69
 1094.80  3.69
 1095.50  3.69
 1096.20  3.69
 1096.90  3.69
 1097.60  3.69
 1098.30  3.69
 1099.00  3.69
 1099.70  3.69
 1100.40  3.70
 1101.10  3.70
 1101.80  3.70
 1102.50  3.70
 1103.20  3.70
 1103.90  3.70
 1104.60  3.70
 1105.30  3.70
 1106.00  3.70
 1106.70  3.70
 1107.40  3.70
 1108.10  3.70
 1108.80  3.70
 1109.50  3.70
 1110.20  3.70
 1110.90  3.70
 1111.60  3.70
 1112.30  3.70
 1113.00  3.70
 1113.70  3.70
 1114.40  3.70
 1115.10  3.70
 1115.80  3.70
 1116.50  3.70
 1117.20  3.70
 1117.90  3.70
 1118.60  3.70
 1119.30  3.70
 1120.00  3.70
 1120.70  3.70
 1121.40  3.70
 1122.10  3.70
 1122.80  3.70
 1123.50  3.70
 1124.20  3.70
 1124.90  3.70
 1125.60  3.70
 1126.30  3.70
 1127.00  3.70
 1127.70  3.70
 1128.40  3.70
 1129.10  3.70
 1129.80  3.70
 1130.50  3.70
 1131.20  3.70
 1131.90  3.70
 1132.60  3.70
 1133.30  3.70
 1134.00  3.70
 1134.70  3.70
 1135.40  3.70
 1136.10  3.70
 1136.80  3.70
 1137.50  3.70
 1138.20  3.70
 1138.90  3.70
 1139.60  3.70
 1140.30  3.70
 1141.00  3.70
 1141.70  3.70
 1142.40  3.70
 1143.10  3.70
 1143.80  3.70
 1144.50  3.71
 1145.20  3.71
 1145.90  3.71
 1146.60  3.71
 1147.30  3.71
 1148.00  3.71
 1148.70  3.71
 1149.40  3.71
 1150.10  3.71
 1150.80  3.71
 1151.50  3.71
 1152.20  3.71
 1152.90  3.71
 1153.60  3.71
 1154.30  3.71
 1155.00  3.71
 1155.70  3.71
 1156.40  3.71
 1157.10  3.71
 1157.80  3.71
 1158.50  3.71
 1159.20  3.71
 1159.90  3.71
 1160.60  3.71
 1161.30  3.71
 1162.00  3.71
 1162.70  3.71
 1163.40  3.71
 1164.10  3.71
 1164.80  3.71
 1165.50  3.71
 1166.20  3.71
 1166.90  3.71
 1167.60  3.71
 1168.30  3.71
 1169.00  3.71
 1169.70  3.71
 1170.40  3.71
 1171.10  3.71
 1171.80  3.71
 1172.50  3.71
 1173.20  3.71
 1173.90  3.71
 1174.60  3.71
 1175.30  3.71
 1176.00  3.71
 1176.70  3.71
 1177.40  3.71
 1178.10  3.71
 1178.80  3.71
 1179.50  3.71
 1180.20  3.71
 1180.90  3.71
 1181.60  3.71
 1182.30  3.71
 1183.00  3.71
 1183.70  3.71
 1184.40  3.71
 1185.10  3.71
 1185.80  3.71
 1186.50  3.71
 1187.20  3.71
 1187.90  3.71
 1188.60  3.71
 1189.30  3.71
 1190.00  3.71
 1190.70  3.71
 1191.40  3.71
 1192.10  3.71
 1192.80  3.71
 1193.50  3.71
 1194.20  3.71
 1194.90  3.71
 1195.60  3.71
 1196.30  3.71
 1197.00  3.71
 1197.70  3.71
 1198.40  3.71
 1199.10  3.71
 1199.80  3.71
 1200.50  3.71
 1201.20  3.71
 1201.90  3.72
 1202.60  3.72
 1203.30  3.72
 1204.00  3.72
 1204.70  3.72
 1205.40  3.72
 1206.10  3.72
 1206.80  3.72
 1207.50  3.72
 1208.20  3.72
 1208.90  3.72
 1209.60  3.72
 1210.30  3.72
 1211.00  3.72
 1211.70  3.72
 1212.40  3.72
 1213.10  3.72
 1213.80  3.72
 1214.50  3.72
 1215.20  3.72
 1215.90  3.72
 1216.60  3.72
 1217.30  3.72
 1218.00  3.72
 1218.70  3.72
 1219.40  3.72
 1220.10  3.72
 1220.80  3.72
 1221.50  3.72
 1222.20  3.72
 1222.90  3.72
 1223.60  3.72
 1224.30  3.72
 1225.00  3.72
 1225.70  3.72
 1226.40  3.72
 1227.10  3.72
 1227.80  3.72
 1228.50  3.72
 1229.20  3.72
 1229.90  3.72
 1230.60  3.72
 1231.30  3.72
 1232.00  3.72
 1232.70  3.72
 1233.40  3.72
 1234.10  3.72
 1234.80  3.72
 1235.50  3.72
 1236.20  3.72
 1236.90  3.72
 1237.60  3.72
 1238.30  3.72
 1239.00  3.72
 1239.70  3.72
 1240.40  3.72
 1241.10  3.72
 1241.80  3.72
 1242.50  3.72
 1243.20  3.72
 1243.90  3.72
 1244.60  3.72
 1245.30  3.72
 1246.00  3.72
 1246.70  3.72
 1247.40  3.72
 1248.10  3.72
 1248.80  3.72
 1249.50  3.72
 1250.20  3.72
 1250.90  3.72
 1251.60  3.72
 1252.30  3.72
 1253.00  3.72
 1253.70  3.72
 1254.40  3.72
 1255.10  3.72
 1255.80  3.72
 1256.50  3.72
 1257.20  3.72
 1257.90  3.72
 1258.60  3.72
 1259.30  3.72
 1260.00  3.72
 1260.70  3.72
 1261.40  3.72
 1262.10  3.72
 1262.80  3.72
 1263.50  3.72
 1264.20  3.72
 1264.90  3.72
 1265.60  3.72
 1266.30  3.72
 1267.00  3.72
 1267.70  3.72
 1268.40  3.72
 1269.10  3.72
 1269.80  3.72
 1270.50  3.72
 1271.20  3.72
 1271.90  3.72
 1272.60  3.72
 1273.30  3.72
 1274.00  3.72
 1274.70  3.72
 1275.40  3.72
 1276.10  3.72
 1276.80  3.72
 1277.50  3.72
 1278.20  3.72
 1278.90  3.72
 1279.60  3.72
 1280.30  3.72
 1281.00  3.72
 1281.70  3.72
 1282.40  3.72
 1283.10  3.72
 1283.80  3.72
 1284.50  3.72
 1285.20  3.72
 1285.90  3.73
 1286.60  3.73
 1287.30  3.73
 1288.00  3.73
 1288.70  3.73
 1289.40  3.73
 1290.10  3.73
 1290.80  3.73
 1291.50  3.73
 1292.20  3.73
 1292.90  3.73
 1293.60  3.73
 1294.30  3.73
 1295.00  3.73
 1295.70  3.73
 1296.40  3.73
 1297.10  3.73
 1297.80  3.73
 1298.50  3.73
 1299.20  3.73
 1299.90  3.73
 1300.60  3.73
 1301.30  3.73
 1302.00  3.73
 1302.70  3.73
 1303.40  3.73
 1304.10  3.73
 1304.80  3.73
 1305.50  3.73
 1306.20  3.73
 1306.90  3.73
 1307.60  3.73
 1308.30  3.73
 1309.00  3.73
 1309.70  3.73
 1310.40  3.73
 1311.10  3.73
 1311.80  3.73
 1312.50  3.73
 1313.20  3.73
 1313.90  3.73
 1314.60  3.73
 1315.30  3.73
 1316.00  3.73
 1316.70  3.73
 1317.40  3.73
 1318.10  3.73
 1318.80  3.73
 1319.50  3.73
 1320.20  3.73
 1320.90  3.73
 1321.60  3.73
 1322.30  3.73
 1323.00  3.73
 1323.70  3.73
 1324.40  3.73
 1325.10  3.73
 1325.80  3.73
 1326.50  3.73
 1327.20  3.73
 1327.90  3.73
 1328.60  3.73
 1329.30  3.73
 1330.00  3.73
 1330.70  3.73
 1331.40  3.73
 1332.10  3.73
 1332.80  3.73
 1333.50  3.73
 1334.20  3.73
 1334.90  3.73
 1335.60  3.73
 1336.30  3.73
 1337.00  3.73
 1337.70  3.73
 1338.40  3.73
 1339.10  3.73
 1339.80  3.73
 1340.50  3.73
 1341.20  3.73
 1341.90  3.73
 1342.60  3.73
 1343.30  3.73
 1344.00  3.73
 1344.70  3.73
 1345.40  3.73
 1346.10  3.73
 1346.80  3.73
 1347.50  3.73
 1348.20  3.73
 1348.90  3.73
 1349.60  3.73
 1350.30  3.73
 1351.00  3.73
 1351.70  3.73
 1352.40  3.73
 1353.10  3.73
 1353.80  3.73
 1354.50  3.73
 1355.20  3.73
 1355.90  3.73
 1356.60  3.73
 1357.30  3.73
 1358.00  3.73
 1358.70  3.73
 1359.40  3.73
 1360.10  3.73
 1360.80  3.73
 1361.50  3.73
 1362.20  3.73
 1362.90  3.73
 1363.60  3.73
 1364.30  3.73
 1365.00  3.73
 1365.70  3.73
 1366.40  3.73
 1367.10  3.73
 1367.80  3.73
 1368.50  3.73
 1369.20  3.73
 1369.90  3.73
 1370.60  3.73
 1371.30  3.73
 1372.00  3.73
 1372.70  3.73
 1373.40  3.73
 1374.10  3.73
 1374.80  3.73
 1375.50  3.73
 1376.20  3.73
 1376.90  3.73
 1377.60  3.73
 1378.30  3.73
 1379.00  3.73
 1379.70  3.73
 1380.40  3.73
 1381.10  3.73
 1381.80  3.73
 1382.50  3.73
 1383.20  3.73
 1383.90  3.73
 1384.60  3.73
 1385.30  3.73
 1386.00  3.73
 1386.70  3.73
 1387.40  3.73
 1388.10  3.73
 1388.80  3.73
 1389.50  3.73
 1390.20  3.73
 1390.90  3.73
 1391.60  3.73
 1392.30  3.73
 1393.00  3.73
 1393.70  3.73
 1394.40  3.73
 1395.10  3.73
 1395.80  3.73
 1396.50  3.73
 1397.20  3.73
 1397.90  3.73
 1398.60  3.73
 1399.30  3.73
 1400.00  3.73
 1400.70  3.73
 1401.40  3.73
 1402.10  3.73
 1402.80  3.73
 1403.50  3.73
 1404.20  3.73
 1404.90  3.73
 1405.60  3.73
 1406.30  3.73
 1407.00  3.73
 1407.70  3.73
 1408.40  3.73
 1409.10  3.73
 1409.80  3.73
 1410.50  3.73
 1411.20  3.73
 1411.90  3.73
 1412.60  3.73
 1413.30  3.73
 1414.00  3.73
 1414.70  3.73
 1415.40  3.73
 1416.10  3.73
 1416.80  3.73
 1417.50  3.73
 1418.20  3.73
 1418.90  3.73
 1419.60  3.73
 1420.30  3.73
 1421.00  3.73
 1421.70  3.73
 1422.40  3.73
 1423.10  3.73
 1423.80  3.73
 1424.50  3.73
 1425.20  3.73
 1425.90  3.73
 1426.60  3.73
 1427.30  3.73
 1428.00  3.73
 1428.70  3.73
 1429.40  3.73
 1430.10  3.73
 1430.80  3.73
 1431.50  3.73
 1432.20  3.73
 1432.90  3.73
 1433.60  3.73
 1434.30  3.73
 1435.00  3.73
 1435.70  3.73
 1436.40  3.73
 1437.10  3.73
 1437.80  3.73
 1438.50  3.73
 1439.20  3.73
 1439.90  3.73
 1440.60  3.73
 1441.30  3.73
 1442.00  3.73
 1442.70  3.73
 1443.40  3.73
 1444.10  3.73
 1444.80  3.73
 1445.50  3.73
 1446.20  3.73
 1446.90  3.73
 1447.60  3.73
 1448.30  3.73
 1449.00  3.73
 1449.70  3.74
 1450.40  3.74
 1451.10  3.74
 1451.80  3.74
 1452.50  3.74
 1453.20  3.74
 1453.90  3.74
 1454.60  3.74
 1455.30  3.74
 1456.00  3.74
 1456.70  3.74
 1457.40  3.74
 1458.10  3.74
 1458.80  3.74
 1459.50  3.74
 1460.20  3.74
 1460.90  3.74
 1461.60  3.74
 1462.30  3.74
 1463.00  3.74
 1463.70  3.74
 1464.40  3.74
 1465.10  3.74
 1465.80  3.74
 1466.50  3.74
 1467.20  3.74
 1467.90  3.74
 1468.60  3.74
 1469.30  3.74
 1470.00  3.74
 1470.70  3.74
 1471.40  3.74
 1472.10  3.74
 1472.80  3.74
 1473.50  3.74
 1474.20  3.74
 1474.90  3.74
 1475.60  3.74
 1476.30  3.74
 1477.00  3.74
 1477.70  3.74
 1478.40  3.74
 1479.10  3.74
 1479.80  3.74
 1480.50  3.74
 1481.20  3.74
 1481.90  3.74
 1482.60  3.74
 1483.30  3.74
 1484.00  3.74
 1484.70  3.74
 1485.40  3.74
 1486.10  3.74
 1486.80  3.74
 1487.50  3.74
 1488.20  3.74
 1488.90  3.74
 1489.60  3.74
 1490.30  3.74
 1491.00  3.74
 1491.70  3.74
 1492.40  3.74
 1493.10  3.74
 1493.80  3.74
 1494.50  3.74
 1495.20  3.74
 1495.90  3.74
 1496.60  3.74
 1497.30  3.74
 1498.00  3.74
 1498.70  3.74
 1499.40  3.74
 1500.10  3.74
 1500.80  3.74
 1501.50  3.74
 1502.20  3.74
 1502.90  3.74
 1503.60  3.74
 1504.30  3.74
 1505.00  3.74
 1505.70  3.74
 1506.40  3.74
 1507.10  3.74
 1507.80  3.74
 1508.50  3.74
 1509.20  3.74
 1509.90  3.74
 1510.60  3.74
 1511.30  3.74
 1512.00  3.74
 1512.70  3.74
 1513.40  3.74
 1514.10  3.74
 1514.80  3.74
 1515.50  3.74
 1516.20  3.74
 1516.90  3.74
 1517.60  3.74
 1518.30  3.74
 1519.00  3.74
 1519.70  3.74
 1520.40  3.74
 1521.10  3.74
 1521.80  3.74
 1522.50  3.74
 1523.20  3.74
 1523.90  3.74
 1524.60  3.74
 1525.30  3.74
 1526.00  3.74
 1526.70  3.74
 1527.40  3.74
 1528.10  3.74
 1528.80  3.74
 1529.50  3.74
 1530.20  3.74
 1530.90  3.74
 1531.60  3.74
 1532.30  3.74
 1533.00  3.74
 1533.70  3.74
 1534.40  3.74
 1535.10  3.74
 1535.80  3.74
 1536.50  3.74
 1537.20  3.74
 1537.90  3.74
 1538.60  3.74
 1539.30  3.74
 1540.00  3.74
 1540.70  3.74
 1541.40  3.74
 1542.10  3.74
 1542.80  3.74
 1543.50  3.74
 1544.20  3.74
 1544.90  3.74
 1545.60  3.74
 1546.30  3.74
 1547.00  3.74
 1547.70  3.74
 1548.40  3.74
 1549.10  3.74
 1549.80  3.74
 1550.50  3.74
 1551.20  3.74
 1551.90  3.74
 1552.60  3.74
 1553.30  3.74
 1554.00  3.74
 1554.70  3.74
 1555.40  3.74
 1556.10  3.74
 1556.80  3.74
 1557.50  3.74
 1558.20  3.74
 1558.90  3.74
 1559.60  3.74
 1560.30  3.74
 1561.00  3.74
 1561.70  3.74
 1562.40  3.74
 1563.10  3.74
 1563.80  3.74
 1564.50  3.74
 1565.20  3.74
 1565.90  3.74
 1566.60  3.74
 1567.30  3.74
 1568.00  3.74
 1568.70  3.74
 1569.40  3.74
 1570.10  3.74
 1570.80  3.74
 1571.50  3.74
 1572.20  3.74
 1572.90  3.74
 1573.60  3.74
 1574.30  3.74
 1575.00  3.74
 1575.70  3.74
 1576.40  3.74
 1577.10  3.74
 1577.80  3.74
 1578.50  3.74
 1579.20  3.74
 1579.90  3.74
 1580.60  3.74
 1581.30  3.74
 1582.00  3.74
 1582.70  3.74
 1583.40  3.74
 1584.10  3.74
 1584.80  3.74
 1585.50  3.74
 1586.20  3.74
 1586.90  3.74
 1587.60  3.74
 1588.30  3.74
 1589.00  3.74
 1589.70  3.74
 1590.40  3.74
 1591.10  3.74
 1591.80  3.74
 1592.50  3.74
 1593.20  3.74
 1593.90  3.74
 1594.60  3.74
 1595.30  3.74
 1596.00  3.74
 1596.70  3.74
 1597.40  3.74
 1598.10  3.74
 1598.80  3.74
 1599.50  3.74
 1600.20  3.74
 1600.90  3.74
 1601.60  3.74
 1602.30  3.74
 1603.00  3.74
 1603.70  3.74
 1604.40  3.74
 1605.10  3.74
 1605.80  3.74
 1606.50  3.74
 1607.20  3.74
 1607.90  3.74
 1608.60  3.74
 1609.30  3.74
 1610.00  3.74
 1610.70  3.74
 1611.40  3.74
 1612.10  3.74
 1612.80  3.74
 1613.50  3.74
 1614.20  3.74
 1614.90  3.74
 1615.60  3.74
 1616.30  3.74
 1617.00  3.74
 1617.70  3.74
 1618.40  3.74
 1619.10  3.74
 1619.80  3.74
 1620.50  3.74
 1621.20  3.74
 1621.90  3.74
 1622.60  3.74
 1623.30  3.74
 1624.00  3.74
 1624.70  3.74
 1625.40  3.74
 1626.10  3.74
 1626.80  3.74
 1627.50  3.74
 1628.20  3.74
 1628.90  3.74
 1629.60  3.74
 1630.30  3.74
 1631.00  3.74
 1631.70  3.74
 1632.40  3.74
 1633.10  3.74
 1633.80  3.74
 1634.50  3.74
 1635.20  3.74
 1635.90  3.74
 1636.60  3.74
 1637.30  3.74
 1638.00  3.74
 1638.70  3.74
 1639.40  3.74
 1640.10  3.74
 1640.80  3.74
 1641.50  3.74
 1642.20  3.74
 1642.90  3.74
 1643.60  3.74
 1644.30  3.74
 1645.00  3.74
 1645.70  3.74
 1646.40  3.74
 1647.10  3.74
 1647.80  3.74
 1648.50  3.74
 1649.20  3.74
 1649.90  3.74
 1650.60  3.74
 1651.30  3.74
 1652.00  3.74
 1652.70  3.74
 1653.40  3.74
 1654.10  3.74
 1654.80  3.74
 1655.50  3.74
 1656.20  3.74
 1656.90  3.74
 1657.60  3.74
 1658.30  3.74
 1659.00  3.74
 1659.70  3.74
 1660.40  3.74
 1661.10  3.74
 1661.80  3.74
 1662.50  3.74
 1663.20  3.74
 1663.90  3.74
 1664.60  3.74
 1665.30  3.74
 1666.00  3.74
 1666.70  3.74
 1667.40  3.74
 1668.10  3.74
 1668.80  3.74
 1669.50  3.74
 1670.20  3.74
 1670.90  3.74
 1671.60  3.74
 1672.30  3.74
 1673.00  3.74
 1673.70  3.74
 1674.40  3.74
 1675.10  3.74
 1675.80  3.74
 1676.50  3.74
 1677.20  3.74
 1677.90  3.74
 1678.60  3.74
 1679.30  3.74
 1680.00  3.74
 1680.70  3.74
 1681.40  3.74
 1682.10  3.74
 1682.80  3.74
 1683.50  3.74
 1684.20  3.74
 1684.90  3.74
 1685.60  3.74
 1686.30  3.74
 1687.00  3.74
 1687.70  3.74
 1688.40  3.74
 1689.10  3.74
 1689.80  3.74
 1690.50  3.74
 1691.20  3.74
 1691.90  3.74
 1692.60  3.74
 1693.30  3.74
 1694.00  3.74
 1694.70  3.74
 1695.40  3.74
 1696.10  3.74
 1696.80  3.74
 1697.50  3.74
 1698.20  3.74
 1698.90  3.74
 1699.60  3.74
 1700.30  3.74
 1701.00  3.74
 1701.70  3.74
 1702.40  3.74
 1703.10  3.74
 1703.80  3.74
 1704.50  3.74
 1705.20  3.74
 1705.90  3.74
 1706.60  3.74
 1707.30  3.74
 1708.00  3.74
 1708.70  3.74
 1709.40  3.74
 1710.10  3.74
 1710.80  3.74
 1711.50  3.74
 1712.20  3.74
 1712.90  3.74
 1713.60  3.74
 1714.30  3.74
 1715.00  3.74
 1715.70  3.74
 1716.40  3.74
 1717.10  3.74
 1717.80  3.74
 1718.50  3.74
 1719.20  3.74
 1719.90  3.74
 1720.60  3.74
 1721.30  3.74
 1722.00  3.74
 1722.70  3.74
 1723.40  3.74
 1724.10  3.74
 1724.80  3.74
 1725.50  3.74
 1726.20  3.74
 1726.90  3.74
 1727.60  3.74
 1728.30  3.74
 1729.00  3.74
 1729.70  3.74
 1730.40  3.74
 1731.10  3.74
 1731.80  3.74
 1732.50  3.74
 1733.20  3.74
 1733.90  3.74
 1734.60  3.74
 1735.30  3.74
 1736.00  3.74
 1736.70  3.74
 1737.40  3.74
 1738.10  3.74
 1738.80  3.74
 1739.50  3.74
 1740.20  3.74
 1740.90  3.74
 1741.60  3.74
 1742.30  3.74
 1743.00  3.74
 1743.70  3.74
 1744.40  3.74
 1745.10  3.74
 1745.80  3.74
 1746.50  3.74
 1747.20  3.74
 1747.90  3.74
 1748.60  3.74
 1749.30  3.74
 1750.00  3.74
 1750.70  3.74
 1751.40  3.74
 1752.10  3.74
 1752.80  3.74
 1753.50  3.74
 1754.20  3.74
 1754.90  3.74
 1755.60  3.74
 1756.30  3.74
 1757.00  3.74
 1757.70  3.74
 1758.40  3.74
 1759.10  3.74
 1759.80  3.74
 1760.50  3.74
 1761.20  3.74
 1761.90  3.74
 1762.60  3.74
 1763.30  3.74
 1764.00  3.74
 1764.70  3.74
 1765.40  3.74
 1766.10  3.74
 1766.80  3.74
 1767.50  3.74
 1768.20  3.74
 1768.90  3.74
 1769.60  3.74
 1770.30  3.74
 1771.00  3.74
 1771.70  3.74
 1772.40  3.74
 1773.10  3.74
 1773.80  3.74
 1774.50  3.74
 1775.20  3.74
 1775.90  3.74
 1776.60  3.74
 1777.30  3.74
 1778.00  3.74
 1778.70  3.74
 1779.40  3.74
 1780.10  3.74
 1780.80  3.74
 1781.50  3.74
 1782.20  3.74
 1782.90  3.74
 1783.60  3.74
 1784.30  3.74
 1785.00  3.74
 1785.70  3.74
 1786.40  3.74
 1787.10  3.74
 1787.80  3.74
 1788.50  3.74
 1789.20  3.74
 1789.90  3.74
 1790.60  3.74
 1791.30  3.74
 1792.00  3.74
 1792.70  3.74
 1793.40  3.74
 1794.10  3.74
 1794.80  3.74
 1795.50  3.74
 1796.20  3.74
 1796.90  3.74
 1797.60  3.74
 1798.30  3.74
 1799.00  3.74
 1799.70  3.74
 1800.40  3.74
 1801.10  3.74
 1801.80  3.74
 1802.50  3.74
 1803.20  3.74
 1803.90  3.74
 1804.60  3.74
 1805.30  3.74
 1806.00  3.74
 1806.70  3.74
 1807.40  3.74
 1808.10  3.74
 1808.80  3.74
 1809.50  3.74
 1810.20  3.74
 1810.90  3.74
 1811.60  3.74
 1812.30  3.74
 1813.00  3.74
 1813.70  3.74
 1814.40  3.74
 1815.10  3.74
 1815.80  3.74
 1816.50  3.74
 1817.20  3.74
 1817.90  3.74
 1818.60  3.74
 1819.30  3.74
 1820.00  3.74
 1820.70  3.74
 1821.40  3.74
 1822.10  3.74
 1822.80  3.74
 1823.50  3.74
 1824.20  3.74
 1824.90  3.74
 1825.60  3.74
 1826.30  3.74
 1827.00  3.74
 1827.70  3.74
 1828.40  3.74
 1829.10  3.74
 1829.80  3.74
 1830.50  3.74
 1831.20  3.74
 1831.90  3.74
 1832.60  3.74
 1833.30  3.74
 1834.00  3.74
 1834.70  3.74
 1835.40  3.74
 1836.10  3.74
 1836.80  3.74
 1837.50  3.74
 1838.20  3.74
 1838.90  3.74
 1839.60  3.74
 1840.30  3.74
 1841.00  3.74
 1841.70  3.74
 1842.40  3.74
 1843.10  3.74
 1843.80  3.74
 1844.50  3.74
 1845.20  3.74
 1845.90  3.74
 1846.60  3.74
 1847.30  3.74
 1848.00  3.74
 1848.70  3.74
 1849.40  3.74
 1850.10  3.74
 1850.80  3.74
 1851.50  3.74
 1852.20  3.74
 1852.90  3.74
 1853.60  3.74
 1854.30  3.74
 1855.00  3.74
 1855.70  3.74
 1856.40  3.74
 1857.10  3.74
 1857.80  3.74
 1858.50  3.74
 1859.20  3.74
 1859.90  3.74
 1860.60  3.74
 1861.30  3.74
 1862.00  3.74
 1862.70  3.74
 1863.40  3.74
 1864.10  3.74
 1864.80  3.74
 1865.50  3.74
 1866.20  3.74
 1866.90  3.74
 1867.60  3.74
 1868.30  3.74
 1869.00  3.74
 1869.70  3.74
 1870.40  3.74
 1871.10  3.74
 1871.80  3.74
 1872.50  3.74
 1873.20  3.74
 1873.90  3.74
 1874.60  3.74
 1875.30  3.74
 1876.00  3.74
 1876.70  3.74
 1877.40  3.74
 1878.10  3.74
 1878.80  3.74
 1879.50  3.74
 1880.20  3.74
 1880.90  3.74
 1881.60  3.74
 1882.30  3.74
 1883.00  3.74
 1883.70  3.74
 1884.40  3.74
 1885.10  3.74
 1885.80  3.74
 1886.50  3.74
 1887.20  3.74
 1887.90  3.74
 1888.60  3.74
 1889.30  3.74
 1890.00  3.74
 1890.70  3.74
 1891.40  3.74
 1892.10  3.74
 1892.80  3.74
 1893.50  3.74
 1894.20  3.74
 1894.90  3.74
 1895.60  3.74
 1896.30  3.74
 1897.00  3.74
 1897.70  3.74
 1898.40  3.74
 1899.10  3.74
 1899.80  3.74
 1900.50  3.74
 1901.20  3.74
 1901.90  3.74
 1902.60  3.74
 1903.30  3.74
 1904.00  3.74
 1904.70  3.74
 1905.40  3.74
 1906.10  3.74
 1906.80  3.74
 1907.50  3.74
 1908.20  3.74
 1908.90  3.74
 1909.60  3.74
 1910.30  3.74
 1911.00  3.74
 1911.70  3.74
 1912.40  3.74
 1913.10  3.74
 1913.80  3.74
 1914.50  3.74
 1915.20  3.74
 1915.90  3.74
 1916.60  3.74
 1917.30  3.74
 1918.00  3.74
 1918.70  3.74
 1919.40  3.74
 1920.10  3.74
 1920.80  3.74
 1921.50  3.74
 1922.20  3.74
 1922.90  3.74
 1923.60  3.74
 1924.30  3.74
 1925.00  3.74
 1925.70  3.74
 1926.40  3.74
 1927.10  3.74
 1927.80  3.74
 1928.50  3.74
 1929.20  3.74
 1929.90  3.74
 1930.60  3.74
 1931.30  3.74
 1932.00  3.74
 1932.70  3.74
 1933.40  3.74
 1934.10  3.74
 1934.80  3.74
 1935.50  3.74
 1936.20  3.74
 1936.90  3.74
 1937.60  3.74
 1938.30  3.74
 1939.00  3.74
 1939.70  3.74
 1940.40  3.74
 1941.10  3.74
 1941.80  3.74
 1942.50  3.74
 1943.20  3.74
 1943.90  3.74
 1944.60  3.74
 1945.30  3.74
 1946.00  3.74
 1946.70  3.74
 1947.40  3.74
 1948.10  3.74
 1948.80  3.74
 1949.50  3.74
 1950.20  3.74
 1950.90  3.74
 1951.60  3.74
 1952.30  3.74
 1953.00  3.74
 1953.70  3.74
 1954.40  3.74
 1955.10  3.74
 1955.80  3.74
 1956.50  3.74
 1957.20  3.74
 1957.90  3.74
 1958.60  3.74
 1959.30  3.74
 1960.00  3.74
 1960.70  3.74
 1961.40  3.74
 1962.10  3.74
 1962.80  3.74
 1963.50  3.74
 1964.20  3.74
 1964.90  3.74
 1965.60  3.74
 1966.30  3.74
 1967.00  3.74
 1967.70  3.74
 1968.40  3.74
 1969.10  3.74
 1969.80  3.74
 1970.50  3.74
 1971.20  3.74
 1971.90  3.74
 1972.60  3.74
 1973.30  3.74
 1974.00  3.74
 1974.70  3.74
 1975.40  3.74
 1976.10  3.74
 1976.80  3.74
 1977.50  3.74
 1978.20  3.74
 1978.90  3.74
 1979.60  3.74
 1980.30  3.74
 1981.00  3.74
 1981.70  3.74
 1982.40  3.74
 1983.10  3.74
 1983.80  3.74
 1984.50  3.74
 1985.20  3.74
 1985.90  3.74
 1986.60  3.74
 1987.30  3.74
 1988.00  3.74
 1988.70  3.74
 1989.40  3.74
 1990.10  3.74
 1990.80  3.74
 1991.50  3.74
 1992.20  3.74
 1992.90  3.74
 1993.60  3.74
 1994.30  3.74
 1995.00  3.74
 1995.70  3.74
 1996.40  3.74
 1997.10  3.74
 1997.80  3.74
 1998.50  3.74
 1999.20  3.74
 1999.90  3.74
 2000.60  3.74
 2001.30  3.74
 2002.00  3.74
 2002.70  3.74
 2003.40  3.74
 2004.10  3.74
 2004.80  3.74
 2005.50  3.74
 2006.20  3.74
 2006.90  3.74
 2007.60  3.74
 2008.30  3.74
 2009.00  3.74
 2009.70  3.74
 2010.40  3.74
 2011.10  3.74
 2011.80  3.74
 2012.50  3.74
 2013.20  3.74
 2013.90  3.74
 2014.60  3.74
 2015.30  3.74
 2016.00  3.74
 2016.70  3.74
 2017.40  3.74
 2018.10  3.74
 2018.80  3.74
 2019.50  3.74
 2020.20  3.74
 2020.90  3.74
 2021.60  3.74
 2022.30  3.74
 2023.00  3.74
 2023.70  3.74
 2024.40  3.74
 2025.10  3.74
 2025.80  3.74
 2026.50  3.74
 2027.20  3.74
 2027.90  3.74
 2028.60  3.74
 2029.30  3.74
 2030.00  3.74
 2030.70  3.74
 2031.40  3.74
 2032.10  3.74
 2032.80  3.74
 2033.50  3.74
 2034.20  3.74
 2034.90  3.74
 2035.60  3.74
 2036.30  3.74
 2037.00  3.74
 2037.70  3.74
 2038.40  3.74
 2039.10  3.74
 2039.80  3.74
 2040.50  3.74
 2041.20  3.74
 2041.90  3.74
 2042.60  3.74
 2043.30  3.74
 2044.00  3.74
 2044.70  3.74
 2045.40  3.74
 2046.10  3.74
 2046.80  3.74
 2047.50  3.74
 2048.20  3.74
 2048.90  3.74
 2049.60  3.74
 2050.30  3.74
 2051.00  3.74
 2051.70  3.74
 2052.40  3.74
 2053.10  3.74
 2053.80  3.74
 2054.50  3.74
 2055.20  3.74
 2055.90  3.74
 2056.60  3.74
 2057.30  3.74
 2058.00  3.74
 2058.70  3.74
 2059.40  3.74
 2060.10  3.74
 2060.80  3.74
 2061.50  3.74
 2062.20  3.74
 2062.90  3.74
 2063.60  3.74
 2064.30  3.74
 2065.00  3.74
 2065.70  3.74
 2066.40  3.74
 2067.10  3.74
 2067.80  3.74
 2068.50  3.74
 2069.20  3.74
 2069.90  3.74
 2070.60  3.74
 2071.30  3.74
 2072.00  3.74
 2072.70  3.74
 2073.40  3.74
 2074.10  3.74
 2074.80  3.74
 2075.50  3.74
 2076.20  3.74
 2076.90  3.74
 2077.60  3.74
 2078.30  3.74
 2079.00  3.74
 2079.70  3.74
 2080.40  3.74
 2081.10  3.74
 2081.80  3.74
 2082.50  3.74
 2083.20  3.74
 2083.90  3.74
 2084.60  3.74
 2085.30  3.74
 2086.00  3.74
 2086.70  3.74
 2087.40  3.74
 2088.10  3.74
 2088.80  3.74
 2089.50  3.74
 2090.20  3.74
 2090.90  3.74
 2091.60  3.74
 2092.30  3.74
 2093.00  3.74
 2093.70  3.74
 2094.40  3.74
 2095.10  3.74
 2095.80  3.74
 2096.50  3.74
 2097.20  3.74
 2097.90  3.74
 2098.60  3.74
 2099.30  3.74
 2100.00  3.74
 2100.70  3.74
 2101.40  3.74
 2102.10  3.74
 2102.80  3.74
 2103.50  3.74
 2104.20  3.74
 2104.90  3.74
 2105.60  3.74
 2106.30  3.74
 2107.00  3.74
 2107.70  3.74
 2108.40  3.74
 2109.10  3.74
 2109.80  3.74
 2110.50  3.74
 2111.20  3.74
 2111.90  3.74
 2112.60  3.74
 2113.30  3.74
 2114.00  3.74
 2114.70  3.74
 2115.40  3.74
 2116.10  3.74
 2116.80  3.74
 2117.50  3.74
 2118.20  3.74
 2118.90  3.74
 2119.60  3.74
 2120.30  3.74
 2121.00  3.74
 2121.70  3.74
 2122.40  3.74
 2123.10  3.74
 2123.80  3.74
 2124.50  3.74
 2125.20  3.74
 2125.90  3.74
 2126.60  3.74
 2127.30  3.74
 2128.00  3.74
 2128.70  3.74
 2129.40  3.74
 2130.10  3.74
 2130.80  3.74
 2131.50  3.74
 2132.20  3.74
 2132.90  3.74
 2133.60  3.74
 2134.30  3.74
 2135.00  3.74
 2135.70  3.74
 2136.40  3.74
 2137.10  3.74
 2137.80  3.74
 2138.50  3.74
 2139.20  3.74
 2139.90  3.74
 2140.60  3.74
 2141.30  3.74
 2142.00  3.74
 2142.70  3.74
 2143.40  3.74
 2144.10  3.74
 2144.80  3.74
 2145.50  3.74
 2146.20  3.74
 2146.90  3.74
 2147.60  3.74
 2148.30  3.74
 2149.00  3.74
 2149.70  3.74
 2150.40  3.74
 2151.10  3.74
 2151.80  3.74
 2152.50  3.74
 2153.20  3.74
 2153.90  3.74
 2154.60  3.74
 2155.30  3.74
 2156.00  3.74
 2156.70  3.74
 2157.40  3.74
 2158.10  3.74
 2158.80  3.74
 2159.50  3.74
 2160.20  3.74
 2160.90  3.74
 2161.60  3.74
 2162.30  3.74
 2163.00  3.74
 2163.70  3.74
 2164.40  3.74
 2165.10  3.74
 2165.80  3.74
 2166.50  3.74
 2167.20  3.74
 2167.90  3.74
 2168.60  3.74
 2169.30  3.74
 2170.00  3.74
 2170.70  3.74
 2171.40  3.74
 2172.10  3.74
 2172.80  3.74
 2173.50  3.74
 2174.20  3.74
 2174.90  3.74
 2175.60  3.74
 2176.30  3.74
 2177.00  3.74
 2177.70  3.74
 2178.40  3.74
 2179.10  3.74
 2179.80  3.74
 2180.50  3.74
 2181.20  3.74
 2181.90  3.74
 2182.60  3.74
 2183.30  3.74
 2184.00  3.74
 2184.70  3.74
 2185.40  3.74
 2186.10  3.74
 2186.80  3.74
 2187.50  3.74
 2188.20  3.74
 2188.90  3.74
 2189.60  3.74
 2190.30  3.74
 2191.00  3.74
 2191.70  3.74
 2192.40  3.74
 2193.10  3.74
 2193.80  3.74
 2194.50  3.74
 2195.20  3.74
 2195.90  3.74
 2196.60  3.74
 2197.30  3.74
 2198.00  3.74
 2198.70  3.74
 2199.40  3.74
 2200.10  3.74
 2200.80  3.74
 2201.50  3.74
 2202.20  3.74
 2202.90  3.74
 2203.60  3.74
 2204.30  3.74
 2205.00  3.74
 2205.70  3.74
 2206.40  3.74
 2207.10  3.74
 2207.80  3.74
 2208.50  3.74
 2209.20  3.74
 2209.90  3.74
 2210.60  3.74
 2211.30  3.74
 2212.00  3.74
 2212.70  3.74
 2213.40  3.74
 2214.10  3.74
 2214.80  3.74
 2215.50  3.74
 2216.20  3.74
 2216.90  3.74
 2217.60  3.74
 2218.30  3.74
 2219.00  3.74
 2219.70  3.74
 2220.40  3.74
 2221.10  3.74
 2221.80  3.74
 2222.50  3.74
 2223.20  3.74
 2223.90  3.74
 2224.60  3.74
 2225.30  3.74
 2226.00  3.74
 2226.70  3.74
 2227.40  3.74
 2228.10  3.74
 2228.80  3.74
 2229.50  3.74
 2230.20  3.74
 2230.90  3.74
 2231.60  3.74
 2232.30  3.74
 2233.00  3.74
 2233.70  3.74
 2234.40  3.74
 2235.10  3.74
 2235.80  3.74
 2236.50  3.74
 2237.20  3.74
 2237.90  3.74
 2238.60  3.74
 2239.30  3.74
 2240.00  3.74
 2240.70  3.74
 2241.40  3.74
 2242.10  3.74
 2242.80  3.74
 2243.50  3.74
 2244.20  3.74
 2244.90  3.74
 2245.60  3.74
 2246.30  3.74
 2247.00  3.74
 2247.70  3.74
 2248.40  3.74
 2249.10  3.74
 2249.80  3.74
 2250.50  3.74
 2251.20  3.74
 2251.90  3.74
 2252.60  3.74
 2253.30  3.74
 2254.00  3.74
 2254.70  3.74
 2255.40  3.74
 2256.10  3.74
 2256.80  3.74
 2257.50  3.74
 2258.20  3.74
 2258.90  3.74
 2259.60  3.74
 2260.30  3.74
 2261.00  3.74
 2261.70  3.74
 2262.40  3.74
 2263.10  3.74
 2263.80  3.74
 2264.50  3.74
 2265.20  3.74
 2265.90  3.74
 2266.60  3.74
 2267.30  3.74
 2268.00  3.74
 2268.70  3.74
 2269.40  3.74
 2270.10  3.74
 2270.80  3.74
 2271.50  3.74
 2272.20  3.74
 2272.90  3.74
 2273.60  3.74
 2274.30  3.74
 2275.00  3.74
 2275.70  3.74
 2276.40  3.74
 2277.10  3.74
 2277.80  3.74
 2278.50  3.74
 2279.20  3.74
 2279.90  3.74
 2280.60  3.74
 2281.30  3.74
 2282.00  3.74
 2282.70  3.74
 2283.40  3.74
 2284.10  3.74
 2284.80  3.74
 2285.50  3.74
 2286.20  3.74
 2286.90  3.74
 2287.60  3.74
 2288.30  3.74
 2289.00  3.74
 2289.70  3.74
 2290.40  3.74
 2291.10  3.74
 2291.80  3.74
 2292.50  3.74
 2293.20  3.74
 2293.90  3.74
 2294.60  3.74
 2295.30  3.74
 2296.00  3.74
 2296.70  3.74
 2297.40  3.74
 2298.10  3.74
 2298.80  3.74
 2299.50  3.74
 2300.20  3.74
 2300.90  3.74
 2301.60  3.74
 2302.30  3.74
 2303.00  3.74
 2303.70  3.74
 2304.40  3.74
 2305.10  3.74
 2305.80  3.74
 2306.50  3.74
 2307.20  3.74
 2307.90  3.74
 2308.60  3.74
 2309.30  3.74
 2310.00  3.74
 2310.70  3.74
 2311.40  3.74
 2312.10  3.74
 2312.80  3.74
 2313.50  3.74
 2314.20  3.74
 2314.90  3.74
 2315.60  3.74
 2316.30  3.74
 2317.00  3.74
 2317.70  3.74
 2318.40  3.74
 2319.10  3.74
 2319.80  3.74
 2320.50  3.74
 2321.20  3.74
 2321.90  3.74
 2322.60  3.74
 2323.30  3.74
 2324.00  3.74
 2324.70  3.74
 2325.40  3.74
 2326.10  3.74
 2326.80  3.74
 2327.50  3.74
 2328.20  3.74
 2328.90  3.74
 2329.60  3.74
 2330.30  3.74
 2331.00  3.74
 2331.70  3.74
 2332.40  3.74
 2333.10  3.74
 2333.80  3.74
 2334.50  3.74
 2335.20  3.74
 2335.90  3.74
 2336.60  3.74
 2337.30  3.74
 2338.00  3.74
 2338.70  3.74
 2339.40  3.74
 2340.10  3.74
 2340.80  3.74
 2341.50  3.74
 2342.20  3.74
 2342.90  3.74
 2343.60  3.74
 2344.30  3.74
 2345.00  3.74
 2345.70  3.74
 2346.40  3.74
 2347.10  3.74
 2347.80  3.74
 2348.50  3.74
 2349.20  3.74
 2349.90  3.74
 2350.60  3.74
 2351.30  3.74
 2352.00  3.74
 2352.70  3.74
 2353.40  3.74
 2354.10  3.74
 2354.80  3.74
 2355.50  3.74
 2356.20  3.74
 2356.90  3.74
 2357.60  3.74
 2358.30  3.74
 2359.00  3.74
 2359.70  3.74
 2360.40  3.74
 2361.10  3.74
 2361.80  3.74
 2362.50  3.74
 2363.20  3.74
 2363.90  3.74
 2364.60  3.74
 2365.30  3.74
 2366.00  3.74
 2366.70  3.74
 2367.40  3.74
 2368.10  3.74
 2368.80  3.74
 2369.50  3.74
 2370.20  3.74
 2370.90  3.74
 2371.60  3.74
 2372.30  3.74
 2373.00  3.74
 2373.70  3.74
 2374.40  3.74
 2375.10  3.74
 2375.80  3.74
 2376.50  3.74
 2377.20  3.74
 2377.90  3.74
 2378.60  3.74
 2379.30  3.74
 2380.00  3.74
 2380.70  3.74
 2381.40  3.74
 2382.10  3.74
 2382.80  3.74
 2383.50  3.74
 2384.20  3.74
 2384.90  3.74
 2385.60  3.74
 2386.30  3.74
 2387.00  3.74
 2387.70  3.74
 2388.40  3.74
 2389.10  3.74
 2389.80  3.74
 2390.50  3.74
 2391.20  3.74
 2391.90  3.74
 2392.60  3.74
 2393.30  3.74
 2394.00  3.74
 2394.70  3.74
 2395.40  3.74
 2396.10  3.74
 2396.80  3.74
 2397.50  3.74
 2398.20  3.74
 2398.90  3.74
 2399.60  3.74
 2400.30  3.74
 2401.00  3.74
 2401.70  3.74
 2402.40  3.74
 2403.10  3.74
 2403.80  3.74
 2404.50  3.74
 2405.20  3.74
 2405.90  3.74
 2406.60  3.74
 2407.30  3.74
 2408.00  3.74
 2408.70  3.74
 2409.40  3.74
 2410.10  3.74
 2410.80  3.74
 2411.50  3.74
 2412.20  3.74
 2412.90  3.74
 2413.60  3.74
 2414.30  3.74
 2415.00  3.74
 2415.70  3.74
 2416.40  3.74
 2417.10  3.74
 2417.80  3.74
 2418.50  3.74
 2419.20  3.74
 2419.90  3.74
 2420.60  3.74
 2421.30  3.74
 2422.00  3.74
 2422.70  3.74
 2423.40  3.74
 2424.10  3.74
 2424.80  3.74
 2425.50  3.74
 2426.20  3.74
 2426.90  3.74
 2427.60  3.74
 2428.30  3.74
 2429.00  3.74
 2429.70  3.74
 2430.40  3.74
 2431.10  3.74
 2431.80  3.74
 2432.50  3.74
 2433.20  3.74
 2433.90  3.74
 2434.60  3.74
 2435.30  3.74
 2436.00  3.74
 2436.70  3.74
 2437.40  3.74
 2438.10  3.74
 2438.80  3.74
 2439.50  3.74
 2440.20  3.74
 2440.90  3.74
 2441.60  3.74
 2442.30  3.74
 2443.00  3.74
 2443.70  3.74
 2444.40  3.74
 2445.10  3.74
 2445.80  3.74
 2446.50  3.74
 2447.20  3.74
 2447.90  3.74
 2448.60  3.74
 2449.30  3.74
 2450.00  3.74
 2450.70  3.74
 2451.40  3.74
 2452.10  3.74
 2452.80  3.74
 2453.50  3.74
 2454.20  3.74
 2454.90  3.74
 2455.60  3.74
 2456.30  3.74
 2457.00  3.74
 2457.70  3.74
 2458.40  3.74
 2459.10  3.74
 2459.80  3.74
 2460.50  3.74
 2461.20  3.74
 2461.90  3.74
 2462.60  3.74
 2463.30  3.74
 2464.00  3.74
 2464.70  3.74
 2465.40  3.74
 2466.10  3.74
 2466.80  3.74
 2467.50  3.74
 2468.20  3.74
 2468.90  3.74
 2469.60  3.74
 2470.30  3.74
 2471.00  3.74
 2471.70  3.74
 2472.40  3.74
 2473.10  3.74
 2473.80  3.74
 2474.50  3.74
 2475.20  3.74
 2475.90  3.74
 2476.60  3.74
 2477.30  3.74
 2478.00  3.74
 2478.70  3.74
 2479.40  3.74
 2480.10  3.74
 2480.80  3.74
 2481.50  3.74
 2482.20  3.74
 2482.90  3.74
 2483.60  3.74
 2484.30  3.74
 2485.00  3.74
 2485.70  3.74
 2486.40  3.74
 2487.10  3.74
 2487.80  3.74
 2488.50  3.74
 2489.20  3.74
 2489.90  3.74
 2490.60  3.74
 2491.30  3.74
 2492.00  3.74
 2492.70  3.74
 2493.40  3.74
 2494.10  3.74
 2494.80  3.74
 2495.50  3.74
 2496.20  3.74
 2496.90  3.74
 2497.60  3.74
 2498.30  3.74
 2499.00  3.74
 2499.70  3.74
 2500.40  3.74
 2501.10  3.74
 2501.80  3.74
 2502.50  3.74
 2503.20  3.74
 2503.90  3.74
 2504.60  3.74
 2505.30  3.74
 2506.00  3.74
 2506.70  3.74
 2507.40  3.74
 2508.10  3.74
 2508.80  3.74
 2509.50  3.74
 2510.20  3.74
 2510.90  3.74
 2511.60  3.74
 2512.30  3.74
 2513.00  3.74
 2513.70  3.74
 2514.40  3.74
 2515.10  3.74
 2515.80  3.74
 2516.50  3.74
 2517.20  3.74
 2517.90  3.74
 2518.60  3.74
 2519.30  3.74
 2520.00  3.74
 2520.70  3.74
 2521.40  3.74
 2522.10  3.74
 2522.80  3.74
 2523.50  3.74
 2524.20  3.74
 2524.90  3.74
 2525.60  3.74
 2526.30  3.74
 2527.00  3.74
 2527.70  3.74
 2528.40  3.74
 2529.10  3.74
 2529.80  3.74
 2530.50  3.74
 2531.20  3.74
 2531.90  3.74
 2532.60  3.74
 2533.30  3.74
 2534.00  3.74
 2534.70  3.74
 2535.40  3.74
 2536.10  3.74
 2536.80  3.74
 2537.50  3.74
 2538.20  3.74
 2538.90  3.74
 2539.60  3.74
 2540.30  3.74
 2541.00  3.74
 2541.70  3.74
 2542.40  3.74
 2543.10  3.74
 2543.80  3.74
 2544.50  3.74
 2545.20  3.74
 2545.90  3.74
 2546.60  3.74
 2547.30  3.74
 2548.00  3.74
 2548.70  3.74
 2549.40  3.74
 2550.10  3.74
 2550.80  3.74
 2551.50  3.74
 2552.20  3.74
 2552.90  3.74
 2553.60  3.74
 2554.30  3.74
 2555.00  3.74
 2555.70  3.74
 2556.40  3.74
 2557.10  3.74
 2557.80  3.74
 2558.50  3.74
 2559.20  3.74
 2559.90  3.74
 2560.60  3.74
 2561.30  3.74
 2562.00  3.74
 2562.70  3.74
 2563.40  3.74
 2564.10  3.74
 2564.80  3.74
 2565.50  3.74
 2566.20  3.74
 2566.90  3.74
 2567.60  3.74
 2568.30  3.74
 2569.00  3.74
 2569.70  3.74
 2570.40  3.74
 2571.10  3.74
 2571.80  3.74
 2572.50  3.74
 2573.20  3.74
 2573.90  3.74
 2574.60  3.74
 2575.30  3.74
 2576.00  3.74
 2576.70  3.74
 2577.40  3.74
 2578.10  3.74
 2578.80  3.74
 2579.50  3.74
 2580.20  3.74
 2580.90  3.74
 2581.60  3.74
 2582.30  3.74
 2583.00  3.74
 2583.70  3.74
 2584.40  3.74
 2585.10  3.74
 2585.80  3.74
 2586.50  3.74
 2587.20  3.74
 2587.90  3.74
 2588.60  3.74
 2589.30  3.74
 2590.00  3.74
 2590.70  3.74
 2591.40  3.74
 2592.10  3.74
 2592.80  3.74
 2593.50  3.74
 2594.20  3.74
 2594.90  3.74
 2595.60  3.74
 2596.30  3.74
 2597.00  3.74
 2597.70  3.74
 2598.40  3.74
 2599.10  3.74
 2599.80  3.74
 2600.50  3.74
 2601.20  3.74
 2601.90  3.74
 2602.60  3.74
 2603.30  3.74
 2604.00  3.74
 2604.70  3.74
 2605.40  3.74
 2606.10  3.74
 2606.80  3.74
 2607.50  3.74
 2608.20  3.74
 2608.90  3.74
 2609.60  3.74
 2610.30  3.74
 2611.00  3.74
 2611.70  3.74
 2612.40  3.74
 2613.10  3.74
 2613.80  3.74
 2614.50  3.74
 2615.20  3.74
 2615.90  3.74
 2616.60  3.74
 2617.30  3.74
 2618.00  3.74
 2618.70  3.74
 2619.40  3.74
 2620.10  3.74
 2620.80  3.74
 2621.50  3.74
 2622.20  3.74
 2622.90  3.74
 2623.60  3.74
 2624.30  3.74
 2625.00  3.74
 2625.70  3.74
 2626.40  3.74
 2627.10  3.74
 2627.80  3.74
 2628.50  3.74
 2629.20  3.74
 2629.90  3.74
 2630.60  3.74
 2631.30  3.74
 2632.00  3.74
 2632.70  3.74
 2633.40  3.74
 2634.10  3.74
 2634.80  3.74
 2635.50  3.74
 2636.20  3.74
 2636.90  3.74
 2637.60  3.74
 2638.30  3.74
 2639.00  3.74
 2639.70  3.74
 2640.40  3.74
 2641.10  3.74
 2641.80  3.74
 2642.50  3.74
 2643.20  3.74
 2643.90  3.74
 2644.60  3.74
 2645.30  3.74
 2646.00  3.74
 2646.70  3.74
 2647.40  3.74
 2648.10  3.74
 2648.80  3.74
 2649.50  3.74
 2650.20  3.74
 2650.90  3.74
 2651.60  3.74
 2652.30  3.74
 2653.00  3.74
 2653.70  3.74
 2654.40  3.74
 2655.10  3.74
 2655.80  3.74
 2656.50  3.74
 2657.20  3.74
 2657.90  3.74
 2658.60  3.74
 2659.30  3.74
 2660.00  3.74
 2660.70  3.74
 2661.40  3.74
 2662.10  3.74
 2662.80  3.74
 2663.50  3.74
 2664.20  3.74
 2664.90  3.74
 2665.60  3.74
 2666.30  3.74
 2667.00  3.74
 2667.70  3.74
 2668.40  3.74
 2669.10  3.74
 2669.80  3.74
 2670.50  3.74
 2671.20  3.74
 2671.90  3.74
 2672.60  3.74
 2673.30  3.74
 2674.00  3.74
 2674.70  3.74
 2675.40  3.74
 2676.10  3.74
 2676.80  3.74
 2677.50  3.74
 2678.20  3.74
 2678.90  3.74
 2679.60  3.74
 2680.30  3.74
 2681.00  3.74
 2681.70  3.74
 2682.40  3.74
 2683.10  3.74
 2683.80  3.74
 2684.50  3.74
 2685.20  3.74
 2685.90  3.74
 2686.60  3.74
 2687.30  3.74
 2688.00  3.74
 2688.70  3.74
 2689.40  3.74
 2690.10  3.74
 2690.80  3.74
 2691.50  3.74
 2692.20  3.74
 2692.90  3.74
 2693.60  3.74
 2694.30  3.74
 2695.00  3.74
 2695.70  3.74
 2696.40  3.74
 2697.10  3.74
 2697.80  3.74
 2698.50  3.74
 2699.20  3.74
 2699.90  3.74
 2700.60  3.74
 2701.30  3.74
 2702.00  3.74
 2702.70  3.74
 2703.40  3.74
 2704.10  3.74
 2704.80  3.74
 2705.50  3.74
 2706.20  3.74
 2706.90  3.74
 2707.60  3.74
 2708.30  3.74
 2709.00  3.74
 2709.70  3.74
 2710.40  3.74
 2711.10  3.74
 2711.80  3.74
 2712.50  3.74
 2713.20  3.74
 2713.90  3.74
 2714.60  3.74
 2715.30  3.74
 2716.00  3.74
 2716.70  3.74
 2717.40  3.74
 2718.10  3.74
 2718.80  3.74
 2719.50  3.74
 2720.20  3.74
 2720.90  3.74
 2721.60  3.74
 2722.30  3.74
 2723.00  3.74
 2723.70  3.74
 2724.40  3.74
 2725.10  3.74
 2725.80  3.74
 2726.50  3.74
 2727.20  3.74
 2727.90  3.74
 2728.60  3.74
 2729.30  3.74
 2730.00  3.74
 2730.70  3.74
 2731.40  3.74
 2732.10  3.74
 2732.80  3.74
 2733.50  3.74
 2734.20  3.74
 2734.90  3.74
 2735.60  3.74
 2736.30  3.74
 2737.00  3.74
 2737.70  3.74
 2738.40  3.74
 2739.10  3.74
 2739.80  3.74
 2740.50  3.74
 2741.20  3.74
 2741.90  3.74
 2742.60  3.74
 2743.30  3.74
 2744.00  3.74
 2744.70  3.74
 2745.40  3.74
 2746.10  3.74
 2746.80  3.74
 2747.50  3.74
 2748.20  3.74
 2748.90  3.74
 2749.60  3.74
 2750.30  3.74
 2751.00  3.74
 2751.70  3.74
 2752.40  3.74
 2753.10  3.74
 2753.80  3.74
 2754.50  3.74
 2755.20  3.74
 2755.90  3.74
 2756.60  3.74
 2757.30  3.74
 2758.00  3.74
 2758.70  3.74
 2759.40  3.74
 2760.10  3.74
 2760.80  3.74
 2761.50  3.74
 2762.20  3.74
 2762.90  3.74
 2763.60  3.74
 2764.30  3.74
 2765.00  3.74
 2765.70  3.74
 2766.40  3.74
 2767.10  3.74
 2767.80  3.74
 2768.50  3.74
 2769.20  3.74
 2769.90  3.74
 2770.60  3.74
 2771.30  3.74
 2772.00  3.74
 2772.70  3.74
 2773.40  3.74
 2774.10  3.74
 2774.80  3.74
 2775.50  3.74
 2776.20  3.74
 2776.90  3.74
 2777.60  3.74
 2778.30  3.74
 2779.00  3.74
 2779.70  3.74
 2780.40  3.74
 2781.10  3.74
 2781.80  3.74
 2782.50  3.74
 2783.20  3.74
 2783.90  3.74
 2784.60  3.74
 2785.30  3.74
 2786.00  3.74
 2786.70  3.74
 2787.40  3.74
 2788.10  3.74
 2788.80  3.74
 2789.50  3.74
 2790.20  3.74
 2790.90  3.74
 2791.60  3.74
 2792.30  3.74
 2793.00  3.74
 2793.70  3.74
 2794.40  3.74
 2795.10  3.74
 2795.80  3.74
 2796.50  3.74
 2797.20  3.74
 2797.90  3.74
 2798.60  3.74
 2799.30  3.74
 2800.00  3.74
 2800.70  3.74
 2801.40  3.74
 2802.10  3.74
 2802.80  3.74
 2803.50  3.74
 2804.20  3.74
 2804.90  3.74
 2805.60  3.74
 2806.30  3.74
 2807.00  3.74
 2807.70  3.74
 2808.40  3.74
 2809.10  3.74
 2809.80  3.74
 2810.50  3.74
 2811.20  3.74
 2811.90  3.74
 2812.60  3.74
 2813.30  3.74
 2814.00  3.74
 2814.70  3.74
 2815.40  3.74
 2816.10  3.74
 2816.80  3.74
 2817.50  3.74
 2818.20  3.74
 2818.90  3.74
 2819.60  3.74
 2820.30  3.74
 2821.00  3.74
 2821.70  3.74
 2822.40  3.74
 2823.10  3.74
 2823.80  3.74
 2824.50  3.74
 2825.20  3.74
 2825.90  3.74
 2826.60  3.74
 2827.30  3.74
 2828.00  3.74
 2828.70  3.74
 2829.40  3.74
 2830.10  3.74
 2830.80  3.74
 2831.50  3.74
 2832.20  3.74
 2832.90  3.74
 2833.60  3.74
 2834.30  3.74
 2835.00  3.74
 2835.70  3.74
 2836.40  3.74
 2837.10  3.74
 2837.80  3.74
 2838.50  3.74
 2839.20  3.74
 2839.90  3.74
 2840.60  3.74
 2841.30  3.74
 2842.00  3.74
 2842.70  3.74
 2843.40  3.74
 2844.10  3.74
 2844.80  3.74
 2845.50  3.74
 2846.20  3.74
 2846.90  3.74
 2847.60  3.74
 2848.30  3.74
 2849.00  3.74
 2849.70  3.74
 2850.40  3.74
 2851.10  3.74
 2851.80  3.74
 2852.50  3.74
 2853.20  3.74
 2853.90  3.74
 2854.60  3.74
 2855.30  3.74
 2856.00  3.74
 2856.70  3.74
 2857.40  3.74
 2858.10  3.74
 2858.80  3.74
 2859.50  3.74
 2860.20  3.74
 2860.90  3.74
 2861.60  3.74
 2862.30  3.74
 2863.00  3.74
 2863.70  3.74
 2864.40  3.74
 2865.10  3.74
 2865.80  3.74
 2866.50  3.74
 2867.20  3.74
 2867.90  3.74
 2868.60  3.74
 2869.30  3.74
 2870.00  3.74
 2870.70  3.74
 2871.40  3.74
 2872.10  3.74
 2872.80  3.74
 2873.50  3.74
 2874.20  3.74
 2874.90  3.74
 2875.60  3.74
 2876.30  3.74
 2877.00  3.74
 2877.70  3.74
 2878.40  3.74
 2879.10  3.74
 2879.80  3.74
 2880.50  3.74
 2881.20  3.74
 2881.90  3.74
 2882.60  3.74
 2883.30  3.74
 2884.00  3.74
 2884.70  3.74
 2885.40  3.74
 2886.10  3.74
 2886.80  3.74
 2887.50  3.74
 2888.20  3.74
 2888.90  3.74
 2889.60  3.74
 2890.30  3.74
 2891.00  3.74
 2891.70  3.74
 2892.40  3.74
 2893.10  3.74
 2893.80  3.74
 2894.50  3.74
 2895.20  3.74
 2895.90  3.74
 2896.60  3.74
 2897.30  3.74
 2898.00  3.74
 2898.70  3.74
 2899.40  3.74
 2900.10  3.74
 2900.80  3.74
 2901.50  3.74
 2902.20  3.74
 2902.90  3.74
 2903.60  3.74
 2904.30  3.74
 2905.00  3.74
 2905.70  3.74
 2906.40  3.74
 2907.10  3.74
 2907.80  3.74
 2908.50  3.74
 2909.20  3.74
 2909.90  3.74
 2910.60  3.74
 2911.30  3.74
 2912.00  3.74
 2912.70  3.74
 2913.40  3.74
 2914.10  3.74
 2914.80  3.74
 2915.50  3.74
 2916.20  3.74
 2916.90  3.74
 2917.60  3.74
 2918.30  3.74
 2919.00  3.74
 2919.70  3.74
 2920.40  3.74
 2921.10  3.74
 2921.80  3.74
 2922.50  3.74
 2923.20  3.74
 2923.90  3.74
 2924.60  3.74
 2925.30  3.74
 2926.00  3.74
 2926.70  3.74
 2927.40  3.74
 2928.10  3.74
 2928.80  3.74
 2929.50  3.74
 2930.20  3.74
 2930.90  3.74
 2931.60  3.74
 2932.30  3.74
 2933.00  3.74
 2933.70  3.74
 2934.40  3.74
 2935.10  3.74
 2935.80  3.74
 2936.50  3.74
 2937.20  3.74
 2937.90  3.74
 2938.60  3.74
 2939.30  3.74
 2940.00  3.74
 2940.70  3.74
 2941.40  3.74
 2942.10  3.74
 2942.80  3.74
 2943.50  3.74
 2944.20  3.74
 2944.90  3.74
 2945.60  3.74
 2946.30  3.74
 2947.00  3.74
 2947.70  3.74
 2948.40  3.74
 2949.10  3.74
 2949.80  3.74
 2950.50  3.74
 2951.20  3.74
 2951.90  3.74
 2952.60  3.74
 2953.30  3.74
 2954.00  3.74
 2954.70  3.74
 2955.40  3.74
 2956.10  3.74
 2956.80  3.74
 2957.50  3.74
 2958.20  3.74
 2958.90  3.74
 2959.60  3.74
 2960.30  3.74
 2961.00  3.74
 2961.70  3.74
 2962.40  3.74
 2963.10  3.74
 2963.80  3.74
 2964.50  3.74
 2965.20  3.74
 2965.90  3.74
 2966.60  3.74
 2967.30  3.74
 2968.00  3.74
 2968.70  3.74
 2969.40  3.74
 2970.10  3.74
 2970.80  3.74
 2971.50  3.74
 2972.20  3.74
 2972.90  3.74
 2973.60  3.74
 2974.30  3.74
 2975.00  3.74
 2975.70  3.74
 2976.40  3.74
 2977.10  3.74
 2977.80  3.74
 2978.50  3.74
 2979.20  3.74
 2979.90  3.74
 2980.60  3.74
 2981.30  3.74
 2982.00  3.74
 2982.70  3.74
 2983.40  3.74
 2984.10  3.74
 2984.80  3.74
 2985.50  3.74
 2986.20  3.74
 2986.90  3.74
 2987.60  3.74
 2988.30  3.74
 2989.00  3.74
 2989.70  3.74
 2990.40  3.74
 2991.10  3.74
 2991.80  3.74
 2992.50  3.74
 2993.20  3.74
 2993.90  3.74
 2994.60  3.74
 2995.30  3.74
 2996.00  3.74
 2996.70  3.74
 2997.40  3.74
 2998.10  3.74
 2998.80  3.74
 2999.50  3.74
