#Navio B MarAd
#Manobra de Curva Giro
#
#Beta 
#
#temp      rot 
 0.00  -0.00
 0.70  -0.00
 1.40  -0.00
 2.10  0.00
 2.80  0.00
 3.50  0.00
 4.20  0.00
 4.90  0.00
 5.60  0.00
 6.30  0.01
 7.00  0.01
 7.70  0.01
 8.40  0.01
 9.10  0.01
 9.80  0.01
 10.50  0.01
 11.20  0.01
 11.90  0.01
 12.60  0.01
 13.30  0.01
 14.00  0.02
 14.70  0.02
 15.40  0.02
 16.10  0.02
 16.80  0.02
 17.50  0.02
 18.20  0.02
 18.90  0.02
 19.60  0.02
 20.30  0.03
 21.00  0.03
 21.70  0.03
 22.40  0.03
 23.10  0.03
 23.80  0.03
 24.50  0.03
 25.20  0.03
 25.90  0.04
 26.60  0.04
 27.30  0.04
 28.00  0.04
 28.70  0.04
 29.40  0.04
 30.10  0.04
 30.80  0.04
 31.50  0.05
 32.20  0.05
 32.90  0.05
 33.60  0.05
 34.30  0.05
 35.00  0.05
 35.70  0.05
 36.40  0.05
 37.10  0.06
 37.80  0.06
 38.50  0.06
 39.20  0.06
 39.90  0.06
 40.60  0.06
 41.30  0.06
 42.00  0.07
 42.70  0.07
 43.40  0.07
 44.10  0.07
 44.80  0.07
 45.50  0.07
 46.20  0.07
 46.90  0.08
 47.60  0.08
 48.30  0.08
 49.00  0.08
 49.70  0.08
 50.40  0.08
 51.10  0.08
 51.80  0.09
 52.50  0.09
 53.20  0.09
 53.90  0.09
 54.60  0.09
 55.30  0.09
 56.00  0.09
 56.70  0.10
 57.40  0.10
 58.10  0.10
 58.80  0.10
 59.50  0.10
 60.20  0.10
 60.90  0.10
 61.60  0.11
 62.30  0.11
 63.00  0.11
 63.70  0.11
 64.40  0.11
 65.10  0.11
 65.80  0.11
 66.50  0.12
 67.20  0.12
 67.90  0.12
 68.60  0.12
 69.30  0.12
 70.00  0.12
 70.70  0.13
 71.40  0.13
 72.10  0.13
 72.80  0.13
 73.50  0.13
 74.20  0.13
 74.90  0.13
 75.60  0.14
 76.30  0.14
 77.00  0.14
 77.70  0.14
 78.40  0.14
 79.10  0.14
 79.80  0.14
 80.50  0.15
 81.20  0.15
 81.90  0.15
 82.60  0.15
 83.30  0.15
 84.00  0.15
 84.70  0.15
 85.40  0.15
 86.10  0.16
 86.80  0.16
 87.50  0.16
 88.20  0.16
 88.90  0.16
 89.60  0.16
 90.30  0.16
 91.00  0.17
 91.70  0.17
 92.40  0.17
 93.10  0.17
 93.80  0.17
 94.50  0.17
 95.20  0.17
 95.90  0.17
 96.60  0.18
 97.30  0.18
 98.00  0.18
 98.70  0.18
 99.40  0.18
 100.10  0.18
 100.80  0.18
 101.50  0.19
 102.20  0.19
 102.90  0.19
 103.60  0.19
 104.30  0.19
 105.00  0.19
 105.70  0.19
 106.40  0.19
 107.10  0.20
 107.80  0.20
 108.50  0.20
 109.20  0.20
 109.90  0.20
 110.60  0.20
 111.30  0.20
 112.00  0.20
 112.70  0.21
 113.40  0.21
 114.10  0.21
 114.80  0.21
 115.50  0.21
 116.20  0.21
 116.90  0.21
 117.60  0.21
 118.30  0.21
 119.00  0.22
 119.70  0.22
 120.40  0.22
 121.10  0.22
 121.80  0.22
 122.50  0.22
 123.20  0.22
 123.90  0.22
 124.60  0.22
 125.30  0.23
 126.00  0.23
 126.70  0.23
 127.40  0.23
 128.10  0.23
 128.80  0.23
 129.50  0.23
 130.20  0.23
 130.90  0.23
 131.60  0.24
 132.30  0.24
 133.00  0.24
 133.70  0.24
 134.40  0.24
 135.10  0.24
 135.80  0.24
 136.50  0.24
 137.20  0.24
 137.90  0.24
 138.60  0.25
 139.30  0.25
 140.00  0.25
 140.70  0.25
 141.40  0.25
 142.10  0.25
 142.80  0.25
 143.50  0.25
 144.20  0.25
 144.90  0.25
 145.60  0.26
 146.30  0.26
 147.00  0.26
 147.70  0.26
 148.40  0.26
 149.10  0.26
 149.80  0.26
 150.50  0.26
 151.20  0.26
 151.90  0.26
 152.60  0.26
 153.30  0.27
 154.00  0.27
 154.70  0.27
 155.40  0.27
 156.10  0.27
 156.80  0.27
 157.50  0.27
 158.20  0.27
 158.90  0.27
 159.60  0.27
 160.30  0.27
 161.00  0.28
 161.70  0.28
 162.40  0.28
 163.10  0.28
 163.80  0.28
 164.50  0.28
 165.20  0.28
 165.90  0.28
 166.60  0.28
 167.30  0.28
 168.00  0.28
 168.70  0.28
 169.40  0.28
 170.10  0.29
 170.80  0.29
 171.50  0.29
 172.20  0.29
 172.90  0.29
 173.60  0.29
 174.30  0.29
 175.00  0.29
 175.70  0.29
 176.40  0.29
 177.10  0.29
 177.80  0.29
 178.50  0.29
 179.20  0.30
 179.90  0.30
 180.60  0.30
 181.30  0.30
 182.00  0.30
 182.70  0.30
 183.40  0.30
 184.10  0.30
 184.80  0.30
 185.50  0.30
 186.20  0.30
 186.90  0.30
 187.60  0.30
 188.30  0.30
 189.00  0.31
 189.70  0.31
 190.40  0.31
 191.10  0.31
 191.80  0.31
 192.50  0.31
 193.20  0.31
 193.90  0.31
 194.60  0.31
 195.30  0.31
 196.00  0.31
 196.70  0.31
 197.40  0.31
 198.10  0.31
 198.80  0.31
 199.50  0.31
 200.20  0.32
 200.90  0.32
 201.60  0.32
 202.30  0.32
 203.00  0.32
 203.70  0.32
 204.40  0.32
 205.10  0.32
 205.80  0.32
 206.50  0.32
 207.20  0.32
 207.90  0.32
 208.60  0.32
 209.30  0.32
 210.00  0.32
 210.70  0.32
 211.40  0.32
 212.10  0.33
 212.80  0.33
 213.50  0.33
 214.20  0.33
 214.90  0.33
 215.60  0.33
 216.30  0.33
 217.00  0.33
 217.70  0.33
 218.40  0.33
 219.10  0.33
 219.80  0.33
 220.50  0.33
 221.20  0.33
 221.90  0.33
 222.60  0.33
 223.30  0.33
 224.00  0.33
 224.70  0.33
 225.40  0.33
 226.10  0.34
 226.80  0.34
 227.50  0.34
 228.20  0.34
 228.90  0.34
 229.60  0.34
 230.30  0.34
 231.00  0.34
 231.70  0.34
 232.40  0.34
 233.10  0.34
 233.80  0.34
 234.50  0.34
 235.20  0.34
 235.90  0.34
 236.60  0.34
 237.30  0.34
 238.00  0.34
 238.70  0.34
 239.40  0.34
 240.10  0.34
 240.80  0.34
 241.50  0.35
 242.20  0.35
 242.90  0.35
 243.60  0.35
 244.30  0.35
 245.00  0.35
 245.70  0.35
 246.40  0.35
 247.10  0.35
 247.80  0.35
 248.50  0.35
 249.20  0.35
 249.90  0.35
 250.60  0.35
 251.30  0.35
 252.00  0.35
 252.70  0.35
 253.40  0.35
 254.10  0.35
 254.80  0.35
 255.50  0.35
 256.20  0.35
 256.90  0.35
 257.60  0.35
 258.30  0.35
 259.00  0.35
 259.70  0.36
 260.40  0.36
 261.10  0.36
 261.80  0.36
 262.50  0.36
 263.20  0.36
 263.90  0.36
 264.60  0.36
 265.30  0.36
 266.00  0.36
 266.70  0.36
 267.40  0.36
 268.10  0.36
 268.80  0.36
 269.50  0.36
 270.20  0.36
 270.90  0.36
 271.60  0.36
 272.30  0.36
 273.00  0.36
 273.70  0.36
 274.40  0.36
 275.10  0.36
 275.80  0.36
 276.50  0.36
 277.20  0.36
 277.90  0.36
 278.60  0.36
 279.30  0.36
 280.00  0.36
 280.70  0.36
 281.40  0.37
 282.10  0.37
 282.80  0.37
 283.50  0.37
 284.20  0.37
 284.90  0.37
 285.60  0.37
 286.30  0.37
 287.00  0.37
 287.70  0.37
 288.40  0.37
 289.10  0.37
 289.80  0.37
 290.50  0.37
 291.20  0.37
 291.90  0.37
 292.60  0.37
 293.30  0.37
 294.00  0.37
 294.70  0.37
 295.40  0.37
 296.10  0.37
 296.80  0.37
 297.50  0.37
 298.20  0.37
 298.90  0.37
 299.60  0.37
 300.30  0.37
 301.00  0.37
 301.70  0.37
 302.40  0.37
 303.10  0.37
 303.80  0.37
 304.50  0.37
 305.20  0.37
 305.90  0.37
 306.60  0.37
 307.30  0.37
 308.00  0.37
 308.70  0.38
 309.40  0.38
 310.10  0.38
 310.80  0.38
 311.50  0.38
 312.20  0.38
 312.90  0.38
 313.60  0.38
 314.30  0.38
 315.00  0.38
 315.70  0.38
 316.40  0.38
 317.10  0.38
 317.80  0.38
 318.50  0.38
 319.20  0.38
 319.90  0.38
 320.60  0.38
 321.30  0.38
 322.00  0.38
 322.70  0.38
 323.40  0.38
 324.10  0.38
 324.80  0.38
 325.50  0.38
 326.20  0.38
 326.90  0.38
 327.60  0.38
 328.30  0.38
 329.00  0.38
 329.70  0.38
 330.40  0.38
 331.10  0.38
 331.80  0.38
 332.50  0.38
 333.20  0.38
 333.90  0.38
 334.60  0.38
 335.30  0.38
 336.00  0.38
 336.70  0.38
 337.40  0.38
 338.10  0.38
 338.80  0.38
 339.50  0.38
 340.20  0.38
 340.90  0.38
 341.60  0.38
 342.30  0.38
 343.00  0.38
 343.70  0.38
 344.40  0.38
 345.10  0.38
 345.80  0.38
 346.50  0.38
 347.20  0.38
 347.90  0.38
 348.60  0.39
 349.30  0.39
 350.00  0.39
 350.70  0.39
 351.40  0.39
 352.10  0.39
 352.80  0.39
 353.50  0.39
 354.20  0.39
 354.90  0.39
 355.60  0.39
 356.30  0.39
 357.00  0.39
 357.70  0.39
 358.40  0.39
 359.10  0.39
 359.80  0.39
 360.50  0.39
 361.20  0.39
 361.90  0.39
 362.60  0.39
 363.30  0.39
 364.00  0.39
 364.70  0.39
 365.40  0.39
 366.10  0.39
 366.80  0.39
 367.50  0.39
 368.20  0.39
 368.90  0.39
 369.60  0.39
 370.30  0.39
 371.00  0.39
 371.70  0.39
 372.40  0.39
 373.10  0.39
 373.80  0.39
 374.50  0.39
 375.20  0.39
 375.90  0.39
 376.60  0.39
 377.30  0.39
 378.00  0.39
 378.70  0.39
 379.40  0.39
 380.10  0.39
 380.80  0.39
 381.50  0.39
 382.20  0.39
 382.90  0.39
 383.60  0.39
 384.30  0.39
 385.00  0.39
 385.70  0.39
 386.40  0.39
 387.10  0.39
 387.80  0.39
 388.50  0.39
 389.20  0.39
 389.90  0.39
 390.60  0.39
 391.30  0.39
 392.00  0.39
 392.70  0.39
 393.40  0.39
 394.10  0.39
 394.80  0.39
 395.50  0.39
 396.20  0.39
 396.90  0.39
 397.60  0.39
 398.30  0.39
 399.00  0.39
 399.70  0.39
 400.40  0.39
 401.10  0.39
 401.80  0.39
 402.50  0.39
 403.20  0.39
 403.90  0.39
 404.60  0.39
 405.30  0.39
 406.00  0.39
 406.70  0.39
 407.40  0.39
 408.10  0.39
 408.80  0.39
 409.50  0.39
 410.20  0.39
 410.90  0.39
 411.60  0.39
 412.30  0.39
 413.00  0.39
 413.70  0.39
 414.40  0.39
 415.10  0.39
 415.80  0.39
 416.50  0.39
 417.20  0.39
 417.90  0.39
 418.60  0.39
 419.30  0.39
 420.00  0.39
 420.70  0.39
 421.40  0.39
 422.10  0.39
 422.80  0.39
 423.50  0.39
 424.20  0.39
 424.90  0.39
 425.60  0.39
 426.30  0.39
 427.00  0.39
 427.70  0.39
 428.40  0.39
 429.10  0.39
 429.80  0.39
 430.50  0.39
 431.20  0.39
 431.90  0.39
 432.60  0.39
 433.30  0.39
 434.00  0.39
 434.70  0.39
 435.40  0.39
 436.10  0.39
 436.80  0.39
 437.50  0.39
 438.20  0.39
 438.90  0.39
 439.60  0.39
 440.30  0.39
 441.00  0.39
 441.70  0.39
 442.40  0.39
 443.10  0.39
 443.80  0.39
 444.50  0.39
 445.20  0.39
 445.90  0.39
 446.60  0.39
 447.30  0.39
 448.00  0.39
 448.70  0.39
 449.40  0.39
 450.10  0.39
 450.80  0.39
 451.50  0.39
 452.20  0.39
 452.90  0.39
 453.60  0.39
 454.30  0.39
 455.00  0.39
 455.70  0.39
 456.40  0.39
 457.10  0.39
 457.80  0.39
 458.50  0.39
 459.20  0.39
 459.90  0.39
 460.60  0.39
 461.30  0.39
 462.00  0.39
 462.70  0.39
 463.40  0.39
 464.10  0.39
 464.80  0.39
 465.50  0.39
 466.20  0.39
 466.90  0.39
 467.60  0.39
 468.30  0.39
 469.00  0.39
 469.70  0.39
 470.40  0.39
 471.10  0.39
 471.80  0.39
 472.50  0.39
 473.20  0.39
 473.90  0.39
 474.60  0.39
 475.30  0.39
 476.00  0.39
 476.70  0.39
 477.40  0.39
 478.10  0.39
 478.80  0.39
 479.50  0.39
 480.20  0.39
 480.90  0.39
 481.60  0.39
 482.30  0.39
 483.00  0.39
 483.70  0.39
 484.40  0.39
 485.10  0.39
 485.80  0.39
 486.50  0.39
 487.20  0.39
 487.90  0.39
 488.60  0.39
 489.30  0.39
 490.00  0.39
 490.70  0.39
 491.40  0.39
 492.10  0.39
 492.80  0.39
 493.50  0.39
 494.20  0.39
 494.90  0.39
 495.60  0.39
 496.30  0.39
 497.00  0.39
 497.70  0.39
 498.40  0.39
 499.10  0.39
 499.80  0.39
 500.50  0.39
 501.20  0.39
 501.90  0.39
 502.60  0.39
 503.30  0.39
 504.00  0.39
 504.70  0.39
 505.40  0.39
 506.10  0.39
 506.80  0.39
 507.50  0.39
 508.20  0.39
 508.90  0.39
 509.60  0.39
 510.30  0.39
 511.00  0.39
 511.70  0.39
 512.40  0.39
 513.10  0.39
 513.80  0.39
 514.50  0.39
 515.20  0.39
 515.90  0.39
 516.60  0.39
 517.30  0.39
 518.00  0.39
 518.70  0.39
 519.40  0.39
 520.10  0.39
 520.80  0.39
 521.50  0.39
 522.20  0.39
 522.90  0.39
 523.60  0.39
 524.30  0.39
 525.00  0.39
 525.70  0.39
 526.40  0.39
 527.10  0.39
 527.80  0.39
 528.50  0.39
 529.20  0.39
 529.90  0.39
 530.60  0.39
 531.30  0.39
 532.00  0.39
 532.70  0.39
 533.40  0.39
 534.10  0.39
 534.80  0.39
 535.50  0.39
 536.20  0.39
 536.90  0.39
 537.60  0.39
 538.30  0.39
 539.00  0.39
 539.70  0.39
 540.40  0.39
 541.10  0.39
 541.80  0.39
 542.50  0.39
 543.20  0.39
 543.90  0.39
 544.60  0.39
 545.30  0.39
 546.00  0.39
 546.70  0.39
 547.40  0.39
 548.10  0.39
 548.80  0.39
 549.50  0.39
 550.20  0.39
 550.90  0.39
 551.60  0.39
 552.30  0.39
 553.00  0.39
 553.70  0.39
 554.40  0.39
 555.10  0.39
 555.80  0.39
 556.50  0.39
 557.20  0.39
 557.90  0.39
 558.60  0.39
 559.30  0.39
 560.00  0.39
 560.70  0.39
 561.40  0.39
 562.10  0.39
 562.80  0.39
 563.50  0.39
 564.20  0.39
 564.90  0.39
 565.60  0.39
 566.30  0.39
 567.00  0.39
 567.70  0.39
 568.40  0.39
 569.10  0.39
 569.80  0.39
 570.50  0.39
 571.20  0.39
 571.90  0.39
 572.60  0.39
 573.30  0.39
 574.00  0.39
 574.70  0.39
 575.40  0.39
 576.10  0.39
 576.80  0.39
 577.50  0.39
 578.20  0.39
 578.90  0.39
 579.60  0.39
 580.30  0.39
 581.00  0.39
 581.70  0.39
 582.40  0.39
 583.10  0.39
 583.80  0.39
 584.50  0.39
 585.20  0.39
 585.90  0.39
 586.60  0.39
 587.30  0.39
 588.00  0.39
 588.70  0.39
 589.40  0.39
 590.10  0.39
 590.80  0.39
 591.50  0.39
 592.20  0.39
 592.90  0.39
 593.60  0.39
 594.30  0.39
 595.00  0.39
 595.70  0.39
 596.40  0.39
 597.10  0.39
 597.80  0.39
 598.50  0.39
 599.20  0.39
 599.90  0.39
 600.60  0.39
 601.30  0.39
 602.00  0.39
 602.70  0.39
 603.40  0.39
 604.10  0.39
 604.80  0.39
 605.50  0.39
 606.20  0.39
 606.90  0.39
 607.60  0.39
 608.30  0.39
 609.00  0.39
 609.70  0.39
 610.40  0.39
 611.10  0.39
 611.80  0.39
 612.50  0.39
 613.20  0.39
 613.90  0.39
 614.60  0.39
 615.30  0.39
 616.00  0.39
 616.70  0.39
 617.40  0.39
 618.10  0.39
 618.80  0.39
 619.50  0.39
 620.20  0.39
 620.90  0.39
 621.60  0.39
 622.30  0.39
 623.00  0.39
 623.70  0.39
 624.40  0.39
 625.10  0.39
 625.80  0.39
 626.50  0.39
 627.20  0.39
 627.90  0.39
 628.60  0.39
 629.30  0.39
 630.00  0.39
 630.70  0.39
 631.40  0.39
 632.10  0.39
 632.80  0.39
 633.50  0.39
 634.20  0.39
 634.90  0.39
 635.60  0.39
 636.30  0.39
 637.00  0.39
 637.70  0.39
 638.40  0.39
 639.10  0.39
 639.80  0.39
 640.50  0.39
 641.20  0.39
 641.90  0.39
 642.60  0.39
 643.30  0.39
 644.00  0.39
 644.70  0.39
 645.40  0.39
 646.10  0.39
 646.80  0.39
 647.50  0.39
 648.20  0.39
 648.90  0.39
 649.60  0.39
 650.30  0.39
 651.00  0.39
 651.70  0.39
 652.40  0.39
 653.10  0.39
 653.80  0.39
 654.50  0.39
 655.20  0.39
 655.90  0.39
 656.60  0.39
 657.30  0.39
 658.00  0.39
 658.70  0.38
 659.40  0.38
 660.10  0.38
 660.80  0.38
 661.50  0.38
 662.20  0.38
 662.90  0.38
 663.60  0.38
 664.30  0.38
 665.00  0.38
 665.70  0.38
 666.40  0.38
 667.10  0.38
 667.80  0.38
 668.50  0.38
 669.20  0.38
 669.90  0.38
 670.60  0.38
 671.30  0.38
 672.00  0.38
 672.70  0.38
 673.40  0.38
 674.10  0.38
 674.80  0.38
 675.50  0.38
 676.20  0.38
 676.90  0.38
 677.60  0.38
 678.30  0.38
 679.00  0.38
 679.70  0.38
 680.40  0.38
 681.10  0.38
 681.80  0.38
 682.50  0.38
 683.20  0.38
 683.90  0.38
 684.60  0.38
 685.30  0.38
 686.00  0.38
 686.70  0.38
 687.40  0.38
 688.10  0.38
 688.80  0.38
 689.50  0.38
 690.20  0.38
 690.90  0.38
 691.60  0.38
 692.30  0.38
 693.00  0.38
 693.70  0.38
 694.40  0.38
 695.10  0.38
 695.80  0.38
 696.50  0.38
 697.20  0.38
 697.90  0.38
 698.60  0.38
 699.30  0.38
 700.00  0.38
 700.70  0.38
 701.40  0.38
 702.10  0.38
 702.80  0.38
 703.50  0.38
 704.20  0.38
 704.90  0.38
 705.60  0.38
 706.30  0.38
 707.00  0.38
 707.70  0.38
 708.40  0.38
 709.10  0.38
 709.80  0.38
 710.50  0.38
 711.20  0.38
 711.90  0.38
 712.60  0.38
 713.30  0.38
 714.00  0.38
 714.70  0.38
 715.40  0.38
 716.10  0.38
 716.80  0.38
 717.50  0.38
 718.20  0.38
 718.90  0.38
 719.60  0.38
 720.30  0.38
 721.00  0.38
 721.70  0.38
 722.40  0.38
 723.10  0.38
 723.80  0.38
 724.50  0.38
 725.20  0.38
 725.90  0.38
 726.60  0.38
 727.30  0.38
 728.00  0.38
 728.70  0.38
 729.40  0.38
 730.10  0.38
 730.80  0.38
 731.50  0.38
 732.20  0.38
 732.90  0.38
 733.60  0.38
 734.30  0.38
 735.00  0.38
 735.70  0.38
 736.40  0.38
 737.10  0.38
 737.80  0.38
 738.50  0.38
 739.20  0.38
 739.90  0.38
 740.60  0.38
 741.30  0.38
 742.00  0.38
 742.70  0.38
 743.40  0.38
 744.10  0.38
 744.80  0.38
 745.50  0.38
 746.20  0.38
 746.90  0.38
 747.60  0.38
 748.30  0.38
 749.00  0.38
 749.70  0.38
 750.40  0.38
 751.10  0.38
 751.80  0.38
 752.50  0.38
 753.20  0.38
 753.90  0.38
 754.60  0.38
 755.30  0.38
 756.00  0.38
 756.70  0.38
 757.40  0.38
 758.10  0.38
 758.80  0.38
 759.50  0.38
 760.20  0.38
 760.90  0.38
 761.60  0.38
 762.30  0.38
 763.00  0.38
 763.70  0.38
 764.40  0.38
 765.10  0.38
 765.80  0.38
 766.50  0.38
 767.20  0.38
 767.90  0.38
 768.60  0.38
 769.30  0.38
 770.00  0.38
 770.70  0.38
 771.40  0.38
 772.10  0.38
 772.80  0.38
 773.50  0.38
 774.20  0.38
 774.90  0.38
 775.60  0.38
 776.30  0.38
 777.00  0.38
 777.70  0.38
 778.40  0.38
 779.10  0.38
 779.80  0.38
 780.50  0.38
 781.20  0.38
 781.90  0.38
 782.60  0.38
 783.30  0.38
 784.00  0.38
 784.70  0.38
 785.40  0.38
 786.10  0.38
 786.80  0.38
 787.50  0.38
 788.20  0.38
 788.90  0.38
 789.60  0.38
 790.30  0.37
 791.00  0.37
 791.70  0.37
 792.40  0.37
 793.10  0.37
 793.80  0.37
 794.50  0.37
 795.20  0.37
 795.90  0.37
 796.60  0.37
 797.30  0.37
 798.00  0.37
 798.70  0.37
 799.40  0.37
 800.10  0.37
 800.80  0.37
 801.50  0.37
 802.20  0.37
 802.90  0.37
 803.60  0.37
 804.30  0.37
 805.00  0.37
 805.70  0.37
 806.40  0.37
 807.10  0.37
 807.80  0.37
 808.50  0.37
 809.20  0.37
 809.90  0.37
 810.60  0.37
 811.30  0.37
 812.00  0.37
 812.70  0.37
 813.40  0.37
 814.10  0.37
 814.80  0.37
 815.50  0.37
 816.20  0.37
 816.90  0.37
 817.60  0.37
 818.30  0.37
 819.00  0.37
 819.70  0.37
 820.40  0.37
 821.10  0.37
 821.80  0.37
 822.50  0.37
 823.20  0.37
 823.90  0.37
 824.60  0.37
 825.30  0.37
 826.00  0.37
 826.70  0.37
 827.40  0.37
 828.10  0.37
 828.80  0.37
 829.50  0.37
 830.20  0.37
 830.90  0.37
 831.60  0.37
 832.30  0.37
 833.00  0.37
 833.70  0.37
 834.40  0.37
 835.10  0.37
 835.80  0.37
 836.50  0.37
 837.20  0.37
 837.90  0.37
 838.60  0.37
 839.30  0.37
 840.00  0.37
 840.70  0.37
 841.40  0.37
 842.10  0.37
 842.80  0.37
 843.50  0.37
 844.20  0.37
 844.90  0.37
 845.60  0.37
 846.30  0.37
 847.00  0.37
 847.70  0.37
 848.40  0.37
 849.10  0.37
 849.80  0.37
 850.50  0.37
 851.20  0.37
 851.90  0.37
 852.60  0.37
 853.30  0.37
 854.00  0.37
 854.70  0.37
 855.40  0.37
 856.10  0.37
 856.80  0.37
 857.50  0.37
 858.20  0.37
 858.90  0.37
 859.60  0.37
 860.30  0.37
 861.00  0.37
 861.70  0.37
 862.40  0.37
 863.10  0.37
 863.80  0.37
 864.50  0.37
 865.20  0.37
 865.90  0.37
 866.60  0.37
 867.30  0.37
 868.00  0.37
 868.70  0.37
 869.40  0.37
 870.10  0.37
 870.80  0.37
 871.50  0.37
 872.20  0.37
 872.90  0.37
 873.60  0.37
 874.30  0.37
 875.00  0.37
 875.70  0.37
 876.40  0.37
 877.10  0.37
 877.80  0.37
 878.50  0.37
 879.20  0.37
 879.90  0.37
 880.60  0.37
 881.30  0.37
 882.00  0.37
 882.70  0.37
 883.40  0.37
 884.10  0.37
 884.80  0.37
 885.50  0.37
 886.20  0.37
 886.90  0.37
 887.60  0.37
 888.30  0.37
 889.00  0.37
 889.70  0.37
 890.40  0.37
 891.10  0.37
 891.80  0.37
 892.50  0.37
 893.20  0.37
 893.90  0.37
 894.60  0.37
 895.30  0.37
 896.00  0.37
 896.70  0.37
 897.40  0.37
 898.10  0.37
 898.80  0.37
 899.50  0.37
 900.20  0.37
 900.90  0.37
 901.60  0.37
 902.30  0.37
 903.00  0.37
 903.70  0.37
 904.40  0.37
 905.10  0.37
 905.80  0.37
 906.50  0.37
 907.20  0.37
 907.90  0.37
 908.60  0.37
 909.30  0.37
 910.00  0.37
 910.70  0.37
 911.40  0.37
 912.10  0.37
 912.80  0.37
 913.50  0.37
 914.20  0.37
 914.90  0.37
 915.60  0.37
 916.30  0.37
 917.00  0.37
 917.70  0.37
 918.40  0.37
 919.10  0.37
 919.80  0.37
 920.50  0.37
 921.20  0.37
 921.90  0.37
 922.60  0.37
 923.30  0.37
 924.00  0.37
 924.70  0.37
 925.40  0.37
 926.10  0.37
 926.80  0.37
 927.50  0.37
 928.20  0.37
 928.90  0.37
 929.60  0.37
 930.30  0.37
 931.00  0.37
 931.70  0.37
 932.40  0.37
 933.10  0.37
 933.80  0.37
 934.50  0.37
 935.20  0.37
 935.90  0.37
 936.60  0.37
 937.30  0.37
 938.00  0.37
 938.70  0.37
 939.40  0.37
 940.10  0.37
 940.80  0.37
 941.50  0.37
 942.20  0.37
 942.90  0.37
 943.60  0.37
 944.30  0.37
 945.00  0.37
 945.70  0.37
 946.40  0.37
 947.10  0.37
 947.80  0.37
 948.50  0.37
 949.20  0.37
 949.90  0.37
 950.60  0.37
 951.30  0.37
 952.00  0.37
 952.70  0.37
 953.40  0.37
 954.10  0.37
 954.80  0.37
 955.50  0.37
 956.20  0.37
 956.90  0.36
 957.60  0.36
 958.30  0.36
 959.00  0.36
 959.70  0.36
 960.40  0.36
 961.10  0.36
 961.80  0.36
 962.50  0.36
 963.20  0.36
 963.90  0.36
 964.60  0.36
 965.30  0.36
 966.00  0.36
 966.70  0.36
 967.40  0.36
 968.10  0.36
 968.80  0.36
 969.50  0.36
 970.20  0.36
 970.90  0.36
 971.60  0.36
 972.30  0.36
 973.00  0.36
 973.70  0.36
 974.40  0.36
 975.10  0.36
 975.80  0.36
 976.50  0.36
 977.20  0.36
 977.90  0.36
 978.60  0.36
 979.30  0.36
 980.00  0.36
 980.70  0.36
 981.40  0.36
 982.10  0.36
 982.80  0.36
 983.50  0.36
 984.20  0.36
 984.90  0.36
 985.60  0.36
 986.30  0.36
 987.00  0.36
 987.70  0.36
 988.40  0.36
 989.10  0.36
 989.80  0.36
 990.50  0.36
 991.20  0.36
 991.90  0.36
 992.60  0.36
 993.30  0.36
 994.00  0.36
 994.70  0.36
 995.40  0.36
 996.10  0.36
 996.80  0.36
 997.50  0.36
 998.20  0.36
 998.90  0.36
 999.60  0.36
 1000.30  0.36
 1001.00  0.36
 1001.70  0.36
 1002.40  0.36
 1003.10  0.36
 1003.80  0.36
 1004.50  0.36
 1005.20  0.36
 1005.90  0.36
 1006.60  0.36
 1007.30  0.36
 1008.00  0.36
 1008.70  0.36
 1009.40  0.36
 1010.10  0.36
 1010.80  0.36
 1011.50  0.36
 1012.20  0.36
 1012.90  0.36
 1013.60  0.36
 1014.30  0.36
 1015.00  0.36
 1015.70  0.36
 1016.40  0.36
 1017.10  0.36
 1017.80  0.36
 1018.50  0.36
 1019.20  0.36
 1019.90  0.36
 1020.60  0.36
 1021.30  0.36
 1022.00  0.36
 1022.70  0.36
 1023.40  0.36
 1024.10  0.36
 1024.80  0.36
 1025.50  0.36
 1026.20  0.36
 1026.90  0.36
 1027.60  0.36
 1028.30  0.36
 1029.00  0.36
 1029.70  0.36
 1030.40  0.36
 1031.10  0.36
 1031.80  0.36
 1032.50  0.36
 1033.20  0.36
 1033.90  0.36
 1034.60  0.36
 1035.30  0.36
 1036.00  0.36
 1036.70  0.36
 1037.40  0.36
 1038.10  0.36
 1038.80  0.36
 1039.50  0.36
 1040.20  0.36
 1040.90  0.36
 1041.60  0.36
 1042.30  0.36
 1043.00  0.36
 1043.70  0.36
 1044.40  0.36
 1045.10  0.36
 1045.80  0.36
 1046.50  0.36
 1047.20  0.36
 1047.90  0.36
 1048.60  0.36
 1049.30  0.36
 1050.00  0.36
 1050.70  0.36
 1051.40  0.36
 1052.10  0.36
 1052.80  0.36
 1053.50  0.36
 1054.20  0.36
 1054.90  0.36
 1055.60  0.36
 1056.30  0.36
 1057.00  0.36
 1057.70  0.36
 1058.40  0.36
 1059.10  0.36
 1059.80  0.36
 1060.50  0.36
 1061.20  0.36
 1061.90  0.36
 1062.60  0.36
 1063.30  0.36
 1064.00  0.36
 1064.70  0.36
 1065.40  0.36
 1066.10  0.36
 1066.80  0.36
 1067.50  0.36
 1068.20  0.36
 1068.90  0.36
 1069.60  0.36
 1070.30  0.36
 1071.00  0.36
 1071.70  0.36
 1072.40  0.36
 1073.10  0.36
 1073.80  0.36
 1074.50  0.36
 1075.20  0.36
 1075.90  0.36
 1076.60  0.36
 1077.30  0.36
 1078.00  0.36
 1078.70  0.36
 1079.40  0.36
 1080.10  0.36
 1080.80  0.36
 1081.50  0.36
 1082.20  0.36
 1082.90  0.36
 1083.60  0.36
 1084.30  0.36
 1085.00  0.36
 1085.70  0.36
 1086.40  0.36
 1087.10  0.36
 1087.80  0.36
 1088.50  0.36
 1089.20  0.36
 1089.90  0.36
 1090.60  0.36
 1091.30  0.36
 1092.00  0.36
 1092.70  0.36
 1093.40  0.36
 1094.10  0.36
 1094.80  0.36
 1095.50  0.36
 1096.20  0.36
 1096.90  0.36
 1097.60  0.36
 1098.30  0.36
 1099.00  0.36
 1099.70  0.36
 1100.40  0.36
 1101.10  0.36
 1101.80  0.36
 1102.50  0.36
 1103.20  0.36
 1103.90  0.36
 1104.60  0.36
 1105.30  0.36
 1106.00  0.36
 1106.70  0.36
 1107.40  0.36
 1108.10  0.36
 1108.80  0.36
 1109.50  0.36
 1110.20  0.36
 1110.90  0.36
 1111.60  0.36
 1112.30  0.36
 1113.00  0.36
 1113.70  0.36
 1114.40  0.36
 1115.10  0.36
 1115.80  0.36
 1116.50  0.36
 1117.20  0.36
 1117.90  0.36
 1118.60  0.36
 1119.30  0.36
 1120.00  0.36
 1120.70  0.36
 1121.40  0.36
 1122.10  0.36
 1122.80  0.36
 1123.50  0.36
 1124.20  0.36
 1124.90  0.36
 1125.60  0.36
 1126.30  0.36
 1127.00  0.36
 1127.70  0.36
 1128.40  0.36
 1129.10  0.36
 1129.80  0.36
 1130.50  0.36
 1131.20  0.36
 1131.90  0.36
 1132.60  0.36
 1133.30  0.36
 1134.00  0.36
 1134.70  0.36
 1135.40  0.36
 1136.10  0.36
 1136.80  0.36
 1137.50  0.36
 1138.20  0.36
 1138.90  0.36
 1139.60  0.36
 1140.30  0.36
 1141.00  0.36
 1141.70  0.36
 1142.40  0.36
 1143.10  0.36
 1143.80  0.36
 1144.50  0.36
 1145.20  0.36
 1145.90  0.36
 1146.60  0.36
 1147.30  0.36
 1148.00  0.36
 1148.70  0.36
 1149.40  0.36
 1150.10  0.36
 1150.80  0.36
 1151.50  0.36
 1152.20  0.36
 1152.90  0.36
 1153.60  0.36
 1154.30  0.36
 1155.00  0.36
 1155.70  0.36
 1156.40  0.36
 1157.10  0.36
 1157.80  0.36
 1158.50  0.36
 1159.20  0.36
 1159.90  0.36
 1160.60  0.36
 1161.30  0.36
 1162.00  0.36
 1162.70  0.36
 1163.40  0.36
 1164.10  0.36
 1164.80  0.36
 1165.50  0.36
 1166.20  0.36
 1166.90  0.36
 1167.60  0.36
 1168.30  0.36
 1169.00  0.36
 1169.70  0.36
 1170.40  0.36
 1171.10  0.36
 1171.80  0.36
 1172.50  0.36
 1173.20  0.36
 1173.90  0.36
 1174.60  0.36
 1175.30  0.36
 1176.00  0.36
 1176.70  0.36
 1177.40  0.36
 1178.10  0.36
 1178.80  0.36
 1179.50  0.36
 1180.20  0.36
 1180.90  0.36
 1181.60  0.36
 1182.30  0.36
 1183.00  0.36
 1183.70  0.36
 1184.40  0.36
 1185.10  0.36
 1185.80  0.36
 1186.50  0.36
 1187.20  0.36
 1187.90  0.36
 1188.60  0.36
 1189.30  0.36
 1190.00  0.36
 1190.70  0.36
 1191.40  0.36
 1192.10  0.36
 1192.80  0.36
 1193.50  0.36
 1194.20  0.36
 1194.90  0.36
 1195.60  0.36
 1196.30  0.36
 1197.00  0.36
 1197.70  0.36
 1198.40  0.36
 1199.10  0.36
 1199.80  0.36
 1200.50  0.36
 1201.20  0.36
 1201.90  0.36
 1202.60  0.36
 1203.30  0.36
 1204.00  0.36
 1204.70  0.36
 1205.40  0.36
 1206.10  0.36
 1206.80  0.36
 1207.50  0.36
 1208.20  0.36
 1208.90  0.36
 1209.60  0.36
 1210.30  0.36
 1211.00  0.36
 1211.70  0.36
 1212.40  0.36
 1213.10  0.36
 1213.80  0.36
 1214.50  0.36
 1215.20  0.36
 1215.90  0.36
 1216.60  0.36
 1217.30  0.36
 1218.00  0.36
 1218.70  0.36
 1219.40  0.36
 1220.10  0.36
 1220.80  0.36
 1221.50  0.36
 1222.20  0.36
 1222.90  0.36
 1223.60  0.36
 1224.30  0.36
 1225.00  0.36
 1225.70  0.36
 1226.40  0.36
 1227.10  0.36
 1227.80  0.36
 1228.50  0.36
 1229.20  0.36
 1229.90  0.36
 1230.60  0.36
 1231.30  0.36
 1232.00  0.36
 1232.70  0.36
 1233.40  0.36
 1234.10  0.36
 1234.80  0.36
 1235.50  0.36
 1236.20  0.36
 1236.90  0.36
 1237.60  0.36
 1238.30  0.36
 1239.00  0.36
 1239.70  0.36
 1240.40  0.36
 1241.10  0.36
 1241.80  0.36
 1242.50  0.36
 1243.20  0.36
 1243.90  0.36
 1244.60  0.36
 1245.30  0.36
 1246.00  0.36
 1246.70  0.36
 1247.40  0.36
 1248.10  0.36
 1248.80  0.36
 1249.50  0.36
 1250.20  0.36
 1250.90  0.36
 1251.60  0.36
 1252.30  0.36
 1253.00  0.36
 1253.70  0.36
 1254.40  0.36
 1255.10  0.36
 1255.80  0.36
 1256.50  0.36
 1257.20  0.36
 1257.90  0.36
 1258.60  0.36
 1259.30  0.36
 1260.00  0.36
 1260.70  0.36
 1261.40  0.36
 1262.10  0.36
 1262.80  0.36
 1263.50  0.36
 1264.20  0.36
 1264.90  0.36
 1265.60  0.36
 1266.30  0.36
 1267.00  0.36
 1267.70  0.36
 1268.40  0.36
 1269.10  0.36
 1269.80  0.36
 1270.50  0.36
 1271.20  0.36
 1271.90  0.36
 1272.60  0.36
 1273.30  0.36
 1274.00  0.36
 1274.70  0.36
 1275.40  0.36
 1276.10  0.36
 1276.80  0.36
 1277.50  0.36
 1278.20  0.36
 1278.90  0.36
 1279.60  0.36
 1280.30  0.36
 1281.00  0.36
 1281.70  0.36
 1282.40  0.36
 1283.10  0.36
 1283.80  0.36
 1284.50  0.36
 1285.20  0.36
 1285.90  0.36
 1286.60  0.36
 1287.30  0.36
 1288.00  0.36
 1288.70  0.36
 1289.40  0.36
 1290.10  0.36
 1290.80  0.36
 1291.50  0.36
 1292.20  0.36
 1292.90  0.36
 1293.60  0.36
 1294.30  0.36
 1295.00  0.36
 1295.70  0.36
 1296.40  0.36
 1297.10  0.36
 1297.80  0.36
 1298.50  0.36
 1299.20  0.36
 1299.90  0.36
 1300.60  0.36
 1301.30  0.36
 1302.00  0.36
 1302.70  0.36
 1303.40  0.36
 1304.10  0.36
 1304.80  0.36
 1305.50  0.36
 1306.20  0.36
 1306.90  0.36
 1307.60  0.36
 1308.30  0.35
 1309.00  0.35
 1309.70  0.35
 1310.40  0.35
 1311.10  0.35
 1311.80  0.35
 1312.50  0.35
 1313.20  0.35
 1313.90  0.35
 1314.60  0.35
 1315.30  0.35
 1316.00  0.35
 1316.70  0.35
 1317.40  0.35
 1318.10  0.35
 1318.80  0.35
 1319.50  0.35
 1320.20  0.35
 1320.90  0.35
 1321.60  0.35
 1322.30  0.35
 1323.00  0.35
 1323.70  0.35
 1324.40  0.35
 1325.10  0.35
 1325.80  0.35
 1326.50  0.35
 1327.20  0.35
 1327.90  0.35
 1328.60  0.35
 1329.30  0.35
 1330.00  0.35
 1330.70  0.35
 1331.40  0.35
 1332.10  0.35
 1332.80  0.35
 1333.50  0.35
 1334.20  0.35
 1334.90  0.35
 1335.60  0.35
 1336.30  0.35
 1337.00  0.35
 1337.70  0.35
 1338.40  0.35
 1339.10  0.35
 1339.80  0.35
 1340.50  0.35
 1341.20  0.35
 1341.90  0.35
 1342.60  0.35
 1343.30  0.35
 1344.00  0.35
 1344.70  0.35
 1345.40  0.35
 1346.10  0.35
 1346.80  0.35
 1347.50  0.35
 1348.20  0.35
 1348.90  0.35
 1349.60  0.35
 1350.30  0.35
 1351.00  0.35
 1351.70  0.35
 1352.40  0.35
 1353.10  0.35
 1353.80  0.35
 1354.50  0.35
 1355.20  0.35
 1355.90  0.35
 1356.60  0.35
 1357.30  0.35
 1358.00  0.35
 1358.70  0.35
 1359.40  0.35
 1360.10  0.35
 1360.80  0.35
 1361.50  0.35
 1362.20  0.35
 1362.90  0.35
 1363.60  0.35
 1364.30  0.35
 1365.00  0.35
 1365.70  0.35
 1366.40  0.35
 1367.10  0.35
 1367.80  0.35
 1368.50  0.35
 1369.20  0.35
 1369.90  0.35
 1370.60  0.35
 1371.30  0.35
 1372.00  0.35
 1372.70  0.35
 1373.40  0.35
 1374.10  0.35
 1374.80  0.35
 1375.50  0.35
 1376.20  0.35
 1376.90  0.35
 1377.60  0.35
 1378.30  0.35
 1379.00  0.35
 1379.70  0.35
 1380.40  0.35
 1381.10  0.35
 1381.80  0.35
 1382.50  0.35
 1383.20  0.35
 1383.90  0.35
 1384.60  0.35
 1385.30  0.35
 1386.00  0.35
 1386.70  0.35
 1387.40  0.35
 1388.10  0.35
 1388.80  0.35
 1389.50  0.35
 1390.20  0.35
 1390.90  0.35
 1391.60  0.35
 1392.30  0.35
 1393.00  0.35
 1393.70  0.35
 1394.40  0.35
 1395.10  0.35
 1395.80  0.35
 1396.50  0.35
 1397.20  0.35
 1397.90  0.35
 1398.60  0.35
 1399.30  0.35
 1400.00  0.35
 1400.70  0.35
 1401.40  0.35
 1402.10  0.35
 1402.80  0.35
 1403.50  0.35
 1404.20  0.35
 1404.90  0.35
 1405.60  0.35
 1406.30  0.35
 1407.00  0.35
 1407.70  0.35
 1408.40  0.35
 1409.10  0.35
 1409.80  0.35
 1410.50  0.35
 1411.20  0.35
 1411.90  0.35
 1412.60  0.35
 1413.30  0.35
 1414.00  0.35
 1414.70  0.35
 1415.40  0.35
 1416.10  0.35
 1416.80  0.35
 1417.50  0.35
 1418.20  0.35
 1418.90  0.35
 1419.60  0.35
 1420.30  0.35
 1421.00  0.35
 1421.70  0.35
 1422.40  0.35
 1423.10  0.35
 1423.80  0.35
 1424.50  0.35
 1425.20  0.35
 1425.90  0.35
 1426.60  0.35
 1427.30  0.35
 1428.00  0.35
 1428.70  0.35
 1429.40  0.35
 1430.10  0.35
 1430.80  0.35
 1431.50  0.35
 1432.20  0.35
 1432.90  0.35
 1433.60  0.35
 1434.30  0.35
 1435.00  0.35
 1435.70  0.35
 1436.40  0.35
 1437.10  0.35
 1437.80  0.35
 1438.50  0.35
 1439.20  0.35
 1439.90  0.35
 1440.60  0.35
 1441.30  0.35
 1442.00  0.35
 1442.70  0.35
 1443.40  0.35
 1444.10  0.35
 1444.80  0.35
 1445.50  0.35
 1446.20  0.35
 1446.90  0.35
 1447.60  0.35
 1448.30  0.35
 1449.00  0.35
 1449.70  0.35
 1450.40  0.35
 1451.10  0.35
 1451.80  0.35
 1452.50  0.35
 1453.20  0.35
 1453.90  0.35
 1454.60  0.35
 1455.30  0.35
 1456.00  0.35
 1456.70  0.35
 1457.40  0.35
 1458.10  0.35
 1458.80  0.35
 1459.50  0.35
 1460.20  0.35
 1460.90  0.35
 1461.60  0.35
 1462.30  0.35
 1463.00  0.35
 1463.70  0.35
 1464.40  0.35
 1465.10  0.35
 1465.80  0.35
 1466.50  0.35
 1467.20  0.35
 1467.90  0.35
 1468.60  0.35
 1469.30  0.35
 1470.00  0.35
 1470.70  0.35
 1471.40  0.35
 1472.10  0.35
 1472.80  0.35
 1473.50  0.35
 1474.20  0.35
 1474.90  0.35
 1475.60  0.35
 1476.30  0.35
 1477.00  0.35
 1477.70  0.35
 1478.40  0.35
 1479.10  0.35
 1479.80  0.35
 1480.50  0.35
 1481.20  0.35
 1481.90  0.35
 1482.60  0.35
 1483.30  0.35
 1484.00  0.35
 1484.70  0.35
 1485.40  0.35
 1486.10  0.35
 1486.80  0.35
 1487.50  0.35
 1488.20  0.35
 1488.90  0.35
 1489.60  0.35
 1490.30  0.35
 1491.00  0.35
 1491.70  0.35
 1492.40  0.35
 1493.10  0.35
 1493.80  0.35
 1494.50  0.35
 1495.20  0.35
 1495.90  0.35
 1496.60  0.35
 1497.30  0.35
 1498.00  0.35
 1498.70  0.35
 1499.40  0.35
 1500.10  0.35
 1500.80  0.35
 1501.50  0.35
 1502.20  0.35
 1502.90  0.35
 1503.60  0.35
 1504.30  0.35
 1505.00  0.35
 1505.70  0.35
 1506.40  0.35
 1507.10  0.35
 1507.80  0.35
 1508.50  0.35
 1509.20  0.35
 1509.90  0.35
 1510.60  0.35
 1511.30  0.35
 1512.00  0.35
 1512.70  0.35
 1513.40  0.35
 1514.10  0.35
 1514.80  0.35
 1515.50  0.35
 1516.20  0.35
 1516.90  0.35
 1517.60  0.35
 1518.30  0.35
 1519.00  0.35
 1519.70  0.35
 1520.40  0.35
 1521.10  0.35
 1521.80  0.35
 1522.50  0.35
 1523.20  0.35
 1523.90  0.35
 1524.60  0.35
 1525.30  0.35
 1526.00  0.35
 1526.70  0.35
 1527.40  0.35
 1528.10  0.35
 1528.80  0.35
 1529.50  0.35
 1530.20  0.35
 1530.90  0.35
 1531.60  0.35
 1532.30  0.35
 1533.00  0.35
 1533.70  0.35
 1534.40  0.35
 1535.10  0.35
 1535.80  0.35
 1536.50  0.35
 1537.20  0.35
 1537.90  0.35
 1538.60  0.35
 1539.30  0.35
 1540.00  0.35
 1540.70  0.35
 1541.40  0.35
 1542.10  0.35
 1542.80  0.35
 1543.50  0.35
 1544.20  0.35
 1544.90  0.35
 1545.60  0.35
 1546.30  0.35
 1547.00  0.35
 1547.70  0.35
 1548.40  0.35
 1549.10  0.35
 1549.80  0.35
 1550.50  0.35
 1551.20  0.35
 1551.90  0.35
 1552.60  0.35
 1553.30  0.35
 1554.00  0.35
 1554.70  0.35
 1555.40  0.35
 1556.10  0.35
 1556.80  0.35
 1557.50  0.35
 1558.20  0.35
 1558.90  0.35
 1559.60  0.35
 1560.30  0.35
 1561.00  0.35
 1561.70  0.35
 1562.40  0.35
 1563.10  0.35
 1563.80  0.35
 1564.50  0.35
 1565.20  0.35
 1565.90  0.35
 1566.60  0.35
 1567.30  0.35
 1568.00  0.35
 1568.70  0.35
 1569.40  0.35
 1570.10  0.35
 1570.80  0.35
 1571.50  0.35
 1572.20  0.35
 1572.90  0.35
 1573.60  0.35
 1574.30  0.35
 1575.00  0.35
 1575.70  0.35
 1576.40  0.35
 1577.10  0.35
 1577.80  0.35
 1578.50  0.35
 1579.20  0.35
 1579.90  0.35
 1580.60  0.35
 1581.30  0.35
 1582.00  0.35
 1582.70  0.35
 1583.40  0.35
 1584.10  0.35
 1584.80  0.35
 1585.50  0.35
 1586.20  0.35
 1586.90  0.35
 1587.60  0.35
 1588.30  0.35
 1589.00  0.35
 1589.70  0.35
 1590.40  0.35
 1591.10  0.35
 1591.80  0.35
 1592.50  0.35
 1593.20  0.35
 1593.90  0.35
 1594.60  0.35
 1595.30  0.35
 1596.00  0.35
 1596.70  0.35
 1597.40  0.35
 1598.10  0.35
 1598.80  0.35
 1599.50  0.35
 1600.20  0.35
 1600.90  0.35
 1601.60  0.35
 1602.30  0.35
 1603.00  0.35
 1603.70  0.35
 1604.40  0.35
 1605.10  0.35
 1605.80  0.35
 1606.50  0.35
 1607.20  0.35
 1607.90  0.35
 1608.60  0.35
 1609.30  0.35
 1610.00  0.35
 1610.70  0.35
 1611.40  0.35
 1612.10  0.35
 1612.80  0.35
 1613.50  0.35
 1614.20  0.35
 1614.90  0.35
 1615.60  0.35
 1616.30  0.35
 1617.00  0.35
 1617.70  0.35
 1618.40  0.35
 1619.10  0.35
 1619.80  0.35
 1620.50  0.35
 1621.20  0.35
 1621.90  0.35
 1622.60  0.35
 1623.30  0.35
 1624.00  0.35
 1624.70  0.35
 1625.40  0.35
 1626.10  0.35
 1626.80  0.35
 1627.50  0.35
 1628.20  0.35
 1628.90  0.35
 1629.60  0.35
 1630.30  0.35
 1631.00  0.35
 1631.70  0.35
 1632.40  0.35
 1633.10  0.35
 1633.80  0.35
 1634.50  0.35
 1635.20  0.35
 1635.90  0.35
 1636.60  0.35
 1637.30  0.35
 1638.00  0.35
 1638.70  0.35
 1639.40  0.35
 1640.10  0.35
 1640.80  0.35
 1641.50  0.35
 1642.20  0.35
 1642.90  0.35
 1643.60  0.35
 1644.30  0.35
 1645.00  0.35
 1645.70  0.35
 1646.40  0.35
 1647.10  0.35
 1647.80  0.35
 1648.50  0.35
 1649.20  0.35
 1649.90  0.35
 1650.60  0.35
 1651.30  0.35
 1652.00  0.35
 1652.70  0.35
 1653.40  0.35
 1654.10  0.35
 1654.80  0.35
 1655.50  0.35
 1656.20  0.35
 1656.90  0.35
 1657.60  0.35
 1658.30  0.35
 1659.00  0.35
 1659.70  0.35
 1660.40  0.35
 1661.10  0.35
 1661.80  0.35
 1662.50  0.35
 1663.20  0.35
 1663.90  0.35
 1664.60  0.35
 1665.30  0.35
 1666.00  0.35
 1666.70  0.35
 1667.40  0.35
 1668.10  0.35
 1668.80  0.35
 1669.50  0.35
 1670.20  0.35
 1670.90  0.35
 1671.60  0.35
 1672.30  0.35
 1673.00  0.35
 1673.70  0.35
 1674.40  0.35
 1675.10  0.35
 1675.80  0.35
 1676.50  0.35
 1677.20  0.35
 1677.90  0.35
 1678.60  0.35
 1679.30  0.35
 1680.00  0.35
 1680.70  0.35
 1681.40  0.35
 1682.10  0.35
 1682.80  0.35
 1683.50  0.35
 1684.20  0.35
 1684.90  0.35
 1685.60  0.35
 1686.30  0.35
 1687.00  0.35
 1687.70  0.35
 1688.40  0.35
 1689.10  0.35
 1689.80  0.35
 1690.50  0.35
 1691.20  0.35
 1691.90  0.35
 1692.60  0.35
 1693.30  0.35
 1694.00  0.35
 1694.70  0.35
 1695.40  0.35
 1696.10  0.35
 1696.80  0.35
 1697.50  0.35
 1698.20  0.35
 1698.90  0.35
 1699.60  0.35
 1700.30  0.35
 1701.00  0.35
 1701.70  0.35
 1702.40  0.35
 1703.10  0.35
 1703.80  0.35
 1704.50  0.35
 1705.20  0.35
 1705.90  0.35
 1706.60  0.35
 1707.30  0.35
 1708.00  0.35
 1708.70  0.35
 1709.40  0.35
 1710.10  0.35
 1710.80  0.35
 1711.50  0.35
 1712.20  0.35
 1712.90  0.35
 1713.60  0.35
 1714.30  0.35
 1715.00  0.35
 1715.70  0.35
 1716.40  0.35
 1717.10  0.35
 1717.80  0.35
 1718.50  0.35
 1719.20  0.35
 1719.90  0.35
 1720.60  0.35
 1721.30  0.35
 1722.00  0.35
 1722.70  0.35
 1723.40  0.35
 1724.10  0.35
 1724.80  0.35
 1725.50  0.35
 1726.20  0.35
 1726.90  0.35
 1727.60  0.35
 1728.30  0.35
 1729.00  0.35
 1729.70  0.35
 1730.40  0.35
 1731.10  0.35
 1731.80  0.35
 1732.50  0.35
 1733.20  0.35
 1733.90  0.35
 1734.60  0.35
 1735.30  0.35
 1736.00  0.35
 1736.70  0.35
 1737.40  0.35
 1738.10  0.35
 1738.80  0.35
 1739.50  0.35
 1740.20  0.35
 1740.90  0.35
 1741.60  0.35
 1742.30  0.35
 1743.00  0.35
 1743.70  0.35
 1744.40  0.35
 1745.10  0.35
 1745.80  0.35
 1746.50  0.35
 1747.20  0.35
 1747.90  0.35
 1748.60  0.35
 1749.30  0.35
 1750.00  0.35
 1750.70  0.35
 1751.40  0.35
 1752.10  0.35
 1752.80  0.35
 1753.50  0.35
 1754.20  0.35
 1754.90  0.35
 1755.60  0.35
 1756.30  0.35
 1757.00  0.35
 1757.70  0.35
 1758.40  0.35
 1759.10  0.35
 1759.80  0.35
 1760.50  0.35
 1761.20  0.35
 1761.90  0.35
 1762.60  0.35
 1763.30  0.35
 1764.00  0.35
 1764.70  0.35
 1765.40  0.35
 1766.10  0.35
 1766.80  0.35
 1767.50  0.35
 1768.20  0.35
 1768.90  0.35
 1769.60  0.35
 1770.30  0.35
 1771.00  0.35
 1771.70  0.35
 1772.40  0.35
 1773.10  0.35
 1773.80  0.35
 1774.50  0.35
 1775.20  0.35
 1775.90  0.35
 1776.60  0.35
 1777.30  0.35
 1778.00  0.35
 1778.70  0.35
 1779.40  0.35
 1780.10  0.35
 1780.80  0.35
 1781.50  0.35
 1782.20  0.35
 1782.90  0.35
 1783.60  0.35
 1784.30  0.35
 1785.00  0.35
 1785.70  0.35
 1786.40  0.35
 1787.10  0.35
 1787.80  0.35
 1788.50  0.35
 1789.20  0.35
 1789.90  0.35
 1790.60  0.35
 1791.30  0.35
 1792.00  0.35
 1792.70  0.35
 1793.40  0.35
 1794.10  0.35
 1794.80  0.35
 1795.50  0.35
 1796.20  0.35
 1796.90  0.35
 1797.60  0.35
 1798.30  0.35
 1799.00  0.35
 1799.70  0.35
 1800.40  0.35
 1801.10  0.35
 1801.80  0.35
 1802.50  0.35
 1803.20  0.35
 1803.90  0.35
 1804.60  0.35
 1805.30  0.35
 1806.00  0.35
 1806.70  0.35
 1807.40  0.35
 1808.10  0.35
 1808.80  0.35
 1809.50  0.35
 1810.20  0.35
 1810.90  0.35
 1811.60  0.35
 1812.30  0.35
 1813.00  0.35
 1813.70  0.35
 1814.40  0.35
 1815.10  0.35
 1815.80  0.35
 1816.50  0.35
 1817.20  0.35
 1817.90  0.35
 1818.60  0.35
 1819.30  0.35
 1820.00  0.35
 1820.70  0.35
 1821.40  0.35
 1822.10  0.35
 1822.80  0.35
 1823.50  0.35
 1824.20  0.35
 1824.90  0.35
 1825.60  0.35
 1826.30  0.35
 1827.00  0.35
 1827.70  0.35
 1828.40  0.35
 1829.10  0.35
 1829.80  0.35
 1830.50  0.35
 1831.20  0.35
 1831.90  0.35
 1832.60  0.35
 1833.30  0.35
 1834.00  0.35
 1834.70  0.35
 1835.40  0.35
 1836.10  0.35
 1836.80  0.35
 1837.50  0.35
 1838.20  0.35
 1838.90  0.35
 1839.60  0.35
 1840.30  0.35
 1841.00  0.35
 1841.70  0.35
 1842.40  0.35
 1843.10  0.35
 1843.80  0.35
 1844.50  0.35
 1845.20  0.35
 1845.90  0.35
 1846.60  0.35
 1847.30  0.35
 1848.00  0.35
 1848.70  0.35
 1849.40  0.35
 1850.10  0.35
 1850.80  0.35
 1851.50  0.35
 1852.20  0.35
 1852.90  0.35
 1853.60  0.35
 1854.30  0.35
 1855.00  0.35
 1855.70  0.35
 1856.40  0.35
 1857.10  0.35
 1857.80  0.35
 1858.50  0.35
 1859.20  0.35
 1859.90  0.35
 1860.60  0.35
 1861.30  0.35
 1862.00  0.35
 1862.70  0.35
 1863.40  0.35
 1864.10  0.35
 1864.80  0.35
 1865.50  0.35
 1866.20  0.35
 1866.90  0.35
 1867.60  0.35
 1868.30  0.35
 1869.00  0.35
 1869.70  0.35
 1870.40  0.35
 1871.10  0.35
 1871.80  0.35
 1872.50  0.35
 1873.20  0.35
 1873.90  0.35
 1874.60  0.35
 1875.30  0.35
 1876.00  0.35
 1876.70  0.35
 1877.40  0.35
 1878.10  0.35
 1878.80  0.35
 1879.50  0.35
 1880.20  0.35
 1880.90  0.35
 1881.60  0.35
 1882.30  0.35
 1883.00  0.35
 1883.70  0.35
 1884.40  0.35
 1885.10  0.35
 1885.80  0.35
 1886.50  0.35
 1887.20  0.35
 1887.90  0.35
 1888.60  0.35
 1889.30  0.35
 1890.00  0.35
 1890.70  0.35
 1891.40  0.35
 1892.10  0.35
 1892.80  0.35
 1893.50  0.35
 1894.20  0.35
 1894.90  0.35
 1895.60  0.35
 1896.30  0.35
 1897.00  0.35
 1897.70  0.35
 1898.40  0.35
 1899.10  0.35
 1899.80  0.35
 1900.50  0.35
 1901.20  0.35
 1901.90  0.35
 1902.60  0.35
 1903.30  0.35
 1904.00  0.35
 1904.70  0.35
 1905.40  0.35
 1906.10  0.35
 1906.80  0.35
 1907.50  0.35
 1908.20  0.35
 1908.90  0.35
 1909.60  0.35
 1910.30  0.35
 1911.00  0.35
 1911.70  0.35
 1912.40  0.35
 1913.10  0.35
 1913.80  0.35
 1914.50  0.35
 1915.20  0.35
 1915.90  0.35
 1916.60  0.35
 1917.30  0.35
 1918.00  0.35
 1918.70  0.35
 1919.40  0.35
 1920.10  0.35
 1920.80  0.35
 1921.50  0.35
 1922.20  0.35
 1922.90  0.35
 1923.60  0.35
 1924.30  0.35
 1925.00  0.35
 1925.70  0.35
 1926.40  0.35
 1927.10  0.35
 1927.80  0.35
 1928.50  0.35
 1929.20  0.35
 1929.90  0.35
 1930.60  0.35
 1931.30  0.35
 1932.00  0.35
 1932.70  0.35
 1933.40  0.35
 1934.10  0.35
 1934.80  0.35
 1935.50  0.35
 1936.20  0.35
 1936.90  0.35
 1937.60  0.35
 1938.30  0.35
 1939.00  0.35
 1939.70  0.35
 1940.40  0.35
 1941.10  0.35
 1941.80  0.35
 1942.50  0.35
 1943.20  0.35
 1943.90  0.35
 1944.60  0.35
 1945.30  0.35
 1946.00  0.35
 1946.70  0.35
 1947.40  0.35
 1948.10  0.35
 1948.80  0.35
 1949.50  0.35
 1950.20  0.35
 1950.90  0.35
 1951.60  0.35
 1952.30  0.35
 1953.00  0.35
 1953.70  0.35
 1954.40  0.35
 1955.10  0.35
 1955.80  0.35
 1956.50  0.35
 1957.20  0.35
 1957.90  0.35
 1958.60  0.35
 1959.30  0.35
 1960.00  0.35
 1960.70  0.35
 1961.40  0.35
 1962.10  0.35
 1962.80  0.35
 1963.50  0.35
 1964.20  0.35
 1964.90  0.35
 1965.60  0.35
 1966.30  0.35
 1967.00  0.35
 1967.70  0.35
 1968.40  0.35
 1969.10  0.35
 1969.80  0.35
 1970.50  0.35
 1971.20  0.35
 1971.90  0.35
 1972.60  0.35
 1973.30  0.35
 1974.00  0.35
 1974.70  0.35
 1975.40  0.35
 1976.10  0.35
 1976.80  0.35
 1977.50  0.35
 1978.20  0.35
 1978.90  0.35
 1979.60  0.35
 1980.30  0.35
 1981.00  0.35
 1981.70  0.35
 1982.40  0.35
 1983.10  0.35
 1983.80  0.35
 1984.50  0.35
 1985.20  0.35
 1985.90  0.35
 1986.60  0.35
 1987.30  0.35
 1988.00  0.35
 1988.70  0.35
 1989.40  0.35
 1990.10  0.35
 1990.80  0.35
 1991.50  0.35
 1992.20  0.35
 1992.90  0.35
 1993.60  0.35
 1994.30  0.35
 1995.00  0.35
 1995.70  0.35
 1996.40  0.35
 1997.10  0.35
 1997.80  0.35
 1998.50  0.35
 1999.20  0.35
 1999.90  0.35
 2000.60  0.35
 2001.30  0.35
 2002.00  0.35
 2002.70  0.35
 2003.40  0.35
 2004.10  0.35
 2004.80  0.35
 2005.50  0.35
 2006.20  0.35
 2006.90  0.35
 2007.60  0.35
 2008.30  0.35
 2009.00  0.35
 2009.70  0.35
 2010.40  0.35
 2011.10  0.35
 2011.80  0.35
 2012.50  0.35
 2013.20  0.35
 2013.90  0.35
 2014.60  0.35
 2015.30  0.35
 2016.00  0.35
 2016.70  0.35
 2017.40  0.35
 2018.10  0.35
 2018.80  0.35
 2019.50  0.35
 2020.20  0.35
 2020.90  0.35
 2021.60  0.35
 2022.30  0.35
 2023.00  0.35
 2023.70  0.35
 2024.40  0.35
 2025.10  0.35
 2025.80  0.35
 2026.50  0.35
 2027.20  0.35
 2027.90  0.35
 2028.60  0.35
 2029.30  0.35
 2030.00  0.35
 2030.70  0.35
 2031.40  0.35
 2032.10  0.35
 2032.80  0.35
 2033.50  0.35
 2034.20  0.35
 2034.90  0.35
 2035.60  0.35
 2036.30  0.35
 2037.00  0.35
 2037.70  0.35
 2038.40  0.35
 2039.10  0.35
 2039.80  0.35
 2040.50  0.35
 2041.20  0.35
 2041.90  0.35
 2042.60  0.35
 2043.30  0.35
 2044.00  0.35
 2044.70  0.35
 2045.40  0.35
 2046.10  0.35
 2046.80  0.35
 2047.50  0.35
 2048.20  0.35
 2048.90  0.35
 2049.60  0.35
 2050.30  0.35
 2051.00  0.35
 2051.70  0.35
 2052.40  0.35
 2053.10  0.35
 2053.80  0.35
 2054.50  0.35
 2055.20  0.35
 2055.90  0.35
 2056.60  0.35
 2057.30  0.35
 2058.00  0.35
 2058.70  0.35
 2059.40  0.35
 2060.10  0.35
 2060.80  0.35
 2061.50  0.35
 2062.20  0.35
 2062.90  0.35
 2063.60  0.35
 2064.30  0.35
 2065.00  0.35
 2065.70  0.35
 2066.40  0.35
 2067.10  0.35
 2067.80  0.35
 2068.50  0.35
 2069.20  0.35
 2069.90  0.35
 2070.60  0.35
 2071.30  0.35
 2072.00  0.35
 2072.70  0.35
 2073.40  0.35
 2074.10  0.35
 2074.80  0.35
 2075.50  0.35
 2076.20  0.35
 2076.90  0.35
 2077.60  0.35
 2078.30  0.35
 2079.00  0.35
 2079.70  0.35
 2080.40  0.35
 2081.10  0.35
 2081.80  0.35
 2082.50  0.35
 2083.20  0.35
 2083.90  0.35
 2084.60  0.35
 2085.30  0.35
 2086.00  0.35
 2086.70  0.35
 2087.40  0.35
 2088.10  0.35
 2088.80  0.35
 2089.50  0.35
 2090.20  0.35
 2090.90  0.35
 2091.60  0.35
 2092.30  0.35
 2093.00  0.35
 2093.70  0.35
 2094.40  0.35
 2095.10  0.35
 2095.80  0.35
 2096.50  0.35
 2097.20  0.35
 2097.90  0.35
 2098.60  0.35
 2099.30  0.35
 2100.00  0.35
 2100.70  0.35
 2101.40  0.35
 2102.10  0.35
 2102.80  0.35
 2103.50  0.35
 2104.20  0.35
 2104.90  0.35
 2105.60  0.35
 2106.30  0.35
 2107.00  0.35
 2107.70  0.35
 2108.40  0.35
 2109.10  0.35
 2109.80  0.35
 2110.50  0.35
 2111.20  0.35
 2111.90  0.35
 2112.60  0.35
 2113.30  0.35
 2114.00  0.35
 2114.70  0.35
 2115.40  0.35
 2116.10  0.35
 2116.80  0.35
 2117.50  0.35
 2118.20  0.35
 2118.90  0.35
 2119.60  0.35
 2120.30  0.35
 2121.00  0.35
 2121.70  0.35
 2122.40  0.35
 2123.10  0.35
 2123.80  0.35
 2124.50  0.35
 2125.20  0.35
 2125.90  0.35
 2126.60  0.35
 2127.30  0.35
 2128.00  0.35
 2128.70  0.35
 2129.40  0.35
 2130.10  0.35
 2130.80  0.35
 2131.50  0.35
 2132.20  0.35
 2132.90  0.35
 2133.60  0.35
 2134.30  0.35
 2135.00  0.35
 2135.70  0.35
 2136.40  0.35
 2137.10  0.35
 2137.80  0.35
 2138.50  0.35
 2139.20  0.35
 2139.90  0.35
 2140.60  0.35
 2141.30  0.35
 2142.00  0.35
 2142.70  0.35
 2143.40  0.35
 2144.10  0.35
 2144.80  0.35
 2145.50  0.35
 2146.20  0.35
 2146.90  0.35
 2147.60  0.35
 2148.30  0.35
 2149.00  0.35
 2149.70  0.35
 2150.40  0.35
 2151.10  0.35
 2151.80  0.35
 2152.50  0.35
 2153.20  0.35
 2153.90  0.35
 2154.60  0.35
 2155.30  0.35
 2156.00  0.35
 2156.70  0.35
 2157.40  0.35
 2158.10  0.35
 2158.80  0.35
 2159.50  0.35
 2160.20  0.35
 2160.90  0.35
 2161.60  0.35
 2162.30  0.35
 2163.00  0.35
 2163.70  0.35
 2164.40  0.35
 2165.10  0.35
 2165.80  0.35
 2166.50  0.35
 2167.20  0.35
 2167.90  0.35
 2168.60  0.35
 2169.30  0.35
 2170.00  0.35
 2170.70  0.35
 2171.40  0.35
 2172.10  0.35
 2172.80  0.35
 2173.50  0.35
 2174.20  0.35
 2174.90  0.35
 2175.60  0.35
 2176.30  0.35
 2177.00  0.35
 2177.70  0.35
 2178.40  0.35
 2179.10  0.35
 2179.80  0.35
 2180.50  0.35
 2181.20  0.35
 2181.90  0.35
 2182.60  0.35
 2183.30  0.35
 2184.00  0.35
 2184.70  0.35
 2185.40  0.35
 2186.10  0.35
 2186.80  0.35
 2187.50  0.35
 2188.20  0.35
 2188.90  0.35
 2189.60  0.35
 2190.30  0.35
 2191.00  0.35
 2191.70  0.35
 2192.40  0.35
 2193.10  0.35
 2193.80  0.35
 2194.50  0.35
 2195.20  0.35
 2195.90  0.35
 2196.60  0.35
 2197.30  0.35
 2198.00  0.35
 2198.70  0.35
 2199.40  0.35
 2200.10  0.35
 2200.80  0.35
 2201.50  0.35
 2202.20  0.35
 2202.90  0.35
 2203.60  0.35
 2204.30  0.35
 2205.00  0.35
 2205.70  0.35
 2206.40  0.35
 2207.10  0.35
 2207.80  0.35
 2208.50  0.35
 2209.20  0.35
 2209.90  0.35
 2210.60  0.35
 2211.30  0.35
 2212.00  0.35
 2212.70  0.35
 2213.40  0.35
 2214.10  0.35
 2214.80  0.35
 2215.50  0.35
 2216.20  0.35
 2216.90  0.35
 2217.60  0.35
 2218.30  0.35
 2219.00  0.35
 2219.70  0.35
 2220.40  0.35
 2221.10  0.35
 2221.80  0.35
 2222.50  0.35
 2223.20  0.35
 2223.90  0.35
 2224.60  0.35
 2225.30  0.35
 2226.00  0.35
 2226.70  0.35
 2227.40  0.35
 2228.10  0.35
 2228.80  0.35
 2229.50  0.35
 2230.20  0.35
 2230.90  0.35
 2231.60  0.35
 2232.30  0.35
 2233.00  0.35
 2233.70  0.35
 2234.40  0.35
 2235.10  0.35
 2235.80  0.35
 2236.50  0.35
 2237.20  0.35
 2237.90  0.35
 2238.60  0.35
 2239.30  0.35
 2240.00  0.35
 2240.70  0.35
 2241.40  0.35
 2242.10  0.35
 2242.80  0.35
 2243.50  0.35
 2244.20  0.35
 2244.90  0.35
 2245.60  0.35
 2246.30  0.35
 2247.00  0.35
 2247.70  0.35
 2248.40  0.35
 2249.10  0.35
 2249.80  0.35
 2250.50  0.35
 2251.20  0.35
 2251.90  0.35
 2252.60  0.35
 2253.30  0.35
 2254.00  0.35
 2254.70  0.35
 2255.40  0.35
 2256.10  0.35
 2256.80  0.35
 2257.50  0.35
 2258.20  0.35
 2258.90  0.35
 2259.60  0.35
 2260.30  0.35
 2261.00  0.35
 2261.70  0.35
 2262.40  0.35
 2263.10  0.35
 2263.80  0.35
 2264.50  0.35
 2265.20  0.35
 2265.90  0.35
 2266.60  0.35
 2267.30  0.35
 2268.00  0.35
 2268.70  0.35
 2269.40  0.35
 2270.10  0.35
 2270.80  0.35
 2271.50  0.35
 2272.20  0.35
 2272.90  0.35
 2273.60  0.35
 2274.30  0.35
 2275.00  0.35
 2275.70  0.35
 2276.40  0.35
 2277.10  0.35
 2277.80  0.35
 2278.50  0.35
 2279.20  0.35
 2279.90  0.35
 2280.60  0.35
 2281.30  0.35
 2282.00  0.35
 2282.70  0.35
 2283.40  0.35
 2284.10  0.35
 2284.80  0.35
 2285.50  0.35
 2286.20  0.35
 2286.90  0.35
 2287.60  0.35
 2288.30  0.35
 2289.00  0.35
 2289.70  0.35
 2290.40  0.35
 2291.10  0.35
 2291.80  0.35
 2292.50  0.35
 2293.20  0.35
 2293.90  0.35
 2294.60  0.35
 2295.30  0.35
 2296.00  0.35
 2296.70  0.35
 2297.40  0.35
 2298.10  0.35
 2298.80  0.35
 2299.50  0.35
 2300.20  0.35
 2300.90  0.35
 2301.60  0.35
 2302.30  0.35
 2303.00  0.35
 2303.70  0.35
 2304.40  0.35
 2305.10  0.35
 2305.80  0.35
 2306.50  0.35
 2307.20  0.35
 2307.90  0.35
 2308.60  0.35
 2309.30  0.35
 2310.00  0.35
 2310.70  0.35
 2311.40  0.35
 2312.10  0.35
 2312.80  0.35
 2313.50  0.35
 2314.20  0.35
 2314.90  0.35
 2315.60  0.35
 2316.30  0.35
 2317.00  0.35
 2317.70  0.35
 2318.40  0.35
 2319.10  0.35
 2319.80  0.35
 2320.50  0.35
 2321.20  0.35
 2321.90  0.35
 2322.60  0.35
 2323.30  0.35
 2324.00  0.35
 2324.70  0.35
 2325.40  0.35
 2326.10  0.35
 2326.80  0.35
 2327.50  0.35
 2328.20  0.35
 2328.90  0.35
 2329.60  0.35
 2330.30  0.35
 2331.00  0.35
 2331.70  0.35
 2332.40  0.35
 2333.10  0.35
 2333.80  0.35
 2334.50  0.35
 2335.20  0.35
 2335.90  0.35
 2336.60  0.35
 2337.30  0.35
 2338.00  0.35
 2338.70  0.35
 2339.40  0.35
 2340.10  0.35
 2340.80  0.35
 2341.50  0.35
 2342.20  0.35
 2342.90  0.35
 2343.60  0.35
 2344.30  0.35
 2345.00  0.35
 2345.70  0.35
 2346.40  0.35
 2347.10  0.35
 2347.80  0.35
 2348.50  0.35
 2349.20  0.35
 2349.90  0.35
 2350.60  0.35
 2351.30  0.35
 2352.00  0.35
 2352.70  0.35
 2353.40  0.35
 2354.10  0.35
 2354.80  0.35
 2355.50  0.35
 2356.20  0.35
 2356.90  0.35
 2357.60  0.35
 2358.30  0.35
 2359.00  0.35
 2359.70  0.35
 2360.40  0.35
 2361.10  0.35
 2361.80  0.35
 2362.50  0.35
 2363.20  0.35
 2363.90  0.35
 2364.60  0.35
 2365.30  0.35
 2366.00  0.35
 2366.70  0.35
 2367.40  0.35
 2368.10  0.35
 2368.80  0.35
 2369.50  0.35
 2370.20  0.35
 2370.90  0.35
 2371.60  0.35
 2372.30  0.35
 2373.00  0.35
 2373.70  0.35
 2374.40  0.35
 2375.10  0.35
 2375.80  0.35
 2376.50  0.35
 2377.20  0.35
 2377.90  0.35
 2378.60  0.35
 2379.30  0.35
 2380.00  0.35
 2380.70  0.35
 2381.40  0.35
 2382.10  0.35
 2382.80  0.35
 2383.50  0.35
 2384.20  0.35
 2384.90  0.35
 2385.60  0.35
 2386.30  0.35
 2387.00  0.35
 2387.70  0.35
 2388.40  0.35
 2389.10  0.35
 2389.80  0.35
 2390.50  0.35
 2391.20  0.35
 2391.90  0.35
 2392.60  0.35
 2393.30  0.35
 2394.00  0.35
 2394.70  0.35
 2395.40  0.35
 2396.10  0.35
 2396.80  0.35
 2397.50  0.35
 2398.20  0.35
 2398.90  0.35
 2399.60  0.35
 2400.30  0.35
 2401.00  0.35
 2401.70  0.35
 2402.40  0.35
 2403.10  0.35
 2403.80  0.35
 2404.50  0.35
 2405.20  0.35
 2405.90  0.35
 2406.60  0.35
 2407.30  0.35
 2408.00  0.35
 2408.70  0.35
 2409.40  0.35
 2410.10  0.35
 2410.80  0.35
 2411.50  0.35
 2412.20  0.35
 2412.90  0.35
 2413.60  0.35
 2414.30  0.35
 2415.00  0.35
 2415.70  0.35
 2416.40  0.35
 2417.10  0.35
 2417.80  0.35
 2418.50  0.35
 2419.20  0.35
 2419.90  0.35
 2420.60  0.35
 2421.30  0.35
 2422.00  0.35
 2422.70  0.35
 2423.40  0.35
 2424.10  0.35
 2424.80  0.35
 2425.50  0.35
 2426.20  0.35
 2426.90  0.35
 2427.60  0.35
 2428.30  0.35
 2429.00  0.35
 2429.70  0.35
 2430.40  0.35
 2431.10  0.35
 2431.80  0.35
 2432.50  0.35
 2433.20  0.35
 2433.90  0.35
 2434.60  0.35
 2435.30  0.35
 2436.00  0.35
 2436.70  0.35
 2437.40  0.35
 2438.10  0.35
 2438.80  0.35
 2439.50  0.35
 2440.20  0.35
 2440.90  0.35
 2441.60  0.35
 2442.30  0.35
 2443.00  0.35
 2443.70  0.35
 2444.40  0.35
 2445.10  0.35
 2445.80  0.35
 2446.50  0.35
 2447.20  0.35
 2447.90  0.35
 2448.60  0.35
 2449.30  0.35
 2450.00  0.35
 2450.70  0.35
 2451.40  0.35
 2452.10  0.35
 2452.80  0.35
 2453.50  0.35
 2454.20  0.35
 2454.90  0.35
 2455.60  0.35
 2456.30  0.35
 2457.00  0.35
 2457.70  0.35
 2458.40  0.35
 2459.10  0.35
 2459.80  0.35
 2460.50  0.35
 2461.20  0.35
 2461.90  0.35
 2462.60  0.35
 2463.30  0.35
 2464.00  0.35
 2464.70  0.35
 2465.40  0.35
 2466.10  0.35
 2466.80  0.35
 2467.50  0.35
 2468.20  0.35
 2468.90  0.35
 2469.60  0.35
 2470.30  0.35
 2471.00  0.35
 2471.70  0.35
 2472.40  0.35
 2473.10  0.35
 2473.80  0.35
 2474.50  0.35
 2475.20  0.35
 2475.90  0.35
 2476.60  0.35
 2477.30  0.35
 2478.00  0.35
 2478.70  0.35
 2479.40  0.35
 2480.10  0.35
 2480.80  0.35
 2481.50  0.35
 2482.20  0.35
 2482.90  0.35
 2483.60  0.35
 2484.30  0.35
 2485.00  0.35
 2485.70  0.35
 2486.40  0.35
 2487.10  0.35
 2487.80  0.35
 2488.50  0.35
 2489.20  0.35
 2489.90  0.35
 2490.60  0.35
 2491.30  0.35
 2492.00  0.35
 2492.70  0.35
 2493.40  0.35
 2494.10  0.35
 2494.80  0.35
 2495.50  0.35
 2496.20  0.35
 2496.90  0.35
 2497.60  0.35
 2498.30  0.35
 2499.00  0.35
 2499.70  0.35
 2500.40  0.35
 2501.10  0.35
 2501.80  0.35
 2502.50  0.35
 2503.20  0.35
 2503.90  0.35
 2504.60  0.35
 2505.30  0.35
 2506.00  0.35
 2506.70  0.35
 2507.40  0.35
 2508.10  0.35
 2508.80  0.35
 2509.50  0.35
 2510.20  0.35
 2510.90  0.35
 2511.60  0.35
 2512.30  0.35
 2513.00  0.35
 2513.70  0.35
 2514.40  0.35
 2515.10  0.35
 2515.80  0.35
 2516.50  0.35
 2517.20  0.35
 2517.90  0.35
 2518.60  0.35
 2519.30  0.35
 2520.00  0.35
 2520.70  0.35
 2521.40  0.35
 2522.10  0.35
 2522.80  0.35
 2523.50  0.35
 2524.20  0.35
 2524.90  0.35
 2525.60  0.35
 2526.30  0.35
 2527.00  0.35
 2527.70  0.35
 2528.40  0.35
 2529.10  0.35
 2529.80  0.35
 2530.50  0.35
 2531.20  0.35
 2531.90  0.35
 2532.60  0.35
 2533.30  0.35
 2534.00  0.35
 2534.70  0.35
 2535.40  0.35
 2536.10  0.35
 2536.80  0.35
 2537.50  0.35
 2538.20  0.35
 2538.90  0.35
 2539.60  0.35
 2540.30  0.35
 2541.00  0.35
 2541.70  0.35
 2542.40  0.35
 2543.10  0.35
 2543.80  0.35
 2544.50  0.35
 2545.20  0.35
 2545.90  0.35
 2546.60  0.35
 2547.30  0.35
 2548.00  0.35
 2548.70  0.35
 2549.40  0.35
 2550.10  0.35
 2550.80  0.35
 2551.50  0.35
 2552.20  0.35
 2552.90  0.35
 2553.60  0.35
 2554.30  0.35
 2555.00  0.35
 2555.70  0.35
 2556.40  0.35
 2557.10  0.35
 2557.80  0.35
 2558.50  0.35
 2559.20  0.35
 2559.90  0.35
 2560.60  0.35
 2561.30  0.35
 2562.00  0.35
 2562.70  0.35
 2563.40  0.35
 2564.10  0.35
 2564.80  0.35
 2565.50  0.35
 2566.20  0.35
 2566.90  0.35
 2567.60  0.35
 2568.30  0.35
 2569.00  0.35
 2569.70  0.35
 2570.40  0.35
 2571.10  0.35
 2571.80  0.35
 2572.50  0.35
 2573.20  0.35
 2573.90  0.35
 2574.60  0.35
 2575.30  0.35
 2576.00  0.35
 2576.70  0.35
 2577.40  0.35
 2578.10  0.35
 2578.80  0.35
 2579.50  0.35
 2580.20  0.35
 2580.90  0.35
 2581.60  0.35
 2582.30  0.35
 2583.00  0.35
 2583.70  0.35
 2584.40  0.35
 2585.10  0.35
 2585.80  0.35
 2586.50  0.35
 2587.20  0.35
 2587.90  0.35
 2588.60  0.35
 2589.30  0.35
 2590.00  0.35
 2590.70  0.35
 2591.40  0.35
 2592.10  0.35
 2592.80  0.35
 2593.50  0.35
 2594.20  0.35
 2594.90  0.35
 2595.60  0.35
 2596.30  0.35
 2597.00  0.35
 2597.70  0.35
 2598.40  0.35
 2599.10  0.35
 2599.80  0.35
 2600.50  0.35
 2601.20  0.35
 2601.90  0.35
 2602.60  0.35
 2603.30  0.35
 2604.00  0.35
 2604.70  0.35
 2605.40  0.35
 2606.10  0.35
 2606.80  0.35
 2607.50  0.35
 2608.20  0.35
 2608.90  0.35
 2609.60  0.35
 2610.30  0.35
 2611.00  0.35
 2611.70  0.35
 2612.40  0.35
 2613.10  0.35
 2613.80  0.35
 2614.50  0.35
 2615.20  0.35
 2615.90  0.35
 2616.60  0.35
 2617.30  0.35
 2618.00  0.35
 2618.70  0.35
 2619.40  0.35
 2620.10  0.35
 2620.80  0.35
 2621.50  0.35
 2622.20  0.35
 2622.90  0.35
 2623.60  0.35
 2624.30  0.35
 2625.00  0.35
 2625.70  0.35
 2626.40  0.35
 2627.10  0.35
 2627.80  0.35
 2628.50  0.35
 2629.20  0.35
 2629.90  0.35
 2630.60  0.35
 2631.30  0.35
 2632.00  0.35
 2632.70  0.35
 2633.40  0.35
 2634.10  0.35
 2634.80  0.35
 2635.50  0.35
 2636.20  0.35
 2636.90  0.35
 2637.60  0.35
 2638.30  0.35
 2639.00  0.35
 2639.70  0.35
 2640.40  0.35
 2641.10  0.35
 2641.80  0.35
 2642.50  0.35
 2643.20  0.35
 2643.90  0.35
 2644.60  0.35
 2645.30  0.35
 2646.00  0.35
 2646.70  0.35
 2647.40  0.35
 2648.10  0.35
 2648.80  0.35
 2649.50  0.35
 2650.20  0.35
 2650.90  0.35
 2651.60  0.35
 2652.30  0.35
 2653.00  0.35
 2653.70  0.35
 2654.40  0.35
 2655.10  0.35
 2655.80  0.35
 2656.50  0.35
 2657.20  0.35
 2657.90  0.35
 2658.60  0.35
 2659.30  0.35
 2660.00  0.35
 2660.70  0.35
 2661.40  0.35
 2662.10  0.35
 2662.80  0.35
 2663.50  0.35
 2664.20  0.35
 2664.90  0.35
 2665.60  0.35
 2666.30  0.35
 2667.00  0.35
 2667.70  0.35
 2668.40  0.35
 2669.10  0.35
 2669.80  0.35
 2670.50  0.35
 2671.20  0.35
 2671.90  0.35
 2672.60  0.35
 2673.30  0.35
 2674.00  0.35
 2674.70  0.35
 2675.40  0.35
 2676.10  0.35
 2676.80  0.35
 2677.50  0.35
 2678.20  0.35
 2678.90  0.35
 2679.60  0.35
 2680.30  0.35
 2681.00  0.35
 2681.70  0.35
 2682.40  0.35
 2683.10  0.35
 2683.80  0.35
 2684.50  0.35
 2685.20  0.35
 2685.90  0.35
 2686.60  0.35
 2687.30  0.35
 2688.00  0.35
 2688.70  0.35
 2689.40  0.35
 2690.10  0.35
 2690.80  0.35
 2691.50  0.35
 2692.20  0.35
 2692.90  0.35
 2693.60  0.35
 2694.30  0.35
 2695.00  0.35
 2695.70  0.35
 2696.40  0.35
 2697.10  0.35
 2697.80  0.35
 2698.50  0.35
 2699.20  0.35
 2699.90  0.35
 2700.60  0.35
 2701.30  0.35
 2702.00  0.35
 2702.70  0.35
 2703.40  0.35
 2704.10  0.35
 2704.80  0.35
 2705.50  0.35
 2706.20  0.35
 2706.90  0.35
 2707.60  0.35
 2708.30  0.35
 2709.00  0.35
 2709.70  0.35
 2710.40  0.35
 2711.10  0.35
 2711.80  0.35
 2712.50  0.35
 2713.20  0.35
 2713.90  0.35
 2714.60  0.35
 2715.30  0.35
 2716.00  0.35
 2716.70  0.35
 2717.40  0.35
 2718.10  0.35
 2718.80  0.35
 2719.50  0.35
 2720.20  0.35
 2720.90  0.35
 2721.60  0.35
 2722.30  0.35
 2723.00  0.35
 2723.70  0.35
 2724.40  0.35
 2725.10  0.35
 2725.80  0.35
 2726.50  0.35
 2727.20  0.35
 2727.90  0.35
 2728.60  0.35
 2729.30  0.35
 2730.00  0.35
 2730.70  0.35
 2731.40  0.35
 2732.10  0.35
 2732.80  0.35
 2733.50  0.35
 2734.20  0.35
 2734.90  0.35
 2735.60  0.35
 2736.30  0.35
 2737.00  0.35
 2737.70  0.35
 2738.40  0.35
 2739.10  0.35
 2739.80  0.35
 2740.50  0.35
 2741.20  0.35
 2741.90  0.35
 2742.60  0.35
 2743.30  0.35
 2744.00  0.35
 2744.70  0.35
 2745.40  0.35
 2746.10  0.35
 2746.80  0.35
 2747.50  0.35
 2748.20  0.35
 2748.90  0.35
 2749.60  0.35
 2750.30  0.35
 2751.00  0.35
 2751.70  0.35
 2752.40  0.35
 2753.10  0.35
 2753.80  0.35
 2754.50  0.35
 2755.20  0.35
 2755.90  0.35
 2756.60  0.35
 2757.30  0.35
 2758.00  0.35
 2758.70  0.35
 2759.40  0.35
 2760.10  0.35
 2760.80  0.35
 2761.50  0.35
 2762.20  0.35
 2762.90  0.35
 2763.60  0.35
 2764.30  0.35
 2765.00  0.35
 2765.70  0.35
 2766.40  0.35
 2767.10  0.35
 2767.80  0.35
 2768.50  0.35
 2769.20  0.35
 2769.90  0.35
 2770.60  0.35
 2771.30  0.35
 2772.00  0.35
 2772.70  0.35
 2773.40  0.35
 2774.10  0.35
 2774.80  0.35
 2775.50  0.35
 2776.20  0.35
 2776.90  0.35
 2777.60  0.35
 2778.30  0.35
 2779.00  0.35
 2779.70  0.35
 2780.40  0.35
 2781.10  0.35
 2781.80  0.35
 2782.50  0.35
 2783.20  0.35
 2783.90  0.35
 2784.60  0.35
 2785.30  0.35
 2786.00  0.35
 2786.70  0.35
 2787.40  0.35
 2788.10  0.35
 2788.80  0.35
 2789.50  0.35
 2790.20  0.35
 2790.90  0.35
 2791.60  0.35
 2792.30  0.35
 2793.00  0.35
 2793.70  0.35
 2794.40  0.35
 2795.10  0.35
 2795.80  0.35
 2796.50  0.35
 2797.20  0.35
 2797.90  0.35
 2798.60  0.35
 2799.30  0.35
 2800.00  0.35
 2800.70  0.35
 2801.40  0.35
 2802.10  0.35
 2802.80  0.35
 2803.50  0.35
 2804.20  0.35
 2804.90  0.35
 2805.60  0.35
 2806.30  0.35
 2807.00  0.35
 2807.70  0.35
 2808.40  0.35
 2809.10  0.35
 2809.80  0.35
 2810.50  0.35
 2811.20  0.35
 2811.90  0.35
 2812.60  0.35
 2813.30  0.35
 2814.00  0.35
 2814.70  0.35
 2815.40  0.35
 2816.10  0.35
 2816.80  0.35
 2817.50  0.35
 2818.20  0.35
 2818.90  0.35
 2819.60  0.35
 2820.30  0.35
 2821.00  0.35
 2821.70  0.35
 2822.40  0.35
 2823.10  0.35
 2823.80  0.35
 2824.50  0.35
 2825.20  0.35
 2825.90  0.35
 2826.60  0.35
 2827.30  0.35
 2828.00  0.35
 2828.70  0.35
 2829.40  0.35
 2830.10  0.35
 2830.80  0.35
 2831.50  0.35
 2832.20  0.35
 2832.90  0.35
 2833.60  0.35
 2834.30  0.35
 2835.00  0.35
 2835.70  0.35
 2836.40  0.35
 2837.10  0.35
 2837.80  0.35
 2838.50  0.35
 2839.20  0.35
 2839.90  0.35
 2840.60  0.35
 2841.30  0.35
 2842.00  0.35
 2842.70  0.35
 2843.40  0.35
 2844.10  0.35
 2844.80  0.35
 2845.50  0.35
 2846.20  0.35
 2846.90  0.35
 2847.60  0.35
 2848.30  0.35
 2849.00  0.35
 2849.70  0.35
 2850.40  0.35
 2851.10  0.35
 2851.80  0.35
 2852.50  0.35
 2853.20  0.35
 2853.90  0.35
 2854.60  0.35
 2855.30  0.35
 2856.00  0.35
 2856.70  0.35
 2857.40  0.35
 2858.10  0.35
 2858.80  0.35
 2859.50  0.35
 2860.20  0.35
 2860.90  0.35
 2861.60  0.35
 2862.30  0.35
 2863.00  0.35
 2863.70  0.35
 2864.40  0.35
 2865.10  0.35
 2865.80  0.35
 2866.50  0.35
 2867.20  0.35
 2867.90  0.35
 2868.60  0.35
 2869.30  0.35
 2870.00  0.35
 2870.70  0.35
 2871.40  0.35
 2872.10  0.35
 2872.80  0.35
 2873.50  0.35
 2874.20  0.35
 2874.90  0.35
 2875.60  0.35
 2876.30  0.35
 2877.00  0.35
 2877.70  0.35
 2878.40  0.35
 2879.10  0.35
 2879.80  0.35
 2880.50  0.35
 2881.20  0.35
 2881.90  0.35
 2882.60  0.35
 2883.30  0.35
 2884.00  0.35
 2884.70  0.35
 2885.40  0.35
 2886.10  0.35
 2886.80  0.35
 2887.50  0.35
 2888.20  0.35
 2888.90  0.35
 2889.60  0.35
 2890.30  0.35
 2891.00  0.35
 2891.70  0.35
 2892.40  0.35
 2893.10  0.35
 2893.80  0.35
 2894.50  0.35
 2895.20  0.35
 2895.90  0.35
 2896.60  0.35
 2897.30  0.35
 2898.00  0.35
 2898.70  0.35
 2899.40  0.35
 2900.10  0.35
 2900.80  0.35
 2901.50  0.35
 2902.20  0.35
 2902.90  0.35
 2903.60  0.35
 2904.30  0.35
 2905.00  0.35
 2905.70  0.35
 2906.40  0.35
 2907.10  0.35
 2907.80  0.35
 2908.50  0.35
 2909.20  0.35
 2909.90  0.35
 2910.60  0.35
 2911.30  0.35
 2912.00  0.35
 2912.70  0.35
 2913.40  0.35
 2914.10  0.35
 2914.80  0.35
 2915.50  0.35
 2916.20  0.35
 2916.90  0.35
 2917.60  0.35
 2918.30  0.35
 2919.00  0.35
 2919.70  0.35
 2920.40  0.35
 2921.10  0.35
 2921.80  0.35
 2922.50  0.35
 2923.20  0.35
 2923.90  0.35
 2924.60  0.35
 2925.30  0.35
 2926.00  0.35
 2926.70  0.35
 2927.40  0.35
 2928.10  0.35
 2928.80  0.35
 2929.50  0.35
 2930.20  0.35
 2930.90  0.35
 2931.60  0.35
 2932.30  0.35
 2933.00  0.35
 2933.70  0.35
 2934.40  0.35
 2935.10  0.35
 2935.80  0.35
 2936.50  0.35
 2937.20  0.35
 2937.90  0.35
 2938.60  0.35
 2939.30  0.35
 2940.00  0.35
 2940.70  0.35
 2941.40  0.35
 2942.10  0.35
 2942.80  0.35
 2943.50  0.35
 2944.20  0.35
 2944.90  0.35
 2945.60  0.35
 2946.30  0.35
 2947.00  0.35
 2947.70  0.35
 2948.40  0.35
 2949.10  0.35
 2949.80  0.35
 2950.50  0.35
 2951.20  0.35
 2951.90  0.35
 2952.60  0.35
 2953.30  0.35
 2954.00  0.35
 2954.70  0.35
 2955.40  0.35
 2956.10  0.35
 2956.80  0.35
 2957.50  0.35
 2958.20  0.35
 2958.90  0.35
 2959.60  0.35
 2960.30  0.35
 2961.00  0.35
 2961.70  0.35
 2962.40  0.35
 2963.10  0.35
 2963.80  0.35
 2964.50  0.35
 2965.20  0.35
 2965.90  0.35
 2966.60  0.35
 2967.30  0.35
 2968.00  0.35
 2968.70  0.35
 2969.40  0.35
 2970.10  0.35
 2970.80  0.35
 2971.50  0.35
 2972.20  0.35
 2972.90  0.35
 2973.60  0.35
 2974.30  0.35
 2975.00  0.35
 2975.70  0.35
 2976.40  0.35
 2977.10  0.35
 2977.80  0.35
 2978.50  0.35
 2979.20  0.35
 2979.90  0.35
 2980.60  0.35
 2981.30  0.35
 2982.00  0.35
 2982.70  0.35
 2983.40  0.35
 2984.10  0.35
 2984.80  0.35
 2985.50  0.35
 2986.20  0.35
 2986.90  0.35
 2987.60  0.35
 2988.30  0.35
 2989.00  0.35
 2989.70  0.35
 2990.40  0.35
 2991.10  0.35
 2991.80  0.35
 2992.50  0.35
 2993.20  0.35
 2993.90  0.35
 2994.60  0.35
 2995.30  0.35
 2996.00  0.35
 2996.70  0.35
 2997.40  0.35
 2998.10  0.35
 2998.80  0.35
 2999.50  0.35
