#Navio B MarAd
#Manobra de Curva Giro
#
#Eta 
#
#temp      rot 
 0.00  1.00
 0.70  1.00
 1.40  1.00
 2.10  1.00
 2.80  1.00
 3.50  1.00
 4.20  1.00
 4.90  1.00
 5.60  1.00
 6.30  1.00
 7.00  1.00
 7.70  1.00
 8.40  1.00
 9.10  1.00
 9.80  1.01
 10.50  1.01
 11.20  1.01
 11.90  1.01
 12.60  1.01
 13.30  1.01
 14.00  1.01
 14.70  1.01
 15.40  1.01
 16.10  1.01
 16.80  1.01
 17.50  1.01
 18.20  1.01
 18.90  1.01
 19.60  1.01
 20.30  1.01
 21.00  1.01
 21.70  1.01
 22.40  1.01
 23.10  1.01
 23.80  1.02
 24.50  1.02
 25.20  1.02
 25.90  1.02
 26.60  1.02
 27.30  1.02
 28.00  1.02
 28.70  1.02
 29.40  1.02
 30.10  1.02
 30.80  1.02
 31.50  1.02
 32.20  1.02
 32.90  1.02
 33.60  1.02
 34.30  1.02
 35.00  1.02
 35.70  1.02
 36.40  1.03
 37.10  1.03
 37.80  1.03
 38.50  1.03
 39.20  1.03
 39.90  1.03
 40.60  1.03
 41.30  1.03
 42.00  1.03
 42.70  1.03
 43.40  1.03
 44.10  1.03
 44.80  1.03
 45.50  1.03
 46.20  1.04
 46.90  1.04
 47.60  1.04
 48.30  1.04
 49.00  1.04
 49.70  1.04
 50.40  1.04
 51.10  1.04
 51.80  1.04
 52.50  1.04
 53.20  1.04
 53.90  1.04
 54.60  1.05
 55.30  1.05
 56.00  1.05
 56.70  1.05
 57.40  1.05
 58.10  1.05
 58.80  1.05
 59.50  1.05
 60.20  1.05
 60.90  1.05
 61.60  1.05
 62.30  1.06
 63.00  1.06
 63.70  1.06
 64.40  1.06
 65.10  1.06
 65.80  1.06
 66.50  1.06
 67.20  1.06
 67.90  1.06
 68.60  1.07
 69.30  1.07
 70.00  1.07
 70.70  1.07
 71.40  1.07
 72.10  1.07
 72.80  1.07
 73.50  1.07
 74.20  1.08
 74.90  1.08
 75.60  1.08
 76.30  1.08
 77.00  1.08
 77.70  1.08
 78.40  1.08
 79.10  1.09
 79.80  1.09
 80.50  1.09
 81.20  1.09
 81.90  1.09
 82.60  1.09
 83.30  1.09
 84.00  1.10
 84.70  1.10
 85.40  1.10
 86.10  1.10
 86.80  1.10
 87.50  1.10
 88.20  1.10
 88.90  1.11
 89.60  1.11
 90.30  1.11
 91.00  1.11
 91.70  1.11
 92.40  1.11
 93.10  1.12
 93.80  1.12
 94.50  1.12
 95.20  1.12
 95.90  1.12
 96.60  1.12
 97.30  1.13
 98.00  1.13
 98.70  1.13
 99.40  1.13
 100.10  1.13
 100.80  1.14
 101.50  1.14
 102.20  1.14
 102.90  1.14
 103.60  1.14
 104.30  1.14
 105.00  1.15
 105.70  1.15
 106.40  1.15
 107.10  1.15
 107.80  1.15
 108.50  1.16
 109.20  1.16
 109.90  1.16
 110.60  1.16
 111.30  1.16
 112.00  1.17
 112.70  1.17
 113.40  1.17
 114.10  1.17
 114.80  1.18
 115.50  1.18
 116.20  1.18
 116.90  1.18
 117.60  1.18
 118.30  1.19
 119.00  1.19
 119.70  1.19
 120.40  1.19
 121.10  1.20
 121.80  1.20
 122.50  1.20
 123.20  1.20
 123.90  1.20
 124.60  1.21
 125.30  1.21
 126.00  1.21
 126.70  1.21
 127.40  1.22
 128.10  1.22
 128.80  1.22
 129.50  1.22
 130.20  1.23
 130.90  1.23
 131.60  1.23
 132.30  1.23
 133.00  1.24
 133.70  1.24
 134.40  1.24
 135.10  1.24
 135.80  1.25
 136.50  1.25
 137.20  1.25
 137.90  1.25
 138.60  1.26
 139.30  1.26
 140.00  1.26
 140.70  1.26
 141.40  1.27
 142.10  1.27
 142.80  1.27
 143.50  1.28
 144.20  1.28
 144.90  1.28
 145.60  1.28
 146.30  1.29
 147.00  1.29
 147.70  1.29
 148.40  1.30
 149.10  1.30
 149.80  1.30
 150.50  1.30
 151.20  1.31
 151.90  1.31
 152.60  1.31
 153.30  1.32
 154.00  1.32
 154.70  1.32
 155.40  1.32
 156.10  1.33
 156.80  1.33
 157.50  1.33
 158.20  1.34
 158.90  1.34
 159.60  1.34
 160.30  1.34
 161.00  1.35
 161.70  1.35
 162.40  1.35
 163.10  1.36
 163.80  1.36
 164.50  1.36
 165.20  1.37
 165.90  1.37
 166.60  1.37
 167.30  1.38
 168.00  1.38
 168.70  1.38
 169.40  1.38
 170.10  1.39
 170.80  1.39
 171.50  1.39
 172.20  1.40
 172.90  1.40
 173.60  1.40
 174.30  1.41
 175.00  1.41
 175.70  1.41
 176.40  1.42
 177.10  1.42
 177.80  1.42
 178.50  1.43
 179.20  1.43
 179.90  1.43
 180.60  1.44
 181.30  1.44
 182.00  1.44
 182.70  1.45
 183.40  1.45
 184.10  1.45
 184.80  1.46
 185.50  1.46
 186.20  1.46
 186.90  1.47
 187.60  1.47
 188.30  1.47
 189.00  1.48
 189.70  1.48
 190.40  1.48
 191.10  1.49
 191.80  1.49
 192.50  1.49
 193.20  1.50
 193.90  1.50
 194.60  1.50
 195.30  1.51
 196.00  1.51
 196.70  1.51
 197.40  1.52
 198.10  1.52
 198.80  1.52
 199.50  1.53
 200.20  1.53
 200.90  1.54
 201.60  1.54
 202.30  1.54
 203.00  1.55
 203.70  1.55
 204.40  1.55
 205.10  1.56
 205.80  1.56
 206.50  1.56
 207.20  1.57
 207.90  1.57
 208.60  1.57
 209.30  1.58
 210.00  1.58
 210.70  1.59
 211.40  1.59
 212.10  1.59
 212.80  1.60
 213.50  1.60
 214.20  1.60
 214.90  1.61
 215.60  1.61
 216.30  1.61
 217.00  1.62
 217.70  1.62
 218.40  1.63
 219.10  1.63
 219.80  1.63
 220.50  1.64
 221.20  1.64
 221.90  1.64
 222.60  1.65
 223.30  1.65
 224.00  1.66
 224.70  1.66
 225.40  1.66
 226.10  1.67
 226.80  1.67
 227.50  1.67
 228.20  1.68
 228.90  1.68
 229.60  1.68
 230.30  1.69
 231.00  1.69
 231.70  1.70
 232.40  1.70
 233.10  1.70
 233.80  1.71
 234.50  1.71
 235.20  1.72
 235.90  1.72
 236.60  1.72
 237.30  1.73
 238.00  1.73
 238.70  1.73
 239.40  1.74
 240.10  1.74
 240.80  1.75
 241.50  1.75
 242.20  1.75
 242.90  1.76
 243.60  1.76
 244.30  1.76
 245.00  1.77
 245.70  1.77
 246.40  1.78
 247.10  1.78
 247.80  1.78
 248.50  1.79
 249.20  1.79
 249.90  1.80
 250.60  1.80
 251.30  1.80
 252.00  1.81
 252.70  1.81
 253.40  1.81
 254.10  1.82
 254.80  1.82
 255.50  1.83
 256.20  1.83
 256.90  1.83
 257.60  1.84
 258.30  1.84
 259.00  1.85
 259.70  1.85
 260.40  1.85
 261.10  1.86
 261.80  1.86
 262.50  1.86
 263.20  1.87
 263.90  1.87
 264.60  1.88
 265.30  1.88
 266.00  1.88
 266.70  1.89
 267.40  1.89
 268.10  1.90
 268.80  1.90
 269.50  1.90
 270.20  1.91
 270.90  1.91
 271.60  1.91
 272.30  1.92
 273.00  1.92
 273.70  1.93
 274.40  1.93
 275.10  1.93
 275.80  1.94
 276.50  1.94
 277.20  1.95
 277.90  1.95
 278.60  1.95
 279.30  1.96
 280.00  1.96
 280.70  1.97
 281.40  1.97
 282.10  1.97
 282.80  1.98
 283.50  1.98
 284.20  1.98
 284.90  1.99
 285.60  1.99
 286.30  2.00
 287.00  2.00
 287.70  2.00
 288.40  2.01
 289.10  2.01
 289.80  2.02
 290.50  2.02
 291.20  2.02
 291.90  2.03
 292.60  2.03
 293.30  2.04
 294.00  2.04
 294.70  2.04
 295.40  2.05
 296.10  2.05
 296.80  2.06
 297.50  2.06
 298.20  2.06
 298.90  2.07
 299.60  2.07
 300.30  2.07
 301.00  2.08
 301.70  2.08
 302.40  2.09
 303.10  2.09
 303.80  2.09
 304.50  2.10
 305.20  2.10
 305.90  2.11
 306.60  2.11
 307.30  2.11
 308.00  2.12
 308.70  2.12
 309.40  2.13
 310.10  2.13
 310.80  2.13
 311.50  2.14
 312.20  2.14
 312.90  2.14
 313.60  2.15
 314.30  2.15
 315.00  2.16
 315.70  2.16
 316.40  2.16
 317.10  2.17
 317.80  2.17
 318.50  2.18
 319.20  2.18
 319.90  2.18
 320.60  2.19
 321.30  2.19
 322.00  2.19
 322.70  2.20
 323.40  2.20
 324.10  2.21
 324.80  2.21
 325.50  2.21
 326.20  2.22
 326.90  2.22
 327.60  2.23
 328.30  2.23
 329.00  2.23
 329.70  2.24
 330.40  2.24
 331.10  2.24
 331.80  2.25
 332.50  2.25
 333.20  2.26
 333.90  2.26
 334.60  2.26
 335.30  2.27
 336.00  2.27
 336.70  2.27
 337.40  2.28
 338.10  2.28
 338.80  2.29
 339.50  2.29
 340.20  2.29
 340.90  2.30
 341.60  2.30
 342.30  2.30
 343.00  2.31
 343.70  2.31
 344.40  2.32
 345.10  2.32
 345.80  2.32
 346.50  2.33
 347.20  2.33
 347.90  2.33
 348.60  2.34
 349.30  2.34
 350.00  2.35
 350.70  2.35
 351.40  2.35
 352.10  2.36
 352.80  2.36
 353.50  2.36
 354.20  2.37
 354.90  2.37
 355.60  2.38
 356.30  2.38
 357.00  2.38
 357.70  2.39
 358.40  2.39
 359.10  2.39
 359.80  2.40
 360.50  2.40
 361.20  2.40
 361.90  2.41
 362.60  2.41
 363.30  2.42
 364.00  2.42
 364.70  2.42
 365.40  2.43
 366.10  2.43
 366.80  2.43
 367.50  2.44
 368.20  2.44
 368.90  2.44
 369.60  2.45
 370.30  2.45
 371.00  2.45
 371.70  2.46
 372.40  2.46
 373.10  2.47
 373.80  2.47
 374.50  2.47
 375.20  2.48
 375.90  2.48
 376.60  2.48
 377.30  2.49
 378.00  2.49
 378.70  2.49
 379.40  2.50
 380.10  2.50
 380.80  2.50
 381.50  2.51
 382.20  2.51
 382.90  2.52
 383.60  2.52
 384.30  2.52
 385.00  2.53
 385.70  2.53
 386.40  2.53
 387.10  2.54
 387.80  2.54
 388.50  2.54
 389.20  2.55
 389.90  2.55
 390.60  2.55
 391.30  2.56
 392.00  2.56
 392.70  2.56
 393.40  2.57
 394.10  2.57
 394.80  2.57
 395.50  2.58
 396.20  2.58
 396.90  2.58
 397.60  2.59
 398.30  2.59
 399.00  2.59
 399.70  2.60
 400.40  2.60
 401.10  2.60
 401.80  2.61
 402.50  2.61
 403.20  2.61
 403.90  2.62
 404.60  2.62
 405.30  2.62
 406.00  2.63
 406.70  2.63
 407.40  2.63
 408.10  2.64
 408.80  2.64
 409.50  2.64
 410.20  2.65
 410.90  2.65
 411.60  2.65
 412.30  2.66
 413.00  2.66
 413.70  2.66
 414.40  2.67
 415.10  2.67
 415.80  2.67
 416.50  2.68
 417.20  2.68
 417.90  2.68
 418.60  2.69
 419.30  2.69
 420.00  2.69
 420.70  2.70
 421.40  2.70
 422.10  2.70
 422.80  2.71
 423.50  2.71
 424.20  2.71
 424.90  2.72
 425.60  2.72
 426.30  2.72
 427.00  2.73
 427.70  2.73
 428.40  2.73
 429.10  2.74
 429.80  2.74
 430.50  2.74
 431.20  2.74
 431.90  2.75
 432.60  2.75
 433.30  2.75
 434.00  2.76
 434.70  2.76
 435.40  2.76
 436.10  2.77
 436.80  2.77
 437.50  2.77
 438.20  2.78
 438.90  2.78
 439.60  2.78
 440.30  2.79
 441.00  2.79
 441.70  2.79
 442.40  2.79
 443.10  2.80
 443.80  2.80
 444.50  2.80
 445.20  2.81
 445.90  2.81
 446.60  2.81
 447.30  2.82
 448.00  2.82
 448.70  2.82
 449.40  2.82
 450.10  2.83
 450.80  2.83
 451.50  2.83
 452.20  2.84
 452.90  2.84
 453.60  2.84
 454.30  2.85
 455.00  2.85
 455.70  2.85
 456.40  2.85
 457.10  2.86
 457.80  2.86
 458.50  2.86
 459.20  2.87
 459.90  2.87
 460.60  2.87
 461.30  2.87
 462.00  2.88
 462.70  2.88
 463.40  2.88
 464.10  2.89
 464.80  2.89
 465.50  2.89
 466.20  2.89
 466.90  2.90
 467.60  2.90
 468.30  2.90
 469.00  2.91
 469.70  2.91
 470.40  2.91
 471.10  2.91
 471.80  2.92
 472.50  2.92
 473.20  2.92
 473.90  2.93
 474.60  2.93
 475.30  2.93
 476.00  2.93
 476.70  2.94
 477.40  2.94
 478.10  2.94
 478.80  2.95
 479.50  2.95
 480.20  2.95
 480.90  2.95
 481.60  2.96
 482.30  2.96
 483.00  2.96
 483.70  2.96
 484.40  2.97
 485.10  2.97
 485.80  2.97
 486.50  2.98
 487.20  2.98
 487.90  2.98
 488.60  2.98
 489.30  2.99
 490.00  2.99
 490.70  2.99
 491.40  2.99
 492.10  3.00
 492.80  3.00
 493.50  3.00
 494.20  3.00
 494.90  3.01
 495.60  3.01
 496.30  3.01
 497.00  3.01
 497.70  3.02
 498.40  3.02
 499.10  3.02
 499.80  3.03
 500.50  3.03
 501.20  3.03
 501.90  3.03
 502.60  3.04
 503.30  3.04
 504.00  3.04
 504.70  3.04
 505.40  3.05
 506.10  3.05
 506.80  3.05
 507.50  3.05
 508.20  3.06
 508.90  3.06
 509.60  3.06
 510.30  3.06
 511.00  3.07
 511.70  3.07
 512.40  3.07
 513.10  3.07
 513.80  3.08
 514.50  3.08
 515.20  3.08
 515.90  3.08
 516.60  3.09
 517.30  3.09
 518.00  3.09
 518.70  3.09
 519.40  3.10
 520.10  3.10
 520.80  3.10
 521.50  3.10
 522.20  3.10
 522.90  3.11
 523.60  3.11
 524.30  3.11
 525.00  3.11
 525.70  3.12
 526.40  3.12
 527.10  3.12
 527.80  3.12
 528.50  3.13
 529.20  3.13
 529.90  3.13
 530.60  3.13
 531.30  3.14
 532.00  3.14
 532.70  3.14
 533.40  3.14
 534.10  3.14
 534.80  3.15
 535.50  3.15
 536.20  3.15
 536.90  3.15
 537.60  3.16
 538.30  3.16
 539.00  3.16
 539.70  3.16
 540.40  3.17
 541.10  3.17
 541.80  3.17
 542.50  3.17
 543.20  3.17
 543.90  3.18
 544.60  3.18
 545.30  3.18
 546.00  3.18
 546.70  3.19
 547.40  3.19
 548.10  3.19
 548.80  3.19
 549.50  3.19
 550.20  3.20
 550.90  3.20
 551.60  3.20
 552.30  3.20
 553.00  3.21
 553.70  3.21
 554.40  3.21
 555.10  3.21
 555.80  3.21
 556.50  3.22
 557.20  3.22
 557.90  3.22
 558.60  3.22
 559.30  3.22
 560.00  3.23
 560.70  3.23
 561.40  3.23
 562.10  3.23
 562.80  3.23
 563.50  3.24
 564.20  3.24
 564.90  3.24
 565.60  3.24
 566.30  3.25
 567.00  3.25
 567.70  3.25
 568.40  3.25
 569.10  3.25
 569.80  3.26
 570.50  3.26
 571.20  3.26
 571.90  3.26
 572.60  3.26
 573.30  3.27
 574.00  3.27
 574.70  3.27
 575.40  3.27
 576.10  3.27
 576.80  3.28
 577.50  3.28
 578.20  3.28
 578.90  3.28
 579.60  3.28
 580.30  3.29
 581.00  3.29
 581.70  3.29
 582.40  3.29
 583.10  3.29
 583.80  3.30
 584.50  3.30
 585.20  3.30
 585.90  3.30
 586.60  3.30
 587.30  3.30
 588.00  3.31
 588.70  3.31
 589.40  3.31
 590.10  3.31
 590.80  3.31
 591.50  3.32
 592.20  3.32
 592.90  3.32
 593.60  3.32
 594.30  3.32
 595.00  3.33
 595.70  3.33
 596.40  3.33
 597.10  3.33
 597.80  3.33
 598.50  3.33
 599.20  3.34
 599.90  3.34
 600.60  3.34
 601.30  3.34
 602.00  3.34
 602.70  3.35
 603.40  3.35
 604.10  3.35
 604.80  3.35
 605.50  3.35
 606.20  3.35
 606.90  3.36
 607.60  3.36
 608.30  3.36
 609.00  3.36
 609.70  3.36
 610.40  3.36
 611.10  3.37
 611.80  3.37
 612.50  3.37
 613.20  3.37
 613.90  3.37
 614.60  3.38
 615.30  3.38
 616.00  3.38
 616.70  3.38
 617.40  3.38
 618.10  3.38
 618.80  3.39
 619.50  3.39
 620.20  3.39
 620.90  3.39
 621.60  3.39
 622.30  3.39
 623.00  3.40
 623.70  3.40
 624.40  3.40
 625.10  3.40
 625.80  3.40
 626.50  3.40
 627.20  3.41
 627.90  3.41
 628.60  3.41
 629.30  3.41
 630.00  3.41
 630.70  3.41
 631.40  3.41
 632.10  3.42
 632.80  3.42
 633.50  3.42
 634.20  3.42
 634.90  3.42
 635.60  3.42
 636.30  3.43
 637.00  3.43
 637.70  3.43
 638.40  3.43
 639.10  3.43
 639.80  3.43
 640.50  3.44
 641.20  3.44
 641.90  3.44
 642.60  3.44
 643.30  3.44
 644.00  3.44
 644.70  3.44
 645.40  3.45
 646.10  3.45
 646.80  3.45
 647.50  3.45
 648.20  3.45
 648.90  3.45
 649.60  3.46
 650.30  3.46
 651.00  3.46
 651.70  3.46
 652.40  3.46
 653.10  3.46
 653.80  3.46
 654.50  3.47
 655.20  3.47
 655.90  3.47
 656.60  3.47
 657.30  3.47
 658.00  3.47
 658.70  3.47
 659.40  3.48
 660.10  3.48
 660.80  3.48
 661.50  3.48
 662.20  3.48
 662.90  3.48
 663.60  3.48
 664.30  3.49
 665.00  3.49
 665.70  3.49
 666.40  3.49
 667.10  3.49
 667.80  3.49
 668.50  3.49
 669.20  3.50
 669.90  3.50
 670.60  3.50
 671.30  3.50
 672.00  3.50
 672.70  3.50
 673.40  3.50
 674.10  3.50
 674.80  3.51
 675.50  3.51
 676.20  3.51
 676.90  3.51
 677.60  3.51
 678.30  3.51
 679.00  3.51
 679.70  3.52
 680.40  3.52
 681.10  3.52
 681.80  3.52
 682.50  3.52
 683.20  3.52
 683.90  3.52
 684.60  3.52
 685.30  3.53
 686.00  3.53
 686.70  3.53
 687.40  3.53
 688.10  3.53
 688.80  3.53
 689.50  3.53
 690.20  3.53
 690.90  3.54
 691.60  3.54
 692.30  3.54
 693.00  3.54
 693.70  3.54
 694.40  3.54
 695.10  3.54
 695.80  3.54
 696.50  3.55
 697.20  3.55
 697.90  3.55
 698.60  3.55
 699.30  3.55
 700.00  3.55
 700.70  3.55
 701.40  3.55
 702.10  3.56
 702.80  3.56
 703.50  3.56
 704.20  3.56
 704.90  3.56
 705.60  3.56
 706.30  3.56
 707.00  3.56
 707.70  3.57
 708.40  3.57
 709.10  3.57
 709.80  3.57
 710.50  3.57
 711.20  3.57
 711.90  3.57
 712.60  3.57
 713.30  3.57
 714.00  3.58
 714.70  3.58
 715.40  3.58
 716.10  3.58
 716.80  3.58
 717.50  3.58
 718.20  3.58
 718.90  3.58
 719.60  3.58
 720.30  3.59
 721.00  3.59
 721.70  3.59
 722.40  3.59
 723.10  3.59
 723.80  3.59
 724.50  3.59
 725.20  3.59
 725.90  3.59
 726.60  3.60
 727.30  3.60
 728.00  3.60
 728.70  3.60
 729.40  3.60
 730.10  3.60
 730.80  3.60
 731.50  3.60
 732.20  3.60
 732.90  3.60
 733.60  3.61
 734.30  3.61
 735.00  3.61
 735.70  3.61
 736.40  3.61
 737.10  3.61
 737.80  3.61
 738.50  3.61
 739.20  3.61
 739.90  3.62
 740.60  3.62
 741.30  3.62
 742.00  3.62
 742.70  3.62
 743.40  3.62
 744.10  3.62
 744.80  3.62
 745.50  3.62
 746.20  3.62
 746.90  3.63
 747.60  3.63
 748.30  3.63
 749.00  3.63
 749.70  3.63
 750.40  3.63
 751.10  3.63
 751.80  3.63
 752.50  3.63
 753.20  3.63
 753.90  3.63
 754.60  3.64
 755.30  3.64
 756.00  3.64
 756.70  3.64
 757.40  3.64
 758.10  3.64
 758.80  3.64
 759.50  3.64
 760.20  3.64
 760.90  3.64
 761.60  3.64
 762.30  3.65
 763.00  3.65
 763.70  3.65
 764.40  3.65
 765.10  3.65
 765.80  3.65
 766.50  3.65
 767.20  3.65
 767.90  3.65
 768.60  3.65
 769.30  3.65
 770.00  3.66
 770.70  3.66
 771.40  3.66
 772.10  3.66
 772.80  3.66
 773.50  3.66
 774.20  3.66
 774.90  3.66
 775.60  3.66
 776.30  3.66
 777.00  3.66
 777.70  3.67
 778.40  3.67
 779.10  3.67
 779.80  3.67
 780.50  3.67
 781.20  3.67
 781.90  3.67
 782.60  3.67
 783.30  3.67
 784.00  3.67
 784.70  3.67
 785.40  3.67
 786.10  3.68
 786.80  3.68
 787.50  3.68
 788.20  3.68
 788.90  3.68
 789.60  3.68
 790.30  3.68
 791.00  3.68
 791.70  3.68
 792.40  3.68
 793.10  3.68
 793.80  3.68
 794.50  3.68
 795.20  3.69
 795.90  3.69
 796.60  3.69
 797.30  3.69
 798.00  3.69
 798.70  3.69
 799.40  3.69
 800.10  3.69
 800.80  3.69
 801.50  3.69
 802.20  3.69
 802.90  3.69
 803.60  3.69
 804.30  3.70
 805.00  3.70
 805.70  3.70
 806.40  3.70
 807.10  3.70
 807.80  3.70
 808.50  3.70
 809.20  3.70
 809.90  3.70
 810.60  3.70
 811.30  3.70
 812.00  3.70
 812.70  3.70
 813.40  3.71
 814.10  3.71
 814.80  3.71
 815.50  3.71
 816.20  3.71
 816.90  3.71
 817.60  3.71
 818.30  3.71
 819.00  3.71
 819.70  3.71
 820.40  3.71
 821.10  3.71
 821.80  3.71
 822.50  3.71
 823.20  3.72
 823.90  3.72
 824.60  3.72
 825.30  3.72
 826.00  3.72
 826.70  3.72
 827.40  3.72
 828.10  3.72
 828.80  3.72
 829.50  3.72
 830.20  3.72
 830.90  3.72
 831.60  3.72
 832.30  3.72
 833.00  3.72
 833.70  3.73
 834.40  3.73
 835.10  3.73
 835.80  3.73
 836.50  3.73
 837.20  3.73
 837.90  3.73
 838.60  3.73
 839.30  3.73
 840.00  3.73
 840.70  3.73
 841.40  3.73
 842.10  3.73
 842.80  3.73
 843.50  3.73
 844.20  3.73
 844.90  3.74
 845.60  3.74
 846.30  3.74
 847.00  3.74
 847.70  3.74
 848.40  3.74
 849.10  3.74
 849.80  3.74
 850.50  3.74
 851.20  3.74
 851.90  3.74
 852.60  3.74
 853.30  3.74
 854.00  3.74
 854.70  3.74
 855.40  3.74
 856.10  3.74
 856.80  3.75
 857.50  3.75
 858.20  3.75
 858.90  3.75
 859.60  3.75
 860.30  3.75
 861.00  3.75
 861.70  3.75
 862.40  3.75
 863.10  3.75
 863.80  3.75
 864.50  3.75
 865.20  3.75
 865.90  3.75
 866.60  3.75
 867.30  3.75
 868.00  3.75
 868.70  3.76
 869.40  3.76
 870.10  3.76
 870.80  3.76
 871.50  3.76
 872.20  3.76
 872.90  3.76
 873.60  3.76
 874.30  3.76
 875.00  3.76
 875.70  3.76
 876.40  3.76
 877.10  3.76
 877.80  3.76
 878.50  3.76
 879.20  3.76
 879.90  3.76
 880.60  3.76
 881.30  3.76
 882.00  3.77
 882.70  3.77
 883.40  3.77
 884.10  3.77
 884.80  3.77
 885.50  3.77
 886.20  3.77
 886.90  3.77
 887.60  3.77
 888.30  3.77
 889.00  3.77
 889.70  3.77
 890.40  3.77
 891.10  3.77
 891.80  3.77
 892.50  3.77
 893.20  3.77
 893.90  3.77
 894.60  3.77
 895.30  3.77
 896.00  3.78
 896.70  3.78
 897.40  3.78
 898.10  3.78
 898.80  3.78
 899.50  3.78
 900.20  3.78
 900.90  3.78
 901.60  3.78
 902.30  3.78
 903.00  3.78
 903.70  3.78
 904.40  3.78
 905.10  3.78
 905.80  3.78
 906.50  3.78
 907.20  3.78
 907.90  3.78
 908.60  3.78
 909.30  3.78
 910.00  3.78
 910.70  3.78
 911.40  3.79
 912.10  3.79
 912.80  3.79
 913.50  3.79
 914.20  3.79
 914.90  3.79
 915.60  3.79
 916.30  3.79
 917.00  3.79
 917.70  3.79
 918.40  3.79
 919.10  3.79
 919.80  3.79
 920.50  3.79
 921.20  3.79
 921.90  3.79
 922.60  3.79
 923.30  3.79
 924.00  3.79
 924.70  3.79
 925.40  3.79
 926.10  3.79
 926.80  3.79
 927.50  3.80
 928.20  3.80
 928.90  3.80
 929.60  3.80
 930.30  3.80
 931.00  3.80
 931.70  3.80
 932.40  3.80
 933.10  3.80
 933.80  3.80
 934.50  3.80
 935.20  3.80
 935.90  3.80
 936.60  3.80
 937.30  3.80
 938.00  3.80
 938.70  3.80
 939.40  3.80
 940.10  3.80
 940.80  3.80
 941.50  3.80
 942.20  3.80
 942.90  3.80
 943.60  3.80
 944.30  3.80
 945.00  3.80
 945.70  3.81
 946.40  3.81
 947.10  3.81
 947.80  3.81
 948.50  3.81
 949.20  3.81
 949.90  3.81
 950.60  3.81
 951.30  3.81
 952.00  3.81
 952.70  3.81
 953.40  3.81
 954.10  3.81
 954.80  3.81
 955.50  3.81
 956.20  3.81
 956.90  3.81
 957.60  3.81
 958.30  3.81
 959.00  3.81
 959.70  3.81
 960.40  3.81
 961.10  3.81
 961.80  3.81
 962.50  3.81
 963.20  3.81
 963.90  3.81
 964.60  3.81
 965.30  3.82
 966.00  3.82
 966.70  3.82
 967.40  3.82
 968.10  3.82
 968.80  3.82
 969.50  3.82
 970.20  3.82
 970.90  3.82
 971.60  3.82
 972.30  3.82
 973.00  3.82
 973.70  3.82
 974.40  3.82
 975.10  3.82
 975.80  3.82
 976.50  3.82
 977.20  3.82
 977.90  3.82
 978.60  3.82
 979.30  3.82
 980.00  3.82
 980.70  3.82
 981.40  3.82
 982.10  3.82
 982.80  3.82
 983.50  3.82
 984.20  3.82
 984.90  3.82
 985.60  3.82
 986.30  3.82
 987.00  3.83
 987.70  3.83
 988.40  3.83
 989.10  3.83
 989.80  3.83
 990.50  3.83
 991.20  3.83
 991.90  3.83
 992.60  3.83
 993.30  3.83
 994.00  3.83
 994.70  3.83
 995.40  3.83
 996.10  3.83
 996.80  3.83
 997.50  3.83
 998.20  3.83
 998.90  3.83
 999.60  3.83
 1000.30  3.83
 1001.00  3.83
 1001.70  3.83
 1002.40  3.83
 1003.10  3.83
 1003.80  3.83
 1004.50  3.83
 1005.20  3.83
 1005.90  3.83
 1006.60  3.83
 1007.30  3.83
 1008.00  3.83
 1008.70  3.83
 1009.40  3.83
 1010.10  3.83
 1010.80  3.83
 1011.50  3.83
 1012.20  3.84
 1012.90  3.84
 1013.60  3.84
 1014.30  3.84
 1015.00  3.84
 1015.70  3.84
 1016.40  3.84
 1017.10  3.84
 1017.80  3.84
 1018.50  3.84
 1019.20  3.84
 1019.90  3.84
 1020.60  3.84
 1021.30  3.84
 1022.00  3.84
 1022.70  3.84
 1023.40  3.84
 1024.10  3.84
 1024.80  3.84
 1025.50  3.84
 1026.20  3.84
 1026.90  3.84
 1027.60  3.84
 1028.30  3.84
 1029.00  3.84
 1029.70  3.84
 1030.40  3.84
 1031.10  3.84
 1031.80  3.84
 1032.50  3.84
 1033.20  3.84
 1033.90  3.84
 1034.60  3.84
 1035.30  3.84
 1036.00  3.84
 1036.70  3.84
 1037.40  3.84
 1038.10  3.84
 1038.80  3.84
 1039.50  3.84
 1040.20  3.84
 1040.90  3.85
 1041.60  3.85
 1042.30  3.85
 1043.00  3.85
 1043.70  3.85
 1044.40  3.85
 1045.10  3.85
 1045.80  3.85
 1046.50  3.85
 1047.20  3.85
 1047.90  3.85
 1048.60  3.85
 1049.30  3.85
 1050.00  3.85
 1050.70  3.85
 1051.40  3.85
 1052.10  3.85
 1052.80  3.85
 1053.50  3.85
 1054.20  3.85
 1054.90  3.85
 1055.60  3.85
 1056.30  3.85
 1057.00  3.85
 1057.70  3.85
 1058.40  3.85
 1059.10  3.85
 1059.80  3.85
 1060.50  3.85
 1061.20  3.85
 1061.90  3.85
 1062.60  3.85
 1063.30  3.85
 1064.00  3.85
 1064.70  3.85
 1065.40  3.85
 1066.10  3.85
 1066.80  3.85
 1067.50  3.85
 1068.20  3.85
 1068.90  3.85
 1069.60  3.85
 1070.30  3.85
 1071.00  3.85
 1071.70  3.85
 1072.40  3.85
 1073.10  3.85
 1073.80  3.85
 1074.50  3.85
 1075.20  3.85
 1075.90  3.86
 1076.60  3.86
 1077.30  3.86
 1078.00  3.86
 1078.70  3.86
 1079.40  3.86
 1080.10  3.86
 1080.80  3.86
 1081.50  3.86
 1082.20  3.86
 1082.90  3.86
 1083.60  3.86
 1084.30  3.86
 1085.00  3.86
 1085.70  3.86
 1086.40  3.86
 1087.10  3.86
 1087.80  3.86
 1088.50  3.86
 1089.20  3.86
 1089.90  3.86
 1090.60  3.86
 1091.30  3.86
 1092.00  3.86
 1092.70  3.86
 1093.40  3.86
 1094.10  3.86
 1094.80  3.86
 1095.50  3.86
 1096.20  3.86
 1096.90  3.86
 1097.60  3.86
 1098.30  3.86
 1099.00  3.86
 1099.70  3.86
 1100.40  3.86
 1101.10  3.86
 1101.80  3.86
 1102.50  3.86
 1103.20  3.86
 1103.90  3.86
 1104.60  3.86
 1105.30  3.86
 1106.00  3.86
 1106.70  3.86
 1107.40  3.86
 1108.10  3.86
 1108.80  3.86
 1109.50  3.86
 1110.20  3.86
 1110.90  3.86
 1111.60  3.86
 1112.30  3.86
 1113.00  3.86
 1113.70  3.86
 1114.40  3.86
 1115.10  3.86
 1115.80  3.86
 1116.50  3.86
 1117.20  3.86
 1117.90  3.86
 1118.60  3.87
 1119.30  3.87
 1120.00  3.87
 1120.70  3.87
 1121.40  3.87
 1122.10  3.87
 1122.80  3.87
 1123.50  3.87
 1124.20  3.87
 1124.90  3.87
 1125.60  3.87
 1126.30  3.87
 1127.00  3.87
 1127.70  3.87
 1128.40  3.87
 1129.10  3.87
 1129.80  3.87
 1130.50  3.87
 1131.20  3.87
 1131.90  3.87
 1132.60  3.87
 1133.30  3.87
 1134.00  3.87
 1134.70  3.87
 1135.40  3.87
 1136.10  3.87
 1136.80  3.87
 1137.50  3.87
 1138.20  3.87
 1138.90  3.87
 1139.60  3.87
 1140.30  3.87
 1141.00  3.87
 1141.70  3.87
 1142.40  3.87
 1143.10  3.87
 1143.80  3.87
 1144.50  3.87
 1145.20  3.87
 1145.90  3.87
 1146.60  3.87
 1147.30  3.87
 1148.00  3.87
 1148.70  3.87
 1149.40  3.87
 1150.10  3.87
 1150.80  3.87
 1151.50  3.87
 1152.20  3.87
 1152.90  3.87
 1153.60  3.87
 1154.30  3.87
 1155.00  3.87
 1155.70  3.87
 1156.40  3.87
 1157.10  3.87
 1157.80  3.87
 1158.50  3.87
 1159.20  3.87
 1159.90  3.87
 1160.60  3.87
 1161.30  3.87
 1162.00  3.87
 1162.70  3.87
 1163.40  3.87
 1164.10  3.87
 1164.80  3.87
 1165.50  3.87
 1166.20  3.87
 1166.90  3.87
 1167.60  3.87
 1168.30  3.87
 1169.00  3.87
 1169.70  3.87
 1170.40  3.87
 1171.10  3.87
 1171.80  3.87
 1172.50  3.87
 1173.20  3.87
 1173.90  3.87
 1174.60  3.87
 1175.30  3.88
 1176.00  3.88
 1176.70  3.88
 1177.40  3.88
 1178.10  3.88
 1178.80  3.88
 1179.50  3.88
 1180.20  3.88
 1180.90  3.88
 1181.60  3.88
 1182.30  3.88
 1183.00  3.88
 1183.70  3.88
 1184.40  3.88
 1185.10  3.88
 1185.80  3.88
 1186.50  3.88
 1187.20  3.88
 1187.90  3.88
 1188.60  3.88
 1189.30  3.88
 1190.00  3.88
 1190.70  3.88
 1191.40  3.88
 1192.10  3.88
 1192.80  3.88
 1193.50  3.88
 1194.20  3.88
 1194.90  3.88
 1195.60  3.88
 1196.30  3.88
 1197.00  3.88
 1197.70  3.88
 1198.40  3.88
 1199.10  3.88
 1199.80  3.88
 1200.50  3.88
 1201.20  3.88
 1201.90  3.88
 1202.60  3.88
 1203.30  3.88
 1204.00  3.88
 1204.70  3.88
 1205.40  3.88
 1206.10  3.88
 1206.80  3.88
 1207.50  3.88
 1208.20  3.88
 1208.90  3.88
 1209.60  3.88
 1210.30  3.88
 1211.00  3.88
 1211.70  3.88
 1212.40  3.88
 1213.10  3.88
 1213.80  3.88
 1214.50  3.88
 1215.20  3.88
 1215.90  3.88
 1216.60  3.88
 1217.30  3.88
 1218.00  3.88
 1218.70  3.88
 1219.40  3.88
 1220.10  3.88
 1220.80  3.88
 1221.50  3.88
 1222.20  3.88
 1222.90  3.88
 1223.60  3.88
 1224.30  3.88
 1225.00  3.88
 1225.70  3.88
 1226.40  3.88
 1227.10  3.88
 1227.80  3.88
 1228.50  3.88
 1229.20  3.88
 1229.90  3.88
 1230.60  3.88
 1231.30  3.88
 1232.00  3.88
 1232.70  3.88
 1233.40  3.88
 1234.10  3.88
 1234.80  3.88
 1235.50  3.88
 1236.20  3.88
 1236.90  3.88
 1237.60  3.88
 1238.30  3.88
 1239.00  3.88
 1239.70  3.88
 1240.40  3.88
 1241.10  3.88
 1241.80  3.88
 1242.50  3.88
 1243.20  3.88
 1243.90  3.88
 1244.60  3.88
 1245.30  3.88
 1246.00  3.88
 1246.70  3.88
 1247.40  3.88
 1248.10  3.88
 1248.80  3.88
 1249.50  3.88
 1250.20  3.88
 1250.90  3.88
 1251.60  3.88
 1252.30  3.88
 1253.00  3.88
 1253.70  3.88
 1254.40  3.88
 1255.10  3.88
 1255.80  3.88
 1256.50  3.88
 1257.20  3.88
 1257.90  3.88
 1258.60  3.88
 1259.30  3.88
 1260.00  3.88
 1260.70  3.88
 1261.40  3.88
 1262.10  3.88
 1262.80  3.88
 1263.50  3.89
 1264.20  3.89
 1264.90  3.89
 1265.60  3.89
 1266.30  3.89
 1267.00  3.89
 1267.70  3.89
 1268.40  3.89
 1269.10  3.89
 1269.80  3.89
 1270.50  3.89
 1271.20  3.89
 1271.90  3.89
 1272.60  3.89
 1273.30  3.89
 1274.00  3.89
 1274.70  3.89
 1275.40  3.89
 1276.10  3.89
 1276.80  3.89
 1277.50  3.89
 1278.20  3.89
 1278.90  3.89
 1279.60  3.89
 1280.30  3.89
 1281.00  3.89
 1281.70  3.89
 1282.40  3.89
 1283.10  3.89
 1283.80  3.89
 1284.50  3.89
 1285.20  3.89
 1285.90  3.89
 1286.60  3.89
 1287.30  3.89
 1288.00  3.89
 1288.70  3.89
 1289.40  3.89
 1290.10  3.89
 1290.80  3.89
 1291.50  3.89
 1292.20  3.89
 1292.90  3.89
 1293.60  3.89
 1294.30  3.89
 1295.00  3.89
 1295.70  3.89
 1296.40  3.89
 1297.10  3.89
 1297.80  3.89
 1298.50  3.89
 1299.20  3.89
 1299.90  3.89
 1300.60  3.89
 1301.30  3.89
 1302.00  3.89
 1302.70  3.89
 1303.40  3.89
 1304.10  3.89
 1304.80  3.89
 1305.50  3.89
 1306.20  3.89
 1306.90  3.89
 1307.60  3.89
 1308.30  3.89
 1309.00  3.89
 1309.70  3.89
 1310.40  3.89
 1311.10  3.89
 1311.80  3.89
 1312.50  3.89
 1313.20  3.89
 1313.90  3.89
 1314.60  3.89
 1315.30  3.89
 1316.00  3.89
 1316.70  3.89
 1317.40  3.89
 1318.10  3.89
 1318.80  3.89
 1319.50  3.89
 1320.20  3.89
 1320.90  3.89
 1321.60  3.89
 1322.30  3.89
 1323.00  3.89
 1323.70  3.89
 1324.40  3.89
 1325.10  3.89
 1325.80  3.89
 1326.50  3.89
 1327.20  3.89
 1327.90  3.89
 1328.60  3.89
 1329.30  3.89
 1330.00  3.89
 1330.70  3.89
 1331.40  3.89
 1332.10  3.89
 1332.80  3.89
 1333.50  3.89
 1334.20  3.89
 1334.90  3.89
 1335.60  3.89
 1336.30  3.89
 1337.00  3.89
 1337.70  3.89
 1338.40  3.89
 1339.10  3.89
 1339.80  3.89
 1340.50  3.89
 1341.20  3.89
 1341.90  3.89
 1342.60  3.89
 1343.30  3.89
 1344.00  3.89
 1344.70  3.89
 1345.40  3.89
 1346.10  3.89
 1346.80  3.89
 1347.50  3.89
 1348.20  3.89
 1348.90  3.89
 1349.60  3.89
 1350.30  3.89
 1351.00  3.89
 1351.70  3.89
 1352.40  3.89
 1353.10  3.89
 1353.80  3.89
 1354.50  3.89
 1355.20  3.89
 1355.90  3.89
 1356.60  3.89
 1357.30  3.89
 1358.00  3.89
 1358.70  3.89
 1359.40  3.89
 1360.10  3.89
 1360.80  3.89
 1361.50  3.89
 1362.20  3.89
 1362.90  3.89
 1363.60  3.89
 1364.30  3.89
 1365.00  3.89
 1365.70  3.89
 1366.40  3.89
 1367.10  3.89
 1367.80  3.89
 1368.50  3.89
 1369.20  3.89
 1369.90  3.89
 1370.60  3.89
 1371.30  3.89
 1372.00  3.89
 1372.70  3.89
 1373.40  3.89
 1374.10  3.89
 1374.80  3.89
 1375.50  3.89
 1376.20  3.89
 1376.90  3.89
 1377.60  3.89
 1378.30  3.89
 1379.00  3.89
 1379.70  3.89
 1380.40  3.89
 1381.10  3.89
 1381.80  3.89
 1382.50  3.89
 1383.20  3.89
 1383.90  3.89
 1384.60  3.89
 1385.30  3.89
 1386.00  3.89
 1386.70  3.89
 1387.40  3.89
 1388.10  3.89
 1388.80  3.89
 1389.50  3.89
 1390.20  3.89
 1390.90  3.89
 1391.60  3.89
 1392.30  3.89
 1393.00  3.89
 1393.70  3.89
 1394.40  3.89
 1395.10  3.89
 1395.80  3.89
 1396.50  3.89
 1397.20  3.89
 1397.90  3.89
 1398.60  3.89
 1399.30  3.89
 1400.00  3.89
 1400.70  3.89
 1401.40  3.89
 1402.10  3.89
 1402.80  3.89
 1403.50  3.89
 1404.20  3.89
 1404.90  3.89
 1405.60  3.89
 1406.30  3.89
 1407.00  3.89
 1407.70  3.89
 1408.40  3.89
 1409.10  3.89
 1409.80  3.89
 1410.50  3.89
 1411.20  3.89
 1411.90  3.89
 1412.60  3.89
 1413.30  3.89
 1414.00  3.89
 1414.70  3.89
 1415.40  3.89
 1416.10  3.89
 1416.80  3.89
 1417.50  3.89
 1418.20  3.89
 1418.90  3.89
 1419.60  3.89
 1420.30  3.89
 1421.00  3.89
 1421.70  3.89
 1422.40  3.89
 1423.10  3.89
 1423.80  3.89
 1424.50  3.89
 1425.20  3.89
 1425.90  3.89
 1426.60  3.89
 1427.30  3.89
 1428.00  3.89
 1428.70  3.89
 1429.40  3.89
 1430.10  3.89
 1430.80  3.89
 1431.50  3.89
 1432.20  3.89
 1432.90  3.89
 1433.60  3.89
 1434.30  3.89
 1435.00  3.89
 1435.70  3.89
 1436.40  3.89
 1437.10  3.89
 1437.80  3.89
 1438.50  3.89
 1439.20  3.89
 1439.90  3.89
 1440.60  3.89
 1441.30  3.89
 1442.00  3.89
 1442.70  3.89
 1443.40  3.89
 1444.10  3.89
 1444.80  3.89
 1445.50  3.89
 1446.20  3.89
 1446.90  3.89
 1447.60  3.89
 1448.30  3.89
 1449.00  3.89
 1449.70  3.89
 1450.40  3.89
 1451.10  3.89
 1451.80  3.89
 1452.50  3.89
 1453.20  3.89
 1453.90  3.89
 1454.60  3.89
 1455.30  3.89
 1456.00  3.89
 1456.70  3.89
 1457.40  3.89
 1458.10  3.89
 1458.80  3.89
 1459.50  3.89
 1460.20  3.89
 1460.90  3.89
 1461.60  3.89
 1462.30  3.89
 1463.00  3.89
 1463.70  3.89
 1464.40  3.89
 1465.10  3.89
 1465.80  3.89
 1466.50  3.89
 1467.20  3.89
 1467.90  3.89
 1468.60  3.89
 1469.30  3.89
 1470.00  3.89
 1470.70  3.89
 1471.40  3.89
 1472.10  3.89
 1472.80  3.89
 1473.50  3.89
 1474.20  3.89
 1474.90  3.89
 1475.60  3.89
 1476.30  3.89
 1477.00  3.89
 1477.70  3.89
 1478.40  3.89
 1479.10  3.89
 1479.80  3.89
 1480.50  3.89
 1481.20  3.89
 1481.90  3.89
 1482.60  3.89
 1483.30  3.89
 1484.00  3.89
 1484.70  3.89
 1485.40  3.89
 1486.10  3.89
 1486.80  3.89
 1487.50  3.89
 1488.20  3.89
 1488.90  3.89
 1489.60  3.89
 1490.30  3.89
 1491.00  3.89
 1491.70  3.89
 1492.40  3.89
 1493.10  3.89
 1493.80  3.89
 1494.50  3.89
 1495.20  3.89
 1495.90  3.89
 1496.60  3.89
 1497.30  3.89
 1498.00  3.89
 1498.70  3.89
 1499.40  3.89
 1500.10  3.89
 1500.80  3.89
 1501.50  3.89
 1502.20  3.89
 1502.90  3.89
 1503.60  3.89
 1504.30  3.89
 1505.00  3.89
 1505.70  3.89
 1506.40  3.89
 1507.10  3.89
 1507.80  3.90
 1508.50  3.90
 1509.20  3.90
 1509.90  3.90
 1510.60  3.90
 1511.30  3.90
 1512.00  3.90
 1512.70  3.90
 1513.40  3.90
 1514.10  3.90
 1514.80  3.90
 1515.50  3.90
 1516.20  3.90
 1516.90  3.90
 1517.60  3.90
 1518.30  3.90
 1519.00  3.90
 1519.70  3.90
 1520.40  3.90
 1521.10  3.90
 1521.80  3.90
 1522.50  3.90
 1523.20  3.90
 1523.90  3.90
 1524.60  3.90
 1525.30  3.90
 1526.00  3.90
 1526.70  3.90
 1527.40  3.90
 1528.10  3.90
 1528.80  3.90
 1529.50  3.90
 1530.20  3.90
 1530.90  3.90
 1531.60  3.90
 1532.30  3.90
 1533.00  3.90
 1533.70  3.90
 1534.40  3.90
 1535.10  3.90
 1535.80  3.90
 1536.50  3.90
 1537.20  3.90
 1537.90  3.90
 1538.60  3.90
 1539.30  3.90
 1540.00  3.90
 1540.70  3.90
 1541.40  3.90
 1542.10  3.90
 1542.80  3.90
 1543.50  3.90
 1544.20  3.90
 1544.90  3.90
 1545.60  3.90
 1546.30  3.90
 1547.00  3.90
 1547.70  3.90
 1548.40  3.90
 1549.10  3.90
 1549.80  3.90
 1550.50  3.90
 1551.20  3.90
 1551.90  3.90
 1552.60  3.90
 1553.30  3.90
 1554.00  3.90
 1554.70  3.90
 1555.40  3.90
 1556.10  3.90
 1556.80  3.90
 1557.50  3.90
 1558.20  3.90
 1558.90  3.90
 1559.60  3.90
 1560.30  3.90
 1561.00  3.90
 1561.70  3.90
 1562.40  3.90
 1563.10  3.90
 1563.80  3.90
 1564.50  3.90
 1565.20  3.90
 1565.90  3.90
 1566.60  3.90
 1567.30  3.90
 1568.00  3.90
 1568.70  3.90
 1569.40  3.90
 1570.10  3.90
 1570.80  3.90
 1571.50  3.90
 1572.20  3.90
 1572.90  3.90
 1573.60  3.90
 1574.30  3.90
 1575.00  3.90
 1575.70  3.90
 1576.40  3.90
 1577.10  3.90
 1577.80  3.90
 1578.50  3.90
 1579.20  3.90
 1579.90  3.90
 1580.60  3.90
 1581.30  3.90
 1582.00  3.90
 1582.70  3.90
 1583.40  3.90
 1584.10  3.90
 1584.80  3.90
 1585.50  3.90
 1586.20  3.90
 1586.90  3.90
 1587.60  3.90
 1588.30  3.90
 1589.00  3.90
 1589.70  3.90
 1590.40  3.90
 1591.10  3.90
 1591.80  3.90
 1592.50  3.90
 1593.20  3.90
 1593.90  3.90
 1594.60  3.90
 1595.30  3.90
 1596.00  3.90
 1596.70  3.90
 1597.40  3.90
 1598.10  3.90
 1598.80  3.90
 1599.50  3.90
 1600.20  3.90
 1600.90  3.90
 1601.60  3.90
 1602.30  3.90
 1603.00  3.90
 1603.70  3.90
 1604.40  3.90
 1605.10  3.90
 1605.80  3.90
 1606.50  3.90
 1607.20  3.90
 1607.90  3.90
 1608.60  3.90
 1609.30  3.90
 1610.00  3.90
 1610.70  3.90
 1611.40  3.90
 1612.10  3.90
 1612.80  3.90
 1613.50  3.90
 1614.20  3.90
 1614.90  3.90
 1615.60  3.90
 1616.30  3.90
 1617.00  3.90
 1617.70  3.90
 1618.40  3.90
 1619.10  3.90
 1619.80  3.90
 1620.50  3.90
 1621.20  3.90
 1621.90  3.90
 1622.60  3.90
 1623.30  3.90
 1624.00  3.90
 1624.70  3.90
 1625.40  3.90
 1626.10  3.90
 1626.80  3.90
 1627.50  3.90
 1628.20  3.90
 1628.90  3.90
 1629.60  3.90
 1630.30  3.90
 1631.00  3.90
 1631.70  3.90
 1632.40  3.90
 1633.10  3.90
 1633.80  3.90
 1634.50  3.90
 1635.20  3.90
 1635.90  3.90
 1636.60  3.90
 1637.30  3.90
 1638.00  3.90
 1638.70  3.90
 1639.40  3.90
 1640.10  3.90
 1640.80  3.90
 1641.50  3.90
 1642.20  3.90
 1642.90  3.90
 1643.60  3.90
 1644.30  3.90
 1645.00  3.90
 1645.70  3.90
 1646.40  3.90
 1647.10  3.90
 1647.80  3.90
 1648.50  3.90
 1649.20  3.90
 1649.90  3.90
 1650.60  3.90
 1651.30  3.90
 1652.00  3.90
 1652.70  3.90
 1653.40  3.90
 1654.10  3.90
 1654.80  3.90
 1655.50  3.90
 1656.20  3.90
 1656.90  3.90
 1657.60  3.90
 1658.30  3.90
 1659.00  3.90
 1659.70  3.90
 1660.40  3.90
 1661.10  3.90
 1661.80  3.90
 1662.50  3.90
 1663.20  3.90
 1663.90  3.90
 1664.60  3.90
 1665.30  3.90
 1666.00  3.90
 1666.70  3.90
 1667.40  3.90
 1668.10  3.90
 1668.80  3.90
 1669.50  3.90
 1670.20  3.90
 1670.90  3.90
 1671.60  3.90
 1672.30  3.90
 1673.00  3.90
 1673.70  3.90
 1674.40  3.90
 1675.10  3.90
 1675.80  3.90
 1676.50  3.90
 1677.20  3.90
 1677.90  3.90
 1678.60  3.90
 1679.30  3.90
 1680.00  3.90
 1680.70  3.90
 1681.40  3.90
 1682.10  3.90
 1682.80  3.90
 1683.50  3.90
 1684.20  3.90
 1684.90  3.90
 1685.60  3.90
 1686.30  3.90
 1687.00  3.90
 1687.70  3.90
 1688.40  3.90
 1689.10  3.90
 1689.80  3.90
 1690.50  3.90
 1691.20  3.90
 1691.90  3.90
 1692.60  3.90
 1693.30  3.90
 1694.00  3.90
 1694.70  3.90
 1695.40  3.90
 1696.10  3.90
 1696.80  3.90
 1697.50  3.90
 1698.20  3.90
 1698.90  3.90
 1699.60  3.90
 1700.30  3.90
 1701.00  3.90
 1701.70  3.90
 1702.40  3.90
 1703.10  3.90
 1703.80  3.90
 1704.50  3.90
 1705.20  3.90
 1705.90  3.90
 1706.60  3.90
 1707.30  3.90
 1708.00  3.90
 1708.70  3.90
 1709.40  3.90
 1710.10  3.90
 1710.80  3.90
 1711.50  3.90
 1712.20  3.90
 1712.90  3.90
 1713.60  3.90
 1714.30  3.90
 1715.00  3.90
 1715.70  3.90
 1716.40  3.90
 1717.10  3.90
 1717.80  3.90
 1718.50  3.90
 1719.20  3.90
 1719.90  3.90
 1720.60  3.90
 1721.30  3.90
 1722.00  3.90
 1722.70  3.90
 1723.40  3.90
 1724.10  3.90
 1724.80  3.90
 1725.50  3.90
 1726.20  3.90
 1726.90  3.90
 1727.60  3.90
 1728.30  3.90
 1729.00  3.90
 1729.70  3.90
 1730.40  3.90
 1731.10  3.90
 1731.80  3.90
 1732.50  3.90
 1733.20  3.90
 1733.90  3.90
 1734.60  3.90
 1735.30  3.90
 1736.00  3.90
 1736.70  3.90
 1737.40  3.90
 1738.10  3.90
 1738.80  3.90
 1739.50  3.90
 1740.20  3.90
 1740.90  3.90
 1741.60  3.90
 1742.30  3.90
 1743.00  3.90
 1743.70  3.90
 1744.40  3.90
 1745.10  3.90
 1745.80  3.90
 1746.50  3.90
 1747.20  3.90
 1747.90  3.90
 1748.60  3.90
 1749.30  3.90
 1750.00  3.90
 1750.70  3.90
 1751.40  3.90
 1752.10  3.90
 1752.80  3.90
 1753.50  3.90
 1754.20  3.90
 1754.90  3.90
 1755.60  3.90
 1756.30  3.90
 1757.00  3.90
 1757.70  3.90
 1758.40  3.90
 1759.10  3.90
 1759.80  3.90
 1760.50  3.90
 1761.20  3.90
 1761.90  3.90
 1762.60  3.90
 1763.30  3.90
 1764.00  3.90
 1764.70  3.90
 1765.40  3.90
 1766.10  3.90
 1766.80  3.90
 1767.50  3.90
 1768.20  3.90
 1768.90  3.90
 1769.60  3.90
 1770.30  3.90
 1771.00  3.90
 1771.70  3.90
 1772.40  3.90
 1773.10  3.90
 1773.80  3.90
 1774.50  3.90
 1775.20  3.90
 1775.90  3.90
 1776.60  3.90
 1777.30  3.90
 1778.00  3.90
 1778.70  3.90
 1779.40  3.90
 1780.10  3.90
 1780.80  3.90
 1781.50  3.90
 1782.20  3.90
 1782.90  3.90
 1783.60  3.90
 1784.30  3.90
 1785.00  3.90
 1785.70  3.90
 1786.40  3.90
 1787.10  3.90
 1787.80  3.90
 1788.50  3.90
 1789.20  3.90
 1789.90  3.90
 1790.60  3.90
 1791.30  3.90
 1792.00  3.90
 1792.70  3.90
 1793.40  3.90
 1794.10  3.90
 1794.80  3.90
 1795.50  3.90
 1796.20  3.90
 1796.90  3.90
 1797.60  3.90
 1798.30  3.90
 1799.00  3.90
 1799.70  3.90
 1800.40  3.90
 1801.10  3.90
 1801.80  3.90
 1802.50  3.90
 1803.20  3.90
 1803.90  3.90
 1804.60  3.90
 1805.30  3.90
 1806.00  3.90
 1806.70  3.90
 1807.40  3.90
 1808.10  3.90
 1808.80  3.90
 1809.50  3.90
 1810.20  3.90
 1810.90  3.90
 1811.60  3.90
 1812.30  3.90
 1813.00  3.90
 1813.70  3.90
 1814.40  3.90
 1815.10  3.90
 1815.80  3.90
 1816.50  3.90
 1817.20  3.90
 1817.90  3.90
 1818.60  3.90
 1819.30  3.90
 1820.00  3.90
 1820.70  3.90
 1821.40  3.90
 1822.10  3.90
 1822.80  3.90
 1823.50  3.90
 1824.20  3.90
 1824.90  3.90
 1825.60  3.90
 1826.30  3.90
 1827.00  3.90
 1827.70  3.90
 1828.40  3.90
 1829.10  3.90
 1829.80  3.90
 1830.50  3.90
 1831.20  3.90
 1831.90  3.90
 1832.60  3.90
 1833.30  3.90
 1834.00  3.90
 1834.70  3.90
 1835.40  3.90
 1836.10  3.90
 1836.80  3.90
 1837.50  3.90
 1838.20  3.90
 1838.90  3.90
 1839.60  3.90
 1840.30  3.90
 1841.00  3.90
 1841.70  3.90
 1842.40  3.90
 1843.10  3.90
 1843.80  3.90
 1844.50  3.90
 1845.20  3.90
 1845.90  3.90
 1846.60  3.90
 1847.30  3.90
 1848.00  3.90
 1848.70  3.90
 1849.40  3.90
 1850.10  3.90
 1850.80  3.90
 1851.50  3.90
 1852.20  3.90
 1852.90  3.90
 1853.60  3.90
 1854.30  3.90
 1855.00  3.90
 1855.70  3.90
 1856.40  3.90
 1857.10  3.90
 1857.80  3.90
 1858.50  3.90
 1859.20  3.90
 1859.90  3.90
 1860.60  3.90
 1861.30  3.90
 1862.00  3.90
 1862.70  3.90
 1863.40  3.90
 1864.10  3.90
 1864.80  3.90
 1865.50  3.90
 1866.20  3.90
 1866.90  3.90
 1867.60  3.90
 1868.30  3.90
 1869.00  3.90
 1869.70  3.90
 1870.40  3.90
 1871.10  3.90
 1871.80  3.90
 1872.50  3.90
 1873.20  3.90
 1873.90  3.90
 1874.60  3.90
 1875.30  3.90
 1876.00  3.90
 1876.70  3.90
 1877.40  3.90
 1878.10  3.90
 1878.80  3.90
 1879.50  3.90
 1880.20  3.90
 1880.90  3.90
 1881.60  3.90
 1882.30  3.90
 1883.00  3.90
 1883.70  3.90
 1884.40  3.90
 1885.10  3.90
 1885.80  3.90
 1886.50  3.90
 1887.20  3.90
 1887.90  3.90
 1888.60  3.90
 1889.30  3.90
 1890.00  3.90
 1890.70  3.90
 1891.40  3.90
 1892.10  3.90
 1892.80  3.90
 1893.50  3.90
 1894.20  3.90
 1894.90  3.90
 1895.60  3.90
 1896.30  3.90
 1897.00  3.90
 1897.70  3.90
 1898.40  3.90
 1899.10  3.90
 1899.80  3.90
 1900.50  3.90
 1901.20  3.90
 1901.90  3.90
 1902.60  3.90
 1903.30  3.90
 1904.00  3.90
 1904.70  3.90
 1905.40  3.90
 1906.10  3.90
 1906.80  3.90
 1907.50  3.90
 1908.20  3.90
 1908.90  3.90
 1909.60  3.90
 1910.30  3.90
 1911.00  3.90
 1911.70  3.90
 1912.40  3.90
 1913.10  3.90
 1913.80  3.90
 1914.50  3.90
 1915.20  3.90
 1915.90  3.90
 1916.60  3.90
 1917.30  3.90
 1918.00  3.90
 1918.70  3.90
 1919.40  3.90
 1920.10  3.90
 1920.80  3.90
 1921.50  3.90
 1922.20  3.90
 1922.90  3.90
 1923.60  3.90
 1924.30  3.90
 1925.00  3.90
 1925.70  3.90
 1926.40  3.90
 1927.10  3.90
 1927.80  3.90
 1928.50  3.90
 1929.20  3.90
 1929.90  3.90
 1930.60  3.90
 1931.30  3.90
 1932.00  3.90
 1932.70  3.90
 1933.40  3.90
 1934.10  3.90
 1934.80  3.90
 1935.50  3.90
 1936.20  3.90
 1936.90  3.90
 1937.60  3.90
 1938.30  3.90
 1939.00  3.90
 1939.70  3.90
 1940.40  3.90
 1941.10  3.90
 1941.80  3.90
 1942.50  3.90
 1943.20  3.90
 1943.90  3.90
 1944.60  3.90
 1945.30  3.90
 1946.00  3.90
 1946.70  3.90
 1947.40  3.90
 1948.10  3.90
 1948.80  3.90
 1949.50  3.90
 1950.20  3.90
 1950.90  3.90
 1951.60  3.90
 1952.30  3.90
 1953.00  3.90
 1953.70  3.90
 1954.40  3.90
 1955.10  3.90
 1955.80  3.90
 1956.50  3.90
 1957.20  3.90
 1957.90  3.90
 1958.60  3.90
 1959.30  3.90
 1960.00  3.90
 1960.70  3.90
 1961.40  3.90
 1962.10  3.90
 1962.80  3.90
 1963.50  3.90
 1964.20  3.90
 1964.90  3.90
 1965.60  3.90
 1966.30  3.90
 1967.00  3.90
 1967.70  3.90
 1968.40  3.90
 1969.10  3.90
 1969.80  3.90
 1970.50  3.90
 1971.20  3.90
 1971.90  3.90
 1972.60  3.90
 1973.30  3.90
 1974.00  3.90
 1974.70  3.90
 1975.40  3.90
 1976.10  3.90
 1976.80  3.90
 1977.50  3.90
 1978.20  3.90
 1978.90  3.90
 1979.60  3.90
 1980.30  3.90
 1981.00  3.90
 1981.70  3.90
 1982.40  3.90
 1983.10  3.90
 1983.80  3.90
 1984.50  3.90
 1985.20  3.90
 1985.90  3.90
 1986.60  3.90
 1987.30  3.90
 1988.00  3.90
 1988.70  3.90
 1989.40  3.90
 1990.10  3.90
 1990.80  3.90
 1991.50  3.90
 1992.20  3.90
 1992.90  3.90
 1993.60  3.90
 1994.30  3.90
 1995.00  3.90
 1995.70  3.90
 1996.40  3.90
 1997.10  3.90
 1997.80  3.90
 1998.50  3.90
 1999.20  3.90
 1999.90  3.90
 2000.60  3.90
 2001.30  3.90
 2002.00  3.90
 2002.70  3.90
 2003.40  3.90
 2004.10  3.90
 2004.80  3.90
 2005.50  3.90
 2006.20  3.90
 2006.90  3.90
 2007.60  3.90
 2008.30  3.90
 2009.00  3.90
 2009.70  3.90
 2010.40  3.90
 2011.10  3.90
 2011.80  3.90
 2012.50  3.90
 2013.20  3.90
 2013.90  3.90
 2014.60  3.90
 2015.30  3.90
 2016.00  3.90
 2016.70  3.90
 2017.40  3.90
 2018.10  3.90
 2018.80  3.90
 2019.50  3.90
 2020.20  3.90
 2020.90  3.90
 2021.60  3.90
 2022.30  3.90
 2023.00  3.90
 2023.70  3.90
 2024.40  3.90
 2025.10  3.90
 2025.80  3.90
 2026.50  3.90
 2027.20  3.90
 2027.90  3.90
 2028.60  3.90
 2029.30  3.90
 2030.00  3.90
 2030.70  3.90
 2031.40  3.90
 2032.10  3.90
 2032.80  3.90
 2033.50  3.90
 2034.20  3.90
 2034.90  3.90
 2035.60  3.90
 2036.30  3.90
 2037.00  3.90
 2037.70  3.90
 2038.40  3.90
 2039.10  3.90
 2039.80  3.90
 2040.50  3.90
 2041.20  3.90
 2041.90  3.90
 2042.60  3.90
 2043.30  3.90
 2044.00  3.90
 2044.70  3.90
 2045.40  3.90
 2046.10  3.90
 2046.80  3.90
 2047.50  3.90
 2048.20  3.90
 2048.90  3.90
 2049.60  3.90
 2050.30  3.90
 2051.00  3.90
 2051.70  3.90
 2052.40  3.90
 2053.10  3.90
 2053.80  3.90
 2054.50  3.90
 2055.20  3.90
 2055.90  3.90
 2056.60  3.90
 2057.30  3.90
 2058.00  3.90
 2058.70  3.90
 2059.40  3.90
 2060.10  3.90
 2060.80  3.90
 2061.50  3.90
 2062.20  3.90
 2062.90  3.90
 2063.60  3.90
 2064.30  3.90
 2065.00  3.90
 2065.70  3.90
 2066.40  3.90
 2067.10  3.90
 2067.80  3.90
 2068.50  3.90
 2069.20  3.90
 2069.90  3.90
 2070.60  3.90
 2071.30  3.90
 2072.00  3.90
 2072.70  3.90
 2073.40  3.90
 2074.10  3.90
 2074.80  3.90
 2075.50  3.90
 2076.20  3.90
 2076.90  3.90
 2077.60  3.90
 2078.30  3.90
 2079.00  3.90
 2079.70  3.90
 2080.40  3.90
 2081.10  3.90
 2081.80  3.90
 2082.50  3.90
 2083.20  3.90
 2083.90  3.90
 2084.60  3.90
 2085.30  3.90
 2086.00  3.90
 2086.70  3.90
 2087.40  3.90
 2088.10  3.90
 2088.80  3.90
 2089.50  3.90
 2090.20  3.90
 2090.90  3.90
 2091.60  3.90
 2092.30  3.90
 2093.00  3.90
 2093.70  3.90
 2094.40  3.90
 2095.10  3.90
 2095.80  3.90
 2096.50  3.90
 2097.20  3.90
 2097.90  3.90
 2098.60  3.90
 2099.30  3.90
 2100.00  3.90
 2100.70  3.90
 2101.40  3.90
 2102.10  3.90
 2102.80  3.90
 2103.50  3.90
 2104.20  3.90
 2104.90  3.90
 2105.60  3.90
 2106.30  3.90
 2107.00  3.90
 2107.70  3.90
 2108.40  3.90
 2109.10  3.90
 2109.80  3.90
 2110.50  3.90
 2111.20  3.90
 2111.90  3.90
 2112.60  3.90
 2113.30  3.90
 2114.00  3.90
 2114.70  3.90
 2115.40  3.90
 2116.10  3.90
 2116.80  3.90
 2117.50  3.90
 2118.20  3.90
 2118.90  3.90
 2119.60  3.90
 2120.30  3.90
 2121.00  3.90
 2121.70  3.90
 2122.40  3.90
 2123.10  3.90
 2123.80  3.90
 2124.50  3.90
 2125.20  3.90
 2125.90  3.90
 2126.60  3.90
 2127.30  3.90
 2128.00  3.90
 2128.70  3.90
 2129.40  3.90
 2130.10  3.90
 2130.80  3.90
 2131.50  3.90
 2132.20  3.90
 2132.90  3.90
 2133.60  3.90
 2134.30  3.90
 2135.00  3.90
 2135.70  3.90
 2136.40  3.90
 2137.10  3.90
 2137.80  3.90
 2138.50  3.90
 2139.20  3.90
 2139.90  3.90
 2140.60  3.90
 2141.30  3.90
 2142.00  3.90
 2142.70  3.90
 2143.40  3.90
 2144.10  3.90
 2144.80  3.90
 2145.50  3.90
 2146.20  3.90
 2146.90  3.90
 2147.60  3.90
 2148.30  3.90
 2149.00  3.90
 2149.70  3.90
 2150.40  3.90
 2151.10  3.90
 2151.80  3.90
 2152.50  3.90
 2153.20  3.90
 2153.90  3.90
 2154.60  3.90
 2155.30  3.90
 2156.00  3.90
 2156.70  3.90
 2157.40  3.90
 2158.10  3.90
 2158.80  3.90
 2159.50  3.90
 2160.20  3.90
 2160.90  3.90
 2161.60  3.90
 2162.30  3.90
 2163.00  3.90
 2163.70  3.90
 2164.40  3.90
 2165.10  3.90
 2165.80  3.90
 2166.50  3.90
 2167.20  3.90
 2167.90  3.90
 2168.60  3.90
 2169.30  3.90
 2170.00  3.90
 2170.70  3.90
 2171.40  3.90
 2172.10  3.90
 2172.80  3.90
 2173.50  3.90
 2174.20  3.90
 2174.90  3.90
 2175.60  3.90
 2176.30  3.90
 2177.00  3.90
 2177.70  3.90
 2178.40  3.90
 2179.10  3.90
 2179.80  3.90
 2180.50  3.90
 2181.20  3.90
 2181.90  3.90
 2182.60  3.90
 2183.30  3.90
 2184.00  3.90
 2184.70  3.90
 2185.40  3.90
 2186.10  3.90
 2186.80  3.90
 2187.50  3.90
 2188.20  3.90
 2188.90  3.90
 2189.60  3.90
 2190.30  3.90
 2191.00  3.90
 2191.70  3.90
 2192.40  3.90
 2193.10  3.90
 2193.80  3.90
 2194.50  3.90
 2195.20  3.90
 2195.90  3.90
 2196.60  3.90
 2197.30  3.90
 2198.00  3.90
 2198.70  3.90
 2199.40  3.90
 2200.10  3.90
 2200.80  3.90
 2201.50  3.90
 2202.20  3.90
 2202.90  3.90
 2203.60  3.90
 2204.30  3.90
 2205.00  3.90
 2205.70  3.90
 2206.40  3.90
 2207.10  3.90
 2207.80  3.90
 2208.50  3.90
 2209.20  3.90
 2209.90  3.90
 2210.60  3.90
 2211.30  3.90
 2212.00  3.90
 2212.70  3.90
 2213.40  3.90
 2214.10  3.90
 2214.80  3.90
 2215.50  3.90
 2216.20  3.90
 2216.90  3.90
 2217.60  3.90
 2218.30  3.90
 2219.00  3.90
 2219.70  3.90
 2220.40  3.90
 2221.10  3.90
 2221.80  3.90
 2222.50  3.90
 2223.20  3.90
 2223.90  3.90
 2224.60  3.90
 2225.30  3.90
 2226.00  3.90
 2226.70  3.90
 2227.40  3.90
 2228.10  3.90
 2228.80  3.90
 2229.50  3.90
 2230.20  3.90
 2230.90  3.90
 2231.60  3.90
 2232.30  3.90
 2233.00  3.90
 2233.70  3.90
 2234.40  3.90
 2235.10  3.90
 2235.80  3.90
 2236.50  3.90
 2237.20  3.90
 2237.90  3.90
 2238.60  3.90
 2239.30  3.90
 2240.00  3.90
 2240.70  3.90
 2241.40  3.90
 2242.10  3.90
 2242.80  3.90
 2243.50  3.90
 2244.20  3.90
 2244.90  3.90
 2245.60  3.90
 2246.30  3.90
 2247.00  3.90
 2247.70  3.90
 2248.40  3.90
 2249.10  3.90
 2249.80  3.90
 2250.50  3.90
 2251.20  3.90
 2251.90  3.90
 2252.60  3.90
 2253.30  3.90
 2254.00  3.90
 2254.70  3.90
 2255.40  3.90
 2256.10  3.90
 2256.80  3.90
 2257.50  3.90
 2258.20  3.90
 2258.90  3.90
 2259.60  3.90
 2260.30  3.90
 2261.00  3.90
 2261.70  3.90
 2262.40  3.90
 2263.10  3.90
 2263.80  3.90
 2264.50  3.90
 2265.20  3.90
 2265.90  3.90
 2266.60  3.90
 2267.30  3.90
 2268.00  3.90
 2268.70  3.90
 2269.40  3.90
 2270.10  3.90
 2270.80  3.90
 2271.50  3.90
 2272.20  3.90
 2272.90  3.90
 2273.60  3.90
 2274.30  3.90
 2275.00  3.90
 2275.70  3.90
 2276.40  3.90
 2277.10  3.90
 2277.80  3.90
 2278.50  3.90
 2279.20  3.90
 2279.90  3.90
 2280.60  3.90
 2281.30  3.90
 2282.00  3.90
 2282.70  3.90
 2283.40  3.90
 2284.10  3.90
 2284.80  3.90
 2285.50  3.90
 2286.20  3.90
 2286.90  3.90
 2287.60  3.90
 2288.30  3.90
 2289.00  3.90
 2289.70  3.90
 2290.40  3.90
 2291.10  3.90
 2291.80  3.90
 2292.50  3.90
 2293.20  3.90
 2293.90  3.90
 2294.60  3.90
 2295.30  3.90
 2296.00  3.90
 2296.70  3.90
 2297.40  3.90
 2298.10  3.90
 2298.80  3.90
 2299.50  3.90
 2300.20  3.90
 2300.90  3.90
 2301.60  3.90
 2302.30  3.90
 2303.00  3.90
 2303.70  3.90
 2304.40  3.90
 2305.10  3.90
 2305.80  3.90
 2306.50  3.90
 2307.20  3.90
 2307.90  3.90
 2308.60  3.90
 2309.30  3.90
 2310.00  3.90
 2310.70  3.90
 2311.40  3.90
 2312.10  3.90
 2312.80  3.90
 2313.50  3.90
 2314.20  3.90
 2314.90  3.90
 2315.60  3.90
 2316.30  3.90
 2317.00  3.90
 2317.70  3.90
 2318.40  3.90
 2319.10  3.90
 2319.80  3.90
 2320.50  3.90
 2321.20  3.90
 2321.90  3.90
 2322.60  3.90
 2323.30  3.90
 2324.00  3.90
 2324.70  3.90
 2325.40  3.90
 2326.10  3.90
 2326.80  3.90
 2327.50  3.90
 2328.20  3.90
 2328.90  3.90
 2329.60  3.90
 2330.30  3.90
 2331.00  3.90
 2331.70  3.90
 2332.40  3.90
 2333.10  3.90
 2333.80  3.90
 2334.50  3.90
 2335.20  3.90
 2335.90  3.90
 2336.60  3.90
 2337.30  3.90
 2338.00  3.90
 2338.70  3.90
 2339.40  3.90
 2340.10  3.90
 2340.80  3.90
 2341.50  3.90
 2342.20  3.90
 2342.90  3.90
 2343.60  3.90
 2344.30  3.90
 2345.00  3.90
 2345.70  3.90
 2346.40  3.90
 2347.10  3.90
 2347.80  3.90
 2348.50  3.90
 2349.20  3.90
 2349.90  3.90
 2350.60  3.90
 2351.30  3.90
 2352.00  3.90
 2352.70  3.90
 2353.40  3.90
 2354.10  3.90
 2354.80  3.90
 2355.50  3.90
 2356.20  3.90
 2356.90  3.90
 2357.60  3.90
 2358.30  3.90
 2359.00  3.90
 2359.70  3.90
 2360.40  3.90
 2361.10  3.90
 2361.80  3.90
 2362.50  3.90
 2363.20  3.90
 2363.90  3.90
 2364.60  3.90
 2365.30  3.90
 2366.00  3.90
 2366.70  3.90
 2367.40  3.90
 2368.10  3.90
 2368.80  3.90
 2369.50  3.90
 2370.20  3.90
 2370.90  3.90
 2371.60  3.90
 2372.30  3.90
 2373.00  3.90
 2373.70  3.90
 2374.40  3.90
 2375.10  3.90
 2375.80  3.90
 2376.50  3.90
 2377.20  3.90
 2377.90  3.90
 2378.60  3.90
 2379.30  3.90
 2380.00  3.90
 2380.70  3.90
 2381.40  3.90
 2382.10  3.90
 2382.80  3.90
 2383.50  3.90
 2384.20  3.90
 2384.90  3.90
 2385.60  3.90
 2386.30  3.90
 2387.00  3.90
 2387.70  3.90
 2388.40  3.90
 2389.10  3.90
 2389.80  3.90
 2390.50  3.90
 2391.20  3.90
 2391.90  3.90
 2392.60  3.90
 2393.30  3.90
 2394.00  3.90
 2394.70  3.90
 2395.40  3.90
 2396.10  3.90
 2396.80  3.90
 2397.50  3.90
 2398.20  3.90
 2398.90  3.90
 2399.60  3.90
 2400.30  3.90
 2401.00  3.90
 2401.70  3.90
 2402.40  3.90
 2403.10  3.90
 2403.80  3.90
 2404.50  3.90
 2405.20  3.90
 2405.90  3.90
 2406.60  3.90
 2407.30  3.90
 2408.00  3.90
 2408.70  3.90
 2409.40  3.90
 2410.10  3.90
 2410.80  3.90
 2411.50  3.90
 2412.20  3.90
 2412.90  3.90
 2413.60  3.90
 2414.30  3.90
 2415.00  3.90
 2415.70  3.90
 2416.40  3.90
 2417.10  3.90
 2417.80  3.90
 2418.50  3.90
 2419.20  3.90
 2419.90  3.90
 2420.60  3.90
 2421.30  3.90
 2422.00  3.90
 2422.70  3.90
 2423.40  3.90
 2424.10  3.90
 2424.80  3.90
 2425.50  3.90
 2426.20  3.90
 2426.90  3.90
 2427.60  3.90
 2428.30  3.90
 2429.00  3.90
 2429.70  3.90
 2430.40  3.90
 2431.10  3.90
 2431.80  3.90
 2432.50  3.90
 2433.20  3.90
 2433.90  3.90
 2434.60  3.90
 2435.30  3.90
 2436.00  3.90
 2436.70  3.90
 2437.40  3.90
 2438.10  3.90
 2438.80  3.90
 2439.50  3.90
 2440.20  3.90
 2440.90  3.90
 2441.60  3.90
 2442.30  3.90
 2443.00  3.90
 2443.70  3.90
 2444.40  3.90
 2445.10  3.90
 2445.80  3.90
 2446.50  3.90
 2447.20  3.90
 2447.90  3.90
 2448.60  3.90
 2449.30  3.90
 2450.00  3.90
 2450.70  3.90
 2451.40  3.90
 2452.10  3.90
 2452.80  3.90
 2453.50  3.90
 2454.20  3.90
 2454.90  3.90
 2455.60  3.90
 2456.30  3.90
 2457.00  3.90
 2457.70  3.90
 2458.40  3.90
 2459.10  3.90
 2459.80  3.90
 2460.50  3.90
 2461.20  3.90
 2461.90  3.90
 2462.60  3.90
 2463.30  3.90
 2464.00  3.90
 2464.70  3.90
 2465.40  3.90
 2466.10  3.90
 2466.80  3.90
 2467.50  3.90
 2468.20  3.90
 2468.90  3.90
 2469.60  3.90
 2470.30  3.90
 2471.00  3.90
 2471.70  3.90
 2472.40  3.90
 2473.10  3.90
 2473.80  3.90
 2474.50  3.90
 2475.20  3.90
 2475.90  3.90
 2476.60  3.90
 2477.30  3.90
 2478.00  3.90
 2478.70  3.90
 2479.40  3.90
 2480.10  3.90
 2480.80  3.90
 2481.50  3.90
 2482.20  3.90
 2482.90  3.90
 2483.60  3.90
 2484.30  3.90
 2485.00  3.90
 2485.70  3.90
 2486.40  3.90
 2487.10  3.90
 2487.80  3.90
 2488.50  3.90
 2489.20  3.90
 2489.90  3.90
 2490.60  3.90
 2491.30  3.90
 2492.00  3.90
 2492.70  3.90
 2493.40  3.90
 2494.10  3.90
 2494.80  3.90
 2495.50  3.90
 2496.20  3.90
 2496.90  3.90
 2497.60  3.90
 2498.30  3.90
 2499.00  3.90
 2499.70  3.90
 2500.40  3.90
 2501.10  3.90
 2501.80  3.90
 2502.50  3.90
 2503.20  3.90
 2503.90  3.90
 2504.60  3.90
 2505.30  3.90
 2506.00  3.90
 2506.70  3.90
 2507.40  3.90
 2508.10  3.90
 2508.80  3.90
 2509.50  3.90
 2510.20  3.90
 2510.90  3.90
 2511.60  3.90
 2512.30  3.90
 2513.00  3.90
 2513.70  3.90
 2514.40  3.90
 2515.10  3.90
 2515.80  3.90
 2516.50  3.90
 2517.20  3.90
 2517.90  3.90
 2518.60  3.90
 2519.30  3.90
 2520.00  3.90
 2520.70  3.90
 2521.40  3.90
 2522.10  3.90
 2522.80  3.90
 2523.50  3.90
 2524.20  3.90
 2524.90  3.90
 2525.60  3.90
 2526.30  3.90
 2527.00  3.90
 2527.70  3.90
 2528.40  3.90
 2529.10  3.90
 2529.80  3.90
 2530.50  3.90
 2531.20  3.90
 2531.90  3.90
 2532.60  3.90
 2533.30  3.90
 2534.00  3.90
 2534.70  3.90
 2535.40  3.90
 2536.10  3.90
 2536.80  3.90
 2537.50  3.90
 2538.20  3.90
 2538.90  3.90
 2539.60  3.90
 2540.30  3.90
 2541.00  3.90
 2541.70  3.90
 2542.40  3.90
 2543.10  3.90
 2543.80  3.90
 2544.50  3.90
 2545.20  3.90
 2545.90  3.90
 2546.60  3.90
 2547.30  3.90
 2548.00  3.90
 2548.70  3.90
 2549.40  3.90
 2550.10  3.90
 2550.80  3.90
 2551.50  3.90
 2552.20  3.90
 2552.90  3.90
 2553.60  3.90
 2554.30  3.90
 2555.00  3.90
 2555.70  3.90
 2556.40  3.90
 2557.10  3.90
 2557.80  3.90
 2558.50  3.90
 2559.20  3.90
 2559.90  3.90
 2560.60  3.90
 2561.30  3.90
 2562.00  3.90
 2562.70  3.90
 2563.40  3.90
 2564.10  3.90
 2564.80  3.90
 2565.50  3.90
 2566.20  3.90
 2566.90  3.90
 2567.60  3.90
 2568.30  3.90
 2569.00  3.90
 2569.70  3.90
 2570.40  3.90
 2571.10  3.90
 2571.80  3.90
 2572.50  3.90
 2573.20  3.90
 2573.90  3.90
 2574.60  3.90
 2575.30  3.90
 2576.00  3.90
 2576.70  3.90
 2577.40  3.90
 2578.10  3.90
 2578.80  3.90
 2579.50  3.90
 2580.20  3.90
 2580.90  3.90
 2581.60  3.90
 2582.30  3.90
 2583.00  3.90
 2583.70  3.90
 2584.40  3.90
 2585.10  3.90
 2585.80  3.90
 2586.50  3.90
 2587.20  3.90
 2587.90  3.90
 2588.60  3.90
 2589.30  3.90
 2590.00  3.90
 2590.70  3.90
 2591.40  3.90
 2592.10  3.90
 2592.80  3.90
 2593.50  3.90
 2594.20  3.90
 2594.90  3.90
 2595.60  3.90
 2596.30  3.90
 2597.00  3.90
 2597.70  3.90
 2598.40  3.90
 2599.10  3.90
 2599.80  3.90
 2600.50  3.90
 2601.20  3.90
 2601.90  3.90
 2602.60  3.90
 2603.30  3.90
 2604.00  3.90
 2604.70  3.90
 2605.40  3.90
 2606.10  3.90
 2606.80  3.90
 2607.50  3.90
 2608.20  3.90
 2608.90  3.90
 2609.60  3.90
 2610.30  3.90
 2611.00  3.90
 2611.70  3.90
 2612.40  3.90
 2613.10  3.90
 2613.80  3.90
 2614.50  3.90
 2615.20  3.90
 2615.90  3.90
 2616.60  3.90
 2617.30  3.90
 2618.00  3.90
 2618.70  3.90
 2619.40  3.90
 2620.10  3.90
 2620.80  3.90
 2621.50  3.90
 2622.20  3.90
 2622.90  3.90
 2623.60  3.90
 2624.30  3.90
 2625.00  3.90
 2625.70  3.90
 2626.40  3.90
 2627.10  3.90
 2627.80  3.90
 2628.50  3.90
 2629.20  3.90
 2629.90  3.90
 2630.60  3.90
 2631.30  3.90
 2632.00  3.90
 2632.70  3.90
 2633.40  3.90
 2634.10  3.90
 2634.80  3.90
 2635.50  3.90
 2636.20  3.90
 2636.90  3.90
 2637.60  3.90
 2638.30  3.90
 2639.00  3.90
 2639.70  3.90
 2640.40  3.90
 2641.10  3.90
 2641.80  3.90
 2642.50  3.90
 2643.20  3.90
 2643.90  3.90
 2644.60  3.90
 2645.30  3.90
 2646.00  3.90
 2646.70  3.90
 2647.40  3.90
 2648.10  3.90
 2648.80  3.90
 2649.50  3.90
 2650.20  3.90
 2650.90  3.90
 2651.60  3.90
 2652.30  3.90
 2653.00  3.90
 2653.70  3.90
 2654.40  3.90
 2655.10  3.90
 2655.80  3.90
 2656.50  3.90
 2657.20  3.90
 2657.90  3.90
 2658.60  3.90
 2659.30  3.90
 2660.00  3.90
 2660.70  3.90
 2661.40  3.90
 2662.10  3.90
 2662.80  3.90
 2663.50  3.90
 2664.20  3.90
 2664.90  3.90
 2665.60  3.90
 2666.30  3.90
 2667.00  3.90
 2667.70  3.90
 2668.40  3.90
 2669.10  3.90
 2669.80  3.90
 2670.50  3.90
 2671.20  3.90
 2671.90  3.90
 2672.60  3.90
 2673.30  3.90
 2674.00  3.90
 2674.70  3.90
 2675.40  3.90
 2676.10  3.90
 2676.80  3.90
 2677.50  3.90
 2678.20  3.90
 2678.90  3.90
 2679.60  3.90
 2680.30  3.90
 2681.00  3.90
 2681.70  3.90
 2682.40  3.90
 2683.10  3.90
 2683.80  3.90
 2684.50  3.90
 2685.20  3.90
 2685.90  3.90
 2686.60  3.90
 2687.30  3.90
 2688.00  3.90
 2688.70  3.90
 2689.40  3.90
 2690.10  3.90
 2690.80  3.90
 2691.50  3.90
 2692.20  3.90
 2692.90  3.90
 2693.60  3.90
 2694.30  3.90
 2695.00  3.90
 2695.70  3.90
 2696.40  3.90
 2697.10  3.90
 2697.80  3.90
 2698.50  3.90
 2699.20  3.90
 2699.90  3.90
 2700.60  3.90
 2701.30  3.90
 2702.00  3.90
 2702.70  3.90
 2703.40  3.90
 2704.10  3.90
 2704.80  3.90
 2705.50  3.90
 2706.20  3.90
 2706.90  3.90
 2707.60  3.90
 2708.30  3.90
 2709.00  3.90
 2709.70  3.90
 2710.40  3.90
 2711.10  3.90
 2711.80  3.90
 2712.50  3.90
 2713.20  3.90
 2713.90  3.90
 2714.60  3.90
 2715.30  3.90
 2716.00  3.90
 2716.70  3.90
 2717.40  3.90
 2718.10  3.90
 2718.80  3.90
 2719.50  3.90
 2720.20  3.90
 2720.90  3.90
 2721.60  3.90
 2722.30  3.90
 2723.00  3.90
 2723.70  3.90
 2724.40  3.90
 2725.10  3.90
 2725.80  3.90
 2726.50  3.90
 2727.20  3.90
 2727.90  3.90
 2728.60  3.90
 2729.30  3.90
 2730.00  3.90
 2730.70  3.90
 2731.40  3.90
 2732.10  3.90
 2732.80  3.90
 2733.50  3.90
 2734.20  3.90
 2734.90  3.90
 2735.60  3.90
 2736.30  3.90
 2737.00  3.90
 2737.70  3.90
 2738.40  3.90
 2739.10  3.90
 2739.80  3.90
 2740.50  3.90
 2741.20  3.90
 2741.90  3.90
 2742.60  3.90
 2743.30  3.90
 2744.00  3.90
 2744.70  3.90
 2745.40  3.90
 2746.10  3.90
 2746.80  3.90
 2747.50  3.90
 2748.20  3.90
 2748.90  3.90
 2749.60  3.90
 2750.30  3.90
 2751.00  3.90
 2751.70  3.90
 2752.40  3.90
 2753.10  3.90
 2753.80  3.90
 2754.50  3.90
 2755.20  3.90
 2755.90  3.90
 2756.60  3.90
 2757.30  3.90
 2758.00  3.90
 2758.70  3.90
 2759.40  3.90
 2760.10  3.90
 2760.80  3.90
 2761.50  3.90
 2762.20  3.90
 2762.90  3.90
 2763.60  3.90
 2764.30  3.90
 2765.00  3.90
 2765.70  3.90
 2766.40  3.90
 2767.10  3.90
 2767.80  3.90
 2768.50  3.90
 2769.20  3.90
 2769.90  3.90
 2770.60  3.90
 2771.30  3.90
 2772.00  3.90
 2772.70  3.90
 2773.40  3.90
 2774.10  3.90
 2774.80  3.90
 2775.50  3.90
 2776.20  3.90
 2776.90  3.90
 2777.60  3.90
 2778.30  3.90
 2779.00  3.90
 2779.70  3.90
 2780.40  3.90
 2781.10  3.90
 2781.80  3.90
 2782.50  3.90
 2783.20  3.90
 2783.90  3.90
 2784.60  3.90
 2785.30  3.90
 2786.00  3.90
 2786.70  3.90
 2787.40  3.90
 2788.10  3.90
 2788.80  3.90
 2789.50  3.90
 2790.20  3.90
 2790.90  3.90
 2791.60  3.90
 2792.30  3.90
 2793.00  3.90
 2793.70  3.90
 2794.40  3.90
 2795.10  3.90
 2795.80  3.90
 2796.50  3.90
 2797.20  3.90
 2797.90  3.90
 2798.60  3.90
 2799.30  3.90
 2800.00  3.90
 2800.70  3.90
 2801.40  3.90
 2802.10  3.90
 2802.80  3.90
 2803.50  3.90
 2804.20  3.90
 2804.90  3.90
 2805.60  3.90
 2806.30  3.90
 2807.00  3.90
 2807.70  3.90
 2808.40  3.90
 2809.10  3.90
 2809.80  3.90
 2810.50  3.90
 2811.20  3.90
 2811.90  3.90
 2812.60  3.90
 2813.30  3.90
 2814.00  3.90
 2814.70  3.90
 2815.40  3.90
 2816.10  3.90
 2816.80  3.90
 2817.50  3.90
 2818.20  3.90
 2818.90  3.90
 2819.60  3.90
 2820.30  3.90
 2821.00  3.90
 2821.70  3.90
 2822.40  3.90
 2823.10  3.90
 2823.80  3.90
 2824.50  3.90
 2825.20  3.90
 2825.90  3.90
 2826.60  3.90
 2827.30  3.90
 2828.00  3.90
 2828.70  3.90
 2829.40  3.90
 2830.10  3.90
 2830.80  3.90
 2831.50  3.90
 2832.20  3.90
 2832.90  3.90
 2833.60  3.90
 2834.30  3.90
 2835.00  3.90
 2835.70  3.90
 2836.40  3.90
 2837.10  3.90
 2837.80  3.90
 2838.50  3.90
 2839.20  3.90
 2839.90  3.90
 2840.60  3.90
 2841.30  3.90
 2842.00  3.90
 2842.70  3.90
 2843.40  3.90
 2844.10  3.90
 2844.80  3.90
 2845.50  3.90
 2846.20  3.90
 2846.90  3.90
 2847.60  3.90
 2848.30  3.90
 2849.00  3.90
 2849.70  3.90
 2850.40  3.90
 2851.10  3.90
 2851.80  3.90
 2852.50  3.90
 2853.20  3.90
 2853.90  3.90
 2854.60  3.90
 2855.30  3.90
 2856.00  3.90
 2856.70  3.90
 2857.40  3.90
 2858.10  3.90
 2858.80  3.90
 2859.50  3.90
 2860.20  3.90
 2860.90  3.90
 2861.60  3.90
 2862.30  3.90
 2863.00  3.90
 2863.70  3.90
 2864.40  3.90
 2865.10  3.90
 2865.80  3.90
 2866.50  3.90
 2867.20  3.90
 2867.90  3.90
 2868.60  3.90
 2869.30  3.90
 2870.00  3.90
 2870.70  3.90
 2871.40  3.90
 2872.10  3.90
 2872.80  3.90
 2873.50  3.90
 2874.20  3.90
 2874.90  3.90
 2875.60  3.90
 2876.30  3.90
 2877.00  3.90
 2877.70  3.90
 2878.40  3.90
 2879.10  3.90
 2879.80  3.90
 2880.50  3.90
 2881.20  3.90
 2881.90  3.90
 2882.60  3.90
 2883.30  3.90
 2884.00  3.90
 2884.70  3.90
 2885.40  3.90
 2886.10  3.90
 2886.80  3.90
 2887.50  3.90
 2888.20  3.90
 2888.90  3.90
 2889.60  3.90
 2890.30  3.90
 2891.00  3.90
 2891.70  3.90
 2892.40  3.90
 2893.10  3.90
 2893.80  3.90
 2894.50  3.90
 2895.20  3.90
 2895.90  3.90
 2896.60  3.90
 2897.30  3.90
 2898.00  3.90
 2898.70  3.90
 2899.40  3.90
 2900.10  3.90
 2900.80  3.90
 2901.50  3.90
 2902.20  3.90
 2902.90  3.90
 2903.60  3.90
 2904.30  3.90
 2905.00  3.90
 2905.70  3.90
 2906.40  3.90
 2907.10  3.90
 2907.80  3.90
 2908.50  3.90
 2909.20  3.90
 2909.90  3.90
 2910.60  3.90
 2911.30  3.90
 2912.00  3.90
 2912.70  3.90
 2913.40  3.90
 2914.10  3.90
 2914.80  3.90
 2915.50  3.90
 2916.20  3.90
 2916.90  3.90
 2917.60  3.90
 2918.30  3.90
 2919.00  3.90
 2919.70  3.90
 2920.40  3.90
 2921.10  3.90
 2921.80  3.90
 2922.50  3.90
 2923.20  3.90
 2923.90  3.90
 2924.60  3.90
 2925.30  3.90
 2926.00  3.90
 2926.70  3.90
 2927.40  3.90
 2928.10  3.90
 2928.80  3.90
 2929.50  3.90
 2930.20  3.90
 2930.90  3.90
 2931.60  3.90
 2932.30  3.90
 2933.00  3.90
 2933.70  3.90
 2934.40  3.90
 2935.10  3.90
 2935.80  3.90
 2936.50  3.90
 2937.20  3.90
 2937.90  3.90
 2938.60  3.90
 2939.30  3.90
 2940.00  3.90
 2940.70  3.90
 2941.40  3.90
 2942.10  3.90
 2942.80  3.90
 2943.50  3.90
 2944.20  3.90
 2944.90  3.90
 2945.60  3.90
 2946.30  3.90
 2947.00  3.90
 2947.70  3.90
 2948.40  3.90
 2949.10  3.90
 2949.80  3.90
 2950.50  3.90
 2951.20  3.90
 2951.90  3.90
 2952.60  3.90
 2953.30  3.90
 2954.00  3.90
 2954.70  3.90
 2955.40  3.90
 2956.10  3.90
 2956.80  3.90
 2957.50  3.90
 2958.20  3.90
 2958.90  3.90
 2959.60  3.90
 2960.30  3.90
 2961.00  3.90
 2961.70  3.90
 2962.40  3.90
 2963.10  3.90
 2963.80  3.90
 2964.50  3.90
 2965.20  3.90
 2965.90  3.90
 2966.60  3.90
 2967.30  3.90
 2968.00  3.90
 2968.70  3.90
 2969.40  3.90
 2970.10  3.90
 2970.80  3.90
 2971.50  3.90
 2972.20  3.90
 2972.90  3.90
 2973.60  3.90
 2974.30  3.90
 2975.00  3.90
 2975.70  3.90
 2976.40  3.90
 2977.10  3.90
 2977.80  3.90
 2978.50  3.90
 2979.20  3.90
 2979.90  3.90
 2980.60  3.90
 2981.30  3.90
 2982.00  3.90
 2982.70  3.90
 2983.40  3.90
 2984.10  3.90
 2984.80  3.90
 2985.50  3.90
 2986.20  3.90
 2986.90  3.90
 2987.60  3.90
 2988.30  3.90
 2989.00  3.90
 2989.70  3.90
 2990.40  3.90
 2991.10  3.90
 2991.80  3.90
 2992.50  3.90
 2993.20  3.90
 2993.90  3.90
 2994.60  3.90
 2995.30  3.90
 2996.00  3.90
 2996.70  3.90
 2997.40  3.90
 2998.10  3.90
 2998.80  3.90
 2999.50  3.90
