#Navio B MarAd
#Manobra de Curva Giro
#
#Eta 
#
#temp      rot 
 0.00  1.00
 0.70  1.00
 1.40  1.00
 2.10  1.00
 2.80  1.00
 3.50  1.00
 4.20  1.00
 4.90  1.00
 5.60  1.00
 6.30  1.00
 7.00  1.00
 7.70  1.00
 8.40  1.00
 9.10  1.00
 9.80  1.01
 10.50  1.01
 11.20  1.01
 11.90  1.01
 12.60  1.01
 13.30  1.01
 14.00  1.01
 14.70  1.01
 15.40  1.01
 16.10  1.01
 16.80  1.01
 17.50  1.01
 18.20  1.01
 18.90  1.01
 19.60  1.01
 20.30  1.01
 21.00  1.01
 21.70  1.01
 22.40  1.01
 23.10  1.01
 23.80  1.01
 24.50  1.02
 25.20  1.02
 25.90  1.02
 26.60  1.02
 27.30  1.02
 28.00  1.02
 28.70  1.02
 29.40  1.02
 30.10  1.02
 30.80  1.02
 31.50  1.02
 32.20  1.02
 32.90  1.02
 33.60  1.02
 34.30  1.02
 35.00  1.02
 35.70  1.02
 36.40  1.02
 37.10  1.03
 37.80  1.03
 38.50  1.03
 39.20  1.03
 39.90  1.03
 40.60  1.03
 41.30  1.03
 42.00  1.03
 42.70  1.03
 43.40  1.03
 44.10  1.03
 44.80  1.03
 45.50  1.03
 46.20  1.03
 46.90  1.03
 47.60  1.03
 48.30  1.04
 49.00  1.04
 49.70  1.04
 50.40  1.04
 51.10  1.04
 51.80  1.04
 52.50  1.04
 53.20  1.04
 53.90  1.04
 54.60  1.04
 55.30  1.04
 56.00  1.04
 56.70  1.04
 57.40  1.05
 58.10  1.05
 58.80  1.05
 59.50  1.05
 60.20  1.05
 60.90  1.05
 61.60  1.05
 62.30  1.05
 63.00  1.05
 63.70  1.05
 64.40  1.05
 65.10  1.05
 65.80  1.06
 66.50  1.06
 67.20  1.06
 67.90  1.06
 68.60  1.06
 69.30  1.06
 70.00  1.06
 70.70  1.06
 71.40  1.06
 72.10  1.06
 72.80  1.06
 73.50  1.07
 74.20  1.07
 74.90  1.07
 75.60  1.07
 76.30  1.07
 77.00  1.07
 77.70  1.07
 78.40  1.07
 79.10  1.07
 79.80  1.08
 80.50  1.08
 81.20  1.08
 81.90  1.08
 82.60  1.08
 83.30  1.08
 84.00  1.08
 84.70  1.08
 85.40  1.08
 86.10  1.09
 86.80  1.09
 87.50  1.09
 88.20  1.09
 88.90  1.09
 89.60  1.09
 90.30  1.09
 91.00  1.09
 91.70  1.10
 92.40  1.10
 93.10  1.10
 93.80  1.10
 94.50  1.10
 95.20  1.10
 95.90  1.10
 96.60  1.10
 97.30  1.11
 98.00  1.11
 98.70  1.11
 99.40  1.11
 100.10  1.11
 100.80  1.11
 101.50  1.11
 102.20  1.12
 102.90  1.12
 103.60  1.12
 104.30  1.12
 105.00  1.12
 105.70  1.12
 106.40  1.13
 107.10  1.13
 107.80  1.13
 108.50  1.13
 109.20  1.13
 109.90  1.13
 110.60  1.13
 111.30  1.14
 112.00  1.14
 112.70  1.14
 113.40  1.14
 114.10  1.14
 114.80  1.14
 115.50  1.15
 116.20  1.15
 116.90  1.15
 117.60  1.15
 118.30  1.15
 119.00  1.15
 119.70  1.16
 120.40  1.16
 121.10  1.16
 121.80  1.16
 122.50  1.16
 123.20  1.16
 123.90  1.17
 124.60  1.17
 125.30  1.17
 126.00  1.17
 126.70  1.17
 127.40  1.18
 128.10  1.18
 128.80  1.18
 129.50  1.18
 130.20  1.18
 130.90  1.18
 131.60  1.19
 132.30  1.19
 133.00  1.19
 133.70  1.19
 134.40  1.19
 135.10  1.20
 135.80  1.20
 136.50  1.20
 137.20  1.20
 137.90  1.20
 138.60  1.21
 139.30  1.21
 140.00  1.21
 140.70  1.21
 141.40  1.21
 142.10  1.22
 142.80  1.22
 143.50  1.22
 144.20  1.22
 144.90  1.22
 145.60  1.23
 146.30  1.23
 147.00  1.23
 147.70  1.23
 148.40  1.23
 149.10  1.24
 149.80  1.24
 150.50  1.24
 151.20  1.24
 151.90  1.24
 152.60  1.25
 153.30  1.25
 154.00  1.25
 154.70  1.25
 155.40  1.26
 156.10  1.26
 156.80  1.26
 157.50  1.26
 158.20  1.26
 158.90  1.27
 159.60  1.27
 160.30  1.27
 161.00  1.27
 161.70  1.28
 162.40  1.28
 163.10  1.28
 163.80  1.28
 164.50  1.28
 165.20  1.29
 165.90  1.29
 166.60  1.29
 167.30  1.29
 168.00  1.30
 168.70  1.30
 169.40  1.30
 170.10  1.30
 170.80  1.30
 171.50  1.31
 172.20  1.31
 172.90  1.31
 173.60  1.31
 174.30  1.32
 175.00  1.32
 175.70  1.32
 176.40  1.32
 177.10  1.33
 177.80  1.33
 178.50  1.33
 179.20  1.33
 179.90  1.34
 180.60  1.34
 181.30  1.34
 182.00  1.34
 182.70  1.35
 183.40  1.35
 184.10  1.35
 184.80  1.35
 185.50  1.36
 186.20  1.36
 186.90  1.36
 187.60  1.36
 188.30  1.37
 189.00  1.37
 189.70  1.37
 190.40  1.37
 191.10  1.38
 191.80  1.38
 192.50  1.38
 193.20  1.38
 193.90  1.39
 194.60  1.39
 195.30  1.39
 196.00  1.39
 196.70  1.40
 197.40  1.40
 198.10  1.40
 198.80  1.40
 199.50  1.41
 200.20  1.41
 200.90  1.41
 201.60  1.41
 202.30  1.42
 203.00  1.42
 203.70  1.42
 204.40  1.42
 205.10  1.43
 205.80  1.43
 206.50  1.43
 207.20  1.43
 207.90  1.44
 208.60  1.44
 209.30  1.44
 210.00  1.44
 210.70  1.45
 211.40  1.45
 212.10  1.45
 212.80  1.45
 213.50  1.46
 214.20  1.46
 214.90  1.46
 215.60  1.47
 216.30  1.47
 217.00  1.47
 217.70  1.47
 218.40  1.48
 219.10  1.48
 219.80  1.48
 220.50  1.48
 221.20  1.49
 221.90  1.49
 222.60  1.49
 223.30  1.49
 224.00  1.50
 224.70  1.50
 225.40  1.50
 226.10  1.51
 226.80  1.51
 227.50  1.51
 228.20  1.51
 228.90  1.52
 229.60  1.52
 230.30  1.52
 231.00  1.52
 231.70  1.53
 232.40  1.53
 233.10  1.53
 233.80  1.53
 234.50  1.54
 235.20  1.54
 235.90  1.54
 236.60  1.55
 237.30  1.55
 238.00  1.55
 238.70  1.55
 239.40  1.56
 240.10  1.56
 240.80  1.56
 241.50  1.56
 242.20  1.57
 242.90  1.57
 243.60  1.57
 244.30  1.58
 245.00  1.58
 245.70  1.58
 246.40  1.58
 247.10  1.59
 247.80  1.59
 248.50  1.59
 249.20  1.59
 249.90  1.60
 250.60  1.60
 251.30  1.60
 252.00  1.61
 252.70  1.61
 253.40  1.61
 254.10  1.61
 254.80  1.62
 255.50  1.62
 256.20  1.62
 256.90  1.62
 257.60  1.63
 258.30  1.63
 259.00  1.63
 259.70  1.64
 260.40  1.64
 261.10  1.64
 261.80  1.64
 262.50  1.65
 263.20  1.65
 263.90  1.65
 264.60  1.65
 265.30  1.66
 266.00  1.66
 266.70  1.66
 267.40  1.67
 268.10  1.67
 268.80  1.67
 269.50  1.67
 270.20  1.68
 270.90  1.68
 271.60  1.68
 272.30  1.69
 273.00  1.69
 273.70  1.69
 274.40  1.69
 275.10  1.70
 275.80  1.70
 276.50  1.70
 277.20  1.70
 277.90  1.71
 278.60  1.71
 279.30  1.71
 280.00  1.72
 280.70  1.72
 281.40  1.72
 282.10  1.72
 282.80  1.73
 283.50  1.73
 284.20  1.73
 284.90  1.73
 285.60  1.74
 286.30  1.74
 287.00  1.74
 287.70  1.75
 288.40  1.75
 289.10  1.75
 289.80  1.75
 290.50  1.76
 291.20  1.76
 291.90  1.76
 292.60  1.76
 293.30  1.77
 294.00  1.77
 294.70  1.77
 295.40  1.78
 296.10  1.78
 296.80  1.78
 297.50  1.78
 298.20  1.79
 298.90  1.79
 299.60  1.79
 300.30  1.79
 301.00  1.80
 301.70  1.80
 302.40  1.80
 303.10  1.81
 303.80  1.81
 304.50  1.81
 305.20  1.81
 305.90  1.82
 306.60  1.82
 307.30  1.82
 308.00  1.82
 308.70  1.83
 309.40  1.83
 310.10  1.83
 310.80  1.84
 311.50  1.84
 312.20  1.84
 312.90  1.84
 313.60  1.85
 314.30  1.85
 315.00  1.85
 315.70  1.85
 316.40  1.86
 317.10  1.86
 317.80  1.86
 318.50  1.87
 319.20  1.87
 319.90  1.87
 320.60  1.87
 321.30  1.88
 322.00  1.88
 322.70  1.88
 323.40  1.88
 324.10  1.89
 324.80  1.89
 325.50  1.89
 326.20  1.89
 326.90  1.90
 327.60  1.90
 328.30  1.90
 329.00  1.91
 329.70  1.91
 330.40  1.91
 331.10  1.91
 331.80  1.92
 332.50  1.92
 333.20  1.92
 333.90  1.92
 334.60  1.93
 335.30  1.93
 336.00  1.93
 336.70  1.93
 337.40  1.94
 338.10  1.94
 338.80  1.94
 339.50  1.95
 340.20  1.95
 340.90  1.95
 341.60  1.95
 342.30  1.96
 343.00  1.96
 343.70  1.96
 344.40  1.96
 345.10  1.97
 345.80  1.97
 346.50  1.97
 347.20  1.97
 347.90  1.98
 348.60  1.98
 349.30  1.98
 350.00  1.98
 350.70  1.99
 351.40  1.99
 352.10  1.99
 352.80  1.99
 353.50  2.00
 354.20  2.00
 354.90  2.00
 355.60  2.01
 356.30  2.01
 357.00  2.01
 357.70  2.01
 358.40  2.02
 359.10  2.02
 359.80  2.02
 360.50  2.02
 361.20  2.03
 361.90  2.03
 362.60  2.03
 363.30  2.03
 364.00  2.04
 364.70  2.04
 365.40  2.04
 366.10  2.04
 366.80  2.05
 367.50  2.05
 368.20  2.05
 368.90  2.05
 369.60  2.06
 370.30  2.06
 371.00  2.06
 371.70  2.06
 372.40  2.07
 373.10  2.07
 373.80  2.07
 374.50  2.07
 375.20  2.08
 375.90  2.08
 376.60  2.08
 377.30  2.09
 378.00  2.09
 378.70  2.09
 379.40  2.09
 380.10  2.10
 380.80  2.10
 381.50  2.10
 382.20  2.10
 382.90  2.11
 383.60  2.11
 384.30  2.11
 385.00  2.11
 385.70  2.12
 386.40  2.12
 387.10  2.12
 387.80  2.12
 388.50  2.13
 389.20  2.13
 389.90  2.13
 390.60  2.13
 391.30  2.14
 392.00  2.14
 392.70  2.14
 393.40  2.14
 394.10  2.14
 394.80  2.15
 395.50  2.15
 396.20  2.15
 396.90  2.15
 397.60  2.16
 398.30  2.16
 399.00  2.16
 399.70  2.16
 400.40  2.17
 401.10  2.17
 401.80  2.17
 402.50  2.17
 403.20  2.18
 403.90  2.18
 404.60  2.18
 405.30  2.18
 406.00  2.19
 406.70  2.19
 407.40  2.19
 408.10  2.19
 408.80  2.20
 409.50  2.20
 410.20  2.20
 410.90  2.20
 411.60  2.21
 412.30  2.21
 413.00  2.21
 413.70  2.21
 414.40  2.21
 415.10  2.22
 415.80  2.22
 416.50  2.22
 417.20  2.22
 417.90  2.23
 418.60  2.23
 419.30  2.23
 420.00  2.23
 420.70  2.24
 421.40  2.24
 422.10  2.24
 422.80  2.24
 423.50  2.25
 424.20  2.25
 424.90  2.25
 425.60  2.25
 426.30  2.25
 427.00  2.26
 427.70  2.26
 428.40  2.26
 429.10  2.26
 429.80  2.27
 430.50  2.27
 431.20  2.27
 431.90  2.27
 432.60  2.27
 433.30  2.28
 434.00  2.28
 434.70  2.28
 435.40  2.28
 436.10  2.29
 436.80  2.29
 437.50  2.29
 438.20  2.29
 438.90  2.30
 439.60  2.30
 440.30  2.30
 441.00  2.30
 441.70  2.30
 442.40  2.31
 443.10  2.31
 443.80  2.31
 444.50  2.31
 445.20  2.32
 445.90  2.32
 446.60  2.32
 447.30  2.32
 448.00  2.32
 448.70  2.33
 449.40  2.33
 450.10  2.33
 450.80  2.33
 451.50  2.33
 452.20  2.34
 452.90  2.34
 453.60  2.34
 454.30  2.34
 455.00  2.35
 455.70  2.35
 456.40  2.35
 457.10  2.35
 457.80  2.35
 458.50  2.36
 459.20  2.36
 459.90  2.36
 460.60  2.36
 461.30  2.36
 462.00  2.37
 462.70  2.37
 463.40  2.37
 464.10  2.37
 464.80  2.38
 465.50  2.38
 466.20  2.38
 466.90  2.38
 467.60  2.38
 468.30  2.39
 469.00  2.39
 469.70  2.39
 470.40  2.39
 471.10  2.39
 471.80  2.40
 472.50  2.40
 473.20  2.40
 473.90  2.40
 474.60  2.40
 475.30  2.41
 476.00  2.41
 476.70  2.41
 477.40  2.41
 478.10  2.41
 478.80  2.42
 479.50  2.42
 480.20  2.42
 480.90  2.42
 481.60  2.43
 482.30  2.43
 483.00  2.43
 483.70  2.43
 484.40  2.43
 485.10  2.44
 485.80  2.44
 486.50  2.44
 487.20  2.44
 487.90  2.44
 488.60  2.45
 489.30  2.45
 490.00  2.45
 490.70  2.45
 491.40  2.45
 492.10  2.45
 492.80  2.46
 493.50  2.46
 494.20  2.46
 494.90  2.46
 495.60  2.46
 496.30  2.47
 497.00  2.47
 497.70  2.47
 498.40  2.47
 499.10  2.47
 499.80  2.48
 500.50  2.48
 501.20  2.48
 501.90  2.48
 502.60  2.48
 503.30  2.49
 504.00  2.49
 504.70  2.49
 505.40  2.49
 506.10  2.49
 506.80  2.50
 507.50  2.50
 508.20  2.50
 508.90  2.50
 509.60  2.50
 510.30  2.50
 511.00  2.51
 511.70  2.51
 512.40  2.51
 513.10  2.51
 513.80  2.51
 514.50  2.52
 515.20  2.52
 515.90  2.52
 516.60  2.52
 517.30  2.52
 518.00  2.53
 518.70  2.53
 519.40  2.53
 520.10  2.53
 520.80  2.53
 521.50  2.53
 522.20  2.54
 522.90  2.54
 523.60  2.54
 524.30  2.54
 525.00  2.54
 525.70  2.55
 526.40  2.55
 527.10  2.55
 527.80  2.55
 528.50  2.55
 529.20  2.55
 529.90  2.56
 530.60  2.56
 531.30  2.56
 532.00  2.56
 532.70  2.56
 533.40  2.56
 534.10  2.57
 534.80  2.57
 535.50  2.57
 536.20  2.57
 536.90  2.57
 537.60  2.58
 538.30  2.58
 539.00  2.58
 539.70  2.58
 540.40  2.58
 541.10  2.58
 541.80  2.59
 542.50  2.59
 543.20  2.59
 543.90  2.59
 544.60  2.59
 545.30  2.59
 546.00  2.60
 546.70  2.60
 547.40  2.60
 548.10  2.60
 548.80  2.60
 549.50  2.60
 550.20  2.61
 550.90  2.61
 551.60  2.61
 552.30  2.61
 553.00  2.61
 553.70  2.61
 554.40  2.62
 555.10  2.62
 555.80  2.62
 556.50  2.62
 557.20  2.62
 557.90  2.62
 558.60  2.63
 559.30  2.63
 560.00  2.63
 560.70  2.63
 561.40  2.63
 562.10  2.63
 562.80  2.64
 563.50  2.64
 564.20  2.64
 564.90  2.64
 565.60  2.64
 566.30  2.64
 567.00  2.65
 567.70  2.65
 568.40  2.65
 569.10  2.65
 569.80  2.65
 570.50  2.65
 571.20  2.65
 571.90  2.66
 572.60  2.66
 573.30  2.66
 574.00  2.66
 574.70  2.66
 575.40  2.66
 576.10  2.67
 576.80  2.67
 577.50  2.67
 578.20  2.67
 578.90  2.67
 579.60  2.67
 580.30  2.68
 581.00  2.68
 581.70  2.68
 582.40  2.68
 583.10  2.68
 583.80  2.68
 584.50  2.68
 585.20  2.69
 585.90  2.69
 586.60  2.69
 587.30  2.69
 588.00  2.69
 588.70  2.69
 589.40  2.69
 590.10  2.70
 590.80  2.70
 591.50  2.70
 592.20  2.70
 592.90  2.70
 593.60  2.70
 594.30  2.71
 595.00  2.71
 595.70  2.71
 596.40  2.71
 597.10  2.71
 597.80  2.71
 598.50  2.71
 599.20  2.72
 599.90  2.72
 600.60  2.72
 601.30  2.72
 602.00  2.72
 602.70  2.72
 603.40  2.72
 604.10  2.73
 604.80  2.73
 605.50  2.73
 606.20  2.73
 606.90  2.73
 607.60  2.73
 608.30  2.73
 609.00  2.74
 609.70  2.74
 610.40  2.74
 611.10  2.74
 611.80  2.74
 612.50  2.74
 613.20  2.74
 613.90  2.75
 614.60  2.75
 615.30  2.75
 616.00  2.75
 616.70  2.75
 617.40  2.75
 618.10  2.75
 618.80  2.76
 619.50  2.76
 620.20  2.76
 620.90  2.76
 621.60  2.76
 622.30  2.76
 623.00  2.76
 623.70  2.76
 624.40  2.77
 625.10  2.77
 625.80  2.77
 626.50  2.77
 627.20  2.77
 627.90  2.77
 628.60  2.77
 629.30  2.78
 630.00  2.78
 630.70  2.78
 631.40  2.78
 632.10  2.78
 632.80  2.78
 633.50  2.78
 634.20  2.78
 634.90  2.79
 635.60  2.79
 636.30  2.79
 637.00  2.79
 637.70  2.79
 638.40  2.79
 639.10  2.79
 639.80  2.79
 640.50  2.80
 641.20  2.80
 641.90  2.80
 642.60  2.80
 643.30  2.80
 644.00  2.80
 644.70  2.80
 645.40  2.80
 646.10  2.81
 646.80  2.81
 647.50  2.81
 648.20  2.81
 648.90  2.81
 649.60  2.81
 650.30  2.81
 651.00  2.81
 651.70  2.82
 652.40  2.82
 653.10  2.82
 653.80  2.82
 654.50  2.82
 655.20  2.82
 655.90  2.82
 656.60  2.82
 657.30  2.83
 658.00  2.83
 658.70  2.83
 659.40  2.83
 660.10  2.83
 660.80  2.83
 661.50  2.83
 662.20  2.83
 662.90  2.84
 663.60  2.84
 664.30  2.84
 665.00  2.84
 665.70  2.84
 666.40  2.84
 667.10  2.84
 667.80  2.84
 668.50  2.84
 669.20  2.85
 669.90  2.85
 670.60  2.85
 671.30  2.85
 672.00  2.85
 672.70  2.85
 673.40  2.85
 674.10  2.85
 674.80  2.86
 675.50  2.86
 676.20  2.86
 676.90  2.86
 677.60  2.86
 678.30  2.86
 679.00  2.86
 679.70  2.86
 680.40  2.86
 681.10  2.87
 681.80  2.87
 682.50  2.87
 683.20  2.87
 683.90  2.87
 684.60  2.87
 685.30  2.87
 686.00  2.87
 686.70  2.87
 687.40  2.88
 688.10  2.88
 688.80  2.88
 689.50  2.88
 690.20  2.88
 690.90  2.88
 691.60  2.88
 692.30  2.88
 693.00  2.88
 693.70  2.89
 694.40  2.89
 695.10  2.89
 695.80  2.89
 696.50  2.89
 697.20  2.89
 697.90  2.89
 698.60  2.89
 699.30  2.89
 700.00  2.89
 700.70  2.90
 701.40  2.90
 702.10  2.90
 702.80  2.90
 703.50  2.90
 704.20  2.90
 704.90  2.90
 705.60  2.90
 706.30  2.90
 707.00  2.91
 707.70  2.91
 708.40  2.91
 709.10  2.91
 709.80  2.91
 710.50  2.91
 711.20  2.91
 711.90  2.91
 712.60  2.91
 713.30  2.91
 714.00  2.92
 714.70  2.92
 715.40  2.92
 716.10  2.92
 716.80  2.92
 717.50  2.92
 718.20  2.92
 718.90  2.92
 719.60  2.92
 720.30  2.92
 721.00  2.93
 721.70  2.93
 722.40  2.93
 723.10  2.93
 723.80  2.93
 724.50  2.93
 725.20  2.93
 725.90  2.93
 726.60  2.93
 727.30  2.93
 728.00  2.93
 728.70  2.94
 729.40  2.94
 730.10  2.94
 730.80  2.94
 731.50  2.94
 732.20  2.94
 732.90  2.94
 733.60  2.94
 734.30  2.94
 735.00  2.94
 735.70  2.95
 736.40  2.95
 737.10  2.95
 737.80  2.95
 738.50  2.95
 739.20  2.95
 739.90  2.95
 740.60  2.95
 741.30  2.95
 742.00  2.95
 742.70  2.95
 743.40  2.96
 744.10  2.96
 744.80  2.96
 745.50  2.96
 746.20  2.96
 746.90  2.96
 747.60  2.96
 748.30  2.96
 749.00  2.96
 749.70  2.96
 750.40  2.96
 751.10  2.97
 751.80  2.97
 752.50  2.97
 753.20  2.97
 753.90  2.97
 754.60  2.97
 755.30  2.97
 756.00  2.97
 756.70  2.97
 757.40  2.97
 758.10  2.97
 758.80  2.97
 759.50  2.98
 760.20  2.98
 760.90  2.98
 761.60  2.98
 762.30  2.98
 763.00  2.98
 763.70  2.98
 764.40  2.98
 765.10  2.98
 765.80  2.98
 766.50  2.98
 767.20  2.98
 767.90  2.99
 768.60  2.99
 769.30  2.99
 770.00  2.99
 770.70  2.99
 771.40  2.99
 772.10  2.99
 772.80  2.99
 773.50  2.99
 774.20  2.99
 774.90  2.99
 775.60  2.99
 776.30  3.00
 777.00  3.00
 777.70  3.00
 778.40  3.00
 779.10  3.00
 779.80  3.00
 780.50  3.00
 781.20  3.00
 781.90  3.00
 782.60  3.00
 783.30  3.00
 784.00  3.00
 784.70  3.01
 785.40  3.01
 786.10  3.01
 786.80  3.01
 787.50  3.01
 788.20  3.01
 788.90  3.01
 789.60  3.01
 790.30  3.01
 791.00  3.01
 791.70  3.01
 792.40  3.01
 793.10  3.01
 793.80  3.02
 794.50  3.02
 795.20  3.02
 795.90  3.02
 796.60  3.02
 797.30  3.02
 798.00  3.02
 798.70  3.02
 799.40  3.02
 800.10  3.02
 800.80  3.02
 801.50  3.02
 802.20  3.02
 802.90  3.02
 803.60  3.03
 804.30  3.03
 805.00  3.03
 805.70  3.03
 806.40  3.03
 807.10  3.03
 807.80  3.03
 808.50  3.03
 809.20  3.03
 809.90  3.03
 810.60  3.03
 811.30  3.03
 812.00  3.03
 812.70  3.04
 813.40  3.04
 814.10  3.04
 814.80  3.04
 815.50  3.04
 816.20  3.04
 816.90  3.04
 817.60  3.04
 818.30  3.04
 819.00  3.04
 819.70  3.04
 820.40  3.04
 821.10  3.04
 821.80  3.04
 822.50  3.04
 823.20  3.05
 823.90  3.05
 824.60  3.05
 825.30  3.05
 826.00  3.05
 826.70  3.05
 827.40  3.05
 828.10  3.05
 828.80  3.05
 829.50  3.05
 830.20  3.05
 830.90  3.05
 831.60  3.05
 832.30  3.05
 833.00  3.05
 833.70  3.06
 834.40  3.06
 835.10  3.06
 835.80  3.06
 836.50  3.06
 837.20  3.06
 837.90  3.06
 838.60  3.06
 839.30  3.06
 840.00  3.06
 840.70  3.06
 841.40  3.06
 842.10  3.06
 842.80  3.06
 843.50  3.06
 844.20  3.07
 844.90  3.07
 845.60  3.07
 846.30  3.07
 847.00  3.07
 847.70  3.07
 848.40  3.07
 849.10  3.07
 849.80  3.07
 850.50  3.07
 851.20  3.07
 851.90  3.07
 852.60  3.07
 853.30  3.07
 854.00  3.07
 854.70  3.07
 855.40  3.08
 856.10  3.08
 856.80  3.08
 857.50  3.08
 858.20  3.08
 858.90  3.08
 859.60  3.08
 860.30  3.08
 861.00  3.08
 861.70  3.08
 862.40  3.08
 863.10  3.08
 863.80  3.08
 864.50  3.08
 865.20  3.08
 865.90  3.08
 866.60  3.08
 867.30  3.09
 868.00  3.09
 868.70  3.09
 869.40  3.09
 870.10  3.09
 870.80  3.09
 871.50  3.09
 872.20  3.09
 872.90  3.09
 873.60  3.09
 874.30  3.09
 875.00  3.09
 875.70  3.09
 876.40  3.09
 877.10  3.09
 877.80  3.09
 878.50  3.09
 879.20  3.10
 879.90  3.10
 880.60  3.10
 881.30  3.10
 882.00  3.10
 882.70  3.10
 883.40  3.10
 884.10  3.10
 884.80  3.10
 885.50  3.10
 886.20  3.10
 886.90  3.10
 887.60  3.10
 888.30  3.10
 889.00  3.10
 889.70  3.10
 890.40  3.10
 891.10  3.10
 891.80  3.10
 892.50  3.11
 893.20  3.11
 893.90  3.11
 894.60  3.11
 895.30  3.11
 896.00  3.11
 896.70  3.11
 897.40  3.11
 898.10  3.11
 898.80  3.11
 899.50  3.11
 900.20  3.11
 900.90  3.11
 901.60  3.11
 902.30  3.11
 903.00  3.11
 903.70  3.11
 904.40  3.11
 905.10  3.11
 905.80  3.12
 906.50  3.12
 907.20  3.12
 907.90  3.12
 908.60  3.12
 909.30  3.12
 910.00  3.12
 910.70  3.12
 911.40  3.12
 912.10  3.12
 912.80  3.12
 913.50  3.12
 914.20  3.12
 914.90  3.12
 915.60  3.12
 916.30  3.12
 917.00  3.12
 917.70  3.12
 918.40  3.12
 919.10  3.12
 919.80  3.13
 920.50  3.13
 921.20  3.13
 921.90  3.13
 922.60  3.13
 923.30  3.13
 924.00  3.13
 924.70  3.13
 925.40  3.13
 926.10  3.13
 926.80  3.13
 927.50  3.13
 928.20  3.13
 928.90  3.13
 929.60  3.13
 930.30  3.13
 931.00  3.13
 931.70  3.13
 932.40  3.13
 933.10  3.13
 933.80  3.13
 934.50  3.14
 935.20  3.14
 935.90  3.14
 936.60  3.14
 937.30  3.14
 938.00  3.14
 938.70  3.14
 939.40  3.14
 940.10  3.14
 940.80  3.14
 941.50  3.14
 942.20  3.14
 942.90  3.14
 943.60  3.14
 944.30  3.14
 945.00  3.14
 945.70  3.14
 946.40  3.14
 947.10  3.14
 947.80  3.14
 948.50  3.14
 949.20  3.14
 949.90  3.14
 950.60  3.15
 951.30  3.15
 952.00  3.15
 952.70  3.15
 953.40  3.15
 954.10  3.15
 954.80  3.15
 955.50  3.15
 956.20  3.15
 956.90  3.15
 957.60  3.15
 958.30  3.15
 959.00  3.15
 959.70  3.15
 960.40  3.15
 961.10  3.15
 961.80  3.15
 962.50  3.15
 963.20  3.15
 963.90  3.15
 964.60  3.15
 965.30  3.15
 966.00  3.15
 966.70  3.15
 967.40  3.16
 968.10  3.16
 968.80  3.16
 969.50  3.16
 970.20  3.16
 970.90  3.16
 971.60  3.16
 972.30  3.16
 973.00  3.16
 973.70  3.16
 974.40  3.16
 975.10  3.16
 975.80  3.16
 976.50  3.16
 977.20  3.16
 977.90  3.16
 978.60  3.16
 979.30  3.16
 980.00  3.16
 980.70  3.16
 981.40  3.16
 982.10  3.16
 982.80  3.16
 983.50  3.16
 984.20  3.16
 984.90  3.17
 985.60  3.17
 986.30  3.17
 987.00  3.17
 987.70  3.17
 988.40  3.17
 989.10  3.17
 989.80  3.17
 990.50  3.17
 991.20  3.17
 991.90  3.17
 992.60  3.17
 993.30  3.17
 994.00  3.17
 994.70  3.17
 995.40  3.17
 996.10  3.17
 996.80  3.17
 997.50  3.17
 998.20  3.17
 998.90  3.17
 999.60  3.17
 1000.30  3.17
 1001.00  3.17
 1001.70  3.17
 1002.40  3.17
 1003.10  3.17
 1003.80  3.17
 1004.50  3.18
 1005.20  3.18
 1005.90  3.18
 1006.60  3.18
 1007.30  3.18
 1008.00  3.18
 1008.70  3.18
 1009.40  3.18
 1010.10  3.18
 1010.80  3.18
 1011.50  3.18
 1012.20  3.18
 1012.90  3.18
 1013.60  3.18
 1014.30  3.18
 1015.00  3.18
 1015.70  3.18
 1016.40  3.18
 1017.10  3.18
 1017.80  3.18
 1018.50  3.18
 1019.20  3.18
 1019.90  3.18
 1020.60  3.18
 1021.30  3.18
 1022.00  3.18
 1022.70  3.18
 1023.40  3.18
 1024.10  3.18
 1024.80  3.19
 1025.50  3.19
 1026.20  3.19
 1026.90  3.19
 1027.60  3.19
 1028.30  3.19
 1029.00  3.19
 1029.70  3.19
 1030.40  3.19
 1031.10  3.19
 1031.80  3.19
 1032.50  3.19
 1033.20  3.19
 1033.90  3.19
 1034.60  3.19
 1035.30  3.19
 1036.00  3.19
 1036.70  3.19
 1037.40  3.19
 1038.10  3.19
 1038.80  3.19
 1039.50  3.19
 1040.20  3.19
 1040.90  3.19
 1041.60  3.19
 1042.30  3.19
 1043.00  3.19
 1043.70  3.19
 1044.40  3.19
 1045.10  3.19
 1045.80  3.19
 1046.50  3.19
 1047.20  3.19
 1047.90  3.20
 1048.60  3.20
 1049.30  3.20
 1050.00  3.20
 1050.70  3.20
 1051.40  3.20
 1052.10  3.20
 1052.80  3.20
 1053.50  3.20
 1054.20  3.20
 1054.90  3.20
 1055.60  3.20
 1056.30  3.20
 1057.00  3.20
 1057.70  3.20
 1058.40  3.20
 1059.10  3.20
 1059.80  3.20
 1060.50  3.20
 1061.20  3.20
 1061.90  3.20
 1062.60  3.20
 1063.30  3.20
 1064.00  3.20
 1064.70  3.20
 1065.40  3.20
 1066.10  3.20
 1066.80  3.20
 1067.50  3.20
 1068.20  3.20
 1068.90  3.20
 1069.60  3.20
 1070.30  3.20
 1071.00  3.20
 1071.70  3.20
 1072.40  3.21
 1073.10  3.21
 1073.80  3.21
 1074.50  3.21
 1075.20  3.21
 1075.90  3.21
 1076.60  3.21
 1077.30  3.21
 1078.00  3.21
 1078.70  3.21
 1079.40  3.21
 1080.10  3.21
 1080.80  3.21
 1081.50  3.21
 1082.20  3.21
 1082.90  3.21
 1083.60  3.21
 1084.30  3.21
 1085.00  3.21
 1085.70  3.21
 1086.40  3.21
 1087.10  3.21
 1087.80  3.21
 1088.50  3.21
 1089.20  3.21
 1089.90  3.21
 1090.60  3.21
 1091.30  3.21
 1092.00  3.21
 1092.70  3.21
 1093.40  3.21
 1094.10  3.21
 1094.80  3.21
 1095.50  3.21
 1096.20  3.21
 1096.90  3.21
 1097.60  3.21
 1098.30  3.21
 1099.00  3.21
 1099.70  3.22
 1100.40  3.22
 1101.10  3.22
 1101.80  3.22
 1102.50  3.22
 1103.20  3.22
 1103.90  3.22
 1104.60  3.22
 1105.30  3.22
 1106.00  3.22
 1106.70  3.22
 1107.40  3.22
 1108.10  3.22
 1108.80  3.22
 1109.50  3.22
 1110.20  3.22
 1110.90  3.22
 1111.60  3.22
 1112.30  3.22
 1113.00  3.22
 1113.70  3.22
 1114.40  3.22
 1115.10  3.22
 1115.80  3.22
 1116.50  3.22
 1117.20  3.22
 1117.90  3.22
 1118.60  3.22
 1119.30  3.22
 1120.00  3.22
 1120.70  3.22
 1121.40  3.22
 1122.10  3.22
 1122.80  3.22
 1123.50  3.22
 1124.20  3.22
 1124.90  3.22
 1125.60  3.22
 1126.30  3.22
 1127.00  3.22
 1127.70  3.22
 1128.40  3.22
 1129.10  3.22
 1129.80  3.23
 1130.50  3.23
 1131.20  3.23
 1131.90  3.23
 1132.60  3.23
 1133.30  3.23
 1134.00  3.23
 1134.70  3.23
 1135.40  3.23
 1136.10  3.23
 1136.80  3.23
 1137.50  3.23
 1138.20  3.23
 1138.90  3.23
 1139.60  3.23
 1140.30  3.23
 1141.00  3.23
 1141.70  3.23
 1142.40  3.23
 1143.10  3.23
 1143.80  3.23
 1144.50  3.23
 1145.20  3.23
 1145.90  3.23
 1146.60  3.23
 1147.30  3.23
 1148.00  3.23
 1148.70  3.23
 1149.40  3.23
 1150.10  3.23
 1150.80  3.23
 1151.50  3.23
 1152.20  3.23
 1152.90  3.23
 1153.60  3.23
 1154.30  3.23
 1155.00  3.23
 1155.70  3.23
 1156.40  3.23
 1157.10  3.23
 1157.80  3.23
 1158.50  3.23
 1159.20  3.23
 1159.90  3.23
 1160.60  3.23
 1161.30  3.23
 1162.00  3.23
 1162.70  3.23
 1163.40  3.23
 1164.10  3.24
 1164.80  3.24
 1165.50  3.24
 1166.20  3.24
 1166.90  3.24
 1167.60  3.24
 1168.30  3.24
 1169.00  3.24
 1169.70  3.24
 1170.40  3.24
 1171.10  3.24
 1171.80  3.24
 1172.50  3.24
 1173.20  3.24
 1173.90  3.24
 1174.60  3.24
 1175.30  3.24
 1176.00  3.24
 1176.70  3.24
 1177.40  3.24
 1178.10  3.24
 1178.80  3.24
 1179.50  3.24
 1180.20  3.24
 1180.90  3.24
 1181.60  3.24
 1182.30  3.24
 1183.00  3.24
 1183.70  3.24
 1184.40  3.24
 1185.10  3.24
 1185.80  3.24
 1186.50  3.24
 1187.20  3.24
 1187.90  3.24
 1188.60  3.24
 1189.30  3.24
 1190.00  3.24
 1190.70  3.24
 1191.40  3.24
 1192.10  3.24
 1192.80  3.24
 1193.50  3.24
 1194.20  3.24
 1194.90  3.24
 1195.60  3.24
 1196.30  3.24
 1197.00  3.24
 1197.70  3.24
 1198.40  3.24
 1199.10  3.24
 1199.80  3.24
 1200.50  3.24
 1201.20  3.24
 1201.90  3.24
 1202.60  3.24
 1203.30  3.24
 1204.00  3.25
 1204.70  3.25
 1205.40  3.25
 1206.10  3.25
 1206.80  3.25
 1207.50  3.25
 1208.20  3.25
 1208.90  3.25
 1209.60  3.25
 1210.30  3.25
 1211.00  3.25
 1211.70  3.25
 1212.40  3.25
 1213.10  3.25
 1213.80  3.25
 1214.50  3.25
 1215.20  3.25
 1215.90  3.25
 1216.60  3.25
 1217.30  3.25
 1218.00  3.25
 1218.70  3.25
 1219.40  3.25
 1220.10  3.25
 1220.80  3.25
 1221.50  3.25
 1222.20  3.25
 1222.90  3.25
 1223.60  3.25
 1224.30  3.25
 1225.00  3.25
 1225.70  3.25
 1226.40  3.25
 1227.10  3.25
 1227.80  3.25
 1228.50  3.25
 1229.20  3.25
 1229.90  3.25
 1230.60  3.25
 1231.30  3.25
 1232.00  3.25
 1232.70  3.25
 1233.40  3.25
 1234.10  3.25
 1234.80  3.25
 1235.50  3.25
 1236.20  3.25
 1236.90  3.25
 1237.60  3.25
 1238.30  3.25
 1239.00  3.25
 1239.70  3.25
 1240.40  3.25
 1241.10  3.25
 1241.80  3.25
 1242.50  3.25
 1243.20  3.25
 1243.90  3.25
 1244.60  3.25
 1245.30  3.25
 1246.00  3.25
 1246.70  3.25
 1247.40  3.25
 1248.10  3.25
 1248.80  3.25
 1249.50  3.25
 1250.20  3.25
 1250.90  3.26
 1251.60  3.26
 1252.30  3.26
 1253.00  3.26
 1253.70  3.26
 1254.40  3.26
 1255.10  3.26
 1255.80  3.26
 1256.50  3.26
 1257.20  3.26
 1257.90  3.26
 1258.60  3.26
 1259.30  3.26
 1260.00  3.26
 1260.70  3.26
 1261.40  3.26
 1262.10  3.26
 1262.80  3.26
 1263.50  3.26
 1264.20  3.26
 1264.90  3.26
 1265.60  3.26
 1266.30  3.26
 1267.00  3.26
 1267.70  3.26
 1268.40  3.26
 1269.10  3.26
 1269.80  3.26
 1270.50  3.26
 1271.20  3.26
 1271.90  3.26
 1272.60  3.26
 1273.30  3.26
 1274.00  3.26
 1274.70  3.26
 1275.40  3.26
 1276.10  3.26
 1276.80  3.26
 1277.50  3.26
 1278.20  3.26
 1278.90  3.26
 1279.60  3.26
 1280.30  3.26
 1281.00  3.26
 1281.70  3.26
 1282.40  3.26
 1283.10  3.26
 1283.80  3.26
 1284.50  3.26
 1285.20  3.26
 1285.90  3.26
 1286.60  3.26
 1287.30  3.26
 1288.00  3.26
 1288.70  3.26
 1289.40  3.26
 1290.10  3.26
 1290.80  3.26
 1291.50  3.26
 1292.20  3.26
 1292.90  3.26
 1293.60  3.26
 1294.30  3.26
 1295.00  3.26
 1295.70  3.26
 1296.40  3.26
 1297.10  3.26
 1297.80  3.26
 1298.50  3.26
 1299.20  3.26
 1299.90  3.26
 1300.60  3.26
 1301.30  3.26
 1302.00  3.26
 1302.70  3.26
 1303.40  3.26
 1304.10  3.26
 1304.80  3.26
 1305.50  3.26
 1306.20  3.26
 1306.90  3.26
 1307.60  3.26
 1308.30  3.26
 1309.00  3.27
 1309.70  3.27
 1310.40  3.27
 1311.10  3.27
 1311.80  3.27
 1312.50  3.27
 1313.20  3.27
 1313.90  3.27
 1314.60  3.27
 1315.30  3.27
 1316.00  3.27
 1316.70  3.27
 1317.40  3.27
 1318.10  3.27
 1318.80  3.27
 1319.50  3.27
 1320.20  3.27
 1320.90  3.27
 1321.60  3.27
 1322.30  3.27
 1323.00  3.27
 1323.70  3.27
 1324.40  3.27
 1325.10  3.27
 1325.80  3.27
 1326.50  3.27
 1327.20  3.27
 1327.90  3.27
 1328.60  3.27
 1329.30  3.27
 1330.00  3.27
 1330.70  3.27
 1331.40  3.27
 1332.10  3.27
 1332.80  3.27
 1333.50  3.27
 1334.20  3.27
 1334.90  3.27
 1335.60  3.27
 1336.30  3.27
 1337.00  3.27
 1337.70  3.27
 1338.40  3.27
 1339.10  3.27
 1339.80  3.27
 1340.50  3.27
 1341.20  3.27
 1341.90  3.27
 1342.60  3.27
 1343.30  3.27
 1344.00  3.27
 1344.70  3.27
 1345.40  3.27
 1346.10  3.27
 1346.80  3.27
 1347.50  3.27
 1348.20  3.27
 1348.90  3.27
 1349.60  3.27
 1350.30  3.27
 1351.00  3.27
 1351.70  3.27
 1352.40  3.27
 1353.10  3.27
 1353.80  3.27
 1354.50  3.27
 1355.20  3.27
 1355.90  3.27
 1356.60  3.27
 1357.30  3.27
 1358.00  3.27
 1358.70  3.27
 1359.40  3.27
 1360.10  3.27
 1360.80  3.27
 1361.50  3.27
 1362.20  3.27
 1362.90  3.27
 1363.60  3.27
 1364.30  3.27
 1365.00  3.27
 1365.70  3.27
 1366.40  3.27
 1367.10  3.27
 1367.80  3.27
 1368.50  3.27
 1369.20  3.27
 1369.90  3.27
 1370.60  3.27
 1371.30  3.27
 1372.00  3.27
 1372.70  3.27
 1373.40  3.27
 1374.10  3.27
 1374.80  3.27
 1375.50  3.27
 1376.20  3.27
 1376.90  3.27
 1377.60  3.27
 1378.30  3.27
 1379.00  3.27
 1379.70  3.27
 1380.40  3.27
 1381.10  3.27
 1381.80  3.27
 1382.50  3.27
 1383.20  3.27
 1383.90  3.27
 1384.60  3.28
 1385.30  3.28
 1386.00  3.28
 1386.70  3.28
 1387.40  3.28
 1388.10  3.28
 1388.80  3.28
 1389.50  3.28
 1390.20  3.28
 1390.90  3.28
 1391.60  3.28
 1392.30  3.28
 1393.00  3.28
 1393.70  3.28
 1394.40  3.28
 1395.10  3.28
 1395.80  3.28
 1396.50  3.28
 1397.20  3.28
 1397.90  3.28
 1398.60  3.28
 1399.30  3.28
 1400.00  3.28
 1400.70  3.28
 1401.40  3.28
 1402.10  3.28
 1402.80  3.28
 1403.50  3.28
 1404.20  3.28
 1404.90  3.28
 1405.60  3.28
 1406.30  3.28
 1407.00  3.28
 1407.70  3.28
 1408.40  3.28
 1409.10  3.28
 1409.80  3.28
 1410.50  3.28
 1411.20  3.28
 1411.90  3.28
 1412.60  3.28
 1413.30  3.28
 1414.00  3.28
 1414.70  3.28
 1415.40  3.28
 1416.10  3.28
 1416.80  3.28
 1417.50  3.28
 1418.20  3.28
 1418.90  3.28
 1419.60  3.28
 1420.30  3.28
 1421.00  3.28
 1421.70  3.28
 1422.40  3.28
 1423.10  3.28
 1423.80  3.28
 1424.50  3.28
 1425.20  3.28
 1425.90  3.28
 1426.60  3.28
 1427.30  3.28
 1428.00  3.28
 1428.70  3.28
 1429.40  3.28
 1430.10  3.28
 1430.80  3.28
 1431.50  3.28
 1432.20  3.28
 1432.90  3.28
 1433.60  3.28
 1434.30  3.28
 1435.00  3.28
 1435.70  3.28
 1436.40  3.28
 1437.10  3.28
 1437.80  3.28
 1438.50  3.28
 1439.20  3.28
 1439.90  3.28
 1440.60  3.28
 1441.30  3.28
 1442.00  3.28
 1442.70  3.28
 1443.40  3.28
 1444.10  3.28
 1444.80  3.28
 1445.50  3.28
 1446.20  3.28
 1446.90  3.28
 1447.60  3.28
 1448.30  3.28
 1449.00  3.28
 1449.70  3.28
 1450.40  3.28
 1451.10  3.28
 1451.80  3.28
 1452.50  3.28
 1453.20  3.28
 1453.90  3.28
 1454.60  3.28
 1455.30  3.28
 1456.00  3.28
 1456.70  3.28
 1457.40  3.28
 1458.10  3.28
 1458.80  3.28
 1459.50  3.28
 1460.20  3.28
 1460.90  3.28
 1461.60  3.28
 1462.30  3.28
 1463.00  3.28
 1463.70  3.28
 1464.40  3.28
 1465.10  3.28
 1465.80  3.28
 1466.50  3.28
 1467.20  3.28
 1467.90  3.28
 1468.60  3.28
 1469.30  3.28
 1470.00  3.28
 1470.70  3.28
 1471.40  3.28
 1472.10  3.28
 1472.80  3.28
 1473.50  3.28
 1474.20  3.28
 1474.90  3.28
 1475.60  3.28
 1476.30  3.28
 1477.00  3.28
 1477.70  3.28
 1478.40  3.28
 1479.10  3.28
 1479.80  3.28
 1480.50  3.28
 1481.20  3.28
 1481.90  3.28
 1482.60  3.28
 1483.30  3.28
 1484.00  3.28
 1484.70  3.28
 1485.40  3.28
 1486.10  3.28
 1486.80  3.28
 1487.50  3.28
 1488.20  3.28
 1488.90  3.28
 1489.60  3.28
 1490.30  3.28
 1491.00  3.28
 1491.70  3.28
 1492.40  3.29
 1493.10  3.29
 1493.80  3.29
 1494.50  3.29
 1495.20  3.29
 1495.90  3.29
 1496.60  3.29
 1497.30  3.29
 1498.00  3.29
 1498.70  3.29
 1499.40  3.29
 1500.10  3.29
 1500.80  3.29
 1501.50  3.29
 1502.20  3.29
 1502.90  3.29
 1503.60  3.29
 1504.30  3.29
 1505.00  3.29
 1505.70  3.29
 1506.40  3.29
 1507.10  3.29
 1507.80  3.29
 1508.50  3.29
 1509.20  3.29
 1509.90  3.29
 1510.60  3.29
 1511.30  3.29
 1512.00  3.29
 1512.70  3.29
 1513.40  3.29
 1514.10  3.29
 1514.80  3.29
 1515.50  3.29
 1516.20  3.29
 1516.90  3.29
 1517.60  3.29
 1518.30  3.29
 1519.00  3.29
 1519.70  3.29
 1520.40  3.29
 1521.10  3.29
 1521.80  3.29
 1522.50  3.29
 1523.20  3.29
 1523.90  3.29
 1524.60  3.29
 1525.30  3.29
 1526.00  3.29
 1526.70  3.29
 1527.40  3.29
 1528.10  3.29
 1528.80  3.29
 1529.50  3.29
 1530.20  3.29
 1530.90  3.29
 1531.60  3.29
 1532.30  3.29
 1533.00  3.29
 1533.70  3.29
 1534.40  3.29
 1535.10  3.29
 1535.80  3.29
 1536.50  3.29
 1537.20  3.29
 1537.90  3.29
 1538.60  3.29
 1539.30  3.29
 1540.00  3.29
 1540.70  3.29
 1541.40  3.29
 1542.10  3.29
 1542.80  3.29
 1543.50  3.29
 1544.20  3.29
 1544.90  3.29
 1545.60  3.29
 1546.30  3.29
 1547.00  3.29
 1547.70  3.29
 1548.40  3.29
 1549.10  3.29
 1549.80  3.29
 1550.50  3.29
 1551.20  3.29
 1551.90  3.29
 1552.60  3.29
 1553.30  3.29
 1554.00  3.29
 1554.70  3.29
 1555.40  3.29
 1556.10  3.29
 1556.80  3.29
 1557.50  3.29
 1558.20  3.29
 1558.90  3.29
 1559.60  3.29
 1560.30  3.29
 1561.00  3.29
 1561.70  3.29
 1562.40  3.29
 1563.10  3.29
 1563.80  3.29
 1564.50  3.29
 1565.20  3.29
 1565.90  3.29
 1566.60  3.29
 1567.30  3.29
 1568.00  3.29
 1568.70  3.29
 1569.40  3.29
 1570.10  3.29
 1570.80  3.29
 1571.50  3.29
 1572.20  3.29
 1572.90  3.29
 1573.60  3.29
 1574.30  3.29
 1575.00  3.29
 1575.70  3.29
 1576.40  3.29
 1577.10  3.29
 1577.80  3.29
 1578.50  3.29
 1579.20  3.29
 1579.90  3.29
 1580.60  3.29
 1581.30  3.29
 1582.00  3.29
 1582.70  3.29
 1583.40  3.29
 1584.10  3.29
 1584.80  3.29
 1585.50  3.29
 1586.20  3.29
 1586.90  3.29
 1587.60  3.29
 1588.30  3.29
 1589.00  3.29
 1589.70  3.29
 1590.40  3.29
 1591.10  3.29
 1591.80  3.29
 1592.50  3.29
 1593.20  3.29
 1593.90  3.29
 1594.60  3.29
 1595.30  3.29
 1596.00  3.29
 1596.70  3.29
 1597.40  3.29
 1598.10  3.29
 1598.80  3.29
 1599.50  3.29
 1600.20  3.29
 1600.90  3.29
 1601.60  3.29
 1602.30  3.29
 1603.00  3.29
 1603.70  3.29
 1604.40  3.29
 1605.10  3.29
 1605.80  3.29
 1606.50  3.29
 1607.20  3.29
 1607.90  3.29
 1608.60  3.29
 1609.30  3.29
 1610.00  3.29
 1610.70  3.29
 1611.40  3.29
 1612.10  3.29
 1612.80  3.29
 1613.50  3.29
 1614.20  3.29
 1614.90  3.29
 1615.60  3.29
 1616.30  3.29
 1617.00  3.29
 1617.70  3.29
 1618.40  3.29
 1619.10  3.29
 1619.80  3.29
 1620.50  3.29
 1621.20  3.29
 1621.90  3.29
 1622.60  3.29
 1623.30  3.29
 1624.00  3.29
 1624.70  3.29
 1625.40  3.29
 1626.10  3.29
 1626.80  3.29
 1627.50  3.29
 1628.20  3.29
 1628.90  3.29
 1629.60  3.29
 1630.30  3.29
 1631.00  3.29
 1631.70  3.29
 1632.40  3.29
 1633.10  3.29
 1633.80  3.29
 1634.50  3.29
 1635.20  3.29
 1635.90  3.29
 1636.60  3.29
 1637.30  3.29
 1638.00  3.29
 1638.70  3.29
 1639.40  3.29
 1640.10  3.29
 1640.80  3.29
 1641.50  3.29
 1642.20  3.29
 1642.90  3.29
 1643.60  3.29
 1644.30  3.29
 1645.00  3.29
 1645.70  3.29
 1646.40  3.29
 1647.10  3.29
 1647.80  3.29
 1648.50  3.29
 1649.20  3.29
 1649.90  3.29
 1650.60  3.29
 1651.30  3.29
 1652.00  3.29
 1652.70  3.29
 1653.40  3.29
 1654.10  3.29
 1654.80  3.29
 1655.50  3.29
 1656.20  3.29
 1656.90  3.29
 1657.60  3.29
 1658.30  3.29
 1659.00  3.29
 1659.70  3.29
 1660.40  3.29
 1661.10  3.29
 1661.80  3.29
 1662.50  3.29
 1663.20  3.29
 1663.90  3.29
 1664.60  3.29
 1665.30  3.29
 1666.00  3.29
 1666.70  3.29
 1667.40  3.29
 1668.10  3.29
 1668.80  3.29
 1669.50  3.29
 1670.20  3.29
 1670.90  3.29
 1671.60  3.29
 1672.30  3.29
 1673.00  3.29
 1673.70  3.29
 1674.40  3.29
 1675.10  3.29
 1675.80  3.29
 1676.50  3.29
 1677.20  3.29
 1677.90  3.29
 1678.60  3.29
 1679.30  3.29
 1680.00  3.29
 1680.70  3.29
 1681.40  3.29
 1682.10  3.29
 1682.80  3.29
 1683.50  3.29
 1684.20  3.29
 1684.90  3.29
 1685.60  3.29
 1686.30  3.30
 1687.00  3.30
 1687.70  3.30
 1688.40  3.30
 1689.10  3.30
 1689.80  3.30
 1690.50  3.30
 1691.20  3.30
 1691.90  3.30
 1692.60  3.30
 1693.30  3.30
 1694.00  3.30
 1694.70  3.30
 1695.40  3.30
 1696.10  3.30
 1696.80  3.30
 1697.50  3.30
 1698.20  3.30
 1698.90  3.30
 1699.60  3.30
 1700.30  3.30
 1701.00  3.30
 1701.70  3.30
 1702.40  3.30
 1703.10  3.30
 1703.80  3.30
 1704.50  3.30
 1705.20  3.30
 1705.90  3.30
 1706.60  3.30
 1707.30  3.30
 1708.00  3.30
 1708.70  3.30
 1709.40  3.30
 1710.10  3.30
 1710.80  3.30
 1711.50  3.30
 1712.20  3.30
 1712.90  3.30
 1713.60  3.30
 1714.30  3.30
 1715.00  3.30
 1715.70  3.30
 1716.40  3.30
 1717.10  3.30
 1717.80  3.30
 1718.50  3.30
 1719.20  3.30
 1719.90  3.30
 1720.60  3.30
 1721.30  3.30
 1722.00  3.30
 1722.70  3.30
 1723.40  3.30
 1724.10  3.30
 1724.80  3.30
 1725.50  3.30
 1726.20  3.30
 1726.90  3.30
 1727.60  3.30
 1728.30  3.30
 1729.00  3.30
 1729.70  3.30
 1730.40  3.30
 1731.10  3.30
 1731.80  3.30
 1732.50  3.30
 1733.20  3.30
 1733.90  3.30
 1734.60  3.30
 1735.30  3.30
 1736.00  3.30
 1736.70  3.30
 1737.40  3.30
 1738.10  3.30
 1738.80  3.30
 1739.50  3.30
 1740.20  3.30
 1740.90  3.30
 1741.60  3.30
 1742.30  3.30
 1743.00  3.30
 1743.70  3.30
 1744.40  3.30
 1745.10  3.30
 1745.80  3.30
 1746.50  3.30
 1747.20  3.30
 1747.90  3.30
 1748.60  3.30
 1749.30  3.30
 1750.00  3.30
 1750.70  3.30
 1751.40  3.30
 1752.10  3.30
 1752.80  3.30
 1753.50  3.30
 1754.20  3.30
 1754.90  3.30
 1755.60  3.30
 1756.30  3.30
 1757.00  3.30
 1757.70  3.30
 1758.40  3.30
 1759.10  3.30
 1759.80  3.30
 1760.50  3.30
 1761.20  3.30
 1761.90  3.30
 1762.60  3.30
 1763.30  3.30
 1764.00  3.30
 1764.70  3.30
 1765.40  3.30
 1766.10  3.30
 1766.80  3.30
 1767.50  3.30
 1768.20  3.30
 1768.90  3.30
 1769.60  3.30
 1770.30  3.30
 1771.00  3.30
 1771.70  3.30
 1772.40  3.30
 1773.10  3.30
 1773.80  3.30
 1774.50  3.30
 1775.20  3.30
 1775.90  3.30
 1776.60  3.30
 1777.30  3.30
 1778.00  3.30
 1778.70  3.30
 1779.40  3.30
 1780.10  3.30
 1780.80  3.30
 1781.50  3.30
 1782.20  3.30
 1782.90  3.30
 1783.60  3.30
 1784.30  3.30
 1785.00  3.30
 1785.70  3.30
 1786.40  3.30
 1787.10  3.30
 1787.80  3.30
 1788.50  3.30
 1789.20  3.30
 1789.90  3.30
 1790.60  3.30
 1791.30  3.30
 1792.00  3.30
 1792.70  3.30
 1793.40  3.30
 1794.10  3.30
 1794.80  3.30
 1795.50  3.30
 1796.20  3.30
 1796.90  3.30
 1797.60  3.30
 1798.30  3.30
 1799.00  3.30
 1799.70  3.30
 1800.40  3.30
 1801.10  3.30
 1801.80  3.30
 1802.50  3.30
 1803.20  3.30
 1803.90  3.30
 1804.60  3.30
 1805.30  3.30
 1806.00  3.30
 1806.70  3.30
 1807.40  3.30
 1808.10  3.30
 1808.80  3.30
 1809.50  3.30
 1810.20  3.30
 1810.90  3.30
 1811.60  3.30
 1812.30  3.30
 1813.00  3.30
 1813.70  3.30
 1814.40  3.30
 1815.10  3.30
 1815.80  3.30
 1816.50  3.30
 1817.20  3.30
 1817.90  3.30
 1818.60  3.30
 1819.30  3.30
 1820.00  3.30
 1820.70  3.30
 1821.40  3.30
 1822.10  3.30
 1822.80  3.30
 1823.50  3.30
 1824.20  3.30
 1824.90  3.30
 1825.60  3.30
 1826.30  3.30
 1827.00  3.30
 1827.70  3.30
 1828.40  3.30
 1829.10  3.30
 1829.80  3.30
 1830.50  3.30
 1831.20  3.30
 1831.90  3.30
 1832.60  3.30
 1833.30  3.30
 1834.00  3.30
 1834.70  3.30
 1835.40  3.30
 1836.10  3.30
 1836.80  3.30
 1837.50  3.30
 1838.20  3.30
 1838.90  3.30
 1839.60  3.30
 1840.30  3.30
 1841.00  3.30
 1841.70  3.30
 1842.40  3.30
 1843.10  3.30
 1843.80  3.30
 1844.50  3.30
 1845.20  3.30
 1845.90  3.30
 1846.60  3.30
 1847.30  3.30
 1848.00  3.30
 1848.70  3.30
 1849.40  3.30
 1850.10  3.30
 1850.80  3.30
 1851.50  3.30
 1852.20  3.30
 1852.90  3.30
 1853.60  3.30
 1854.30  3.30
 1855.00  3.30
 1855.70  3.30
 1856.40  3.30
 1857.10  3.30
 1857.80  3.30
 1858.50  3.30
 1859.20  3.30
 1859.90  3.30
 1860.60  3.30
 1861.30  3.30
 1862.00  3.30
 1862.70  3.30
 1863.40  3.30
 1864.10  3.30
 1864.80  3.30
 1865.50  3.30
 1866.20  3.30
 1866.90  3.30
 1867.60  3.30
 1868.30  3.30
 1869.00  3.30
 1869.70  3.30
 1870.40  3.30
 1871.10  3.30
 1871.80  3.30
 1872.50  3.30
 1873.20  3.30
 1873.90  3.30
 1874.60  3.30
 1875.30  3.30
 1876.00  3.30
 1876.70  3.30
 1877.40  3.30
 1878.10  3.30
 1878.80  3.30
 1879.50  3.30
 1880.20  3.30
 1880.90  3.30
 1881.60  3.30
 1882.30  3.30
 1883.00  3.30
 1883.70  3.30
 1884.40  3.30
 1885.10  3.30
 1885.80  3.30
 1886.50  3.30
 1887.20  3.30
 1887.90  3.30
 1888.60  3.30
 1889.30  3.30
 1890.00  3.30
 1890.70  3.30
 1891.40  3.30
 1892.10  3.30
 1892.80  3.30
 1893.50  3.30
 1894.20  3.30
 1894.90  3.30
 1895.60  3.30
 1896.30  3.30
 1897.00  3.30
 1897.70  3.30
 1898.40  3.30
 1899.10  3.30
 1899.80  3.30
 1900.50  3.30
 1901.20  3.30
 1901.90  3.30
 1902.60  3.30
 1903.30  3.30
 1904.00  3.30
 1904.70  3.30
 1905.40  3.30
 1906.10  3.30
 1906.80  3.30
 1907.50  3.30
 1908.20  3.30
 1908.90  3.30
 1909.60  3.30
 1910.30  3.30
 1911.00  3.30
 1911.70  3.30
 1912.40  3.30
 1913.10  3.30
 1913.80  3.30
 1914.50  3.30
 1915.20  3.30
 1915.90  3.30
 1916.60  3.30
 1917.30  3.30
 1918.00  3.30
 1918.70  3.30
 1919.40  3.30
 1920.10  3.30
 1920.80  3.30
 1921.50  3.30
 1922.20  3.30
 1922.90  3.30
 1923.60  3.30
 1924.30  3.30
 1925.00  3.30
 1925.70  3.30
 1926.40  3.30
 1927.10  3.30
 1927.80  3.30
 1928.50  3.30
 1929.20  3.30
 1929.90  3.30
 1930.60  3.30
 1931.30  3.30
 1932.00  3.30
 1932.70  3.30
 1933.40  3.30
 1934.10  3.30
 1934.80  3.30
 1935.50  3.30
 1936.20  3.30
 1936.90  3.30
 1937.60  3.30
 1938.30  3.30
 1939.00  3.30
 1939.70  3.30
 1940.40  3.30
 1941.10  3.30
 1941.80  3.30
 1942.50  3.30
 1943.20  3.30
 1943.90  3.30
 1944.60  3.30
 1945.30  3.30
 1946.00  3.30
 1946.70  3.30
 1947.40  3.30
 1948.10  3.30
 1948.80  3.30
 1949.50  3.30
 1950.20  3.30
 1950.90  3.30
 1951.60  3.30
 1952.30  3.30
 1953.00  3.30
 1953.70  3.30
 1954.40  3.30
 1955.10  3.30
 1955.80  3.30
 1956.50  3.30
 1957.20  3.30
 1957.90  3.30
 1958.60  3.30
 1959.30  3.30
 1960.00  3.30
 1960.70  3.30
 1961.40  3.30
 1962.10  3.30
 1962.80  3.30
 1963.50  3.30
 1964.20  3.30
 1964.90  3.30
 1965.60  3.30
 1966.30  3.30
 1967.00  3.30
 1967.70  3.30
 1968.40  3.30
 1969.10  3.30
 1969.80  3.30
 1970.50  3.30
 1971.20  3.30
 1971.90  3.30
 1972.60  3.30
 1973.30  3.30
 1974.00  3.30
 1974.70  3.30
 1975.40  3.30
 1976.10  3.30
 1976.80  3.30
 1977.50  3.30
 1978.20  3.30
 1978.90  3.30
 1979.60  3.30
 1980.30  3.30
 1981.00  3.30
 1981.70  3.30
 1982.40  3.30
 1983.10  3.30
 1983.80  3.30
 1984.50  3.30
 1985.20  3.30
 1985.90  3.30
 1986.60  3.30
 1987.30  3.30
 1988.00  3.30
 1988.70  3.30
 1989.40  3.30
 1990.10  3.30
 1990.80  3.30
 1991.50  3.30
 1992.20  3.30
 1992.90  3.30
 1993.60  3.30
 1994.30  3.30
 1995.00  3.30
 1995.70  3.30
 1996.40  3.30
 1997.10  3.30
 1997.80  3.30
 1998.50  3.30
 1999.20  3.30
 1999.90  3.30
 2000.60  3.30
 2001.30  3.30
 2002.00  3.30
 2002.70  3.30
 2003.40  3.30
 2004.10  3.30
 2004.80  3.30
 2005.50  3.30
 2006.20  3.30
 2006.90  3.30
 2007.60  3.30
 2008.30  3.30
 2009.00  3.30
 2009.70  3.30
 2010.40  3.30
 2011.10  3.30
 2011.80  3.30
 2012.50  3.30
 2013.20  3.30
 2013.90  3.30
 2014.60  3.30
 2015.30  3.30
 2016.00  3.30
 2016.70  3.30
 2017.40  3.30
 2018.10  3.30
 2018.80  3.30
 2019.50  3.30
 2020.20  3.30
 2020.90  3.30
 2021.60  3.30
 2022.30  3.30
 2023.00  3.30
 2023.70  3.30
 2024.40  3.30
 2025.10  3.30
 2025.80  3.30
 2026.50  3.30
 2027.20  3.30
 2027.90  3.30
 2028.60  3.30
 2029.30  3.30
 2030.00  3.30
 2030.70  3.30
 2031.40  3.30
 2032.10  3.30
 2032.80  3.30
 2033.50  3.30
 2034.20  3.30
 2034.90  3.30
 2035.60  3.30
 2036.30  3.30
 2037.00  3.30
 2037.70  3.30
 2038.40  3.30
 2039.10  3.30
 2039.80  3.30
 2040.50  3.30
 2041.20  3.30
 2041.90  3.30
 2042.60  3.30
 2043.30  3.30
 2044.00  3.30
 2044.70  3.30
 2045.40  3.30
 2046.10  3.30
 2046.80  3.30
 2047.50  3.30
 2048.20  3.30
 2048.90  3.30
 2049.60  3.30
 2050.30  3.30
 2051.00  3.30
 2051.70  3.30
 2052.40  3.30
 2053.10  3.30
 2053.80  3.30
 2054.50  3.30
 2055.20  3.30
 2055.90  3.30
 2056.60  3.30
 2057.30  3.30
 2058.00  3.30
 2058.70  3.30
 2059.40  3.30
 2060.10  3.30
 2060.80  3.30
 2061.50  3.30
 2062.20  3.30
 2062.90  3.30
 2063.60  3.30
 2064.30  3.30
 2065.00  3.30
 2065.70  3.30
 2066.40  3.30
 2067.10  3.30
 2067.80  3.30
 2068.50  3.30
 2069.20  3.30
 2069.90  3.30
 2070.60  3.30
 2071.30  3.30
 2072.00  3.30
 2072.70  3.30
 2073.40  3.30
 2074.10  3.30
 2074.80  3.30
 2075.50  3.30
 2076.20  3.30
 2076.90  3.30
 2077.60  3.30
 2078.30  3.30
 2079.00  3.30
 2079.70  3.30
 2080.40  3.30
 2081.10  3.30
 2081.80  3.30
 2082.50  3.30
 2083.20  3.30
 2083.90  3.30
 2084.60  3.30
 2085.30  3.30
 2086.00  3.30
 2086.70  3.30
 2087.40  3.30
 2088.10  3.30
 2088.80  3.30
 2089.50  3.30
 2090.20  3.30
 2090.90  3.30
 2091.60  3.30
 2092.30  3.30
 2093.00  3.30
 2093.70  3.30
 2094.40  3.30
 2095.10  3.30
 2095.80  3.30
 2096.50  3.30
 2097.20  3.30
 2097.90  3.30
 2098.60  3.30
 2099.30  3.30
 2100.00  3.30
 2100.70  3.30
 2101.40  3.30
 2102.10  3.30
 2102.80  3.30
 2103.50  3.30
 2104.20  3.30
 2104.90  3.30
 2105.60  3.30
 2106.30  3.30
 2107.00  3.30
 2107.70  3.30
 2108.40  3.30
 2109.10  3.30
 2109.80  3.30
 2110.50  3.30
 2111.20  3.30
 2111.90  3.30
 2112.60  3.30
 2113.30  3.30
 2114.00  3.30
 2114.70  3.30
 2115.40  3.30
 2116.10  3.30
 2116.80  3.30
 2117.50  3.30
 2118.20  3.30
 2118.90  3.30
 2119.60  3.30
 2120.30  3.30
 2121.00  3.30
 2121.70  3.30
 2122.40  3.30
 2123.10  3.30
 2123.80  3.30
 2124.50  3.30
 2125.20  3.30
 2125.90  3.30
 2126.60  3.30
 2127.30  3.30
 2128.00  3.30
 2128.70  3.30
 2129.40  3.30
 2130.10  3.30
 2130.80  3.30
 2131.50  3.30
 2132.20  3.30
 2132.90  3.30
 2133.60  3.30
 2134.30  3.30
 2135.00  3.30
 2135.70  3.30
 2136.40  3.30
 2137.10  3.30
 2137.80  3.30
 2138.50  3.30
 2139.20  3.30
 2139.90  3.30
 2140.60  3.30
 2141.30  3.30
 2142.00  3.30
 2142.70  3.30
 2143.40  3.30
 2144.10  3.30
 2144.80  3.30
 2145.50  3.30
 2146.20  3.30
 2146.90  3.30
 2147.60  3.30
 2148.30  3.30
 2149.00  3.30
 2149.70  3.30
 2150.40  3.30
 2151.10  3.30
 2151.80  3.30
 2152.50  3.30
 2153.20  3.30
 2153.90  3.30
 2154.60  3.30
 2155.30  3.30
 2156.00  3.30
 2156.70  3.30
 2157.40  3.30
 2158.10  3.30
 2158.80  3.30
 2159.50  3.30
 2160.20  3.30
 2160.90  3.30
 2161.60  3.30
 2162.30  3.30
 2163.00  3.30
 2163.70  3.30
 2164.40  3.30
 2165.10  3.30
 2165.80  3.30
 2166.50  3.30
 2167.20  3.30
 2167.90  3.30
 2168.60  3.30
 2169.30  3.30
 2170.00  3.30
 2170.70  3.30
 2171.40  3.30
 2172.10  3.30
 2172.80  3.30
 2173.50  3.30
 2174.20  3.30
 2174.90  3.30
 2175.60  3.30
 2176.30  3.30
 2177.00  3.30
 2177.70  3.30
 2178.40  3.30
 2179.10  3.30
 2179.80  3.30
 2180.50  3.30
 2181.20  3.30
 2181.90  3.30
 2182.60  3.30
 2183.30  3.30
 2184.00  3.30
 2184.70  3.30
 2185.40  3.30
 2186.10  3.30
 2186.80  3.30
 2187.50  3.30
 2188.20  3.30
 2188.90  3.30
 2189.60  3.30
 2190.30  3.30
 2191.00  3.30
 2191.70  3.30
 2192.40  3.30
 2193.10  3.30
 2193.80  3.30
 2194.50  3.30
 2195.20  3.30
 2195.90  3.30
 2196.60  3.30
 2197.30  3.30
 2198.00  3.30
 2198.70  3.30
 2199.40  3.30
 2200.10  3.30
 2200.80  3.30
 2201.50  3.30
 2202.20  3.30
 2202.90  3.30
 2203.60  3.30
 2204.30  3.30
 2205.00  3.30
 2205.70  3.30
 2206.40  3.30
 2207.10  3.30
 2207.80  3.30
 2208.50  3.30
 2209.20  3.30
 2209.90  3.30
 2210.60  3.30
 2211.30  3.30
 2212.00  3.30
 2212.70  3.30
 2213.40  3.30
 2214.10  3.30
 2214.80  3.30
 2215.50  3.30
 2216.20  3.30
 2216.90  3.30
 2217.60  3.30
 2218.30  3.30
 2219.00  3.30
 2219.70  3.30
 2220.40  3.30
 2221.10  3.30
 2221.80  3.30
 2222.50  3.30
 2223.20  3.30
 2223.90  3.30
 2224.60  3.30
 2225.30  3.30
 2226.00  3.30
 2226.70  3.30
 2227.40  3.30
 2228.10  3.30
 2228.80  3.30
 2229.50  3.30
 2230.20  3.30
 2230.90  3.30
 2231.60  3.30
 2232.30  3.30
 2233.00  3.30
 2233.70  3.30
 2234.40  3.30
 2235.10  3.30
 2235.80  3.30
 2236.50  3.30
 2237.20  3.30
 2237.90  3.30
 2238.60  3.30
 2239.30  3.30
 2240.00  3.30
 2240.70  3.30
 2241.40  3.30
 2242.10  3.30
 2242.80  3.30
 2243.50  3.30
 2244.20  3.30
 2244.90  3.30
 2245.60  3.30
 2246.30  3.30
 2247.00  3.30
 2247.70  3.30
 2248.40  3.30
 2249.10  3.30
 2249.80  3.30
 2250.50  3.30
 2251.20  3.30
 2251.90  3.30
 2252.60  3.30
 2253.30  3.30
 2254.00  3.30
 2254.70  3.30
 2255.40  3.30
 2256.10  3.30
 2256.80  3.30
 2257.50  3.30
 2258.20  3.30
 2258.90  3.30
 2259.60  3.30
 2260.30  3.30
 2261.00  3.30
 2261.70  3.30
 2262.40  3.30
 2263.10  3.30
 2263.80  3.30
 2264.50  3.30
 2265.20  3.30
 2265.90  3.30
 2266.60  3.30
 2267.30  3.30
 2268.00  3.30
 2268.70  3.30
 2269.40  3.30
 2270.10  3.30
 2270.80  3.30
 2271.50  3.30
 2272.20  3.30
 2272.90  3.30
 2273.60  3.30
 2274.30  3.30
 2275.00  3.30
 2275.70  3.30
 2276.40  3.30
 2277.10  3.30
 2277.80  3.30
 2278.50  3.30
 2279.20  3.30
 2279.90  3.30
 2280.60  3.30
 2281.30  3.30
 2282.00  3.30
 2282.70  3.30
 2283.40  3.30
 2284.10  3.30
 2284.80  3.30
 2285.50  3.30
 2286.20  3.30
 2286.90  3.30
 2287.60  3.30
 2288.30  3.30
 2289.00  3.30
 2289.70  3.30
 2290.40  3.30
 2291.10  3.30
 2291.80  3.30
 2292.50  3.30
 2293.20  3.30
 2293.90  3.30
 2294.60  3.30
 2295.30  3.30
 2296.00  3.30
 2296.70  3.30
 2297.40  3.30
 2298.10  3.30
 2298.80  3.30
 2299.50  3.30
 2300.20  3.30
 2300.90  3.30
 2301.60  3.30
 2302.30  3.30
 2303.00  3.30
 2303.70  3.30
 2304.40  3.30
 2305.10  3.30
 2305.80  3.30
 2306.50  3.30
 2307.20  3.30
 2307.90  3.30
 2308.60  3.30
 2309.30  3.30
 2310.00  3.30
 2310.70  3.30
 2311.40  3.30
 2312.10  3.30
 2312.80  3.30
 2313.50  3.30
 2314.20  3.30
 2314.90  3.30
 2315.60  3.30
 2316.30  3.30
 2317.00  3.30
 2317.70  3.30
 2318.40  3.30
 2319.10  3.30
 2319.80  3.30
 2320.50  3.30
 2321.20  3.30
 2321.90  3.30
 2322.60  3.30
 2323.30  3.30
 2324.00  3.30
 2324.70  3.30
 2325.40  3.30
 2326.10  3.30
 2326.80  3.30
 2327.50  3.30
 2328.20  3.30
 2328.90  3.30
 2329.60  3.30
 2330.30  3.30
 2331.00  3.30
 2331.70  3.30
 2332.40  3.30
 2333.10  3.30
 2333.80  3.30
 2334.50  3.30
 2335.20  3.30
 2335.90  3.30
 2336.60  3.30
 2337.30  3.30
 2338.00  3.30
 2338.70  3.30
 2339.40  3.30
 2340.10  3.30
 2340.80  3.30
 2341.50  3.30
 2342.20  3.30
 2342.90  3.30
 2343.60  3.30
 2344.30  3.30
 2345.00  3.30
 2345.70  3.30
 2346.40  3.30
 2347.10  3.30
 2347.80  3.30
 2348.50  3.30
 2349.20  3.30
 2349.90  3.30
 2350.60  3.30
 2351.30  3.30
 2352.00  3.30
 2352.70  3.30
 2353.40  3.30
 2354.10  3.30
 2354.80  3.30
 2355.50  3.30
 2356.20  3.30
 2356.90  3.30
 2357.60  3.30
 2358.30  3.30
 2359.00  3.30
 2359.70  3.30
 2360.40  3.30
 2361.10  3.30
 2361.80  3.30
 2362.50  3.30
 2363.20  3.30
 2363.90  3.30
 2364.60  3.30
 2365.30  3.30
 2366.00  3.30
 2366.70  3.30
 2367.40  3.30
 2368.10  3.30
 2368.80  3.30
 2369.50  3.30
 2370.20  3.30
 2370.90  3.30
 2371.60  3.30
 2372.30  3.30
 2373.00  3.30
 2373.70  3.30
 2374.40  3.30
 2375.10  3.30
 2375.80  3.30
 2376.50  3.30
 2377.20  3.30
 2377.90  3.30
 2378.60  3.30
 2379.30  3.30
 2380.00  3.30
 2380.70  3.30
 2381.40  3.30
 2382.10  3.30
 2382.80  3.30
 2383.50  3.30
 2384.20  3.30
 2384.90  3.30
 2385.60  3.30
 2386.30  3.30
 2387.00  3.30
 2387.70  3.30
 2388.40  3.30
 2389.10  3.30
 2389.80  3.30
 2390.50  3.30
 2391.20  3.30
 2391.90  3.30
 2392.60  3.30
 2393.30  3.30
 2394.00  3.30
 2394.70  3.30
 2395.40  3.30
 2396.10  3.30
 2396.80  3.30
 2397.50  3.30
 2398.20  3.30
 2398.90  3.30
 2399.60  3.30
 2400.30  3.30
 2401.00  3.30
 2401.70  3.30
 2402.40  3.30
 2403.10  3.30
 2403.80  3.30
 2404.50  3.30
 2405.20  3.30
 2405.90  3.30
 2406.60  3.30
 2407.30  3.30
 2408.00  3.30
 2408.70  3.30
 2409.40  3.30
 2410.10  3.30
 2410.80  3.30
 2411.50  3.30
 2412.20  3.30
 2412.90  3.30
 2413.60  3.30
 2414.30  3.30
 2415.00  3.30
 2415.70  3.30
 2416.40  3.30
 2417.10  3.30
 2417.80  3.30
 2418.50  3.30
 2419.20  3.30
 2419.90  3.30
 2420.60  3.30
 2421.30  3.30
 2422.00  3.30
 2422.70  3.30
 2423.40  3.30
 2424.10  3.30
 2424.80  3.30
 2425.50  3.30
 2426.20  3.30
 2426.90  3.30
 2427.60  3.30
 2428.30  3.30
 2429.00  3.30
 2429.70  3.30
 2430.40  3.30
 2431.10  3.30
 2431.80  3.30
 2432.50  3.30
 2433.20  3.30
 2433.90  3.30
 2434.60  3.30
 2435.30  3.30
 2436.00  3.30
 2436.70  3.30
 2437.40  3.30
 2438.10  3.30
 2438.80  3.30
 2439.50  3.30
 2440.20  3.30
 2440.90  3.30
 2441.60  3.30
 2442.30  3.30
 2443.00  3.30
 2443.70  3.30
 2444.40  3.30
 2445.10  3.30
 2445.80  3.30
 2446.50  3.30
 2447.20  3.30
 2447.90  3.30
 2448.60  3.30
 2449.30  3.30
 2450.00  3.30
 2450.70  3.30
 2451.40  3.30
 2452.10  3.30
 2452.80  3.30
 2453.50  3.30
 2454.20  3.30
 2454.90  3.30
 2455.60  3.30
 2456.30  3.30
 2457.00  3.30
 2457.70  3.30
 2458.40  3.30
 2459.10  3.30
 2459.80  3.30
 2460.50  3.30
 2461.20  3.30
 2461.90  3.30
 2462.60  3.30
 2463.30  3.30
 2464.00  3.30
 2464.70  3.30
 2465.40  3.30
 2466.10  3.30
 2466.80  3.30
 2467.50  3.30
 2468.20  3.30
 2468.90  3.30
 2469.60  3.30
 2470.30  3.30
 2471.00  3.30
 2471.70  3.30
 2472.40  3.30
 2473.10  3.30
 2473.80  3.30
 2474.50  3.30
 2475.20  3.30
 2475.90  3.30
 2476.60  3.30
 2477.30  3.30
 2478.00  3.30
 2478.70  3.30
 2479.40  3.30
 2480.10  3.30
 2480.80  3.30
 2481.50  3.30
 2482.20  3.30
 2482.90  3.30
 2483.60  3.30
 2484.30  3.30
 2485.00  3.30
 2485.70  3.30
 2486.40  3.30
 2487.10  3.30
 2487.80  3.30
 2488.50  3.30
 2489.20  3.30
 2489.90  3.30
 2490.60  3.30
 2491.30  3.30
 2492.00  3.30
 2492.70  3.30
 2493.40  3.30
 2494.10  3.30
 2494.80  3.30
 2495.50  3.30
 2496.20  3.30
 2496.90  3.30
 2497.60  3.30
 2498.30  3.30
 2499.00  3.30
 2499.70  3.30
 2500.40  3.30
 2501.10  3.30
 2501.80  3.30
 2502.50  3.30
 2503.20  3.30
 2503.90  3.30
 2504.60  3.30
 2505.30  3.30
 2506.00  3.30
 2506.70  3.30
 2507.40  3.30
 2508.10  3.30
 2508.80  3.30
 2509.50  3.30
 2510.20  3.30
 2510.90  3.30
 2511.60  3.30
 2512.30  3.30
 2513.00  3.30
 2513.70  3.30
 2514.40  3.30
 2515.10  3.30
 2515.80  3.30
 2516.50  3.30
 2517.20  3.30
 2517.90  3.30
 2518.60  3.30
 2519.30  3.30
 2520.00  3.30
 2520.70  3.30
 2521.40  3.30
 2522.10  3.30
 2522.80  3.30
 2523.50  3.30
 2524.20  3.30
 2524.90  3.30
 2525.60  3.30
 2526.30  3.30
 2527.00  3.30
 2527.70  3.30
 2528.40  3.30
 2529.10  3.30
 2529.80  3.30
 2530.50  3.30
 2531.20  3.30
 2531.90  3.30
 2532.60  3.30
 2533.30  3.30
 2534.00  3.30
 2534.70  3.30
 2535.40  3.30
 2536.10  3.30
 2536.80  3.30
 2537.50  3.30
 2538.20  3.30
 2538.90  3.30
 2539.60  3.30
 2540.30  3.30
 2541.00  3.30
 2541.70  3.30
 2542.40  3.30
 2543.10  3.30
 2543.80  3.30
 2544.50  3.30
 2545.20  3.30
 2545.90  3.30
 2546.60  3.30
 2547.30  3.30
 2548.00  3.30
 2548.70  3.30
 2549.40  3.30
 2550.10  3.30
 2550.80  3.30
 2551.50  3.30
 2552.20  3.30
 2552.90  3.30
 2553.60  3.30
 2554.30  3.30
 2555.00  3.30
 2555.70  3.30
 2556.40  3.30
 2557.10  3.30
 2557.80  3.30
 2558.50  3.30
 2559.20  3.30
 2559.90  3.30
 2560.60  3.30
 2561.30  3.30
 2562.00  3.30
 2562.70  3.30
 2563.40  3.30
 2564.10  3.30
 2564.80  3.30
 2565.50  3.30
 2566.20  3.30
 2566.90  3.30
 2567.60  3.30
 2568.30  3.30
 2569.00  3.30
 2569.70  3.30
 2570.40  3.30
 2571.10  3.30
 2571.80  3.30
 2572.50  3.30
 2573.20  3.30
 2573.90  3.30
 2574.60  3.30
 2575.30  3.30
 2576.00  3.30
 2576.70  3.30
 2577.40  3.30
 2578.10  3.30
 2578.80  3.30
 2579.50  3.30
 2580.20  3.30
 2580.90  3.30
 2581.60  3.30
 2582.30  3.30
 2583.00  3.30
 2583.70  3.30
 2584.40  3.30
 2585.10  3.30
 2585.80  3.30
 2586.50  3.30
 2587.20  3.30
 2587.90  3.30
 2588.60  3.30
 2589.30  3.30
 2590.00  3.30
 2590.70  3.30
 2591.40  3.30
 2592.10  3.30
 2592.80  3.30
 2593.50  3.30
 2594.20  3.30
 2594.90  3.30
 2595.60  3.30
 2596.30  3.30
 2597.00  3.30
 2597.70  3.30
 2598.40  3.30
 2599.10  3.30
 2599.80  3.30
 2600.50  3.30
 2601.20  3.30
 2601.90  3.30
 2602.60  3.30
 2603.30  3.30
 2604.00  3.30
 2604.70  3.30
 2605.40  3.30
 2606.10  3.30
 2606.80  3.30
 2607.50  3.30
 2608.20  3.30
 2608.90  3.30
 2609.60  3.30
 2610.30  3.30
 2611.00  3.30
 2611.70  3.30
 2612.40  3.30
 2613.10  3.30
 2613.80  3.30
 2614.50  3.30
 2615.20  3.30
 2615.90  3.30
 2616.60  3.30
 2617.30  3.30
 2618.00  3.30
 2618.70  3.30
 2619.40  3.30
 2620.10  3.30
 2620.80  3.30
 2621.50  3.30
 2622.20  3.30
 2622.90  3.30
 2623.60  3.30
 2624.30  3.30
 2625.00  3.30
 2625.70  3.30
 2626.40  3.30
 2627.10  3.30
 2627.80  3.30
 2628.50  3.30
 2629.20  3.30
 2629.90  3.30
 2630.60  3.30
 2631.30  3.30
 2632.00  3.30
 2632.70  3.30
 2633.40  3.30
 2634.10  3.30
 2634.80  3.30
 2635.50  3.30
 2636.20  3.30
 2636.90  3.30
 2637.60  3.30
 2638.30  3.30
 2639.00  3.30
 2639.70  3.30
 2640.40  3.30
 2641.10  3.30
 2641.80  3.30
 2642.50  3.30
 2643.20  3.30
 2643.90  3.30
 2644.60  3.30
 2645.30  3.30
 2646.00  3.30
 2646.70  3.30
 2647.40  3.30
 2648.10  3.30
 2648.80  3.30
 2649.50  3.30
 2650.20  3.30
 2650.90  3.30
 2651.60  3.30
 2652.30  3.30
 2653.00  3.30
 2653.70  3.30
 2654.40  3.30
 2655.10  3.30
 2655.80  3.30
 2656.50  3.30
 2657.20  3.30
 2657.90  3.30
 2658.60  3.30
 2659.30  3.30
 2660.00  3.30
 2660.70  3.30
 2661.40  3.30
 2662.10  3.30
 2662.80  3.30
 2663.50  3.30
 2664.20  3.30
 2664.90  3.30
 2665.60  3.30
 2666.30  3.30
 2667.00  3.30
 2667.70  3.30
 2668.40  3.30
 2669.10  3.30
 2669.80  3.30
 2670.50  3.30
 2671.20  3.30
 2671.90  3.30
 2672.60  3.30
 2673.30  3.30
 2674.00  3.30
 2674.70  3.30
 2675.40  3.30
 2676.10  3.30
 2676.80  3.30
 2677.50  3.30
 2678.20  3.30
 2678.90  3.30
 2679.60  3.30
 2680.30  3.30
 2681.00  3.30
 2681.70  3.30
 2682.40  3.30
 2683.10  3.30
 2683.80  3.30
 2684.50  3.30
 2685.20  3.30
 2685.90  3.30
 2686.60  3.30
 2687.30  3.30
 2688.00  3.30
 2688.70  3.30
 2689.40  3.30
 2690.10  3.30
 2690.80  3.30
 2691.50  3.30
 2692.20  3.30
 2692.90  3.30
 2693.60  3.30
 2694.30  3.30
 2695.00  3.30
 2695.70  3.30
 2696.40  3.30
 2697.10  3.30
 2697.80  3.30
 2698.50  3.30
 2699.20  3.30
 2699.90  3.30
 2700.60  3.30
 2701.30  3.30
 2702.00  3.30
 2702.70  3.30
 2703.40  3.30
 2704.10  3.30
 2704.80  3.30
 2705.50  3.30
 2706.20  3.30
 2706.90  3.30
 2707.60  3.30
 2708.30  3.30
 2709.00  3.30
 2709.70  3.30
 2710.40  3.30
 2711.10  3.30
 2711.80  3.30
 2712.50  3.30
 2713.20  3.30
 2713.90  3.30
 2714.60  3.30
 2715.30  3.30
 2716.00  3.30
 2716.70  3.30
 2717.40  3.30
 2718.10  3.30
 2718.80  3.30
 2719.50  3.30
 2720.20  3.30
 2720.90  3.30
 2721.60  3.30
 2722.30  3.30
 2723.00  3.30
 2723.70  3.30
 2724.40  3.30
 2725.10  3.30
 2725.80  3.30
 2726.50  3.30
 2727.20  3.30
 2727.90  3.30
 2728.60  3.30
 2729.30  3.30
 2730.00  3.30
 2730.70  3.30
 2731.40  3.30
 2732.10  3.30
 2732.80  3.30
 2733.50  3.30
 2734.20  3.30
 2734.90  3.30
 2735.60  3.30
 2736.30  3.30
 2737.00  3.30
 2737.70  3.30
 2738.40  3.30
 2739.10  3.30
 2739.80  3.30
 2740.50  3.30
 2741.20  3.30
 2741.90  3.30
 2742.60  3.30
 2743.30  3.30
 2744.00  3.30
 2744.70  3.30
 2745.40  3.30
 2746.10  3.30
 2746.80  3.30
 2747.50  3.30
 2748.20  3.30
 2748.90  3.30
 2749.60  3.30
 2750.30  3.30
 2751.00  3.30
 2751.70  3.30
 2752.40  3.30
 2753.10  3.30
 2753.80  3.30
 2754.50  3.30
 2755.20  3.30
 2755.90  3.30
 2756.60  3.30
 2757.30  3.30
 2758.00  3.30
 2758.70  3.30
 2759.40  3.30
 2760.10  3.30
 2760.80  3.30
 2761.50  3.30
 2762.20  3.30
 2762.90  3.30
 2763.60  3.30
 2764.30  3.30
 2765.00  3.30
 2765.70  3.30
 2766.40  3.30
 2767.10  3.30
 2767.80  3.30
 2768.50  3.30
 2769.20  3.30
 2769.90  3.30
 2770.60  3.30
 2771.30  3.30
 2772.00  3.30
 2772.70  3.30
 2773.40  3.30
 2774.10  3.30
 2774.80  3.30
 2775.50  3.30
 2776.20  3.30
 2776.90  3.30
 2777.60  3.30
 2778.30  3.30
 2779.00  3.30
 2779.70  3.30
 2780.40  3.30
 2781.10  3.30
 2781.80  3.30
 2782.50  3.30
 2783.20  3.30
 2783.90  3.30
 2784.60  3.30
 2785.30  3.30
 2786.00  3.30
 2786.70  3.30
 2787.40  3.30
 2788.10  3.30
 2788.80  3.30
 2789.50  3.30
 2790.20  3.30
 2790.90  3.30
 2791.60  3.30
 2792.30  3.30
 2793.00  3.30
 2793.70  3.30
 2794.40  3.30
 2795.10  3.30
 2795.80  3.30
 2796.50  3.30
 2797.20  3.30
 2797.90  3.30
 2798.60  3.30
 2799.30  3.30
 2800.00  3.30
 2800.70  3.30
 2801.40  3.30
 2802.10  3.30
 2802.80  3.30
 2803.50  3.30
 2804.20  3.30
 2804.90  3.30
 2805.60  3.30
 2806.30  3.30
 2807.00  3.30
 2807.70  3.30
 2808.40  3.30
 2809.10  3.30
 2809.80  3.30
 2810.50  3.30
 2811.20  3.30
 2811.90  3.30
 2812.60  3.30
 2813.30  3.30
 2814.00  3.30
 2814.70  3.30
 2815.40  3.30
 2816.10  3.30
 2816.80  3.30
 2817.50  3.30
 2818.20  3.30
 2818.90  3.30
 2819.60  3.30
 2820.30  3.30
 2821.00  3.30
 2821.70  3.30
 2822.40  3.30
 2823.10  3.30
 2823.80  3.30
 2824.50  3.30
 2825.20  3.30
 2825.90  3.30
 2826.60  3.30
 2827.30  3.30
 2828.00  3.30
 2828.70  3.30
 2829.40  3.30
 2830.10  3.30
 2830.80  3.30
 2831.50  3.30
 2832.20  3.30
 2832.90  3.30
 2833.60  3.30
 2834.30  3.30
 2835.00  3.30
 2835.70  3.30
 2836.40  3.30
 2837.10  3.30
 2837.80  3.30
 2838.50  3.30
 2839.20  3.30
 2839.90  3.30
 2840.60  3.30
 2841.30  3.30
 2842.00  3.30
 2842.70  3.30
 2843.40  3.30
 2844.10  3.30
 2844.80  3.30
 2845.50  3.30
 2846.20  3.30
 2846.90  3.30
 2847.60  3.30
 2848.30  3.30
 2849.00  3.30
 2849.70  3.30
 2850.40  3.30
 2851.10  3.30
 2851.80  3.30
 2852.50  3.30
 2853.20  3.30
 2853.90  3.30
 2854.60  3.30
 2855.30  3.30
 2856.00  3.30
 2856.70  3.30
 2857.40  3.30
 2858.10  3.30
 2858.80  3.30
 2859.50  3.30
 2860.20  3.30
 2860.90  3.30
 2861.60  3.30
 2862.30  3.30
 2863.00  3.30
 2863.70  3.30
 2864.40  3.30
 2865.10  3.30
 2865.80  3.30
 2866.50  3.30
 2867.20  3.30
 2867.90  3.30
 2868.60  3.30
 2869.30  3.30
 2870.00  3.30
 2870.70  3.30
 2871.40  3.30
 2872.10  3.30
 2872.80  3.30
 2873.50  3.30
 2874.20  3.30
 2874.90  3.30
 2875.60  3.30
 2876.30  3.30
 2877.00  3.30
 2877.70  3.30
 2878.40  3.30
 2879.10  3.30
 2879.80  3.30
 2880.50  3.30
 2881.20  3.30
 2881.90  3.30
 2882.60  3.30
 2883.30  3.30
 2884.00  3.30
 2884.70  3.30
 2885.40  3.30
 2886.10  3.30
 2886.80  3.30
 2887.50  3.30
 2888.20  3.30
 2888.90  3.30
 2889.60  3.30
 2890.30  3.30
 2891.00  3.30
 2891.70  3.30
 2892.40  3.30
 2893.10  3.30
 2893.80  3.30
 2894.50  3.30
 2895.20  3.30
 2895.90  3.30
 2896.60  3.30
 2897.30  3.30
 2898.00  3.30
 2898.70  3.30
 2899.40  3.30
 2900.10  3.30
 2900.80  3.30
 2901.50  3.30
 2902.20  3.30
 2902.90  3.30
 2903.60  3.30
 2904.30  3.30
 2905.00  3.30
 2905.70  3.30
 2906.40  3.30
 2907.10  3.30
 2907.80  3.30
 2908.50  3.30
 2909.20  3.30
 2909.90  3.30
 2910.60  3.30
 2911.30  3.30
 2912.00  3.30
 2912.70  3.30
 2913.40  3.30
 2914.10  3.30
 2914.80  3.30
 2915.50  3.30
 2916.20  3.30
 2916.90  3.30
 2917.60  3.30
 2918.30  3.30
 2919.00  3.30
 2919.70  3.30
 2920.40  3.30
 2921.10  3.30
 2921.80  3.30
 2922.50  3.30
 2923.20  3.30
 2923.90  3.30
 2924.60  3.30
 2925.30  3.30
 2926.00  3.30
 2926.70  3.30
 2927.40  3.30
 2928.10  3.30
 2928.80  3.30
 2929.50  3.30
 2930.20  3.30
 2930.90  3.30
 2931.60  3.30
 2932.30  3.30
 2933.00  3.30
 2933.70  3.30
 2934.40  3.30
 2935.10  3.30
 2935.80  3.30
 2936.50  3.30
 2937.20  3.30
 2937.90  3.30
 2938.60  3.30
 2939.30  3.30
 2940.00  3.30
 2940.70  3.30
 2941.40  3.30
 2942.10  3.30
 2942.80  3.30
 2943.50  3.30
 2944.20  3.30
 2944.90  3.30
 2945.60  3.30
 2946.30  3.30
 2947.00  3.30
 2947.70  3.30
 2948.40  3.30
 2949.10  3.30
 2949.80  3.30
 2950.50  3.30
 2951.20  3.30
 2951.90  3.30
 2952.60  3.30
 2953.30  3.30
 2954.00  3.30
 2954.70  3.30
 2955.40  3.30
 2956.10  3.30
 2956.80  3.30
 2957.50  3.30
 2958.20  3.30
 2958.90  3.30
 2959.60  3.30
 2960.30  3.30
 2961.00  3.30
 2961.70  3.30
 2962.40  3.30
 2963.10  3.30
 2963.80  3.30
 2964.50  3.30
 2965.20  3.30
 2965.90  3.30
 2966.60  3.30
 2967.30  3.30
 2968.00  3.30
 2968.70  3.30
 2969.40  3.30
 2970.10  3.30
 2970.80  3.30
 2971.50  3.30
 2972.20  3.30
 2972.90  3.30
 2973.60  3.30
 2974.30  3.30
 2975.00  3.30
 2975.70  3.30
 2976.40  3.30
 2977.10  3.30
 2977.80  3.30
 2978.50  3.30
 2979.20  3.30
 2979.90  3.30
 2980.60  3.30
 2981.30  3.30
 2982.00  3.30
 2982.70  3.30
 2983.40  3.30
 2984.10  3.30
 2984.80  3.30
 2985.50  3.30
 2986.20  3.30
 2986.90  3.30
 2987.60  3.30
 2988.30  3.30
 2989.00  3.30
 2989.70  3.30
 2990.40  3.30
 2991.10  3.30
 2991.80  3.30
 2992.50  3.30
 2993.20  3.30
 2993.90  3.30
 2994.60  3.30
 2995.30  3.30
 2996.00  3.30
 2996.70  3.30
 2997.40  3.30
 2998.10  3.30
 2998.80  3.30
 2999.50  3.30
