#Navio B MarAd
#Manobra de Curva Giro
#
#Eta 
#
#temp      rot 
 0.00  1.00
 0.70  1.00
 1.40  1.00
 2.10  1.00
 2.80  1.00
 3.50  1.00
 4.20  1.00
 4.90  1.00
 5.60  1.00
 6.30  1.00
 7.00  1.00
 7.70  1.00
 8.40  1.00
 9.10  1.00
 9.80  1.01
 10.50  1.01
 11.20  1.01
 11.90  1.01
 12.60  1.01
 13.30  1.01
 14.00  1.01
 14.70  1.01
 15.40  1.01
 16.10  1.01
 16.80  1.01
 17.50  1.01
 18.20  1.01
 18.90  1.01
 19.60  1.01
 20.30  1.01
 21.00  1.01
 21.70  1.01
 22.40  1.01
 23.10  1.01
 23.80  1.01
 24.50  1.02
 25.20  1.02
 25.90  1.02
 26.60  1.02
 27.30  1.02
 28.00  1.02
 28.70  1.02
 29.40  1.02
 30.10  1.02
 30.80  1.02
 31.50  1.02
 32.20  1.02
 32.90  1.02
 33.60  1.02
 34.30  1.02
 35.00  1.02
 35.70  1.02
 36.40  1.02
 37.10  1.03
 37.80  1.03
 38.50  1.03
 39.20  1.03
 39.90  1.03
 40.60  1.03
 41.30  1.03
 42.00  1.03
 42.70  1.03
 43.40  1.03
 44.10  1.03
 44.80  1.03
 45.50  1.03
 46.20  1.03
 46.90  1.03
 47.60  1.04
 48.30  1.04
 49.00  1.04
 49.70  1.04
 50.40  1.04
 51.10  1.04
 51.80  1.04
 52.50  1.04
 53.20  1.04
 53.90  1.04
 54.60  1.04
 55.30  1.04
 56.00  1.04
 56.70  1.05
 57.40  1.05
 58.10  1.05
 58.80  1.05
 59.50  1.05
 60.20  1.05
 60.90  1.05
 61.60  1.05
 62.30  1.05
 63.00  1.05
 63.70  1.05
 64.40  1.06
 65.10  1.06
 65.80  1.06
 66.50  1.06
 67.20  1.06
 67.90  1.06
 68.60  1.06
 69.30  1.06
 70.00  1.06
 70.70  1.06
 71.40  1.07
 72.10  1.07
 72.80  1.07
 73.50  1.07
 74.20  1.07
 74.90  1.07
 75.60  1.07
 76.30  1.07
 77.00  1.07
 77.70  1.08
 78.40  1.08
 79.10  1.08
 79.80  1.08
 80.50  1.08
 81.20  1.08
 81.90  1.08
 82.60  1.08
 83.30  1.09
 84.00  1.09
 84.70  1.09
 85.40  1.09
 86.10  1.09
 86.80  1.09
 87.50  1.09
 88.20  1.10
 88.90  1.10
 89.60  1.10
 90.30  1.10
 91.00  1.10
 91.70  1.10
 92.40  1.10
 93.10  1.11
 93.80  1.11
 94.50  1.11
 95.20  1.11
 95.90  1.11
 96.60  1.11
 97.30  1.11
 98.00  1.12
 98.70  1.12
 99.40  1.12
 100.10  1.12
 100.80  1.12
 101.50  1.12
 102.20  1.13
 102.90  1.13
 103.60  1.13
 104.30  1.13
 105.00  1.13
 105.70  1.13
 106.40  1.14
 107.10  1.14
 107.80  1.14
 108.50  1.14
 109.20  1.14
 109.90  1.14
 110.60  1.15
 111.30  1.15
 112.00  1.15
 112.70  1.15
 113.40  1.15
 114.10  1.15
 114.80  1.16
 115.50  1.16
 116.20  1.16
 116.90  1.16
 117.60  1.16
 118.30  1.17
 119.00  1.17
 119.70  1.17
 120.40  1.17
 121.10  1.17
 121.80  1.18
 122.50  1.18
 123.20  1.18
 123.90  1.18
 124.60  1.18
 125.30  1.19
 126.00  1.19
 126.70  1.19
 127.40  1.19
 128.10  1.19
 128.80  1.20
 129.50  1.20
 130.20  1.20
 130.90  1.20
 131.60  1.20
 132.30  1.21
 133.00  1.21
 133.70  1.21
 134.40  1.21
 135.10  1.22
 135.80  1.22
 136.50  1.22
 137.20  1.22
 137.90  1.22
 138.60  1.23
 139.30  1.23
 140.00  1.23
 140.70  1.23
 141.40  1.24
 142.10  1.24
 142.80  1.24
 143.50  1.24
 144.20  1.24
 144.90  1.25
 145.60  1.25
 146.30  1.25
 147.00  1.25
 147.70  1.26
 148.40  1.26
 149.10  1.26
 149.80  1.26
 150.50  1.27
 151.20  1.27
 151.90  1.27
 152.60  1.27
 153.30  1.28
 154.00  1.28
 154.70  1.28
 155.40  1.28
 156.10  1.29
 156.80  1.29
 157.50  1.29
 158.20  1.29
 158.90  1.30
 159.60  1.30
 160.30  1.30
 161.00  1.30
 161.70  1.31
 162.40  1.31
 163.10  1.31
 163.80  1.31
 164.50  1.32
 165.20  1.32
 165.90  1.32
 166.60  1.32
 167.30  1.33
 168.00  1.33
 168.70  1.33
 169.40  1.33
 170.10  1.34
 170.80  1.34
 171.50  1.34
 172.20  1.34
 172.90  1.35
 173.60  1.35
 174.30  1.35
 175.00  1.36
 175.70  1.36
 176.40  1.36
 177.10  1.36
 177.80  1.37
 178.50  1.37
 179.20  1.37
 179.90  1.37
 180.60  1.38
 181.30  1.38
 182.00  1.38
 182.70  1.39
 183.40  1.39
 184.10  1.39
 184.80  1.39
 185.50  1.40
 186.20  1.40
 186.90  1.40
 187.60  1.40
 188.30  1.41
 189.00  1.41
 189.70  1.41
 190.40  1.42
 191.10  1.42
 191.80  1.42
 192.50  1.42
 193.20  1.43
 193.90  1.43
 194.60  1.43
 195.30  1.44
 196.00  1.44
 196.70  1.44
 197.40  1.44
 198.10  1.45
 198.80  1.45
 199.50  1.45
 200.20  1.46
 200.90  1.46
 201.60  1.46
 202.30  1.46
 203.00  1.47
 203.70  1.47
 204.40  1.47
 205.10  1.48
 205.80  1.48
 206.50  1.48
 207.20  1.49
 207.90  1.49
 208.60  1.49
 209.30  1.49
 210.00  1.50
 210.70  1.50
 211.40  1.50
 212.10  1.51
 212.80  1.51
 213.50  1.51
 214.20  1.51
 214.90  1.52
 215.60  1.52
 216.30  1.52
 217.00  1.53
 217.70  1.53
 218.40  1.53
 219.10  1.54
 219.80  1.54
 220.50  1.54
 221.20  1.54
 221.90  1.55
 222.60  1.55
 223.30  1.55
 224.00  1.56
 224.70  1.56
 225.40  1.56
 226.10  1.57
 226.80  1.57
 227.50  1.57
 228.20  1.57
 228.90  1.58
 229.60  1.58
 230.30  1.58
 231.00  1.59
 231.70  1.59
 232.40  1.59
 233.10  1.60
 233.80  1.60
 234.50  1.60
 235.20  1.60
 235.90  1.61
 236.60  1.61
 237.30  1.61
 238.00  1.62
 238.70  1.62
 239.40  1.62
 240.10  1.63
 240.80  1.63
 241.50  1.63
 242.20  1.63
 242.90  1.64
 243.60  1.64
 244.30  1.64
 245.00  1.65
 245.70  1.65
 246.40  1.65
 247.10  1.66
 247.80  1.66
 248.50  1.66
 249.20  1.67
 249.90  1.67
 250.60  1.67
 251.30  1.67
 252.00  1.68
 252.70  1.68
 253.40  1.68
 254.10  1.69
 254.80  1.69
 255.50  1.69
 256.20  1.70
 256.90  1.70
 257.60  1.70
 258.30  1.70
 259.00  1.71
 259.70  1.71
 260.40  1.71
 261.10  1.72
 261.80  1.72
 262.50  1.72
 263.20  1.73
 263.90  1.73
 264.60  1.73
 265.30  1.74
 266.00  1.74
 266.70  1.74
 267.40  1.74
 268.10  1.75
 268.80  1.75
 269.50  1.75
 270.20  1.76
 270.90  1.76
 271.60  1.76
 272.30  1.77
 273.00  1.77
 273.70  1.77
 274.40  1.77
 275.10  1.78
 275.80  1.78
 276.50  1.78
 277.20  1.79
 277.90  1.79
 278.60  1.79
 279.30  1.80
 280.00  1.80
 280.70  1.80
 281.40  1.80
 282.10  1.81
 282.80  1.81
 283.50  1.81
 284.20  1.82
 284.90  1.82
 285.60  1.82
 286.30  1.83
 287.00  1.83
 287.70  1.83
 288.40  1.83
 289.10  1.84
 289.80  1.84
 290.50  1.84
 291.20  1.85
 291.90  1.85
 292.60  1.85
 293.30  1.85
 294.00  1.86
 294.70  1.86
 295.40  1.86
 296.10  1.87
 296.80  1.87
 297.50  1.87
 298.20  1.88
 298.90  1.88
 299.60  1.88
 300.30  1.88
 301.00  1.89
 301.70  1.89
 302.40  1.89
 303.10  1.90
 303.80  1.90
 304.50  1.90
 305.20  1.90
 305.90  1.91
 306.60  1.91
 307.30  1.91
 308.00  1.92
 308.70  1.92
 309.40  1.92
 310.10  1.92
 310.80  1.93
 311.50  1.93
 312.20  1.93
 312.90  1.94
 313.60  1.94
 314.30  1.94
 315.00  1.95
 315.70  1.95
 316.40  1.95
 317.10  1.95
 317.80  1.96
 318.50  1.96
 319.20  1.96
 319.90  1.97
 320.60  1.97
 321.30  1.97
 322.00  1.97
 322.70  1.98
 323.40  1.98
 324.10  1.98
 324.80  1.98
 325.50  1.99
 326.20  1.99
 326.90  1.99
 327.60  2.00
 328.30  2.00
 329.00  2.00
 329.70  2.00
 330.40  2.01
 331.10  2.01
 331.80  2.01
 332.50  2.02
 333.20  2.02
 333.90  2.02
 334.60  2.02
 335.30  2.03
 336.00  2.03
 336.70  2.03
 337.40  2.04
 338.10  2.04
 338.80  2.04
 339.50  2.04
 340.20  2.05
 340.90  2.05
 341.60  2.05
 342.30  2.05
 343.00  2.06
 343.70  2.06
 344.40  2.06
 345.10  2.07
 345.80  2.07
 346.50  2.07
 347.20  2.07
 347.90  2.08
 348.60  2.08
 349.30  2.08
 350.00  2.08
 350.70  2.09
 351.40  2.09
 352.10  2.09
 352.80  2.10
 353.50  2.10
 354.20  2.10
 354.90  2.10
 355.60  2.11
 356.30  2.11
 357.00  2.11
 357.70  2.11
 358.40  2.12
 359.10  2.12
 359.80  2.12
 360.50  2.12
 361.20  2.13
 361.90  2.13
 362.60  2.13
 363.30  2.14
 364.00  2.14
 364.70  2.14
 365.40  2.14
 366.10  2.15
 366.80  2.15
 367.50  2.15
 368.20  2.15
 368.90  2.16
 369.60  2.16
 370.30  2.16
 371.00  2.16
 371.70  2.17
 372.40  2.17
 373.10  2.17
 373.80  2.17
 374.50  2.18
 375.20  2.18
 375.90  2.18
 376.60  2.18
 377.30  2.19
 378.00  2.19
 378.70  2.19
 379.40  2.19
 380.10  2.20
 380.80  2.20
 381.50  2.20
 382.20  2.20
 382.90  2.21
 383.60  2.21
 384.30  2.21
 385.00  2.21
 385.70  2.22
 386.40  2.22
 387.10  2.22
 387.80  2.22
 388.50  2.23
 389.20  2.23
 389.90  2.23
 390.60  2.23
 391.30  2.24
 392.00  2.24
 392.70  2.24
 393.40  2.24
 394.10  2.25
 394.80  2.25
 395.50  2.25
 396.20  2.25
 396.90  2.25
 397.60  2.26
 398.30  2.26
 399.00  2.26
 399.70  2.26
 400.40  2.27
 401.10  2.27
 401.80  2.27
 402.50  2.27
 403.20  2.28
 403.90  2.28
 404.60  2.28
 405.30  2.28
 406.00  2.29
 406.70  2.29
 407.40  2.29
 408.10  2.29
 408.80  2.29
 409.50  2.30
 410.20  2.30
 410.90  2.30
 411.60  2.30
 412.30  2.31
 413.00  2.31
 413.70  2.31
 414.40  2.31
 415.10  2.31
 415.80  2.32
 416.50  2.32
 417.20  2.32
 417.90  2.32
 418.60  2.33
 419.30  2.33
 420.00  2.33
 420.70  2.33
 421.40  2.33
 422.10  2.34
 422.80  2.34
 423.50  2.34
 424.20  2.34
 424.90  2.35
 425.60  2.35
 426.30  2.35
 427.00  2.35
 427.70  2.35
 428.40  2.36
 429.10  2.36
 429.80  2.36
 430.50  2.36
 431.20  2.36
 431.90  2.37
 432.60  2.37
 433.30  2.37
 434.00  2.37
 434.70  2.38
 435.40  2.38
 436.10  2.38
 436.80  2.38
 437.50  2.38
 438.20  2.39
 438.90  2.39
 439.60  2.39
 440.30  2.39
 441.00  2.39
 441.70  2.40
 442.40  2.40
 443.10  2.40
 443.80  2.40
 444.50  2.40
 445.20  2.41
 445.90  2.41
 446.60  2.41
 447.30  2.41
 448.00  2.41
 448.70  2.42
 449.40  2.42
 450.10  2.42
 450.80  2.42
 451.50  2.42
 452.20  2.43
 452.90  2.43
 453.60  2.43
 454.30  2.43
 455.00  2.43
 455.70  2.44
 456.40  2.44
 457.10  2.44
 457.80  2.44
 458.50  2.44
 459.20  2.45
 459.90  2.45
 460.60  2.45
 461.30  2.45
 462.00  2.45
 462.70  2.45
 463.40  2.46
 464.10  2.46
 464.80  2.46
 465.50  2.46
 466.20  2.46
 466.90  2.47
 467.60  2.47
 468.30  2.47
 469.00  2.47
 469.70  2.47
 470.40  2.47
 471.10  2.48
 471.80  2.48
 472.50  2.48
 473.20  2.48
 473.90  2.48
 474.60  2.49
 475.30  2.49
 476.00  2.49
 476.70  2.49
 477.40  2.49
 478.10  2.49
 478.80  2.50
 479.50  2.50
 480.20  2.50
 480.90  2.50
 481.60  2.50
 482.30  2.51
 483.00  2.51
 483.70  2.51
 484.40  2.51
 485.10  2.51
 485.80  2.51
 486.50  2.52
 487.20  2.52
 487.90  2.52
 488.60  2.52
 489.30  2.52
 490.00  2.52
 490.70  2.53
 491.40  2.53
 492.10  2.53
 492.80  2.53
 493.50  2.53
 494.20  2.53
 494.90  2.54
 495.60  2.54
 496.30  2.54
 497.00  2.54
 497.70  2.54
 498.40  2.54
 499.10  2.55
 499.80  2.55
 500.50  2.55
 501.20  2.55
 501.90  2.55
 502.60  2.55
 503.30  2.56
 504.00  2.56
 504.70  2.56
 505.40  2.56
 506.10  2.56
 506.80  2.56
 507.50  2.56
 508.20  2.57
 508.90  2.57
 509.60  2.57
 510.30  2.57
 511.00  2.57
 511.70  2.57
 512.40  2.58
 513.10  2.58
 513.80  2.58
 514.50  2.58
 515.20  2.58
 515.90  2.58
 516.60  2.58
 517.30  2.59
 518.00  2.59
 518.70  2.59
 519.40  2.59
 520.10  2.59
 520.80  2.59
 521.50  2.60
 522.20  2.60
 522.90  2.60
 523.60  2.60
 524.30  2.60
 525.00  2.60
 525.70  2.60
 526.40  2.61
 527.10  2.61
 527.80  2.61
 528.50  2.61
 529.20  2.61
 529.90  2.61
 530.60  2.61
 531.30  2.62
 532.00  2.62
 532.70  2.62
 533.40  2.62
 534.10  2.62
 534.80  2.62
 535.50  2.62
 536.20  2.63
 536.90  2.63
 537.60  2.63
 538.30  2.63
 539.00  2.63
 539.70  2.63
 540.40  2.63
 541.10  2.64
 541.80  2.64
 542.50  2.64
 543.20  2.64
 543.90  2.64
 544.60  2.64
 545.30  2.64
 546.00  2.64
 546.70  2.65
 547.40  2.65
 548.10  2.65
 548.80  2.65
 549.50  2.65
 550.20  2.65
 550.90  2.65
 551.60  2.66
 552.30  2.66
 553.00  2.66
 553.70  2.66
 554.40  2.66
 555.10  2.66
 555.80  2.66
 556.50  2.66
 557.20  2.67
 557.90  2.67
 558.60  2.67
 559.30  2.67
 560.00  2.67
 560.70  2.67
 561.40  2.67
 562.10  2.67
 562.80  2.68
 563.50  2.68
 564.20  2.68
 564.90  2.68
 565.60  2.68
 566.30  2.68
 567.00  2.68
 567.70  2.68
 568.40  2.69
 569.10  2.69
 569.80  2.69
 570.50  2.69
 571.20  2.69
 571.90  2.69
 572.60  2.69
 573.30  2.69
 574.00  2.69
 574.70  2.70
 575.40  2.70
 576.10  2.70
 576.80  2.70
 577.50  2.70
 578.20  2.70
 578.90  2.70
 579.60  2.70
 580.30  2.71
 581.00  2.71
 581.70  2.71
 582.40  2.71
 583.10  2.71
 583.80  2.71
 584.50  2.71
 585.20  2.71
 585.90  2.71
 586.60  2.72
 587.30  2.72
 588.00  2.72
 588.70  2.72
 589.40  2.72
 590.10  2.72
 590.80  2.72
 591.50  2.72
 592.20  2.72
 592.90  2.73
 593.60  2.73
 594.30  2.73
 595.00  2.73
 595.70  2.73
 596.40  2.73
 597.10  2.73
 597.80  2.73
 598.50  2.73
 599.20  2.73
 599.90  2.74
 600.60  2.74
 601.30  2.74
 602.00  2.74
 602.70  2.74
 603.40  2.74
 604.10  2.74
 604.80  2.74
 605.50  2.74
 606.20  2.75
 606.90  2.75
 607.60  2.75
 608.30  2.75
 609.00  2.75
 609.70  2.75
 610.40  2.75
 611.10  2.75
 611.80  2.75
 612.50  2.75
 613.20  2.76
 613.90  2.76
 614.60  2.76
 615.30  2.76
 616.00  2.76
 616.70  2.76
 617.40  2.76
 618.10  2.76
 618.80  2.76
 619.50  2.76
 620.20  2.76
 620.90  2.77
 621.60  2.77
 622.30  2.77
 623.00  2.77
 623.70  2.77
 624.40  2.77
 625.10  2.77
 625.80  2.77
 626.50  2.77
 627.20  2.77
 627.90  2.78
 628.60  2.78
 629.30  2.78
 630.00  2.78
 630.70  2.78
 631.40  2.78
 632.10  2.78
 632.80  2.78
 633.50  2.78
 634.20  2.78
 634.90  2.78
 635.60  2.78
 636.30  2.79
 637.00  2.79
 637.70  2.79
 638.40  2.79
 639.10  2.79
 639.80  2.79
 640.50  2.79
 641.20  2.79
 641.90  2.79
 642.60  2.79
 643.30  2.79
 644.00  2.80
 644.70  2.80
 645.40  2.80
 646.10  2.80
 646.80  2.80
 647.50  2.80
 648.20  2.80
 648.90  2.80
 649.60  2.80
 650.30  2.80
 651.00  2.80
 651.70  2.80
 652.40  2.81
 653.10  2.81
 653.80  2.81
 654.50  2.81
 655.20  2.81
 655.90  2.81
 656.60  2.81
 657.30  2.81
 658.00  2.81
 658.70  2.81
 659.40  2.81
 660.10  2.81
 660.80  2.81
 661.50  2.82
 662.20  2.82
 662.90  2.82
 663.60  2.82
 664.30  2.82
 665.00  2.82
 665.70  2.82
 666.40  2.82
 667.10  2.82
 667.80  2.82
 668.50  2.82
 669.20  2.82
 669.90  2.82
 670.60  2.83
 671.30  2.83
 672.00  2.83
 672.70  2.83
 673.40  2.83
 674.10  2.83
 674.80  2.83
 675.50  2.83
 676.20  2.83
 676.90  2.83
 677.60  2.83
 678.30  2.83
 679.00  2.83
 679.70  2.83
 680.40  2.84
 681.10  2.84
 681.80  2.84
 682.50  2.84
 683.20  2.84
 683.90  2.84
 684.60  2.84
 685.30  2.84
 686.00  2.84
 686.70  2.84
 687.40  2.84
 688.10  2.84
 688.80  2.84
 689.50  2.84
 690.20  2.85
 690.90  2.85
 691.60  2.85
 692.30  2.85
 693.00  2.85
 693.70  2.85
 694.40  2.85
 695.10  2.85
 695.80  2.85
 696.50  2.85
 697.20  2.85
 697.90  2.85
 698.60  2.85
 699.30  2.85
 700.00  2.85
 700.70  2.86
 701.40  2.86
 702.10  2.86
 702.80  2.86
 703.50  2.86
 704.20  2.86
 704.90  2.86
 705.60  2.86
 706.30  2.86
 707.00  2.86
 707.70  2.86
 708.40  2.86
 709.10  2.86
 709.80  2.86
 710.50  2.86
 711.20  2.86
 711.90  2.87
 712.60  2.87
 713.30  2.87
 714.00  2.87
 714.70  2.87
 715.40  2.87
 716.10  2.87
 716.80  2.87
 717.50  2.87
 718.20  2.87
 718.90  2.87
 719.60  2.87
 720.30  2.87
 721.00  2.87
 721.70  2.87
 722.40  2.87
 723.10  2.87
 723.80  2.87
 724.50  2.88
 725.20  2.88
 725.90  2.88
 726.60  2.88
 727.30  2.88
 728.00  2.88
 728.70  2.88
 729.40  2.88
 730.10  2.88
 730.80  2.88
 731.50  2.88
 732.20  2.88
 732.90  2.88
 733.60  2.88
 734.30  2.88
 735.00  2.88
 735.70  2.88
 736.40  2.88
 737.10  2.89
 737.80  2.89
 738.50  2.89
 739.20  2.89
 739.90  2.89
 740.60  2.89
 741.30  2.89
 742.00  2.89
 742.70  2.89
 743.40  2.89
 744.10  2.89
 744.80  2.89
 745.50  2.89
 746.20  2.89
 746.90  2.89
 747.60  2.89
 748.30  2.89
 749.00  2.89
 749.70  2.89
 750.40  2.90
 751.10  2.90
 751.80  2.90
 752.50  2.90
 753.20  2.90
 753.90  2.90
 754.60  2.90
 755.30  2.90
 756.00  2.90
 756.70  2.90
 757.40  2.90
 758.10  2.90
 758.80  2.90
 759.50  2.90
 760.20  2.90
 760.90  2.90
 761.60  2.90
 762.30  2.90
 763.00  2.90
 763.70  2.90
 764.40  2.90
 765.10  2.91
 765.80  2.91
 766.50  2.91
 767.20  2.91
 767.90  2.91
 768.60  2.91
 769.30  2.91
 770.00  2.91
 770.70  2.91
 771.40  2.91
 772.10  2.91
 772.80  2.91
 773.50  2.91
 774.20  2.91
 774.90  2.91
 775.60  2.91
 776.30  2.91
 777.00  2.91
 777.70  2.91
 778.40  2.91
 779.10  2.91
 779.80  2.91
 780.50  2.91
 781.20  2.92
 781.90  2.92
 782.60  2.92
 783.30  2.92
 784.00  2.92
 784.70  2.92
 785.40  2.92
 786.10  2.92
 786.80  2.92
 787.50  2.92
 788.20  2.92
 788.90  2.92
 789.60  2.92
 790.30  2.92
 791.00  2.92
 791.70  2.92
 792.40  2.92
 793.10  2.92
 793.80  2.92
 794.50  2.92
 795.20  2.92
 795.90  2.92
 796.60  2.92
 797.30  2.92
 798.00  2.92
 798.70  2.93
 799.40  2.93
 800.10  2.93
 800.80  2.93
 801.50  2.93
 802.20  2.93
 802.90  2.93
 803.60  2.93
 804.30  2.93
 805.00  2.93
 805.70  2.93
 806.40  2.93
 807.10  2.93
 807.80  2.93
 808.50  2.93
 809.20  2.93
 809.90  2.93
 810.60  2.93
 811.30  2.93
 812.00  2.93
 812.70  2.93
 813.40  2.93
 814.10  2.93
 814.80  2.93
 815.50  2.93
 816.20  2.93
 816.90  2.93
 817.60  2.94
 818.30  2.94
 819.00  2.94
 819.70  2.94
 820.40  2.94
 821.10  2.94
 821.80  2.94
 822.50  2.94
 823.20  2.94
 823.90  2.94
 824.60  2.94
 825.30  2.94
 826.00  2.94
 826.70  2.94
 827.40  2.94
 828.10  2.94
 828.80  2.94
 829.50  2.94
 830.20  2.94
 830.90  2.94
 831.60  2.94
 832.30  2.94
 833.00  2.94
 833.70  2.94
 834.40  2.94
 835.10  2.94
 835.80  2.94
 836.50  2.94
 837.20  2.94
 837.90  2.94
 838.60  2.95
 839.30  2.95
 840.00  2.95
 840.70  2.95
 841.40  2.95
 842.10  2.95
 842.80  2.95
 843.50  2.95
 844.20  2.95
 844.90  2.95
 845.60  2.95
 846.30  2.95
 847.00  2.95
 847.70  2.95
 848.40  2.95
 849.10  2.95
 849.80  2.95
 850.50  2.95
 851.20  2.95
 851.90  2.95
 852.60  2.95
 853.30  2.95
 854.00  2.95
 854.70  2.95
 855.40  2.95
 856.10  2.95
 856.80  2.95
 857.50  2.95
 858.20  2.95
 858.90  2.95
 859.60  2.95
 860.30  2.95
 861.00  2.95
 861.70  2.95
 862.40  2.95
 863.10  2.96
 863.80  2.96
 864.50  2.96
 865.20  2.96
 865.90  2.96
 866.60  2.96
 867.30  2.96
 868.00  2.96
 868.70  2.96
 869.40  2.96
 870.10  2.96
 870.80  2.96
 871.50  2.96
 872.20  2.96
 872.90  2.96
 873.60  2.96
 874.30  2.96
 875.00  2.96
 875.70  2.96
 876.40  2.96
 877.10  2.96
 877.80  2.96
 878.50  2.96
 879.20  2.96
 879.90  2.96
 880.60  2.96
 881.30  2.96
 882.00  2.96
 882.70  2.96
 883.40  2.96
 884.10  2.96
 884.80  2.96
 885.50  2.96
 886.20  2.96
 886.90  2.96
 887.60  2.96
 888.30  2.96
 889.00  2.96
 889.70  2.96
 890.40  2.97
 891.10  2.97
 891.80  2.97
 892.50  2.97
 893.20  2.97
 893.90  2.97
 894.60  2.97
 895.30  2.97
 896.00  2.97
 896.70  2.97
 897.40  2.97
 898.10  2.97
 898.80  2.97
 899.50  2.97
 900.20  2.97
 900.90  2.97
 901.60  2.97
 902.30  2.97
 903.00  2.97
 903.70  2.97
 904.40  2.97
 905.10  2.97
 905.80  2.97
 906.50  2.97
 907.20  2.97
 907.90  2.97
 908.60  2.97
 909.30  2.97
 910.00  2.97
 910.70  2.97
 911.40  2.97
 912.10  2.97
 912.80  2.97
 913.50  2.97
 914.20  2.97
 914.90  2.97
 915.60  2.97
 916.30  2.97
 917.00  2.97
 917.70  2.97
 918.40  2.97
 919.10  2.97
 919.80  2.97
 920.50  2.97
 921.20  2.97
 921.90  2.97
 922.60  2.97
 923.30  2.98
 924.00  2.98
 924.70  2.98
 925.40  2.98
 926.10  2.98
 926.80  2.98
 927.50  2.98
 928.20  2.98
 928.90  2.98
 929.60  2.98
 930.30  2.98
 931.00  2.98
 931.70  2.98
 932.40  2.98
 933.10  2.98
 933.80  2.98
 934.50  2.98
 935.20  2.98
 935.90  2.98
 936.60  2.98
 937.30  2.98
 938.00  2.98
 938.70  2.98
 939.40  2.98
 940.10  2.98
 940.80  2.98
 941.50  2.98
 942.20  2.98
 942.90  2.98
 943.60  2.98
 944.30  2.98
 945.00  2.98
 945.70  2.98
 946.40  2.98
 947.10  2.98
 947.80  2.98
 948.50  2.98
 949.20  2.98
 949.90  2.98
 950.60  2.98
 951.30  2.98
 952.00  2.98
 952.70  2.98
 953.40  2.98
 954.10  2.98
 954.80  2.98
 955.50  2.98
 956.20  2.98
 956.90  2.98
 957.60  2.98
 958.30  2.98
 959.00  2.98
 959.70  2.98
 960.40  2.98
 961.10  2.98
 961.80  2.98
 962.50  2.98
 963.20  2.98
 963.90  2.99
 964.60  2.99
 965.30  2.99
 966.00  2.99
 966.70  2.99
 967.40  2.99
 968.10  2.99
 968.80  2.99
 969.50  2.99
 970.20  2.99
 970.90  2.99
 971.60  2.99
 972.30  2.99
 973.00  2.99
 973.70  2.99
 974.40  2.99
 975.10  2.99
 975.80  2.99
 976.50  2.99
 977.20  2.99
 977.90  2.99
 978.60  2.99
 979.30  2.99
 980.00  2.99
 980.70  2.99
 981.40  2.99
 982.10  2.99
 982.80  2.99
 983.50  2.99
 984.20  2.99
 984.90  2.99
 985.60  2.99
 986.30  2.99
 987.00  2.99
 987.70  2.99
 988.40  2.99
 989.10  2.99
 989.80  2.99
 990.50  2.99
 991.20  2.99
 991.90  2.99
 992.60  2.99
 993.30  2.99
 994.00  2.99
 994.70  2.99
 995.40  2.99
 996.10  2.99
 996.80  2.99
 997.50  2.99
 998.20  2.99
 998.90  2.99
 999.60  2.99
 1000.30  2.99
 1001.00  2.99
 1001.70  2.99
 1002.40  2.99
 1003.10  2.99
 1003.80  2.99
 1004.50  2.99
 1005.20  2.99
 1005.90  2.99
 1006.60  2.99
 1007.30  2.99
 1008.00  2.99
 1008.70  2.99
 1009.40  2.99
 1010.10  2.99
 1010.80  2.99
 1011.50  2.99
 1012.20  2.99
 1012.90  2.99
 1013.60  2.99
 1014.30  2.99
 1015.00  2.99
 1015.70  3.00
 1016.40  3.00
 1017.10  3.00
 1017.80  3.00
 1018.50  3.00
 1019.20  3.00
 1019.90  3.00
 1020.60  3.00
 1021.30  3.00
 1022.00  3.00
 1022.70  3.00
 1023.40  3.00
 1024.10  3.00
 1024.80  3.00
 1025.50  3.00
 1026.20  3.00
 1026.90  3.00
 1027.60  3.00
 1028.30  3.00
 1029.00  3.00
 1029.70  3.00
 1030.40  3.00
 1031.10  3.00
 1031.80  3.00
 1032.50  3.00
 1033.20  3.00
 1033.90  3.00
 1034.60  3.00
 1035.30  3.00
 1036.00  3.00
 1036.70  3.00
 1037.40  3.00
 1038.10  3.00
 1038.80  3.00
 1039.50  3.00
 1040.20  3.00
 1040.90  3.00
 1041.60  3.00
 1042.30  3.00
 1043.00  3.00
 1043.70  3.00
 1044.40  3.00
 1045.10  3.00
 1045.80  3.00
 1046.50  3.00
 1047.20  3.00
 1047.90  3.00
 1048.60  3.00
 1049.30  3.00
 1050.00  3.00
 1050.70  3.00
 1051.40  3.00
 1052.10  3.00
 1052.80  3.00
 1053.50  3.00
 1054.20  3.00
 1054.90  3.00
 1055.60  3.00
 1056.30  3.00
 1057.00  3.00
 1057.70  3.00
 1058.40  3.00
 1059.10  3.00
 1059.80  3.00
 1060.50  3.00
 1061.20  3.00
 1061.90  3.00
 1062.60  3.00
 1063.30  3.00
 1064.00  3.00
 1064.70  3.00
 1065.40  3.00
 1066.10  3.00
 1066.80  3.00
 1067.50  3.00
 1068.20  3.00
 1068.90  3.00
 1069.60  3.00
 1070.30  3.00
 1071.00  3.00
 1071.70  3.00
 1072.40  3.00
 1073.10  3.00
 1073.80  3.00
 1074.50  3.00
 1075.20  3.00
 1075.90  3.00
 1076.60  3.00
 1077.30  3.00
 1078.00  3.00
 1078.70  3.00
 1079.40  3.00
 1080.10  3.00
 1080.80  3.00
 1081.50  3.00
 1082.20  3.00
 1082.90  3.00
 1083.60  3.00
 1084.30  3.00
 1085.00  3.00
 1085.70  3.00
 1086.40  3.00
 1087.10  3.00
 1087.80  3.00
 1088.50  3.00
 1089.20  3.00
 1089.90  3.00
 1090.60  3.00
 1091.30  3.00
 1092.00  3.01
 1092.70  3.01
 1093.40  3.01
 1094.10  3.01
 1094.80  3.01
 1095.50  3.01
 1096.20  3.01
 1096.90  3.01
 1097.60  3.01
 1098.30  3.01
 1099.00  3.01
 1099.70  3.01
 1100.40  3.01
 1101.10  3.01
 1101.80  3.01
 1102.50  3.01
 1103.20  3.01
 1103.90  3.01
 1104.60  3.01
 1105.30  3.01
 1106.00  3.01
 1106.70  3.01
 1107.40  3.01
 1108.10  3.01
 1108.80  3.01
 1109.50  3.01
 1110.20  3.01
 1110.90  3.01
 1111.60  3.01
 1112.30  3.01
 1113.00  3.01
 1113.70  3.01
 1114.40  3.01
 1115.10  3.01
 1115.80  3.01
 1116.50  3.01
 1117.20  3.01
 1117.90  3.01
 1118.60  3.01
 1119.30  3.01
 1120.00  3.01
 1120.70  3.01
 1121.40  3.01
 1122.10  3.01
 1122.80  3.01
 1123.50  3.01
 1124.20  3.01
 1124.90  3.01
 1125.60  3.01
 1126.30  3.01
 1127.00  3.01
 1127.70  3.01
 1128.40  3.01
 1129.10  3.01
 1129.80  3.01
 1130.50  3.01
 1131.20  3.01
 1131.90  3.01
 1132.60  3.01
 1133.30  3.01
 1134.00  3.01
 1134.70  3.01
 1135.40  3.01
 1136.10  3.01
 1136.80  3.01
 1137.50  3.01
 1138.20  3.01
 1138.90  3.01
 1139.60  3.01
 1140.30  3.01
 1141.00  3.01
 1141.70  3.01
 1142.40  3.01
 1143.10  3.01
 1143.80  3.01
 1144.50  3.01
 1145.20  3.01
 1145.90  3.01
 1146.60  3.01
 1147.30  3.01
 1148.00  3.01
 1148.70  3.01
 1149.40  3.01
 1150.10  3.01
 1150.80  3.01
 1151.50  3.01
 1152.20  3.01
 1152.90  3.01
 1153.60  3.01
 1154.30  3.01
 1155.00  3.01
 1155.70  3.01
 1156.40  3.01
 1157.10  3.01
 1157.80  3.01
 1158.50  3.01
 1159.20  3.01
 1159.90  3.01
 1160.60  3.01
 1161.30  3.01
 1162.00  3.01
 1162.70  3.01
 1163.40  3.01
 1164.10  3.01
 1164.80  3.01
 1165.50  3.01
 1166.20  3.01
 1166.90  3.01
 1167.60  3.01
 1168.30  3.01
 1169.00  3.01
 1169.70  3.01
 1170.40  3.01
 1171.10  3.01
 1171.80  3.01
 1172.50  3.01
 1173.20  3.01
 1173.90  3.01
 1174.60  3.01
 1175.30  3.01
 1176.00  3.01
 1176.70  3.01
 1177.40  3.01
 1178.10  3.01
 1178.80  3.01
 1179.50  3.01
 1180.20  3.01
 1180.90  3.01
 1181.60  3.01
 1182.30  3.01
 1183.00  3.01
 1183.70  3.01
 1184.40  3.01
 1185.10  3.01
 1185.80  3.01
 1186.50  3.01
 1187.20  3.01
 1187.90  3.01
 1188.60  3.01
 1189.30  3.01
 1190.00  3.01
 1190.70  3.01
 1191.40  3.01
 1192.10  3.01
 1192.80  3.01
 1193.50  3.01
 1194.20  3.01
 1194.90  3.01
 1195.60  3.01
 1196.30  3.01
 1197.00  3.01
 1197.70  3.01
 1198.40  3.01
 1199.10  3.01
 1199.80  3.01
 1200.50  3.01
 1201.20  3.01
 1201.90  3.01
 1202.60  3.01
 1203.30  3.01
 1204.00  3.01
 1204.70  3.01
 1205.40  3.01
 1206.10  3.01
 1206.80  3.01
 1207.50  3.01
 1208.20  3.01
 1208.90  3.01
 1209.60  3.01
 1210.30  3.01
 1211.00  3.01
 1211.70  3.01
 1212.40  3.01
 1213.10  3.01
 1213.80  3.01
 1214.50  3.01
 1215.20  3.01
 1215.90  3.01
 1216.60  3.01
 1217.30  3.01
 1218.00  3.01
 1218.70  3.01
 1219.40  3.01
 1220.10  3.01
 1220.80  3.01
 1221.50  3.01
 1222.20  3.01
 1222.90  3.01
 1223.60  3.01
 1224.30  3.01
 1225.00  3.01
 1225.70  3.01
 1226.40  3.01
 1227.10  3.01
 1227.80  3.01
 1228.50  3.01
 1229.20  3.01
 1229.90  3.01
 1230.60  3.01
 1231.30  3.01
 1232.00  3.01
 1232.70  3.01
 1233.40  3.01
 1234.10  3.01
 1234.80  3.02
 1235.50  3.02
 1236.20  3.02
 1236.90  3.02
 1237.60  3.02
 1238.30  3.02
 1239.00  3.02
 1239.70  3.02
 1240.40  3.02
 1241.10  3.02
 1241.80  3.02
 1242.50  3.02
 1243.20  3.02
 1243.90  3.02
 1244.60  3.02
 1245.30  3.02
 1246.00  3.02
 1246.70  3.02
 1247.40  3.02
 1248.10  3.02
 1248.80  3.02
 1249.50  3.02
 1250.20  3.02
 1250.90  3.02
 1251.60  3.02
 1252.30  3.02
 1253.00  3.02
 1253.70  3.02
 1254.40  3.02
 1255.10  3.02
 1255.80  3.02
 1256.50  3.02
 1257.20  3.02
 1257.90  3.02
 1258.60  3.02
 1259.30  3.02
 1260.00  3.02
 1260.70  3.02
 1261.40  3.02
 1262.10  3.02
 1262.80  3.02
 1263.50  3.02
 1264.20  3.02
 1264.90  3.02
 1265.60  3.02
 1266.30  3.02
 1267.00  3.02
 1267.70  3.02
 1268.40  3.02
 1269.10  3.02
 1269.80  3.02
 1270.50  3.02
 1271.20  3.02
 1271.90  3.02
 1272.60  3.02
 1273.30  3.02
 1274.00  3.02
 1274.70  3.02
 1275.40  3.02
 1276.10  3.02
 1276.80  3.02
 1277.50  3.02
 1278.20  3.02
 1278.90  3.02
 1279.60  3.02
 1280.30  3.02
 1281.00  3.02
 1281.70  3.02
 1282.40  3.02
 1283.10  3.02
 1283.80  3.02
 1284.50  3.02
 1285.20  3.02
 1285.90  3.02
 1286.60  3.02
 1287.30  3.02
 1288.00  3.02
 1288.70  3.02
 1289.40  3.02
 1290.10  3.02
 1290.80  3.02
 1291.50  3.02
 1292.20  3.02
 1292.90  3.02
 1293.60  3.02
 1294.30  3.02
 1295.00  3.02
 1295.70  3.02
 1296.40  3.02
 1297.10  3.02
 1297.80  3.02
 1298.50  3.02
 1299.20  3.02
 1299.90  3.02
 1300.60  3.02
 1301.30  3.02
 1302.00  3.02
 1302.70  3.02
 1303.40  3.02
 1304.10  3.02
 1304.80  3.02
 1305.50  3.02
 1306.20  3.02
 1306.90  3.02
 1307.60  3.02
 1308.30  3.02
 1309.00  3.02
 1309.70  3.02
 1310.40  3.02
 1311.10  3.02
 1311.80  3.02
 1312.50  3.02
 1313.20  3.02
 1313.90  3.02
 1314.60  3.02
 1315.30  3.02
 1316.00  3.02
 1316.70  3.02
 1317.40  3.02
 1318.10  3.02
 1318.80  3.02
 1319.50  3.02
 1320.20  3.02
 1320.90  3.02
 1321.60  3.02
 1322.30  3.02
 1323.00  3.02
 1323.70  3.02
 1324.40  3.02
 1325.10  3.02
 1325.80  3.02
 1326.50  3.02
 1327.20  3.02
 1327.90  3.02
 1328.60  3.02
 1329.30  3.02
 1330.00  3.02
 1330.70  3.02
 1331.40  3.02
 1332.10  3.02
 1332.80  3.02
 1333.50  3.02
 1334.20  3.02
 1334.90  3.02
 1335.60  3.02
 1336.30  3.02
 1337.00  3.02
 1337.70  3.02
 1338.40  3.02
 1339.10  3.02
 1339.80  3.02
 1340.50  3.02
 1341.20  3.02
 1341.90  3.02
 1342.60  3.02
 1343.30  3.02
 1344.00  3.02
 1344.70  3.02
 1345.40  3.02
 1346.10  3.02
 1346.80  3.02
 1347.50  3.02
 1348.20  3.02
 1348.90  3.02
 1349.60  3.02
 1350.30  3.02
 1351.00  3.02
 1351.70  3.02
 1352.40  3.02
 1353.10  3.02
 1353.80  3.02
 1354.50  3.02
 1355.20  3.02
 1355.90  3.02
 1356.60  3.02
 1357.30  3.02
 1358.00  3.02
 1358.70  3.02
 1359.40  3.02
 1360.10  3.02
 1360.80  3.02
 1361.50  3.02
 1362.20  3.02
 1362.90  3.02
 1363.60  3.02
 1364.30  3.02
 1365.00  3.02
 1365.70  3.02
 1366.40  3.02
 1367.10  3.02
 1367.80  3.02
 1368.50  3.02
 1369.20  3.02
 1369.90  3.02
 1370.60  3.02
 1371.30  3.02
 1372.00  3.02
 1372.70  3.02
 1373.40  3.02
 1374.10  3.02
 1374.80  3.02
 1375.50  3.02
 1376.20  3.02
 1376.90  3.02
 1377.60  3.02
 1378.30  3.02
 1379.00  3.02
 1379.70  3.02
 1380.40  3.02
 1381.10  3.02
 1381.80  3.02
 1382.50  3.02
 1383.20  3.02
 1383.90  3.02
 1384.60  3.02
 1385.30  3.02
 1386.00  3.02
 1386.70  3.02
 1387.40  3.02
 1388.10  3.02
 1388.80  3.02
 1389.50  3.02
 1390.20  3.02
 1390.90  3.02
 1391.60  3.02
 1392.30  3.02
 1393.00  3.02
 1393.70  3.02
 1394.40  3.02
 1395.10  3.02
 1395.80  3.02
 1396.50  3.02
 1397.20  3.02
 1397.90  3.02
 1398.60  3.02
 1399.30  3.02
 1400.00  3.02
 1400.70  3.02
 1401.40  3.02
 1402.10  3.02
 1402.80  3.02
 1403.50  3.02
 1404.20  3.02
 1404.90  3.02
 1405.60  3.02
 1406.30  3.02
 1407.00  3.02
 1407.70  3.02
 1408.40  3.02
 1409.10  3.02
 1409.80  3.02
 1410.50  3.02
 1411.20  3.02
 1411.90  3.02
 1412.60  3.02
 1413.30  3.02
 1414.00  3.02
 1414.70  3.02
 1415.40  3.02
 1416.10  3.02
 1416.80  3.02
 1417.50  3.02
 1418.20  3.02
 1418.90  3.02
 1419.60  3.02
 1420.30  3.02
 1421.00  3.02
 1421.70  3.02
 1422.40  3.02
 1423.10  3.02
 1423.80  3.02
 1424.50  3.02
 1425.20  3.02
 1425.90  3.02
 1426.60  3.02
 1427.30  3.02
 1428.00  3.02
 1428.70  3.02
 1429.40  3.02
 1430.10  3.02
 1430.80  3.02
 1431.50  3.02
 1432.20  3.02
 1432.90  3.02
 1433.60  3.02
 1434.30  3.02
 1435.00  3.02
 1435.70  3.02
 1436.40  3.02
 1437.10  3.02
 1437.80  3.02
 1438.50  3.02
 1439.20  3.02
 1439.90  3.02
 1440.60  3.02
 1441.30  3.02
 1442.00  3.02
 1442.70  3.02
 1443.40  3.02
 1444.10  3.02
 1444.80  3.02
 1445.50  3.02
 1446.20  3.02
 1446.90  3.02
 1447.60  3.02
 1448.30  3.02
 1449.00  3.02
 1449.70  3.02
 1450.40  3.02
 1451.10  3.02
 1451.80  3.02
 1452.50  3.02
 1453.20  3.02
 1453.90  3.02
 1454.60  3.02
 1455.30  3.02
 1456.00  3.02
 1456.70  3.02
 1457.40  3.02
 1458.10  3.02
 1458.80  3.02
 1459.50  3.02
 1460.20  3.02
 1460.90  3.02
 1461.60  3.02
 1462.30  3.02
 1463.00  3.02
 1463.70  3.02
 1464.40  3.02
 1465.10  3.02
 1465.80  3.02
 1466.50  3.02
 1467.20  3.02
 1467.90  3.02
 1468.60  3.02
 1469.30  3.02
 1470.00  3.02
 1470.70  3.02
 1471.40  3.02
 1472.10  3.02
 1472.80  3.02
 1473.50  3.02
 1474.20  3.02
 1474.90  3.02
 1475.60  3.02
 1476.30  3.02
 1477.00  3.02
 1477.70  3.02
 1478.40  3.02
 1479.10  3.02
 1479.80  3.02
 1480.50  3.02
 1481.20  3.02
 1481.90  3.02
 1482.60  3.02
 1483.30  3.02
 1484.00  3.02
 1484.70  3.02
 1485.40  3.02
 1486.10  3.02
 1486.80  3.02
 1487.50  3.02
 1488.20  3.02
 1488.90  3.02
 1489.60  3.02
 1490.30  3.02
 1491.00  3.02
 1491.70  3.02
 1492.40  3.02
 1493.10  3.02
 1493.80  3.02
 1494.50  3.02
 1495.20  3.02
 1495.90  3.02
 1496.60  3.02
 1497.30  3.02
 1498.00  3.02
 1498.70  3.02
 1499.40  3.02
 1500.10  3.02
 1500.80  3.02
 1501.50  3.02
 1502.20  3.02
 1502.90  3.02
 1503.60  3.02
 1504.30  3.02
 1505.00  3.02
 1505.70  3.02
 1506.40  3.02
 1507.10  3.02
 1507.80  3.02
 1508.50  3.02
 1509.20  3.02
 1509.90  3.02
 1510.60  3.02
 1511.30  3.02
 1512.00  3.02
 1512.70  3.02
 1513.40  3.02
 1514.10  3.02
 1514.80  3.02
 1515.50  3.02
 1516.20  3.02
 1516.90  3.02
 1517.60  3.02
 1518.30  3.02
 1519.00  3.02
 1519.70  3.02
 1520.40  3.02
 1521.10  3.02
 1521.80  3.02
 1522.50  3.02
 1523.20  3.02
 1523.90  3.02
 1524.60  3.02
 1525.30  3.02
 1526.00  3.02
 1526.70  3.02
 1527.40  3.02
 1528.10  3.02
 1528.80  3.02
 1529.50  3.02
 1530.20  3.02
 1530.90  3.02
 1531.60  3.02
 1532.30  3.02
 1533.00  3.02
 1533.70  3.02
 1534.40  3.02
 1535.10  3.02
 1535.80  3.02
 1536.50  3.02
 1537.20  3.02
 1537.90  3.02
 1538.60  3.02
 1539.30  3.02
 1540.00  3.02
 1540.70  3.02
 1541.40  3.02
 1542.10  3.02
 1542.80  3.02
 1543.50  3.02
 1544.20  3.02
 1544.90  3.02
 1545.60  3.02
 1546.30  3.02
 1547.00  3.02
 1547.70  3.02
 1548.40  3.02
 1549.10  3.02
 1549.80  3.02
 1550.50  3.02
 1551.20  3.02
 1551.90  3.02
 1552.60  3.02
 1553.30  3.02
 1554.00  3.02
 1554.70  3.02
 1555.40  3.02
 1556.10  3.02
 1556.80  3.02
 1557.50  3.02
 1558.20  3.02
 1558.90  3.02
 1559.60  3.02
 1560.30  3.02
 1561.00  3.02
 1561.70  3.02
 1562.40  3.02
 1563.10  3.02
 1563.80  3.02
 1564.50  3.02
 1565.20  3.02
 1565.90  3.02
 1566.60  3.02
 1567.30  3.02
 1568.00  3.02
 1568.70  3.02
 1569.40  3.02
 1570.10  3.02
 1570.80  3.02
 1571.50  3.02
 1572.20  3.02
 1572.90  3.02
 1573.60  3.02
 1574.30  3.02
 1575.00  3.02
 1575.70  3.02
 1576.40  3.02
 1577.10  3.02
 1577.80  3.02
 1578.50  3.02
 1579.20  3.02
 1579.90  3.02
 1580.60  3.02
 1581.30  3.02
 1582.00  3.02
 1582.70  3.02
 1583.40  3.02
 1584.10  3.02
 1584.80  3.02
 1585.50  3.02
 1586.20  3.02
 1586.90  3.02
 1587.60  3.02
 1588.30  3.02
 1589.00  3.02
 1589.70  3.02
 1590.40  3.02
 1591.10  3.02
 1591.80  3.02
 1592.50  3.02
 1593.20  3.02
 1593.90  3.02
 1594.60  3.02
 1595.30  3.02
 1596.00  3.02
 1596.70  3.02
 1597.40  3.02
 1598.10  3.02
 1598.80  3.02
 1599.50  3.02
 1600.20  3.02
 1600.90  3.02
 1601.60  3.02
 1602.30  3.02
 1603.00  3.02
 1603.70  3.02
 1604.40  3.02
 1605.10  3.02
 1605.80  3.02
 1606.50  3.02
 1607.20  3.02
 1607.90  3.02
 1608.60  3.02
 1609.30  3.02
 1610.00  3.02
 1610.70  3.02
 1611.40  3.02
 1612.10  3.02
 1612.80  3.02
 1613.50  3.02
 1614.20  3.02
 1614.90  3.02
 1615.60  3.02
 1616.30  3.02
 1617.00  3.02
 1617.70  3.02
 1618.40  3.02
 1619.10  3.02
 1619.80  3.02
 1620.50  3.02
 1621.20  3.02
 1621.90  3.02
 1622.60  3.02
 1623.30  3.02
 1624.00  3.02
 1624.70  3.02
 1625.40  3.02
 1626.10  3.02
 1626.80  3.02
 1627.50  3.02
 1628.20  3.02
 1628.90  3.02
 1629.60  3.02
 1630.30  3.02
 1631.00  3.02
 1631.70  3.02
 1632.40  3.02
 1633.10  3.02
 1633.80  3.02
 1634.50  3.02
 1635.20  3.02
 1635.90  3.02
 1636.60  3.02
 1637.30  3.02
 1638.00  3.02
 1638.70  3.02
 1639.40  3.02
 1640.10  3.02
 1640.80  3.02
 1641.50  3.02
 1642.20  3.02
 1642.90  3.02
 1643.60  3.02
 1644.30  3.02
 1645.00  3.02
 1645.70  3.02
 1646.40  3.02
 1647.10  3.02
 1647.80  3.02
 1648.50  3.02
 1649.20  3.02
 1649.90  3.02
 1650.60  3.02
 1651.30  3.02
 1652.00  3.02
 1652.70  3.02
 1653.40  3.02
 1654.10  3.02
 1654.80  3.02
 1655.50  3.02
 1656.20  3.02
 1656.90  3.02
 1657.60  3.02
 1658.30  3.02
 1659.00  3.02
 1659.70  3.02
 1660.40  3.02
 1661.10  3.02
 1661.80  3.02
 1662.50  3.02
 1663.20  3.02
 1663.90  3.02
 1664.60  3.02
 1665.30  3.02
 1666.00  3.02
 1666.70  3.02
 1667.40  3.02
 1668.10  3.02
 1668.80  3.02
 1669.50  3.02
 1670.20  3.02
 1670.90  3.02
 1671.60  3.02
 1672.30  3.02
 1673.00  3.02
 1673.70  3.02
 1674.40  3.02
 1675.10  3.02
 1675.80  3.02
 1676.50  3.02
 1677.20  3.02
 1677.90  3.02
 1678.60  3.02
 1679.30  3.02
 1680.00  3.02
 1680.70  3.02
 1681.40  3.02
 1682.10  3.02
 1682.80  3.02
 1683.50  3.02
 1684.20  3.02
 1684.90  3.02
 1685.60  3.02
 1686.30  3.02
 1687.00  3.02
 1687.70  3.02
 1688.40  3.02
 1689.10  3.02
 1689.80  3.02
 1690.50  3.02
 1691.20  3.02
 1691.90  3.02
 1692.60  3.02
 1693.30  3.02
 1694.00  3.02
 1694.70  3.02
 1695.40  3.02
 1696.10  3.02
 1696.80  3.02
 1697.50  3.02
 1698.20  3.02
 1698.90  3.02
 1699.60  3.02
 1700.30  3.02
 1701.00  3.02
 1701.70  3.02
 1702.40  3.02
 1703.10  3.02
 1703.80  3.02
 1704.50  3.02
 1705.20  3.02
 1705.90  3.02
 1706.60  3.02
 1707.30  3.02
 1708.00  3.02
 1708.70  3.02
 1709.40  3.02
 1710.10  3.02
 1710.80  3.02
 1711.50  3.02
 1712.20  3.02
 1712.90  3.02
 1713.60  3.02
 1714.30  3.02
 1715.00  3.02
 1715.70  3.02
 1716.40  3.02
 1717.10  3.02
 1717.80  3.02
 1718.50  3.02
 1719.20  3.02
 1719.90  3.02
 1720.60  3.02
 1721.30  3.02
 1722.00  3.02
 1722.70  3.02
 1723.40  3.02
 1724.10  3.02
 1724.80  3.02
 1725.50  3.02
 1726.20  3.02
 1726.90  3.02
 1727.60  3.02
 1728.30  3.02
 1729.00  3.02
 1729.70  3.02
 1730.40  3.02
 1731.10  3.02
 1731.80  3.02
 1732.50  3.02
 1733.20  3.02
 1733.90  3.02
 1734.60  3.02
 1735.30  3.02
 1736.00  3.02
 1736.70  3.02
 1737.40  3.02
 1738.10  3.02
 1738.80  3.02
 1739.50  3.02
 1740.20  3.02
 1740.90  3.02
 1741.60  3.02
 1742.30  3.02
 1743.00  3.02
 1743.70  3.02
 1744.40  3.02
 1745.10  3.02
 1745.80  3.02
 1746.50  3.02
 1747.20  3.02
 1747.90  3.02
 1748.60  3.02
 1749.30  3.02
 1750.00  3.02
 1750.70  3.02
 1751.40  3.02
 1752.10  3.02
 1752.80  3.02
 1753.50  3.02
 1754.20  3.02
 1754.90  3.02
 1755.60  3.02
 1756.30  3.02
 1757.00  3.02
 1757.70  3.02
 1758.40  3.02
 1759.10  3.02
 1759.80  3.02
 1760.50  3.02
 1761.20  3.02
 1761.90  3.02
 1762.60  3.02
 1763.30  3.02
 1764.00  3.02
 1764.70  3.02
 1765.40  3.02
 1766.10  3.02
 1766.80  3.02
 1767.50  3.02
 1768.20  3.02
 1768.90  3.02
 1769.60  3.02
 1770.30  3.02
 1771.00  3.02
 1771.70  3.02
 1772.40  3.02
 1773.10  3.02
 1773.80  3.02
 1774.50  3.02
 1775.20  3.02
 1775.90  3.02
 1776.60  3.02
 1777.30  3.02
 1778.00  3.02
 1778.70  3.02
 1779.40  3.02
 1780.10  3.02
 1780.80  3.02
 1781.50  3.02
 1782.20  3.02
 1782.90  3.02
 1783.60  3.02
 1784.30  3.02
 1785.00  3.02
 1785.70  3.02
 1786.40  3.02
 1787.10  3.02
 1787.80  3.02
 1788.50  3.02
 1789.20  3.02
 1789.90  3.02
 1790.60  3.02
 1791.30  3.02
 1792.00  3.02
 1792.70  3.02
 1793.40  3.02
 1794.10  3.02
 1794.80  3.02
 1795.50  3.02
 1796.20  3.02
 1796.90  3.02
 1797.60  3.02
 1798.30  3.02
 1799.00  3.02
 1799.70  3.02
 1800.40  3.02
 1801.10  3.02
 1801.80  3.02
 1802.50  3.02
 1803.20  3.02
 1803.90  3.02
 1804.60  3.02
 1805.30  3.02
 1806.00  3.02
 1806.70  3.02
 1807.40  3.02
 1808.10  3.02
 1808.80  3.02
 1809.50  3.02
 1810.20  3.02
 1810.90  3.02
 1811.60  3.02
 1812.30  3.02
 1813.00  3.02
 1813.70  3.02
 1814.40  3.02
 1815.10  3.02
 1815.80  3.02
 1816.50  3.02
 1817.20  3.02
 1817.90  3.02
 1818.60  3.02
 1819.30  3.02
 1820.00  3.02
 1820.70  3.02
 1821.40  3.02
 1822.10  3.02
 1822.80  3.02
 1823.50  3.02
 1824.20  3.02
 1824.90  3.02
 1825.60  3.02
 1826.30  3.02
 1827.00  3.02
 1827.70  3.02
 1828.40  3.02
 1829.10  3.02
 1829.80  3.02
 1830.50  3.02
 1831.20  3.02
 1831.90  3.02
 1832.60  3.02
 1833.30  3.02
 1834.00  3.02
 1834.70  3.02
 1835.40  3.02
 1836.10  3.02
 1836.80  3.02
 1837.50  3.02
 1838.20  3.02
 1838.90  3.02
 1839.60  3.02
 1840.30  3.02
 1841.00  3.02
 1841.70  3.02
 1842.40  3.02
 1843.10  3.02
 1843.80  3.02
 1844.50  3.02
 1845.20  3.02
 1845.90  3.02
 1846.60  3.02
 1847.30  3.02
 1848.00  3.02
 1848.70  3.02
 1849.40  3.02
 1850.10  3.02
 1850.80  3.02
 1851.50  3.02
 1852.20  3.02
 1852.90  3.02
 1853.60  3.02
 1854.30  3.02
 1855.00  3.02
 1855.70  3.02
 1856.40  3.02
 1857.10  3.02
 1857.80  3.02
 1858.50  3.02
 1859.20  3.02
 1859.90  3.02
 1860.60  3.02
 1861.30  3.02
 1862.00  3.02
 1862.70  3.02
 1863.40  3.02
 1864.10  3.02
 1864.80  3.02
 1865.50  3.02
 1866.20  3.02
 1866.90  3.02
 1867.60  3.02
 1868.30  3.02
 1869.00  3.02
 1869.70  3.02
 1870.40  3.02
 1871.10  3.02
 1871.80  3.02
 1872.50  3.02
 1873.20  3.02
 1873.90  3.02
 1874.60  3.02
 1875.30  3.02
 1876.00  3.02
 1876.70  3.02
 1877.40  3.02
 1878.10  3.02
 1878.80  3.02
 1879.50  3.02
 1880.20  3.02
 1880.90  3.02
 1881.60  3.02
 1882.30  3.02
 1883.00  3.02
 1883.70  3.02
 1884.40  3.02
 1885.10  3.02
 1885.80  3.02
 1886.50  3.02
 1887.20  3.02
 1887.90  3.02
 1888.60  3.02
 1889.30  3.02
 1890.00  3.02
 1890.70  3.02
 1891.40  3.02
 1892.10  3.02
 1892.80  3.02
 1893.50  3.02
 1894.20  3.02
 1894.90  3.02
 1895.60  3.02
 1896.30  3.02
 1897.00  3.02
 1897.70  3.02
 1898.40  3.02
 1899.10  3.02
 1899.80  3.02
 1900.50  3.02
 1901.20  3.02
 1901.90  3.02
 1902.60  3.02
 1903.30  3.02
 1904.00  3.02
 1904.70  3.02
 1905.40  3.02
 1906.10  3.02
 1906.80  3.02
 1907.50  3.02
 1908.20  3.02
 1908.90  3.02
 1909.60  3.02
 1910.30  3.02
 1911.00  3.02
 1911.70  3.02
 1912.40  3.02
 1913.10  3.02
 1913.80  3.02
 1914.50  3.02
 1915.20  3.02
 1915.90  3.02
 1916.60  3.02
 1917.30  3.02
 1918.00  3.02
 1918.70  3.02
 1919.40  3.02
 1920.10  3.02
 1920.80  3.02
 1921.50  3.02
 1922.20  3.02
 1922.90  3.02
 1923.60  3.02
 1924.30  3.02
 1925.00  3.02
 1925.70  3.02
 1926.40  3.02
 1927.10  3.02
 1927.80  3.02
 1928.50  3.02
 1929.20  3.02
 1929.90  3.02
 1930.60  3.02
 1931.30  3.02
 1932.00  3.02
 1932.70  3.02
 1933.40  3.02
 1934.10  3.02
 1934.80  3.02
 1935.50  3.02
 1936.20  3.02
 1936.90  3.02
 1937.60  3.02
 1938.30  3.02
 1939.00  3.02
 1939.70  3.02
 1940.40  3.02
 1941.10  3.02
 1941.80  3.02
 1942.50  3.02
 1943.20  3.02
 1943.90  3.02
 1944.60  3.02
 1945.30  3.02
 1946.00  3.02
 1946.70  3.02
 1947.40  3.02
 1948.10  3.02
 1948.80  3.02
 1949.50  3.02
 1950.20  3.02
 1950.90  3.02
 1951.60  3.02
 1952.30  3.02
 1953.00  3.02
 1953.70  3.02
 1954.40  3.02
 1955.10  3.02
 1955.80  3.02
 1956.50  3.02
 1957.20  3.02
 1957.90  3.02
 1958.60  3.02
 1959.30  3.02
 1960.00  3.02
 1960.70  3.02
 1961.40  3.02
 1962.10  3.02
 1962.80  3.02
 1963.50  3.02
 1964.20  3.02
 1964.90  3.02
 1965.60  3.02
 1966.30  3.02
 1967.00  3.02
 1967.70  3.02
 1968.40  3.02
 1969.10  3.02
 1969.80  3.02
 1970.50  3.02
 1971.20  3.02
 1971.90  3.02
 1972.60  3.02
 1973.30  3.02
 1974.00  3.02
 1974.70  3.02
 1975.40  3.02
 1976.10  3.02
 1976.80  3.02
 1977.50  3.02
 1978.20  3.02
 1978.90  3.02
 1979.60  3.02
 1980.30  3.02
 1981.00  3.02
 1981.70  3.02
 1982.40  3.02
 1983.10  3.02
 1983.80  3.02
 1984.50  3.02
 1985.20  3.02
 1985.90  3.02
 1986.60  3.02
 1987.30  3.02
 1988.00  3.02
 1988.70  3.02
 1989.40  3.02
 1990.10  3.02
 1990.80  3.02
 1991.50  3.02
 1992.20  3.02
 1992.90  3.02
 1993.60  3.02
 1994.30  3.02
 1995.00  3.02
 1995.70  3.02
 1996.40  3.02
 1997.10  3.02
 1997.80  3.02
 1998.50  3.02
 1999.20  3.02
 1999.90  3.02
 2000.60  3.02
 2001.30  3.02
 2002.00  3.02
 2002.70  3.02
 2003.40  3.02
 2004.10  3.02
 2004.80  3.02
 2005.50  3.02
 2006.20  3.02
 2006.90  3.02
 2007.60  3.02
 2008.30  3.02
 2009.00  3.02
 2009.70  3.02
 2010.40  3.02
 2011.10  3.02
 2011.80  3.02
 2012.50  3.02
 2013.20  3.02
 2013.90  3.02
 2014.60  3.02
 2015.30  3.02
 2016.00  3.02
 2016.70  3.02
 2017.40  3.02
 2018.10  3.02
 2018.80  3.02
 2019.50  3.02
 2020.20  3.02
 2020.90  3.02
 2021.60  3.02
 2022.30  3.02
 2023.00  3.02
 2023.70  3.02
 2024.40  3.02
 2025.10  3.02
 2025.80  3.02
 2026.50  3.02
 2027.20  3.02
 2027.90  3.02
 2028.60  3.02
 2029.30  3.02
 2030.00  3.02
 2030.70  3.02
 2031.40  3.02
 2032.10  3.02
 2032.80  3.02
 2033.50  3.02
 2034.20  3.02
 2034.90  3.02
 2035.60  3.02
 2036.30  3.02
 2037.00  3.02
 2037.70  3.02
 2038.40  3.02
 2039.10  3.02
 2039.80  3.02
 2040.50  3.02
 2041.20  3.02
 2041.90  3.02
 2042.60  3.02
 2043.30  3.02
 2044.00  3.02
 2044.70  3.02
 2045.40  3.02
 2046.10  3.02
 2046.80  3.02
 2047.50  3.02
 2048.20  3.02
 2048.90  3.02
 2049.60  3.02
 2050.30  3.02
 2051.00  3.02
 2051.70  3.02
 2052.40  3.02
 2053.10  3.02
 2053.80  3.02
 2054.50  3.02
 2055.20  3.02
 2055.90  3.02
 2056.60  3.02
 2057.30  3.02
 2058.00  3.02
 2058.70  3.02
 2059.40  3.02
 2060.10  3.02
 2060.80  3.02
 2061.50  3.02
 2062.20  3.02
 2062.90  3.02
 2063.60  3.02
 2064.30  3.02
 2065.00  3.02
 2065.70  3.02
 2066.40  3.02
 2067.10  3.02
 2067.80  3.02
 2068.50  3.02
 2069.20  3.02
 2069.90  3.02
 2070.60  3.02
 2071.30  3.02
 2072.00  3.02
 2072.70  3.02
 2073.40  3.02
 2074.10  3.02
 2074.80  3.02
 2075.50  3.02
 2076.20  3.02
 2076.90  3.02
 2077.60  3.02
 2078.30  3.02
 2079.00  3.02
 2079.70  3.02
 2080.40  3.02
 2081.10  3.02
 2081.80  3.02
 2082.50  3.02
 2083.20  3.02
 2083.90  3.02
 2084.60  3.02
 2085.30  3.02
 2086.00  3.02
 2086.70  3.02
 2087.40  3.02
 2088.10  3.02
 2088.80  3.02
 2089.50  3.02
 2090.20  3.02
 2090.90  3.02
 2091.60  3.02
 2092.30  3.02
 2093.00  3.02
 2093.70  3.02
 2094.40  3.02
 2095.10  3.02
 2095.80  3.02
 2096.50  3.02
 2097.20  3.02
 2097.90  3.02
 2098.60  3.02
 2099.30  3.02
 2100.00  3.02
 2100.70  3.02
 2101.40  3.02
 2102.10  3.02
 2102.80  3.02
 2103.50  3.02
 2104.20  3.02
 2104.90  3.02
 2105.60  3.02
 2106.30  3.02
 2107.00  3.02
 2107.70  3.02
 2108.40  3.02
 2109.10  3.02
 2109.80  3.02
 2110.50  3.02
 2111.20  3.02
 2111.90  3.02
 2112.60  3.02
 2113.30  3.02
 2114.00  3.02
 2114.70  3.02
 2115.40  3.02
 2116.10  3.02
 2116.80  3.02
 2117.50  3.02
 2118.20  3.02
 2118.90  3.02
 2119.60  3.02
 2120.30  3.02
 2121.00  3.02
 2121.70  3.02
 2122.40  3.02
 2123.10  3.02
 2123.80  3.02
 2124.50  3.02
 2125.20  3.02
 2125.90  3.02
 2126.60  3.02
 2127.30  3.02
 2128.00  3.02
 2128.70  3.02
 2129.40  3.02
 2130.10  3.02
 2130.80  3.02
 2131.50  3.02
 2132.20  3.02
 2132.90  3.02
 2133.60  3.02
 2134.30  3.02
 2135.00  3.02
 2135.70  3.02
 2136.40  3.02
 2137.10  3.02
 2137.80  3.02
 2138.50  3.02
 2139.20  3.02
 2139.90  3.02
 2140.60  3.02
 2141.30  3.02
 2142.00  3.02
 2142.70  3.02
 2143.40  3.02
 2144.10  3.02
 2144.80  3.02
 2145.50  3.02
 2146.20  3.02
 2146.90  3.02
 2147.60  3.02
 2148.30  3.02
 2149.00  3.02
 2149.70  3.02
 2150.40  3.02
 2151.10  3.02
 2151.80  3.02
 2152.50  3.02
 2153.20  3.02
 2153.90  3.02
 2154.60  3.02
 2155.30  3.02
 2156.00  3.02
 2156.70  3.02
 2157.40  3.02
 2158.10  3.02
 2158.80  3.02
 2159.50  3.02
 2160.20  3.02
 2160.90  3.02
 2161.60  3.02
 2162.30  3.02
 2163.00  3.02
 2163.70  3.02
 2164.40  3.02
 2165.10  3.02
 2165.80  3.02
 2166.50  3.02
 2167.20  3.02
 2167.90  3.02
 2168.60  3.02
 2169.30  3.02
 2170.00  3.02
 2170.70  3.02
 2171.40  3.02
 2172.10  3.02
 2172.80  3.02
 2173.50  3.02
 2174.20  3.02
 2174.90  3.02
 2175.60  3.02
 2176.30  3.02
 2177.00  3.02
 2177.70  3.02
 2178.40  3.02
 2179.10  3.02
 2179.80  3.02
 2180.50  3.02
 2181.20  3.02
 2181.90  3.02
 2182.60  3.02
 2183.30  3.02
 2184.00  3.02
 2184.70  3.02
 2185.40  3.02
 2186.10  3.02
 2186.80  3.02
 2187.50  3.02
 2188.20  3.02
 2188.90  3.02
 2189.60  3.02
 2190.30  3.02
 2191.00  3.02
 2191.70  3.02
 2192.40  3.02
 2193.10  3.02
 2193.80  3.02
 2194.50  3.02
 2195.20  3.02
 2195.90  3.02
 2196.60  3.02
 2197.30  3.02
 2198.00  3.02
 2198.70  3.02
 2199.40  3.02
 2200.10  3.02
 2200.80  3.02
 2201.50  3.02
 2202.20  3.02
 2202.90  3.02
 2203.60  3.02
 2204.30  3.02
 2205.00  3.02
 2205.70  3.02
 2206.40  3.02
 2207.10  3.02
 2207.80  3.02
 2208.50  3.02
 2209.20  3.02
 2209.90  3.02
 2210.60  3.02
 2211.30  3.02
 2212.00  3.02
 2212.70  3.02
 2213.40  3.02
 2214.10  3.02
 2214.80  3.02
 2215.50  3.02
 2216.20  3.02
 2216.90  3.02
 2217.60  3.02
 2218.30  3.02
 2219.00  3.02
 2219.70  3.02
 2220.40  3.02
 2221.10  3.02
 2221.80  3.02
 2222.50  3.02
 2223.20  3.02
 2223.90  3.02
 2224.60  3.02
 2225.30  3.02
 2226.00  3.02
 2226.70  3.02
 2227.40  3.02
 2228.10  3.02
 2228.80  3.02
 2229.50  3.02
 2230.20  3.02
 2230.90  3.02
 2231.60  3.02
 2232.30  3.02
 2233.00  3.02
 2233.70  3.02
 2234.40  3.02
 2235.10  3.02
 2235.80  3.02
 2236.50  3.02
 2237.20  3.02
 2237.90  3.02
 2238.60  3.02
 2239.30  3.02
 2240.00  3.02
 2240.70  3.02
 2241.40  3.02
 2242.10  3.02
 2242.80  3.02
 2243.50  3.02
 2244.20  3.02
 2244.90  3.02
 2245.60  3.02
 2246.30  3.02
 2247.00  3.02
 2247.70  3.02
 2248.40  3.02
 2249.10  3.02
 2249.80  3.02
 2250.50  3.02
 2251.20  3.02
 2251.90  3.02
 2252.60  3.02
 2253.30  3.02
 2254.00  3.02
 2254.70  3.02
 2255.40  3.02
 2256.10  3.02
 2256.80  3.02
 2257.50  3.02
 2258.20  3.02
 2258.90  3.02
 2259.60  3.02
 2260.30  3.02
 2261.00  3.02
 2261.70  3.02
 2262.40  3.02
 2263.10  3.02
 2263.80  3.02
 2264.50  3.02
 2265.20  3.02
 2265.90  3.02
 2266.60  3.02
 2267.30  3.02
 2268.00  3.02
 2268.70  3.02
 2269.40  3.02
 2270.10  3.02
 2270.80  3.02
 2271.50  3.02
 2272.20  3.02
 2272.90  3.02
 2273.60  3.02
 2274.30  3.02
 2275.00  3.02
 2275.70  3.02
 2276.40  3.02
 2277.10  3.02
 2277.80  3.02
 2278.50  3.02
 2279.20  3.02
 2279.90  3.02
 2280.60  3.02
 2281.30  3.02
 2282.00  3.02
 2282.70  3.02
 2283.40  3.02
 2284.10  3.02
 2284.80  3.02
 2285.50  3.02
 2286.20  3.02
 2286.90  3.02
 2287.60  3.02
 2288.30  3.02
 2289.00  3.02
 2289.70  3.02
 2290.40  3.02
 2291.10  3.02
 2291.80  3.02
 2292.50  3.02
 2293.20  3.02
 2293.90  3.02
 2294.60  3.02
 2295.30  3.02
 2296.00  3.02
 2296.70  3.02
 2297.40  3.02
 2298.10  3.02
 2298.80  3.02
 2299.50  3.02
 2300.20  3.02
 2300.90  3.02
 2301.60  3.02
 2302.30  3.02
 2303.00  3.02
 2303.70  3.02
 2304.40  3.02
 2305.10  3.02
 2305.80  3.02
 2306.50  3.02
 2307.20  3.02
 2307.90  3.02
 2308.60  3.02
 2309.30  3.02
 2310.00  3.02
 2310.70  3.02
 2311.40  3.02
 2312.10  3.02
 2312.80  3.02
 2313.50  3.02
 2314.20  3.02
 2314.90  3.02
 2315.60  3.02
 2316.30  3.02
 2317.00  3.02
 2317.70  3.02
 2318.40  3.02
 2319.10  3.02
 2319.80  3.02
 2320.50  3.02
 2321.20  3.02
 2321.90  3.02
 2322.60  3.02
 2323.30  3.02
 2324.00  3.02
 2324.70  3.02
 2325.40  3.02
 2326.10  3.02
 2326.80  3.02
 2327.50  3.02
 2328.20  3.02
 2328.90  3.02
 2329.60  3.02
 2330.30  3.02
 2331.00  3.02
 2331.70  3.02
 2332.40  3.02
 2333.10  3.02
 2333.80  3.02
 2334.50  3.02
 2335.20  3.02
 2335.90  3.02
 2336.60  3.02
 2337.30  3.02
 2338.00  3.02
 2338.70  3.02
 2339.40  3.02
 2340.10  3.02
 2340.80  3.02
 2341.50  3.02
 2342.20  3.02
 2342.90  3.02
 2343.60  3.02
 2344.30  3.02
 2345.00  3.02
 2345.70  3.02
 2346.40  3.02
 2347.10  3.02
 2347.80  3.02
 2348.50  3.02
 2349.20  3.02
 2349.90  3.02
 2350.60  3.02
 2351.30  3.02
 2352.00  3.02
 2352.70  3.02
 2353.40  3.02
 2354.10  3.02
 2354.80  3.02
 2355.50  3.02
 2356.20  3.02
 2356.90  3.02
 2357.60  3.02
 2358.30  3.02
 2359.00  3.02
 2359.70  3.02
 2360.40  3.02
 2361.10  3.02
 2361.80  3.02
 2362.50  3.02
 2363.20  3.02
 2363.90  3.02
 2364.60  3.02
 2365.30  3.02
 2366.00  3.02
 2366.70  3.02
 2367.40  3.02
 2368.10  3.02
 2368.80  3.02
 2369.50  3.02
 2370.20  3.02
 2370.90  3.02
 2371.60  3.02
 2372.30  3.02
 2373.00  3.02
 2373.70  3.02
 2374.40  3.02
 2375.10  3.02
 2375.80  3.02
 2376.50  3.02
 2377.20  3.02
 2377.90  3.02
 2378.60  3.02
 2379.30  3.02
 2380.00  3.02
 2380.70  3.02
 2381.40  3.02
 2382.10  3.02
 2382.80  3.02
 2383.50  3.02
 2384.20  3.02
 2384.90  3.02
 2385.60  3.02
 2386.30  3.02
 2387.00  3.02
 2387.70  3.02
 2388.40  3.02
 2389.10  3.02
 2389.80  3.02
 2390.50  3.02
 2391.20  3.02
 2391.90  3.02
 2392.60  3.02
 2393.30  3.02
 2394.00  3.02
 2394.70  3.02
 2395.40  3.02
 2396.10  3.02
 2396.80  3.02
 2397.50  3.02
 2398.20  3.02
 2398.90  3.02
 2399.60  3.02
 2400.30  3.02
 2401.00  3.02
 2401.70  3.02
 2402.40  3.02
 2403.10  3.02
 2403.80  3.02
 2404.50  3.02
 2405.20  3.02
 2405.90  3.02
 2406.60  3.02
 2407.30  3.02
 2408.00  3.02
 2408.70  3.02
 2409.40  3.02
 2410.10  3.02
 2410.80  3.02
 2411.50  3.02
 2412.20  3.02
 2412.90  3.02
 2413.60  3.02
 2414.30  3.02
 2415.00  3.02
 2415.70  3.02
 2416.40  3.02
 2417.10  3.02
 2417.80  3.02
 2418.50  3.02
 2419.20  3.02
 2419.90  3.02
 2420.60  3.02
 2421.30  3.02
 2422.00  3.02
 2422.70  3.02
 2423.40  3.02
 2424.10  3.02
 2424.80  3.02
 2425.50  3.02
 2426.20  3.02
 2426.90  3.02
 2427.60  3.02
 2428.30  3.02
 2429.00  3.02
 2429.70  3.02
 2430.40  3.02
 2431.10  3.02
 2431.80  3.02
 2432.50  3.02
 2433.20  3.02
 2433.90  3.02
 2434.60  3.02
 2435.30  3.02
 2436.00  3.02
 2436.70  3.02
 2437.40  3.02
 2438.10  3.02
 2438.80  3.02
 2439.50  3.02
 2440.20  3.02
 2440.90  3.02
 2441.60  3.02
 2442.30  3.02
 2443.00  3.02
 2443.70  3.02
 2444.40  3.02
 2445.10  3.02
 2445.80  3.02
 2446.50  3.02
 2447.20  3.02
 2447.90  3.02
 2448.60  3.02
 2449.30  3.02
 2450.00  3.02
 2450.70  3.02
 2451.40  3.02
 2452.10  3.02
 2452.80  3.02
 2453.50  3.02
 2454.20  3.02
 2454.90  3.02
 2455.60  3.02
 2456.30  3.02
 2457.00  3.02
 2457.70  3.02
 2458.40  3.02
 2459.10  3.02
 2459.80  3.02
 2460.50  3.02
 2461.20  3.02
 2461.90  3.02
 2462.60  3.02
 2463.30  3.02
 2464.00  3.02
 2464.70  3.02
 2465.40  3.02
 2466.10  3.02
 2466.80  3.02
 2467.50  3.02
 2468.20  3.02
 2468.90  3.02
 2469.60  3.02
 2470.30  3.02
 2471.00  3.02
 2471.70  3.02
 2472.40  3.02
 2473.10  3.02
 2473.80  3.02
 2474.50  3.02
 2475.20  3.02
 2475.90  3.02
 2476.60  3.02
 2477.30  3.02
 2478.00  3.02
 2478.70  3.02
 2479.40  3.02
 2480.10  3.02
 2480.80  3.02
 2481.50  3.02
 2482.20  3.02
 2482.90  3.02
 2483.60  3.02
 2484.30  3.02
 2485.00  3.02
 2485.70  3.02
 2486.40  3.02
 2487.10  3.02
 2487.80  3.02
 2488.50  3.02
 2489.20  3.02
 2489.90  3.02
 2490.60  3.02
 2491.30  3.02
 2492.00  3.02
 2492.70  3.02
 2493.40  3.02
 2494.10  3.02
 2494.80  3.02
 2495.50  3.02
 2496.20  3.02
 2496.90  3.02
 2497.60  3.02
 2498.30  3.02
 2499.00  3.02
 2499.70  3.02
 2500.40  3.02
 2501.10  3.02
 2501.80  3.02
 2502.50  3.02
 2503.20  3.02
 2503.90  3.02
 2504.60  3.02
 2505.30  3.02
 2506.00  3.02
 2506.70  3.02
 2507.40  3.02
 2508.10  3.02
 2508.80  3.02
 2509.50  3.02
 2510.20  3.02
 2510.90  3.02
 2511.60  3.02
 2512.30  3.02
 2513.00  3.02
 2513.70  3.02
 2514.40  3.02
 2515.10  3.02
 2515.80  3.02
 2516.50  3.02
 2517.20  3.02
 2517.90  3.02
 2518.60  3.02
 2519.30  3.02
 2520.00  3.02
 2520.70  3.02
 2521.40  3.02
 2522.10  3.02
 2522.80  3.02
 2523.50  3.02
 2524.20  3.02
 2524.90  3.02
 2525.60  3.02
 2526.30  3.02
 2527.00  3.02
 2527.70  3.02
 2528.40  3.02
 2529.10  3.02
 2529.80  3.02
 2530.50  3.02
 2531.20  3.02
 2531.90  3.02
 2532.60  3.02
 2533.30  3.02
 2534.00  3.02
 2534.70  3.02
 2535.40  3.02
 2536.10  3.02
 2536.80  3.02
 2537.50  3.02
 2538.20  3.02
 2538.90  3.02
 2539.60  3.02
 2540.30  3.02
 2541.00  3.02
 2541.70  3.02
 2542.40  3.02
 2543.10  3.02
 2543.80  3.02
 2544.50  3.02
 2545.20  3.02
 2545.90  3.02
 2546.60  3.02
 2547.30  3.02
 2548.00  3.02
 2548.70  3.02
 2549.40  3.02
 2550.10  3.02
 2550.80  3.02
 2551.50  3.02
 2552.20  3.02
 2552.90  3.02
 2553.60  3.02
 2554.30  3.02
 2555.00  3.02
 2555.70  3.02
 2556.40  3.02
 2557.10  3.02
 2557.80  3.02
 2558.50  3.02
 2559.20  3.02
 2559.90  3.02
 2560.60  3.02
 2561.30  3.02
 2562.00  3.02
 2562.70  3.02
 2563.40  3.02
 2564.10  3.02
 2564.80  3.02
 2565.50  3.02
 2566.20  3.02
 2566.90  3.02
 2567.60  3.02
 2568.30  3.02
 2569.00  3.02
 2569.70  3.02
 2570.40  3.02
 2571.10  3.02
 2571.80  3.02
 2572.50  3.02
 2573.20  3.02
 2573.90  3.02
 2574.60  3.02
 2575.30  3.02
 2576.00  3.02
 2576.70  3.02
 2577.40  3.02
 2578.10  3.02
 2578.80  3.02
 2579.50  3.02
 2580.20  3.02
 2580.90  3.02
 2581.60  3.02
 2582.30  3.02
 2583.00  3.02
 2583.70  3.02
 2584.40  3.02
 2585.10  3.02
 2585.80  3.02
 2586.50  3.02
 2587.20  3.02
 2587.90  3.02
 2588.60  3.02
 2589.30  3.02
 2590.00  3.02
 2590.70  3.02
 2591.40  3.02
 2592.10  3.02
 2592.80  3.02
 2593.50  3.02
 2594.20  3.02
 2594.90  3.02
 2595.60  3.02
 2596.30  3.02
 2597.00  3.02
 2597.70  3.02
 2598.40  3.02
 2599.10  3.02
 2599.80  3.02
 2600.50  3.02
 2601.20  3.02
 2601.90  3.02
 2602.60  3.02
 2603.30  3.02
 2604.00  3.02
 2604.70  3.02
 2605.40  3.02
 2606.10  3.02
 2606.80  3.02
 2607.50  3.02
 2608.20  3.02
 2608.90  3.02
 2609.60  3.02
 2610.30  3.02
 2611.00  3.02
 2611.70  3.02
 2612.40  3.02
 2613.10  3.02
 2613.80  3.02
 2614.50  3.02
 2615.20  3.02
 2615.90  3.02
 2616.60  3.02
 2617.30  3.02
 2618.00  3.02
 2618.70  3.02
 2619.40  3.02
 2620.10  3.02
 2620.80  3.02
 2621.50  3.02
 2622.20  3.02
 2622.90  3.02
 2623.60  3.02
 2624.30  3.02
 2625.00  3.02
 2625.70  3.02
 2626.40  3.02
 2627.10  3.02
 2627.80  3.02
 2628.50  3.02
 2629.20  3.02
 2629.90  3.02
 2630.60  3.02
 2631.30  3.02
 2632.00  3.02
 2632.70  3.02
 2633.40  3.02
 2634.10  3.02
 2634.80  3.02
 2635.50  3.02
 2636.20  3.02
 2636.90  3.02
 2637.60  3.02
 2638.30  3.02
 2639.00  3.02
 2639.70  3.02
 2640.40  3.02
 2641.10  3.02
 2641.80  3.02
 2642.50  3.02
 2643.20  3.02
 2643.90  3.02
 2644.60  3.02
 2645.30  3.02
 2646.00  3.02
 2646.70  3.02
 2647.40  3.02
 2648.10  3.02
 2648.80  3.02
 2649.50  3.02
 2650.20  3.02
 2650.90  3.02
 2651.60  3.02
 2652.30  3.02
 2653.00  3.02
 2653.70  3.02
 2654.40  3.02
 2655.10  3.02
 2655.80  3.02
 2656.50  3.02
 2657.20  3.02
 2657.90  3.02
 2658.60  3.02
 2659.30  3.02
 2660.00  3.02
 2660.70  3.02
 2661.40  3.02
 2662.10  3.02
 2662.80  3.02
 2663.50  3.02
 2664.20  3.02
 2664.90  3.02
 2665.60  3.02
 2666.30  3.02
 2667.00  3.02
 2667.70  3.02
 2668.40  3.02
 2669.10  3.02
 2669.80  3.02
 2670.50  3.02
 2671.20  3.02
 2671.90  3.02
 2672.60  3.02
 2673.30  3.02
 2674.00  3.02
 2674.70  3.02
 2675.40  3.02
 2676.10  3.02
 2676.80  3.02
 2677.50  3.02
 2678.20  3.02
 2678.90  3.02
 2679.60  3.02
 2680.30  3.02
 2681.00  3.02
 2681.70  3.02
 2682.40  3.02
 2683.10  3.02
 2683.80  3.02
 2684.50  3.02
 2685.20  3.02
 2685.90  3.02
 2686.60  3.02
 2687.30  3.02
 2688.00  3.02
 2688.70  3.02
 2689.40  3.02
 2690.10  3.02
 2690.80  3.02
 2691.50  3.02
 2692.20  3.02
 2692.90  3.02
 2693.60  3.02
 2694.30  3.02
 2695.00  3.02
 2695.70  3.02
 2696.40  3.02
 2697.10  3.02
 2697.80  3.02
 2698.50  3.02
 2699.20  3.02
 2699.90  3.02
 2700.60  3.02
 2701.30  3.02
 2702.00  3.02
 2702.70  3.02
 2703.40  3.02
 2704.10  3.02
 2704.80  3.02
 2705.50  3.02
 2706.20  3.02
 2706.90  3.02
 2707.60  3.02
 2708.30  3.02
 2709.00  3.02
 2709.70  3.02
 2710.40  3.02
 2711.10  3.02
 2711.80  3.02
 2712.50  3.02
 2713.20  3.02
 2713.90  3.02
 2714.60  3.02
 2715.30  3.02
 2716.00  3.02
 2716.70  3.02
 2717.40  3.02
 2718.10  3.02
 2718.80  3.02
 2719.50  3.02
 2720.20  3.02
 2720.90  3.02
 2721.60  3.02
 2722.30  3.02
 2723.00  3.02
 2723.70  3.02
 2724.40  3.02
 2725.10  3.02
 2725.80  3.02
 2726.50  3.02
 2727.20  3.02
 2727.90  3.02
 2728.60  3.02
 2729.30  3.02
 2730.00  3.02
 2730.70  3.02
 2731.40  3.02
 2732.10  3.02
 2732.80  3.02
 2733.50  3.02
 2734.20  3.02
 2734.90  3.02
 2735.60  3.02
 2736.30  3.02
 2737.00  3.02
 2737.70  3.02
 2738.40  3.02
 2739.10  3.02
 2739.80  3.02
 2740.50  3.02
 2741.20  3.02
 2741.90  3.02
 2742.60  3.02
 2743.30  3.02
 2744.00  3.02
 2744.70  3.02
 2745.40  3.02
 2746.10  3.02
 2746.80  3.02
 2747.50  3.02
 2748.20  3.02
 2748.90  3.02
 2749.60  3.02
 2750.30  3.02
 2751.00  3.02
 2751.70  3.02
 2752.40  3.02
 2753.10  3.02
 2753.80  3.02
 2754.50  3.02
 2755.20  3.02
 2755.90  3.02
 2756.60  3.02
 2757.30  3.02
 2758.00  3.02
 2758.70  3.02
 2759.40  3.02
 2760.10  3.02
 2760.80  3.02
 2761.50  3.02
 2762.20  3.02
 2762.90  3.02
 2763.60  3.02
 2764.30  3.02
 2765.00  3.02
 2765.70  3.02
 2766.40  3.02
 2767.10  3.02
 2767.80  3.02
 2768.50  3.02
 2769.20  3.02
 2769.90  3.02
 2770.60  3.02
 2771.30  3.02
 2772.00  3.02
 2772.70  3.02
 2773.40  3.02
 2774.10  3.02
 2774.80  3.02
 2775.50  3.02
 2776.20  3.02
 2776.90  3.02
 2777.60  3.02
 2778.30  3.02
 2779.00  3.02
 2779.70  3.02
 2780.40  3.02
 2781.10  3.02
 2781.80  3.02
 2782.50  3.02
 2783.20  3.02
 2783.90  3.02
 2784.60  3.02
 2785.30  3.02
 2786.00  3.02
 2786.70  3.02
 2787.40  3.02
 2788.10  3.02
 2788.80  3.02
 2789.50  3.02
 2790.20  3.02
 2790.90  3.02
 2791.60  3.02
 2792.30  3.02
 2793.00  3.02
 2793.70  3.02
 2794.40  3.02
 2795.10  3.02
 2795.80  3.02
 2796.50  3.02
 2797.20  3.02
 2797.90  3.02
 2798.60  3.02
 2799.30  3.02
 2800.00  3.02
 2800.70  3.02
 2801.40  3.02
 2802.10  3.02
 2802.80  3.02
 2803.50  3.02
 2804.20  3.02
 2804.90  3.02
 2805.60  3.02
 2806.30  3.02
 2807.00  3.02
 2807.70  3.02
 2808.40  3.02
 2809.10  3.02
 2809.80  3.02
 2810.50  3.02
 2811.20  3.02
 2811.90  3.02
 2812.60  3.02
 2813.30  3.02
 2814.00  3.02
 2814.70  3.02
 2815.40  3.02
 2816.10  3.02
 2816.80  3.02
 2817.50  3.02
 2818.20  3.02
 2818.90  3.02
 2819.60  3.02
 2820.30  3.02
 2821.00  3.02
 2821.70  3.02
 2822.40  3.02
 2823.10  3.02
 2823.80  3.02
 2824.50  3.02
 2825.20  3.02
 2825.90  3.02
 2826.60  3.02
 2827.30  3.02
 2828.00  3.02
 2828.70  3.02
 2829.40  3.02
 2830.10  3.02
 2830.80  3.02
 2831.50  3.02
 2832.20  3.02
 2832.90  3.02
 2833.60  3.02
 2834.30  3.02
 2835.00  3.02
 2835.70  3.02
 2836.40  3.02
 2837.10  3.02
 2837.80  3.02
 2838.50  3.02
 2839.20  3.02
 2839.90  3.02
 2840.60  3.02
 2841.30  3.02
 2842.00  3.02
 2842.70  3.02
 2843.40  3.02
 2844.10  3.02
 2844.80  3.02
 2845.50  3.02
 2846.20  3.02
 2846.90  3.02
 2847.60  3.02
 2848.30  3.02
 2849.00  3.02
 2849.70  3.02
 2850.40  3.02
 2851.10  3.02
 2851.80  3.02
 2852.50  3.02
 2853.20  3.02
 2853.90  3.02
 2854.60  3.02
 2855.30  3.02
 2856.00  3.02
 2856.70  3.02
 2857.40  3.02
 2858.10  3.02
 2858.80  3.02
 2859.50  3.02
 2860.20  3.02
 2860.90  3.02
 2861.60  3.02
 2862.30  3.02
 2863.00  3.02
 2863.70  3.02
 2864.40  3.02
 2865.10  3.02
 2865.80  3.02
 2866.50  3.02
 2867.20  3.02
 2867.90  3.02
 2868.60  3.02
 2869.30  3.02
 2870.00  3.02
 2870.70  3.02
 2871.40  3.02
 2872.10  3.02
 2872.80  3.02
 2873.50  3.02
 2874.20  3.02
 2874.90  3.02
 2875.60  3.02
 2876.30  3.02
 2877.00  3.02
 2877.70  3.02
 2878.40  3.02
 2879.10  3.02
 2879.80  3.02
 2880.50  3.02
 2881.20  3.02
 2881.90  3.02
 2882.60  3.02
 2883.30  3.02
 2884.00  3.02
 2884.70  3.02
 2885.40  3.02
 2886.10  3.02
 2886.80  3.02
 2887.50  3.02
 2888.20  3.02
 2888.90  3.02
 2889.60  3.02
 2890.30  3.02
 2891.00  3.02
 2891.70  3.02
 2892.40  3.02
 2893.10  3.02
 2893.80  3.02
 2894.50  3.02
 2895.20  3.02
 2895.90  3.02
 2896.60  3.02
 2897.30  3.02
 2898.00  3.02
 2898.70  3.02
 2899.40  3.02
 2900.10  3.02
 2900.80  3.02
 2901.50  3.02
 2902.20  3.02
 2902.90  3.02
 2903.60  3.02
 2904.30  3.02
 2905.00  3.02
 2905.70  3.02
 2906.40  3.02
 2907.10  3.02
 2907.80  3.02
 2908.50  3.02
 2909.20  3.02
 2909.90  3.02
 2910.60  3.02
 2911.30  3.02
 2912.00  3.02
 2912.70  3.02
 2913.40  3.02
 2914.10  3.02
 2914.80  3.02
 2915.50  3.02
 2916.20  3.02
 2916.90  3.02
 2917.60  3.02
 2918.30  3.02
 2919.00  3.02
 2919.70  3.02
 2920.40  3.02
 2921.10  3.02
 2921.80  3.02
 2922.50  3.02
 2923.20  3.02
 2923.90  3.02
 2924.60  3.02
 2925.30  3.02
 2926.00  3.02
 2926.70  3.02
 2927.40  3.02
 2928.10  3.02
 2928.80  3.02
 2929.50  3.02
 2930.20  3.02
 2930.90  3.02
 2931.60  3.02
 2932.30  3.02
 2933.00  3.02
 2933.70  3.02
 2934.40  3.02
 2935.10  3.02
 2935.80  3.02
 2936.50  3.02
 2937.20  3.02
 2937.90  3.02
 2938.60  3.02
 2939.30  3.02
 2940.00  3.02
 2940.70  3.02
 2941.40  3.02
 2942.10  3.02
 2942.80  3.02
 2943.50  3.02
 2944.20  3.02
 2944.90  3.02
 2945.60  3.02
 2946.30  3.02
 2947.00  3.02
 2947.70  3.02
 2948.40  3.02
 2949.10  3.02
 2949.80  3.02
 2950.50  3.02
 2951.20  3.02
 2951.90  3.02
 2952.60  3.02
 2953.30  3.02
 2954.00  3.02
 2954.70  3.02
 2955.40  3.02
 2956.10  3.02
 2956.80  3.02
 2957.50  3.02
 2958.20  3.02
 2958.90  3.02
 2959.60  3.02
 2960.30  3.02
 2961.00  3.02
 2961.70  3.02
 2962.40  3.02
 2963.10  3.02
 2963.80  3.02
 2964.50  3.02
 2965.20  3.02
 2965.90  3.02
 2966.60  3.02
 2967.30  3.02
 2968.00  3.02
 2968.70  3.02
 2969.40  3.02
 2970.10  3.02
 2970.80  3.02
 2971.50  3.02
 2972.20  3.02
 2972.90  3.02
 2973.60  3.02
 2974.30  3.02
 2975.00  3.02
 2975.70  3.02
 2976.40  3.02
 2977.10  3.02
 2977.80  3.02
 2978.50  3.02
 2979.20  3.02
 2979.90  3.02
 2980.60  3.02
 2981.30  3.02
 2982.00  3.02
 2982.70  3.02
 2983.40  3.02
 2984.10  3.02
 2984.80  3.02
 2985.50  3.02
 2986.20  3.02
 2986.90  3.02
 2987.60  3.02
 2988.30  3.02
 2989.00  3.02
 2989.70  3.02
 2990.40  3.02
 2991.10  3.02
 2991.80  3.02
 2992.50  3.02
 2993.20  3.02
 2993.90  3.02
 2994.60  3.02
 2995.30  3.02
 2996.00  3.02
 2996.70  3.02
 2997.40  3.02
 2998.10  3.02
 2998.80  3.02
 2999.50  3.02
