#Navio B MarAd
#Manobra de Curva Giro
#
#Valor do leme em rad
#temp     leme 
 0.00  0.00
 0.70  0.00
 1.40  -0.61
 2.10  -0.61
 2.80  -0.61
 3.50  -0.61
 4.20  -0.61
 4.90  -0.61
 5.60  -0.61
 6.30  -0.61
 7.00  -0.61
 7.70  -0.61
 8.40  -0.61
 9.10  -0.61
 9.80  -0.61
 10.50  -0.61
 11.20  -0.61
 11.90  -0.61
 12.60  -0.61
 13.30  -0.61
 14.00  -0.61
 14.70  -0.61
 15.40  -0.61
 16.10  -0.61
 16.80  -0.61
 17.50  -0.61
 18.20  -0.61
 18.90  -0.61
 19.60  -0.61
 20.30  -0.61
 21.00  -0.61
 21.70  -0.61
 22.40  -0.61
 23.10  -0.61
 23.80  -0.61
 24.50  -0.61
 25.20  -0.61
 25.90  -0.61
 26.60  -0.61
 27.30  -0.61
 28.00  -0.61
 28.70  -0.61
 29.40  -0.61
 30.10  -0.61
 30.80  -0.61
 31.50  -0.61
 32.20  -0.61
 32.90  -0.61
 33.60  -0.61
 34.30  -0.61
 35.00  -0.61
 35.70  -0.61
 36.40  -0.61
 37.10  -0.61
 37.80  -0.61
 38.50  -0.61
 39.20  -0.61
 39.90  -0.61
 40.60  -0.61
 41.30  -0.61
 42.00  -0.61
 42.70  -0.61
 43.40  -0.61
 44.10  -0.61
 44.80  -0.61
 45.50  -0.61
 46.20  -0.61
 46.90  -0.61
 47.60  -0.61
 48.30  -0.61
 49.00  -0.61
 49.70  -0.61
 50.40  -0.61
 51.10  -0.61
 51.80  -0.61
 52.50  -0.61
 53.20  -0.61
 53.90  -0.61
 54.60  -0.61
 55.30  -0.61
 56.00  -0.61
 56.70  -0.61
 57.40  -0.61
 58.10  -0.61
 58.80  -0.61
 59.50  -0.61
 60.20  -0.61
 60.90  -0.61
 61.60  -0.61
 62.30  -0.61
 63.00  -0.61
 63.70  -0.61
 64.40  -0.61
 65.10  -0.61
 65.80  -0.61
 66.50  -0.61
 67.20  -0.61
 67.90  -0.61
 68.60  -0.61
 69.30  -0.61
 70.00  -0.61
 70.70  -0.61
 71.40  -0.61
 72.10  -0.61
 72.80  -0.61
 73.50  -0.61
 74.20  -0.61
 74.90  -0.61
 75.60  -0.61
 76.30  -0.61
 77.00  -0.61
 77.70  -0.61
 78.40  -0.61
 79.10  -0.61
 79.80  -0.61
 80.50  -0.61
 81.20  -0.61
 81.90  -0.61
 82.60  -0.61
 83.30  -0.61
 84.00  -0.61
 84.70  -0.61
 85.40  -0.61
 86.10  -0.61
 86.80  -0.61
 87.50  -0.61
 88.20  -0.61
 88.90  -0.61
 89.60  -0.61
 90.30  -0.61
 91.00  -0.61
 91.70  -0.61
 92.40  -0.61
 93.10  -0.61
 93.80  -0.61
 94.50  -0.61
 95.20  -0.61
 95.90  -0.61
 96.60  -0.61
 97.30  -0.61
 98.00  -0.61
 98.70  -0.61
 99.40  -0.61
 100.10  -0.61
 100.80  -0.61
 101.50  -0.61
 102.20  -0.61
 102.90  -0.61
 103.60  -0.61
 104.30  -0.61
 105.00  -0.61
 105.70  -0.61
 106.40  -0.61
 107.10  -0.61
 107.80  -0.61
 108.50  -0.61
 109.20  -0.61
 109.90  -0.61
 110.60  -0.61
 111.30  -0.61
 112.00  -0.61
 112.70  -0.61
 113.40  -0.61
 114.10  -0.61
 114.80  -0.61
 115.50  -0.61
 116.20  -0.61
 116.90  -0.61
 117.60  -0.61
 118.30  -0.61
 119.00  -0.61
 119.70  -0.61
 120.40  -0.61
 121.10  -0.61
 121.80  -0.61
 122.50  -0.61
 123.20  -0.61
 123.90  -0.61
 124.60  -0.61
 125.30  -0.61
 126.00  -0.61
 126.70  -0.61
 127.40  -0.61
 128.10  -0.61
 128.80  -0.61
 129.50  -0.61
 130.20  -0.61
 130.90  -0.61
 131.60  -0.61
 132.30  -0.61
 133.00  -0.61
 133.70  -0.61
 134.40  -0.61
 135.10  -0.61
 135.80  -0.61
 136.50  -0.61
 137.20  -0.61
 137.90  -0.61
 138.60  -0.61
 139.30  -0.61
 140.00  -0.61
 140.70  -0.61
 141.40  -0.61
 142.10  -0.61
 142.80  -0.61
 143.50  -0.61
 144.20  -0.61
 144.90  -0.61
 145.60  -0.61
 146.30  -0.61
 147.00  -0.61
 147.70  -0.61
 148.40  -0.61
 149.10  -0.61
 149.80  -0.61
 150.50  -0.61
 151.20  -0.61
 151.90  -0.61
 152.60  -0.61
 153.30  -0.61
 154.00  -0.61
 154.70  -0.61
 155.40  -0.61
 156.10  -0.61
 156.80  -0.61
 157.50  -0.61
 158.20  -0.61
 158.90  -0.61
 159.60  -0.61
 160.30  -0.61
 161.00  -0.61
 161.70  -0.61
 162.40  -0.61
 163.10  -0.61
 163.80  -0.61
 164.50  -0.61
 165.20  -0.61
 165.90  -0.61
 166.60  -0.61
 167.30  -0.61
 168.00  -0.61
 168.70  -0.61
 169.40  -0.61
 170.10  -0.61
 170.80  -0.61
 171.50  -0.61
 172.20  -0.61
 172.90  -0.61
 173.60  -0.61
 174.30  -0.61
 175.00  -0.61
 175.70  -0.61
 176.40  -0.61
 177.10  -0.61
 177.80  -0.61
 178.50  -0.61
 179.20  -0.61
 179.90  -0.61
 180.60  -0.61
 181.30  -0.61
 182.00  -0.61
 182.70  -0.61
 183.40  -0.61
 184.10  -0.61
 184.80  -0.61
 185.50  -0.61
 186.20  -0.61
 186.90  -0.61
 187.60  -0.61
 188.30  -0.61
 189.00  -0.61
 189.70  -0.61
 190.40  -0.61
 191.10  -0.61
 191.80  -0.61
 192.50  -0.61
 193.20  -0.61
 193.90  -0.61
 194.60  -0.61
 195.30  -0.61
 196.00  -0.61
 196.70  -0.61
 197.40  -0.61
 198.10  -0.61
 198.80  -0.61
 199.50  -0.61
 200.20  -0.61
 200.90  -0.61
 201.60  -0.61
 202.30  -0.61
 203.00  -0.61
 203.70  -0.61
 204.40  -0.61
 205.10  -0.61
 205.80  -0.61
 206.50  -0.61
 207.20  -0.61
 207.90  -0.61
 208.60  -0.61
 209.30  -0.61
 210.00  -0.61
 210.70  -0.61
 211.40  -0.61
 212.10  -0.61
 212.80  -0.61
 213.50  -0.61
 214.20  -0.61
 214.90  -0.61
 215.60  -0.61
 216.30  -0.61
 217.00  -0.61
 217.70  -0.61
 218.40  -0.61
 219.10  -0.61
 219.80  -0.61
 220.50  -0.61
 221.20  -0.61
 221.90  -0.61
 222.60  -0.61
 223.30  -0.61
 224.00  -0.61
 224.70  -0.61
 225.40  -0.61
 226.10  -0.61
 226.80  -0.61
 227.50  -0.61
 228.20  -0.61
 228.90  -0.61
 229.60  -0.61
 230.30  -0.61
 231.00  -0.61
 231.70  -0.61
 232.40  -0.61
 233.10  -0.61
 233.80  -0.61
 234.50  -0.61
 235.20  -0.61
 235.90  -0.61
 236.60  -0.61
 237.30  -0.61
 238.00  -0.61
 238.70  -0.61
 239.40  -0.61
 240.10  -0.61
 240.80  -0.61
 241.50  -0.61
 242.20  -0.61
 242.90  -0.61
 243.60  -0.61
 244.30  -0.61
 245.00  -0.61
 245.70  -0.61
 246.40  -0.61
 247.10  -0.61
 247.80  -0.61
 248.50  -0.61
 249.20  -0.61
 249.90  -0.61
 250.60  -0.61
 251.30  -0.61
 252.00  -0.61
 252.70  -0.61
 253.40  -0.61
 254.10  -0.61
 254.80  -0.61
 255.50  -0.61
 256.20  -0.61
 256.90  -0.61
 257.60  -0.61
 258.30  -0.61
 259.00  -0.61
 259.70  -0.61
 260.40  -0.61
 261.10  -0.61
 261.80  -0.61
 262.50  -0.61
 263.20  -0.61
 263.90  -0.61
 264.60  -0.61
 265.30  -0.61
 266.00  -0.61
 266.70  -0.61
 267.40  -0.61
 268.10  -0.61
 268.80  -0.61
 269.50  -0.61
 270.20  -0.61
 270.90  -0.61
 271.60  -0.61
 272.30  -0.61
 273.00  -0.61
 273.70  -0.61
 274.40  -0.61
 275.10  -0.61
 275.80  -0.61
 276.50  -0.61
 277.20  -0.61
 277.90  -0.61
 278.60  -0.61
 279.30  -0.61
 280.00  -0.61
 280.70  -0.61
 281.40  -0.61
 282.10  -0.61
 282.80  -0.61
 283.50  -0.61
 284.20  -0.61
 284.90  -0.61
 285.60  -0.61
 286.30  -0.61
 287.00  -0.61
 287.70  -0.61
 288.40  -0.61
 289.10  -0.61
 289.80  -0.61
 290.50  -0.61
 291.20  -0.61
 291.90  -0.61
 292.60  -0.61
 293.30  -0.61
 294.00  -0.61
 294.70  -0.61
 295.40  -0.61
 296.10  -0.61
 296.80  -0.61
 297.50  -0.61
 298.20  -0.61
 298.90  -0.61
 299.60  -0.61
 300.30  -0.61
 301.00  -0.61
 301.70  -0.61
 302.40  -0.61
 303.10  -0.61
 303.80  -0.61
 304.50  -0.61
 305.20  -0.61
 305.90  -0.61
 306.60  -0.61
 307.30  -0.61
 308.00  -0.61
 308.70  -0.61
 309.40  -0.61
 310.10  -0.61
 310.80  -0.61
 311.50  -0.61
 312.20  -0.61
 312.90  -0.61
 313.60  -0.61
 314.30  -0.61
 315.00  -0.61
 315.70  -0.61
 316.40  -0.61
 317.10  -0.61
 317.80  -0.61
 318.50  -0.61
 319.20  -0.61
 319.90  -0.61
 320.60  -0.61
 321.30  -0.61
 322.00  -0.61
 322.70  -0.61
 323.40  -0.61
 324.10  -0.61
 324.80  -0.61
 325.50  -0.61
 326.20  -0.61
 326.90  -0.61
 327.60  -0.61
 328.30  -0.61
 329.00  -0.61
 329.70  -0.61
 330.40  -0.61
 331.10  -0.61
 331.80  -0.61
 332.50  -0.61
 333.20  -0.61
 333.90  -0.61
 334.60  -0.61
 335.30  -0.61
 336.00  -0.61
 336.70  -0.61
 337.40  -0.61
 338.10  -0.61
 338.80  -0.61
 339.50  -0.61
 340.20  -0.61
 340.90  -0.61
 341.60  -0.61
 342.30  -0.61
 343.00  -0.61
 343.70  -0.61
 344.40  -0.61
 345.10  -0.61
 345.80  -0.61
 346.50  -0.61
 347.20  -0.61
 347.90  -0.61
 348.60  -0.61
 349.30  -0.61
 350.00  -0.61
 350.70  -0.61
 351.40  -0.61
 352.10  -0.61
 352.80  -0.61
 353.50  -0.61
 354.20  -0.61
 354.90  -0.61
 355.60  -0.61
 356.30  -0.61
 357.00  -0.61
 357.70  -0.61
 358.40  -0.61
 359.10  -0.61
 359.80  -0.61
 360.50  -0.61
 361.20  -0.61
 361.90  -0.61
 362.60  -0.61
 363.30  -0.61
 364.00  -0.61
 364.70  -0.61
 365.40  -0.61
 366.10  -0.61
 366.80  -0.61
 367.50  -0.61
 368.20  -0.61
 368.90  -0.61
 369.60  -0.61
 370.30  -0.61
 371.00  -0.61
 371.70  -0.61
 372.40  -0.61
 373.10  -0.61
 373.80  -0.61
 374.50  -0.61
 375.20  -0.61
 375.90  -0.61
 376.60  -0.61
 377.30  -0.61
 378.00  -0.61
 378.70  -0.61
 379.40  -0.61
 380.10  -0.61
 380.80  -0.61
 381.50  -0.61
 382.20  -0.61
 382.90  -0.61
 383.60  -0.61
 384.30  -0.61
 385.00  -0.61
 385.70  -0.61
 386.40  -0.61
 387.10  -0.61
 387.80  -0.61
 388.50  -0.61
 389.20  -0.61
 389.90  -0.61
 390.60  -0.61
 391.30  -0.61
 392.00  -0.61
 392.70  -0.61
 393.40  -0.61
 394.10  -0.61
 394.80  -0.61
 395.50  -0.61
 396.20  -0.61
 396.90  -0.61
 397.60  -0.61
 398.30  -0.61
 399.00  -0.61
 399.70  -0.61
 400.40  -0.61
 401.10  -0.61
 401.80  -0.61
 402.50  -0.61
 403.20  -0.61
 403.90  -0.61
 404.60  -0.61
 405.30  -0.61
 406.00  -0.61
 406.70  -0.61
 407.40  -0.61
 408.10  -0.61
 408.80  -0.61
 409.50  -0.61
 410.20  -0.61
 410.90  -0.61
 411.60  -0.61
 412.30  -0.61
 413.00  -0.61
 413.70  -0.61
 414.40  -0.61
 415.10  -0.61
 415.80  -0.61
 416.50  -0.61
 417.20  -0.61
 417.90  -0.61
 418.60  -0.61
 419.30  -0.61
 420.00  -0.61
 420.70  -0.61
 421.40  -0.61
 422.10  -0.61
 422.80  -0.61
 423.50  -0.61
 424.20  -0.61
 424.90  -0.61
 425.60  -0.61
 426.30  -0.61
 427.00  -0.61
 427.70  -0.61
 428.40  -0.61
 429.10  -0.61
 429.80  -0.61
 430.50  -0.61
 431.20  -0.61
 431.90  -0.61
 432.60  -0.61
 433.30  -0.61
 434.00  -0.61
 434.70  -0.61
 435.40  -0.61
 436.10  -0.61
 436.80  -0.61
 437.50  -0.61
 438.20  -0.61
 438.90  -0.61
 439.60  -0.61
 440.30  -0.61
 441.00  -0.61
 441.70  -0.61
 442.40  -0.61
 443.10  -0.61
 443.80  -0.61
 444.50  -0.61
 445.20  -0.61
 445.90  -0.61
 446.60  -0.61
 447.30  -0.61
 448.00  -0.61
 448.70  -0.61
 449.40  -0.61
 450.10  -0.61
 450.80  -0.61
 451.50  -0.61
 452.20  -0.61
 452.90  -0.61
 453.60  -0.61
 454.30  -0.61
 455.00  -0.61
 455.70  -0.61
 456.40  -0.61
 457.10  -0.61
 457.80  -0.61
 458.50  -0.61
 459.20  -0.61
 459.90  -0.61
 460.60  -0.61
 461.30  -0.61
 462.00  -0.61
 462.70  -0.61
 463.40  -0.61
 464.10  -0.61
 464.80  -0.61
 465.50  -0.61
 466.20  -0.61
 466.90  -0.61
 467.60  -0.61
 468.30  -0.61
 469.00  -0.61
 469.70  -0.61
 470.40  -0.61
 471.10  -0.61
 471.80  -0.61
 472.50  -0.61
 473.20  -0.61
 473.90  -0.61
 474.60  -0.61
 475.30  -0.61
 476.00  -0.61
 476.70  -0.61
 477.40  -0.61
 478.10  -0.61
 478.80  -0.61
 479.50  -0.61
 480.20  -0.61
 480.90  -0.61
 481.60  -0.61
 482.30  -0.61
 483.00  -0.61
 483.70  -0.61
 484.40  -0.61
 485.10  -0.61
 485.80  -0.61
 486.50  -0.61
 487.20  -0.61
 487.90  -0.61
 488.60  -0.61
 489.30  -0.61
 490.00  -0.61
 490.70  -0.61
 491.40  -0.61
 492.10  -0.61
 492.80  -0.61
 493.50  -0.61
 494.20  -0.61
 494.90  -0.61
 495.60  -0.61
 496.30  -0.61
 497.00  -0.61
 497.70  -0.61
 498.40  -0.61
 499.10  -0.61
 499.80  -0.61
 500.50  -0.61
 501.20  -0.61
 501.90  -0.61
 502.60  -0.61
 503.30  -0.61
 504.00  -0.61
 504.70  -0.61
 505.40  -0.61
 506.10  -0.61
 506.80  -0.61
 507.50  -0.61
 508.20  -0.61
 508.90  -0.61
 509.60  -0.61
 510.30  -0.61
 511.00  -0.61
 511.70  -0.61
 512.40  -0.61
 513.10  -0.61
 513.80  -0.61
 514.50  -0.61
 515.20  -0.61
 515.90  -0.61
 516.60  -0.61
 517.30  -0.61
 518.00  -0.61
 518.70  -0.61
 519.40  -0.61
 520.10  -0.61
 520.80  -0.61
 521.50  -0.61
 522.20  -0.61
 522.90  -0.61
 523.60  -0.61
 524.30  -0.61
 525.00  -0.61
 525.70  -0.61
 526.40  -0.61
 527.10  -0.61
 527.80  -0.61
 528.50  -0.61
 529.20  -0.61
 529.90  -0.61
 530.60  -0.61
 531.30  -0.61
 532.00  -0.61
 532.70  -0.61
 533.40  -0.61
 534.10  -0.61
 534.80  -0.61
 535.50  -0.61
 536.20  -0.61
 536.90  -0.61
 537.60  -0.61
 538.30  -0.61
 539.00  -0.61
 539.70  -0.61
 540.40  -0.61
 541.10  -0.61
 541.80  -0.61
 542.50  -0.61
 543.20  -0.61
 543.90  -0.61
 544.60  -0.61
 545.30  -0.61
 546.00  -0.61
 546.70  -0.61
 547.40  -0.61
 548.10  -0.61
 548.80  -0.61
 549.50  -0.61
 550.20  -0.61
 550.90  -0.61
 551.60  -0.61
 552.30  -0.61
 553.00  -0.61
 553.70  -0.61
 554.40  -0.61
 555.10  -0.61
 555.80  -0.61
 556.50  -0.61
 557.20  -0.61
 557.90  -0.61
 558.60  -0.61
 559.30  -0.61
 560.00  -0.61
 560.70  -0.61
 561.40  -0.61
 562.10  -0.61
 562.80  -0.61
 563.50  -0.61
 564.20  -0.61
 564.90  -0.61
 565.60  -0.61
 566.30  -0.61
 567.00  -0.61
 567.70  -0.61
 568.40  -0.61
 569.10  -0.61
 569.80  -0.61
 570.50  -0.61
 571.20  -0.61
 571.90  -0.61
 572.60  -0.61
 573.30  -0.61
 574.00  -0.61
 574.70  -0.61
 575.40  -0.61
 576.10  -0.61
 576.80  -0.61
 577.50  -0.61
 578.20  -0.61
 578.90  -0.61
 579.60  -0.61
 580.30  -0.61
 581.00  -0.61
 581.70  -0.61
 582.40  -0.61
 583.10  -0.61
 583.80  -0.61
 584.50  -0.61
 585.20  -0.61
 585.90  -0.61
 586.60  -0.61
 587.30  -0.61
 588.00  -0.61
 588.70  -0.61
 589.40  -0.61
 590.10  -0.61
 590.80  -0.61
 591.50  -0.61
 592.20  -0.61
 592.90  -0.61
 593.60  -0.61
 594.30  -0.61
 595.00  -0.61
 595.70  -0.61
 596.40  -0.61
 597.10  -0.61
 597.80  -0.61
 598.50  -0.61
 599.20  -0.61
 599.90  -0.61
 600.60  -0.61
 601.30  -0.61
 602.00  -0.61
 602.70  -0.61
 603.40  -0.61
 604.10  -0.61
 604.80  -0.61
 605.50  -0.61
 606.20  -0.61
 606.90  -0.61
 607.60  -0.61
 608.30  -0.61
 609.00  -0.61
 609.70  -0.61
 610.40  -0.61
 611.10  -0.61
 611.80  -0.61
 612.50  -0.61
 613.20  -0.61
 613.90  -0.61
 614.60  -0.61
 615.30  -0.61
 616.00  -0.61
 616.70  -0.61
 617.40  -0.61
 618.10  -0.61
 618.80  -0.61
 619.50  -0.61
 620.20  -0.61
 620.90  -0.61
 621.60  -0.61
 622.30  -0.61
 623.00  -0.61
 623.70  -0.61
 624.40  -0.61
 625.10  -0.61
 625.80  -0.61
 626.50  -0.61
 627.20  -0.61
 627.90  -0.61
 628.60  -0.61
 629.30  -0.61
 630.00  -0.61
 630.70  -0.61
 631.40  -0.61
 632.10  -0.61
 632.80  -0.61
 633.50  -0.61
 634.20  -0.61
 634.90  -0.61
 635.60  -0.61
 636.30  -0.61
 637.00  -0.61
 637.70  -0.61
 638.40  -0.61
 639.10  -0.61
 639.80  -0.61
 640.50  -0.61
 641.20  -0.61
 641.90  -0.61
 642.60  -0.61
 643.30  -0.61
 644.00  -0.61
 644.70  -0.61
 645.40  -0.61
 646.10  -0.61
 646.80  -0.61
 647.50  -0.61
 648.20  -0.61
 648.90  -0.61
 649.60  -0.61
 650.30  -0.61
 651.00  -0.61
 651.70  -0.61
 652.40  -0.61
 653.10  -0.61
 653.80  -0.61
 654.50  -0.61
 655.20  -0.61
 655.90  -0.61
 656.60  -0.61
 657.30  -0.61
 658.00  -0.61
 658.70  -0.61
 659.40  -0.61
 660.10  -0.61
 660.80  -0.61
 661.50  -0.61
 662.20  -0.61
 662.90  -0.61
 663.60  -0.61
 664.30  -0.61
 665.00  -0.61
 665.70  -0.61
 666.40  -0.61
 667.10  -0.61
 667.80  -0.61
 668.50  -0.61
 669.20  -0.61
 669.90  -0.61
 670.60  -0.61
 671.30  -0.61
 672.00  -0.61
 672.70  -0.61
 673.40  -0.61
 674.10  -0.61
 674.80  -0.61
 675.50  -0.61
 676.20  -0.61
 676.90  -0.61
 677.60  -0.61
 678.30  -0.61
 679.00  -0.61
 679.70  -0.61
 680.40  -0.61
 681.10  -0.61
 681.80  -0.61
 682.50  -0.61
 683.20  -0.61
 683.90  -0.61
 684.60  -0.61
 685.30  -0.61
 686.00  -0.61
 686.70  -0.61
 687.40  -0.61
 688.10  -0.61
 688.80  -0.61
 689.50  -0.61
 690.20  -0.61
 690.90  -0.61
 691.60  -0.61
 692.30  -0.61
 693.00  -0.61
 693.70  -0.61
 694.40  -0.61
 695.10  -0.61
 695.80  -0.61
 696.50  -0.61
 697.20  -0.61
 697.90  -0.61
 698.60  -0.61
 699.30  -0.61
 700.00  -0.61
 700.70  -0.61
 701.40  -0.61
 702.10  -0.61
 702.80  -0.61
 703.50  -0.61
 704.20  -0.61
 704.90  -0.61
 705.60  -0.61
 706.30  -0.61
 707.00  -0.61
 707.70  -0.61
 708.40  -0.61
 709.10  -0.61
 709.80  -0.61
 710.50  -0.61
 711.20  -0.61
 711.90  -0.61
 712.60  -0.61
 713.30  -0.61
 714.00  -0.61
 714.70  -0.61
 715.40  -0.61
 716.10  -0.61
 716.80  -0.61
 717.50  -0.61
 718.20  -0.61
 718.90  -0.61
 719.60  -0.61
 720.30  -0.61
 721.00  -0.61
 721.70  -0.61
 722.40  -0.61
 723.10  -0.61
 723.80  -0.61
 724.50  -0.61
 725.20  -0.61
 725.90  -0.61
 726.60  -0.61
 727.30  -0.61
 728.00  -0.61
 728.70  -0.61
 729.40  -0.61
 730.10  -0.61
 730.80  -0.61
 731.50  -0.61
 732.20  -0.61
 732.90  -0.61
 733.60  -0.61
 734.30  -0.61
 735.00  -0.61
 735.70  -0.61
 736.40  -0.61
 737.10  -0.61
 737.80  -0.61
 738.50  -0.61
 739.20  -0.61
 739.90  -0.61
 740.60  -0.61
 741.30  -0.61
 742.00  -0.61
 742.70  -0.61
 743.40  -0.61
 744.10  -0.61
 744.80  -0.61
 745.50  -0.61
 746.20  -0.61
 746.90  -0.61
 747.60  -0.61
 748.30  -0.61
 749.00  -0.61
 749.70  -0.61
 750.40  -0.61
 751.10  -0.61
 751.80  -0.61
 752.50  -0.61
 753.20  -0.61
 753.90  -0.61
 754.60  -0.61
 755.30  -0.61
 756.00  -0.61
 756.70  -0.61
 757.40  -0.61
 758.10  -0.61
 758.80  -0.61
 759.50  -0.61
 760.20  -0.61
 760.90  -0.61
 761.60  -0.61
 762.30  -0.61
 763.00  -0.61
 763.70  -0.61
 764.40  -0.61
 765.10  -0.61
 765.80  -0.61
 766.50  -0.61
 767.20  -0.61
 767.90  -0.61
 768.60  -0.61
 769.30  -0.61
 770.00  -0.61
 770.70  -0.61
 771.40  -0.61
 772.10  -0.61
 772.80  -0.61
 773.50  -0.61
 774.20  -0.61
 774.90  -0.61
 775.60  -0.61
 776.30  -0.61
 777.00  -0.61
 777.70  -0.61
 778.40  -0.61
 779.10  -0.61
 779.80  -0.61
 780.50  -0.61
 781.20  -0.61
 781.90  -0.61
 782.60  -0.61
 783.30  -0.61
 784.00  -0.61
 784.70  -0.61
 785.40  -0.61
 786.10  -0.61
 786.80  -0.61
 787.50  -0.61
 788.20  -0.61
 788.90  -0.61
 789.60  -0.61
 790.30  -0.61
 791.00  -0.61
 791.70  -0.61
 792.40  -0.61
 793.10  -0.61
 793.80  -0.61
 794.50  -0.61
 795.20  -0.61
 795.90  -0.61
 796.60  -0.61
 797.30  -0.61
 798.00  -0.61
 798.70  -0.61
 799.40  -0.61
 800.10  -0.61
 800.80  -0.61
 801.50  -0.61
 802.20  -0.61
 802.90  -0.61
 803.60  -0.61
 804.30  -0.61
 805.00  -0.61
 805.70  -0.61
 806.40  -0.61
 807.10  -0.61
 807.80  -0.61
 808.50  -0.61
 809.20  -0.61
 809.90  -0.61
 810.60  -0.61
 811.30  -0.61
 812.00  -0.61
 812.70  -0.61
 813.40  -0.61
 814.10  -0.61
 814.80  -0.61
 815.50  -0.61
 816.20  -0.61
 816.90  -0.61
 817.60  -0.61
 818.30  -0.61
 819.00  -0.61
 819.70  -0.61
 820.40  -0.61
 821.10  -0.61
 821.80  -0.61
 822.50  -0.61
 823.20  -0.61
 823.90  -0.61
 824.60  -0.61
 825.30  -0.61
 826.00  -0.61
 826.70  -0.61
 827.40  -0.61
 828.10  -0.61
 828.80  -0.61
 829.50  -0.61
 830.20  -0.61
 830.90  -0.61
 831.60  -0.61
 832.30  -0.61
 833.00  -0.61
 833.70  -0.61
 834.40  -0.61
 835.10  -0.61
 835.80  -0.61
 836.50  -0.61
 837.20  -0.61
 837.90  -0.61
 838.60  -0.61
 839.30  -0.61
 840.00  -0.61
 840.70  -0.61
 841.40  -0.61
 842.10  -0.61
 842.80  -0.61
 843.50  -0.61
 844.20  -0.61
 844.90  -0.61
 845.60  -0.61
 846.30  -0.61
 847.00  -0.61
 847.70  -0.61
 848.40  -0.61
 849.10  -0.61
 849.80  -0.61
 850.50  -0.61
 851.20  -0.61
 851.90  -0.61
 852.60  -0.61
 853.30  -0.61
 854.00  -0.61
 854.70  -0.61
 855.40  -0.61
 856.10  -0.61
 856.80  -0.61
 857.50  -0.61
 858.20  -0.61
 858.90  -0.61
 859.60  -0.61
 860.30  -0.61
 861.00  -0.61
 861.70  -0.61
 862.40  -0.61
 863.10  -0.61
 863.80  -0.61
 864.50  -0.61
 865.20  -0.61
 865.90  -0.61
 866.60  -0.61
 867.30  -0.61
 868.00  -0.61
 868.70  -0.61
 869.40  -0.61
 870.10  -0.61
 870.80  -0.61
 871.50  -0.61
 872.20  -0.61
 872.90  -0.61
 873.60  -0.61
 874.30  -0.61
 875.00  -0.61
 875.70  -0.61
 876.40  -0.61
 877.10  -0.61
 877.80  -0.61
 878.50  -0.61
 879.20  -0.61
 879.90  -0.61
 880.60  -0.61
 881.30  -0.61
 882.00  -0.61
 882.70  -0.61
 883.40  -0.61
 884.10  -0.61
 884.80  -0.61
 885.50  -0.61
 886.20  -0.61
 886.90  -0.61
 887.60  -0.61
 888.30  -0.61
 889.00  -0.61
 889.70  -0.61
 890.40  -0.61
 891.10  -0.61
 891.80  -0.61
 892.50  -0.61
 893.20  -0.61
 893.90  -0.61
 894.60  -0.61
 895.30  -0.61
 896.00  -0.61
 896.70  -0.61
 897.40  -0.61
 898.10  -0.61
 898.80  -0.61
 899.50  -0.61
 900.20  -0.61
 900.90  -0.61
 901.60  -0.61
 902.30  -0.61
 903.00  -0.61
 903.70  -0.61
 904.40  -0.61
 905.10  -0.61
 905.80  -0.61
 906.50  -0.61
 907.20  -0.61
 907.90  -0.61
 908.60  -0.61
 909.30  -0.61
 910.00  -0.61
 910.70  -0.61
 911.40  -0.61
 912.10  -0.61
 912.80  -0.61
 913.50  -0.61
 914.20  -0.61
 914.90  -0.61
 915.60  -0.61
 916.30  -0.61
 917.00  -0.61
 917.70  -0.61
 918.40  -0.61
 919.10  -0.61
 919.80  -0.61
 920.50  -0.61
 921.20  -0.61
 921.90  -0.61
 922.60  -0.61
 923.30  -0.61
 924.00  -0.61
 924.70  -0.61
 925.40  -0.61
 926.10  -0.61
 926.80  -0.61
 927.50  -0.61
 928.20  -0.61
 928.90  -0.61
 929.60  -0.61
 930.30  -0.61
 931.00  -0.61
 931.70  -0.61
 932.40  -0.61
 933.10  -0.61
 933.80  -0.61
 934.50  -0.61
 935.20  -0.61
 935.90  -0.61
 936.60  -0.61
 937.30  -0.61
 938.00  -0.61
 938.70  -0.61
 939.40  -0.61
 940.10  -0.61
 940.80  -0.61
 941.50  -0.61
 942.20  -0.61
 942.90  -0.61
 943.60  -0.61
 944.30  -0.61
 945.00  -0.61
 945.70  -0.61
 946.40  -0.61
 947.10  -0.61
 947.80  -0.61
 948.50  -0.61
 949.20  -0.61
 949.90  -0.61
 950.60  -0.61
 951.30  -0.61
 952.00  -0.61
 952.70  -0.61
 953.40  -0.61
 954.10  -0.61
 954.80  -0.61
 955.50  -0.61
 956.20  -0.61
 956.90  -0.61
 957.60  -0.61
 958.30  -0.61
 959.00  -0.61
 959.70  -0.61
 960.40  -0.61
 961.10  -0.61
 961.80  -0.61
 962.50  -0.61
 963.20  -0.61
 963.90  -0.61
 964.60  -0.61
 965.30  -0.61
 966.00  -0.61
 966.70  -0.61
 967.40  -0.61
 968.10  -0.61
 968.80  -0.61
 969.50  -0.61
 970.20  -0.61
 970.90  -0.61
 971.60  -0.61
 972.30  -0.61
 973.00  -0.61
 973.70  -0.61
 974.40  -0.61
 975.10  -0.61
 975.80  -0.61
 976.50  -0.61
 977.20  -0.61
 977.90  -0.61
 978.60  -0.61
 979.30  -0.61
 980.00  -0.61
 980.70  -0.61
 981.40  -0.61
 982.10  -0.61
 982.80  -0.61
 983.50  -0.61
 984.20  -0.61
 984.90  -0.61
 985.60  -0.61
 986.30  -0.61
 987.00  -0.61
 987.70  -0.61
 988.40  -0.61
 989.10  -0.61
 989.80  -0.61
 990.50  -0.61
 991.20  -0.61
 991.90  -0.61
 992.60  -0.61
 993.30  -0.61
 994.00  -0.61
 994.70  -0.61
 995.40  -0.61
 996.10  -0.61
 996.80  -0.61
 997.50  -0.61
 998.20  -0.61
 998.90  -0.61
 999.60  -0.61
 1000.30  -0.61
 1001.00  -0.61
 1001.70  -0.61
 1002.40  -0.61
 1003.10  -0.61
 1003.80  -0.61
 1004.50  -0.61
 1005.20  -0.61
 1005.90  -0.61
 1006.60  -0.61
 1007.30  -0.61
 1008.00  -0.61
 1008.70  -0.61
 1009.40  -0.61
 1010.10  -0.61
 1010.80  -0.61
 1011.50  -0.61
 1012.20  -0.61
 1012.90  -0.61
 1013.60  -0.61
 1014.30  -0.61
 1015.00  -0.61
 1015.70  -0.61
 1016.40  -0.61
 1017.10  -0.61
 1017.80  -0.61
 1018.50  -0.61
 1019.20  -0.61
 1019.90  -0.61
 1020.60  -0.61
 1021.30  -0.61
 1022.00  -0.61
 1022.70  -0.61
 1023.40  -0.61
 1024.10  -0.61
 1024.80  -0.61
 1025.50  -0.61
 1026.20  -0.61
 1026.90  -0.61
 1027.60  -0.61
 1028.30  -0.61
 1029.00  -0.61
 1029.70  -0.61
 1030.40  -0.61
 1031.10  -0.61
 1031.80  -0.61
 1032.50  -0.61
 1033.20  -0.61
 1033.90  -0.61
 1034.60  -0.61
 1035.30  -0.61
 1036.00  -0.61
 1036.70  -0.61
 1037.40  -0.61
 1038.10  -0.61
 1038.80  -0.61
 1039.50  -0.61
 1040.20  -0.61
 1040.90  -0.61
 1041.60  -0.61
 1042.30  -0.61
 1043.00  -0.61
 1043.70  -0.61
 1044.40  -0.61
 1045.10  -0.61
 1045.80  -0.61
 1046.50  -0.61
 1047.20  -0.61
 1047.90  -0.61
 1048.60  -0.61
 1049.30  -0.61
 1050.00  -0.61
 1050.70  -0.61
 1051.40  -0.61
 1052.10  -0.61
 1052.80  -0.61
 1053.50  -0.61
 1054.20  -0.61
 1054.90  -0.61
 1055.60  -0.61
 1056.30  -0.61
 1057.00  -0.61
 1057.70  -0.61
 1058.40  -0.61
 1059.10  -0.61
 1059.80  -0.61
 1060.50  -0.61
 1061.20  -0.61
 1061.90  -0.61
 1062.60  -0.61
 1063.30  -0.61
 1064.00  -0.61
 1064.70  -0.61
 1065.40  -0.61
 1066.10  -0.61
 1066.80  -0.61
 1067.50  -0.61
 1068.20  -0.61
 1068.90  -0.61
 1069.60  -0.61
 1070.30  -0.61
 1071.00  -0.61
 1071.70  -0.61
 1072.40  -0.61
 1073.10  -0.61
 1073.80  -0.61
 1074.50  -0.61
 1075.20  -0.61
 1075.90  -0.61
 1076.60  -0.61
 1077.30  -0.61
 1078.00  -0.61
 1078.70  -0.61
 1079.40  -0.61
 1080.10  -0.61
 1080.80  -0.61
 1081.50  -0.61
 1082.20  -0.61
 1082.90  -0.61
 1083.60  -0.61
 1084.30  -0.61
 1085.00  -0.61
 1085.70  -0.61
 1086.40  -0.61
 1087.10  -0.61
 1087.80  -0.61
 1088.50  -0.61
 1089.20  -0.61
 1089.90  -0.61
 1090.60  -0.61
 1091.30  -0.61
 1092.00  -0.61
 1092.70  -0.61
 1093.40  -0.61
 1094.10  -0.61
 1094.80  -0.61
 1095.50  -0.61
 1096.20  -0.61
 1096.90  -0.61
 1097.60  -0.61
 1098.30  -0.61
 1099.00  -0.61
 1099.70  -0.61
 1100.40  -0.61
 1101.10  -0.61
 1101.80  -0.61
 1102.50  -0.61
 1103.20  -0.61
 1103.90  -0.61
 1104.60  -0.61
 1105.30  -0.61
 1106.00  -0.61
 1106.70  -0.61
 1107.40  -0.61
 1108.10  -0.61
 1108.80  -0.61
 1109.50  -0.61
 1110.20  -0.61
 1110.90  -0.61
 1111.60  -0.61
 1112.30  -0.61
 1113.00  -0.61
 1113.70  -0.61
 1114.40  -0.61
 1115.10  -0.61
 1115.80  -0.61
 1116.50  -0.61
 1117.20  -0.61
 1117.90  -0.61
 1118.60  -0.61
 1119.30  -0.61
 1120.00  -0.61
 1120.70  -0.61
 1121.40  -0.61
 1122.10  -0.61
 1122.80  -0.61
 1123.50  -0.61
 1124.20  -0.61
 1124.90  -0.61
 1125.60  -0.61
 1126.30  -0.61
 1127.00  -0.61
 1127.70  -0.61
 1128.40  -0.61
 1129.10  -0.61
 1129.80  -0.61
 1130.50  -0.61
 1131.20  -0.61
 1131.90  -0.61
 1132.60  -0.61
 1133.30  -0.61
 1134.00  -0.61
 1134.70  -0.61
 1135.40  -0.61
 1136.10  -0.61
 1136.80  -0.61
 1137.50  -0.61
 1138.20  -0.61
 1138.90  -0.61
 1139.60  -0.61
 1140.30  -0.61
 1141.00  -0.61
 1141.70  -0.61
 1142.40  -0.61
 1143.10  -0.61
 1143.80  -0.61
 1144.50  -0.61
 1145.20  -0.61
 1145.90  -0.61
 1146.60  -0.61
 1147.30  -0.61
 1148.00  -0.61
 1148.70  -0.61
 1149.40  -0.61
 1150.10  -0.61
 1150.80  -0.61
 1151.50  -0.61
 1152.20  -0.61
 1152.90  -0.61
 1153.60  -0.61
 1154.30  -0.61
 1155.00  -0.61
 1155.70  -0.61
 1156.40  -0.61
 1157.10  -0.61
 1157.80  -0.61
 1158.50  -0.61
 1159.20  -0.61
 1159.90  -0.61
 1160.60  -0.61
 1161.30  -0.61
 1162.00  -0.61
 1162.70  -0.61
 1163.40  -0.61
 1164.10  -0.61
 1164.80  -0.61
 1165.50  -0.61
 1166.20  -0.61
 1166.90  -0.61
 1167.60  -0.61
 1168.30  -0.61
 1169.00  -0.61
 1169.70  -0.61
 1170.40  -0.61
 1171.10  -0.61
 1171.80  -0.61
 1172.50  -0.61
 1173.20  -0.61
 1173.90  -0.61
 1174.60  -0.61
 1175.30  -0.61
 1176.00  -0.61
 1176.70  -0.61
 1177.40  -0.61
 1178.10  -0.61
 1178.80  -0.61
 1179.50  -0.61
 1180.20  -0.61
 1180.90  -0.61
 1181.60  -0.61
 1182.30  -0.61
 1183.00  -0.61
 1183.70  -0.61
 1184.40  -0.61
 1185.10  -0.61
 1185.80  -0.61
 1186.50  -0.61
 1187.20  -0.61
 1187.90  -0.61
 1188.60  -0.61
 1189.30  -0.61
 1190.00  -0.61
 1190.70  -0.61
 1191.40  -0.61
 1192.10  -0.61
 1192.80  -0.61
 1193.50  -0.61
 1194.20  -0.61
 1194.90  -0.61
 1195.60  -0.61
 1196.30  -0.61
 1197.00  -0.61
 1197.70  -0.61
 1198.40  -0.61
 1199.10  -0.61
 1199.80  -0.61
 1200.50  -0.61
 1201.20  -0.61
 1201.90  -0.61
 1202.60  -0.61
 1203.30  -0.61
 1204.00  -0.61
 1204.70  -0.61
 1205.40  -0.61
 1206.10  -0.61
 1206.80  -0.61
 1207.50  -0.61
 1208.20  -0.61
 1208.90  -0.61
 1209.60  -0.61
 1210.30  -0.61
 1211.00  -0.61
 1211.70  -0.61
 1212.40  -0.61
 1213.10  -0.61
 1213.80  -0.61
 1214.50  -0.61
 1215.20  -0.61
 1215.90  -0.61
 1216.60  -0.61
 1217.30  -0.61
 1218.00  -0.61
 1218.70  -0.61
 1219.40  -0.61
 1220.10  -0.61
 1220.80  -0.61
 1221.50  -0.61
 1222.20  -0.61
 1222.90  -0.61
 1223.60  -0.61
 1224.30  -0.61
 1225.00  -0.61
 1225.70  -0.61
 1226.40  -0.61
 1227.10  -0.61
 1227.80  -0.61
 1228.50  -0.61
 1229.20  -0.61
 1229.90  -0.61
 1230.60  -0.61
 1231.30  -0.61
 1232.00  -0.61
 1232.70  -0.61
 1233.40  -0.61
 1234.10  -0.61
 1234.80  -0.61
 1235.50  -0.61
 1236.20  -0.61
 1236.90  -0.61
 1237.60  -0.61
 1238.30  -0.61
 1239.00  -0.61
 1239.70  -0.61
 1240.40  -0.61
 1241.10  -0.61
 1241.80  -0.61
 1242.50  -0.61
 1243.20  -0.61
 1243.90  -0.61
 1244.60  -0.61
 1245.30  -0.61
 1246.00  -0.61
 1246.70  -0.61
 1247.40  -0.61
 1248.10  -0.61
 1248.80  -0.61
 1249.50  -0.61
 1250.20  -0.61
 1250.90  -0.61
 1251.60  -0.61
 1252.30  -0.61
 1253.00  -0.61
 1253.70  -0.61
 1254.40  -0.61
 1255.10  -0.61
 1255.80  -0.61
 1256.50  -0.61
 1257.20  -0.61
 1257.90  -0.61
 1258.60  -0.61
 1259.30  -0.61
 1260.00  -0.61
 1260.70  -0.61
 1261.40  -0.61
 1262.10  -0.61
 1262.80  -0.61
 1263.50  -0.61
 1264.20  -0.61
 1264.90  -0.61
 1265.60  -0.61
 1266.30  -0.61
 1267.00  -0.61
 1267.70  -0.61
 1268.40  -0.61
 1269.10  -0.61
 1269.80  -0.61
 1270.50  -0.61
 1271.20  -0.61
 1271.90  -0.61
 1272.60  -0.61
 1273.30  -0.61
 1274.00  -0.61
 1274.70  -0.61
 1275.40  -0.61
 1276.10  -0.61
 1276.80  -0.61
 1277.50  -0.61
 1278.20  -0.61
 1278.90  -0.61
 1279.60  -0.61
 1280.30  -0.61
 1281.00  -0.61
 1281.70  -0.61
 1282.40  -0.61
 1283.10  -0.61
 1283.80  -0.61
 1284.50  -0.61
 1285.20  -0.61
 1285.90  -0.61
 1286.60  -0.61
 1287.30  -0.61
 1288.00  -0.61
 1288.70  -0.61
 1289.40  -0.61
 1290.10  -0.61
 1290.80  -0.61
 1291.50  -0.61
 1292.20  -0.61
 1292.90  -0.61
 1293.60  -0.61
 1294.30  -0.61
 1295.00  -0.61
 1295.70  -0.61
 1296.40  -0.61
 1297.10  -0.61
 1297.80  -0.61
 1298.50  -0.61
 1299.20  -0.61
 1299.90  -0.61
 1300.60  -0.61
 1301.30  -0.61
 1302.00  -0.61
 1302.70  -0.61
 1303.40  -0.61
 1304.10  -0.61
 1304.80  -0.61
 1305.50  -0.61
 1306.20  -0.61
 1306.90  -0.61
 1307.60  -0.61
 1308.30  -0.61
 1309.00  -0.61
 1309.70  -0.61
 1310.40  -0.61
 1311.10  -0.61
 1311.80  -0.61
 1312.50  -0.61
 1313.20  -0.61
 1313.90  -0.61
 1314.60  -0.61
 1315.30  -0.61
 1316.00  -0.61
 1316.70  -0.61
 1317.40  -0.61
 1318.10  -0.61
 1318.80  -0.61
 1319.50  -0.61
 1320.20  -0.61
 1320.90  -0.61
 1321.60  -0.61
 1322.30  -0.61
 1323.00  -0.61
 1323.70  -0.61
 1324.40  -0.61
 1325.10  -0.61
 1325.80  -0.61
 1326.50  -0.61
 1327.20  -0.61
 1327.90  -0.61
 1328.60  -0.61
 1329.30  -0.61
 1330.00  -0.61
 1330.70  -0.61
 1331.40  -0.61
 1332.10  -0.61
 1332.80  -0.61
 1333.50  -0.61
 1334.20  -0.61
 1334.90  -0.61
 1335.60  -0.61
 1336.30  -0.61
 1337.00  -0.61
 1337.70  -0.61
 1338.40  -0.61
 1339.10  -0.61
 1339.80  -0.61
 1340.50  -0.61
 1341.20  -0.61
 1341.90  -0.61
 1342.60  -0.61
 1343.30  -0.61
 1344.00  -0.61
 1344.70  -0.61
 1345.40  -0.61
 1346.10  -0.61
 1346.80  -0.61
 1347.50  -0.61
 1348.20  -0.61
 1348.90  -0.61
 1349.60  -0.61
 1350.30  -0.61
 1351.00  -0.61
 1351.70  -0.61
 1352.40  -0.61
 1353.10  -0.61
 1353.80  -0.61
 1354.50  -0.61
 1355.20  -0.61
 1355.90  -0.61
 1356.60  -0.61
 1357.30  -0.61
 1358.00  -0.61
 1358.70  -0.61
 1359.40  -0.61
 1360.10  -0.61
 1360.80  -0.61
 1361.50  -0.61
 1362.20  -0.61
 1362.90  -0.61
 1363.60  -0.61
 1364.30  -0.61
 1365.00  -0.61
 1365.70  -0.61
 1366.40  -0.61
 1367.10  -0.61
 1367.80  -0.61
 1368.50  -0.61
 1369.20  -0.61
 1369.90  -0.61
 1370.60  -0.61
 1371.30  -0.61
 1372.00  -0.61
 1372.70  -0.61
 1373.40  -0.61
 1374.10  -0.61
 1374.80  -0.61
 1375.50  -0.61
 1376.20  -0.61
 1376.90  -0.61
 1377.60  -0.61
 1378.30  -0.61
 1379.00  -0.61
 1379.70  -0.61
 1380.40  -0.61
 1381.10  -0.61
 1381.80  -0.61
 1382.50  -0.61
 1383.20  -0.61
 1383.90  -0.61
 1384.60  -0.61
 1385.30  -0.61
 1386.00  -0.61
 1386.70  -0.61
 1387.40  -0.61
 1388.10  -0.61
 1388.80  -0.61
 1389.50  -0.61
 1390.20  -0.61
 1390.90  -0.61
 1391.60  -0.61
 1392.30  -0.61
 1393.00  -0.61
 1393.70  -0.61
 1394.40  -0.61
 1395.10  -0.61
 1395.80  -0.61
 1396.50  -0.61
 1397.20  -0.61
 1397.90  -0.61
 1398.60  -0.61
 1399.30  -0.61
 1400.00  -0.61
 1400.70  -0.61
 1401.40  -0.61
 1402.10  -0.61
 1402.80  -0.61
 1403.50  -0.61
 1404.20  -0.61
 1404.90  -0.61
 1405.60  -0.61
 1406.30  -0.61
 1407.00  -0.61
 1407.70  -0.61
 1408.40  -0.61
 1409.10  -0.61
 1409.80  -0.61
 1410.50  -0.61
 1411.20  -0.61
 1411.90  -0.61
 1412.60  -0.61
 1413.30  -0.61
 1414.00  -0.61
 1414.70  -0.61
 1415.40  -0.61
 1416.10  -0.61
 1416.80  -0.61
 1417.50  -0.61
 1418.20  -0.61
 1418.90  -0.61
 1419.60  -0.61
 1420.30  -0.61
 1421.00  -0.61
 1421.70  -0.61
 1422.40  -0.61
 1423.10  -0.61
 1423.80  -0.61
 1424.50  -0.61
 1425.20  -0.61
 1425.90  -0.61
 1426.60  -0.61
 1427.30  -0.61
 1428.00  -0.61
 1428.70  -0.61
 1429.40  -0.61
 1430.10  -0.61
 1430.80  -0.61
 1431.50  -0.61
 1432.20  -0.61
 1432.90  -0.61
 1433.60  -0.61
 1434.30  -0.61
 1435.00  -0.61
 1435.70  -0.61
 1436.40  -0.61
 1437.10  -0.61
 1437.80  -0.61
 1438.50  -0.61
 1439.20  -0.61
 1439.90  -0.61
 1440.60  -0.61
 1441.30  -0.61
 1442.00  -0.61
 1442.70  -0.61
 1443.40  -0.61
 1444.10  -0.61
 1444.80  -0.61
 1445.50  -0.61
 1446.20  -0.61
 1446.90  -0.61
 1447.60  -0.61
 1448.30  -0.61
 1449.00  -0.61
 1449.70  -0.61
 1450.40  -0.61
 1451.10  -0.61
 1451.80  -0.61
 1452.50  -0.61
 1453.20  -0.61
 1453.90  -0.61
 1454.60  -0.61
 1455.30  -0.61
 1456.00  -0.61
 1456.70  -0.61
 1457.40  -0.61
 1458.10  -0.61
 1458.80  -0.61
 1459.50  -0.61
 1460.20  -0.61
 1460.90  -0.61
 1461.60  -0.61
 1462.30  -0.61
 1463.00  -0.61
 1463.70  -0.61
 1464.40  -0.61
 1465.10  -0.61
 1465.80  -0.61
 1466.50  -0.61
 1467.20  -0.61
 1467.90  -0.61
 1468.60  -0.61
 1469.30  -0.61
 1470.00  -0.61
 1470.70  -0.61
 1471.40  -0.61
 1472.10  -0.61
 1472.80  -0.61
 1473.50  -0.61
 1474.20  -0.61
 1474.90  -0.61
 1475.60  -0.61
 1476.30  -0.61
 1477.00  -0.61
 1477.70  -0.61
 1478.40  -0.61
 1479.10  -0.61
 1479.80  -0.61
 1480.50  -0.61
 1481.20  -0.61
 1481.90  -0.61
 1482.60  -0.61
 1483.30  -0.61
 1484.00  -0.61
 1484.70  -0.61
 1485.40  -0.61
 1486.10  -0.61
 1486.80  -0.61
 1487.50  -0.61
 1488.20  -0.61
 1488.90  -0.61
 1489.60  -0.61
 1490.30  -0.61
 1491.00  -0.61
 1491.70  -0.61
 1492.40  -0.61
 1493.10  -0.61
 1493.80  -0.61
 1494.50  -0.61
 1495.20  -0.61
 1495.90  -0.61
 1496.60  -0.61
 1497.30  -0.61
 1498.00  -0.61
 1498.70  -0.61
 1499.40  -0.61
 1500.10  -0.61
 1500.80  -0.61
 1501.50  -0.61
 1502.20  -0.61
 1502.90  -0.61
 1503.60  -0.61
 1504.30  -0.61
 1505.00  -0.61
 1505.70  -0.61
 1506.40  -0.61
 1507.10  -0.61
 1507.80  -0.61
 1508.50  -0.61
 1509.20  -0.61
 1509.90  -0.61
 1510.60  -0.61
 1511.30  -0.61
 1512.00  -0.61
 1512.70  -0.61
 1513.40  -0.61
 1514.10  -0.61
 1514.80  -0.61
 1515.50  -0.61
 1516.20  -0.61
 1516.90  -0.61
 1517.60  -0.61
 1518.30  -0.61
 1519.00  -0.61
 1519.70  -0.61
 1520.40  -0.61
 1521.10  -0.61
 1521.80  -0.61
 1522.50  -0.61
 1523.20  -0.61
 1523.90  -0.61
 1524.60  -0.61
 1525.30  -0.61
 1526.00  -0.61
 1526.70  -0.61
 1527.40  -0.61
 1528.10  -0.61
 1528.80  -0.61
 1529.50  -0.61
 1530.20  -0.61
 1530.90  -0.61
 1531.60  -0.61
 1532.30  -0.61
 1533.00  -0.61
 1533.70  -0.61
 1534.40  -0.61
 1535.10  -0.61
 1535.80  -0.61
 1536.50  -0.61
 1537.20  -0.61
 1537.90  -0.61
 1538.60  -0.61
 1539.30  -0.61
 1540.00  -0.61
 1540.70  -0.61
 1541.40  -0.61
 1542.10  -0.61
 1542.80  -0.61
 1543.50  -0.61
 1544.20  -0.61
 1544.90  -0.61
 1545.60  -0.61
 1546.30  -0.61
 1547.00  -0.61
 1547.70  -0.61
 1548.40  -0.61
 1549.10  -0.61
 1549.80  -0.61
 1550.50  -0.61
 1551.20  -0.61
 1551.90  -0.61
 1552.60  -0.61
 1553.30  -0.61
 1554.00  -0.61
 1554.70  -0.61
 1555.40  -0.61
 1556.10  -0.61
 1556.80  -0.61
 1557.50  -0.61
 1558.20  -0.61
 1558.90  -0.61
 1559.60  -0.61
 1560.30  -0.61
 1561.00  -0.61
 1561.70  -0.61
 1562.40  -0.61
 1563.10  -0.61
 1563.80  -0.61
 1564.50  -0.61
 1565.20  -0.61
 1565.90  -0.61
 1566.60  -0.61
 1567.30  -0.61
 1568.00  -0.61
 1568.70  -0.61
 1569.40  -0.61
 1570.10  -0.61
 1570.80  -0.61
 1571.50  -0.61
 1572.20  -0.61
 1572.90  -0.61
 1573.60  -0.61
 1574.30  -0.61
 1575.00  -0.61
 1575.70  -0.61
 1576.40  -0.61
 1577.10  -0.61
 1577.80  -0.61
 1578.50  -0.61
 1579.20  -0.61
 1579.90  -0.61
 1580.60  -0.61
 1581.30  -0.61
 1582.00  -0.61
 1582.70  -0.61
 1583.40  -0.61
 1584.10  -0.61
 1584.80  -0.61
 1585.50  -0.61
 1586.20  -0.61
 1586.90  -0.61
 1587.60  -0.61
 1588.30  -0.61
 1589.00  -0.61
 1589.70  -0.61
 1590.40  -0.61
 1591.10  -0.61
 1591.80  -0.61
 1592.50  -0.61
 1593.20  -0.61
 1593.90  -0.61
 1594.60  -0.61
 1595.30  -0.61
 1596.00  -0.61
 1596.70  -0.61
 1597.40  -0.61
 1598.10  -0.61
 1598.80  -0.61
 1599.50  -0.61
 1600.20  -0.61
 1600.90  -0.61
 1601.60  -0.61
 1602.30  -0.61
 1603.00  -0.61
 1603.70  -0.61
 1604.40  -0.61
 1605.10  -0.61
 1605.80  -0.61
 1606.50  -0.61
 1607.20  -0.61
 1607.90  -0.61
 1608.60  -0.61
 1609.30  -0.61
 1610.00  -0.61
 1610.70  -0.61
 1611.40  -0.61
 1612.10  -0.61
 1612.80  -0.61
 1613.50  -0.61
 1614.20  -0.61
 1614.90  -0.61
 1615.60  -0.61
 1616.30  -0.61
 1617.00  -0.61
 1617.70  -0.61
 1618.40  -0.61
 1619.10  -0.61
 1619.80  -0.61
 1620.50  -0.61
 1621.20  -0.61
 1621.90  -0.61
 1622.60  -0.61
 1623.30  -0.61
 1624.00  -0.61
 1624.70  -0.61
 1625.40  -0.61
 1626.10  -0.61
 1626.80  -0.61
 1627.50  -0.61
 1628.20  -0.61
 1628.90  -0.61
 1629.60  -0.61
 1630.30  -0.61
 1631.00  -0.61
 1631.70  -0.61
 1632.40  -0.61
 1633.10  -0.61
 1633.80  -0.61
 1634.50  -0.61
 1635.20  -0.61
 1635.90  -0.61
 1636.60  -0.61
 1637.30  -0.61
 1638.00  -0.61
 1638.70  -0.61
 1639.40  -0.61
 1640.10  -0.61
 1640.80  -0.61
 1641.50  -0.61
 1642.20  -0.61
 1642.90  -0.61
 1643.60  -0.61
 1644.30  -0.61
 1645.00  -0.61
 1645.70  -0.61
 1646.40  -0.61
 1647.10  -0.61
 1647.80  -0.61
 1648.50  -0.61
 1649.20  -0.61
 1649.90  -0.61
 1650.60  -0.61
 1651.30  -0.61
 1652.00  -0.61
 1652.70  -0.61
 1653.40  -0.61
 1654.10  -0.61
 1654.80  -0.61
 1655.50  -0.61
 1656.20  -0.61
 1656.90  -0.61
 1657.60  -0.61
 1658.30  -0.61
 1659.00  -0.61
 1659.70  -0.61
 1660.40  -0.61
 1661.10  -0.61
 1661.80  -0.61
 1662.50  -0.61
 1663.20  -0.61
 1663.90  -0.61
 1664.60  -0.61
 1665.30  -0.61
 1666.00  -0.61
 1666.70  -0.61
 1667.40  -0.61
 1668.10  -0.61
 1668.80  -0.61
 1669.50  -0.61
 1670.20  -0.61
 1670.90  -0.61
 1671.60  -0.61
 1672.30  -0.61
 1673.00  -0.61
 1673.70  -0.61
 1674.40  -0.61
 1675.10  -0.61
 1675.80  -0.61
 1676.50  -0.61
 1677.20  -0.61
 1677.90  -0.61
 1678.60  -0.61
 1679.30  -0.61
 1680.00  -0.61
 1680.70  -0.61
 1681.40  -0.61
 1682.10  -0.61
 1682.80  -0.61
 1683.50  -0.61
 1684.20  -0.61
 1684.90  -0.61
 1685.60  -0.61
 1686.30  -0.61
 1687.00  -0.61
 1687.70  -0.61
 1688.40  -0.61
 1689.10  -0.61
 1689.80  -0.61
 1690.50  -0.61
 1691.20  -0.61
 1691.90  -0.61
 1692.60  -0.61
 1693.30  -0.61
 1694.00  -0.61
 1694.70  -0.61
 1695.40  -0.61
 1696.10  -0.61
 1696.80  -0.61
 1697.50  -0.61
 1698.20  -0.61
 1698.90  -0.61
 1699.60  -0.61
 1700.30  -0.61
 1701.00  -0.61
 1701.70  -0.61
 1702.40  -0.61
 1703.10  -0.61
 1703.80  -0.61
 1704.50  -0.61
 1705.20  -0.61
 1705.90  -0.61
 1706.60  -0.61
 1707.30  -0.61
 1708.00  -0.61
 1708.70  -0.61
 1709.40  -0.61
 1710.10  -0.61
 1710.80  -0.61
 1711.50  -0.61
 1712.20  -0.61
 1712.90  -0.61
 1713.60  -0.61
 1714.30  -0.61
 1715.00  -0.61
 1715.70  -0.61
 1716.40  -0.61
 1717.10  -0.61
 1717.80  -0.61
 1718.50  -0.61
 1719.20  -0.61
 1719.90  -0.61
 1720.60  -0.61
 1721.30  -0.61
 1722.00  -0.61
 1722.70  -0.61
 1723.40  -0.61
 1724.10  -0.61
 1724.80  -0.61
 1725.50  -0.61
 1726.20  -0.61
 1726.90  -0.61
 1727.60  -0.61
 1728.30  -0.61
 1729.00  -0.61
 1729.70  -0.61
 1730.40  -0.61
 1731.10  -0.61
 1731.80  -0.61
 1732.50  -0.61
 1733.20  -0.61
 1733.90  -0.61
 1734.60  -0.61
 1735.30  -0.61
 1736.00  -0.61
 1736.70  -0.61
 1737.40  -0.61
 1738.10  -0.61
 1738.80  -0.61
 1739.50  -0.61
 1740.20  -0.61
 1740.90  -0.61
 1741.60  -0.61
 1742.30  -0.61
 1743.00  -0.61
 1743.70  -0.61
 1744.40  -0.61
 1745.10  -0.61
 1745.80  -0.61
 1746.50  -0.61
 1747.20  -0.61
 1747.90  -0.61
 1748.60  -0.61
 1749.30  -0.61
 1750.00  -0.61
 1750.70  -0.61
 1751.40  -0.61
 1752.10  -0.61
 1752.80  -0.61
 1753.50  -0.61
 1754.20  -0.61
 1754.90  -0.61
 1755.60  -0.61
 1756.30  -0.61
 1757.00  -0.61
 1757.70  -0.61
 1758.40  -0.61
 1759.10  -0.61
 1759.80  -0.61
 1760.50  -0.61
 1761.20  -0.61
 1761.90  -0.61
 1762.60  -0.61
 1763.30  -0.61
 1764.00  -0.61
 1764.70  -0.61
 1765.40  -0.61
 1766.10  -0.61
 1766.80  -0.61
 1767.50  -0.61
 1768.20  -0.61
 1768.90  -0.61
 1769.60  -0.61
 1770.30  -0.61
 1771.00  -0.61
 1771.70  -0.61
 1772.40  -0.61
 1773.10  -0.61
 1773.80  -0.61
 1774.50  -0.61
 1775.20  -0.61
 1775.90  -0.61
 1776.60  -0.61
 1777.30  -0.61
 1778.00  -0.61
 1778.70  -0.61
 1779.40  -0.61
 1780.10  -0.61
 1780.80  -0.61
 1781.50  -0.61
 1782.20  -0.61
 1782.90  -0.61
 1783.60  -0.61
 1784.30  -0.61
 1785.00  -0.61
 1785.70  -0.61
 1786.40  -0.61
 1787.10  -0.61
 1787.80  -0.61
 1788.50  -0.61
 1789.20  -0.61
 1789.90  -0.61
 1790.60  -0.61
 1791.30  -0.61
 1792.00  -0.61
 1792.70  -0.61
 1793.40  -0.61
 1794.10  -0.61
 1794.80  -0.61
 1795.50  -0.61
 1796.20  -0.61
 1796.90  -0.61
 1797.60  -0.61
 1798.30  -0.61
 1799.00  -0.61
 1799.70  -0.61
 1800.40  -0.61
 1801.10  -0.61
 1801.80  -0.61
 1802.50  -0.61
 1803.20  -0.61
 1803.90  -0.61
 1804.60  -0.61
 1805.30  -0.61
 1806.00  -0.61
 1806.70  -0.61
 1807.40  -0.61
 1808.10  -0.61
 1808.80  -0.61
 1809.50  -0.61
 1810.20  -0.61
 1810.90  -0.61
 1811.60  -0.61
 1812.30  -0.61
 1813.00  -0.61
 1813.70  -0.61
 1814.40  -0.61
 1815.10  -0.61
 1815.80  -0.61
 1816.50  -0.61
 1817.20  -0.61
 1817.90  -0.61
 1818.60  -0.61
 1819.30  -0.61
 1820.00  -0.61
 1820.70  -0.61
 1821.40  -0.61
 1822.10  -0.61
 1822.80  -0.61
 1823.50  -0.61
 1824.20  -0.61
 1824.90  -0.61
 1825.60  -0.61
 1826.30  -0.61
 1827.00  -0.61
 1827.70  -0.61
 1828.40  -0.61
 1829.10  -0.61
 1829.80  -0.61
 1830.50  -0.61
 1831.20  -0.61
 1831.90  -0.61
 1832.60  -0.61
 1833.30  -0.61
 1834.00  -0.61
 1834.70  -0.61
 1835.40  -0.61
 1836.10  -0.61
 1836.80  -0.61
 1837.50  -0.61
 1838.20  -0.61
 1838.90  -0.61
 1839.60  -0.61
 1840.30  -0.61
 1841.00  -0.61
 1841.70  -0.61
 1842.40  -0.61
 1843.10  -0.61
 1843.80  -0.61
 1844.50  -0.61
 1845.20  -0.61
 1845.90  -0.61
 1846.60  -0.61
 1847.30  -0.61
 1848.00  -0.61
 1848.70  -0.61
 1849.40  -0.61
 1850.10  -0.61
 1850.80  -0.61
 1851.50  -0.61
 1852.20  -0.61
 1852.90  -0.61
 1853.60  -0.61
 1854.30  -0.61
 1855.00  -0.61
 1855.70  -0.61
 1856.40  -0.61
 1857.10  -0.61
 1857.80  -0.61
 1858.50  -0.61
 1859.20  -0.61
 1859.90  -0.61
 1860.60  -0.61
 1861.30  -0.61
 1862.00  -0.61
 1862.70  -0.61
 1863.40  -0.61
 1864.10  -0.61
 1864.80  -0.61
 1865.50  -0.61
 1866.20  -0.61
 1866.90  -0.61
 1867.60  -0.61
 1868.30  -0.61
 1869.00  -0.61
 1869.70  -0.61
 1870.40  -0.61
 1871.10  -0.61
 1871.80  -0.61
 1872.50  -0.61
 1873.20  -0.61
 1873.90  -0.61
 1874.60  -0.61
 1875.30  -0.61
 1876.00  -0.61
 1876.70  -0.61
 1877.40  -0.61
 1878.10  -0.61
 1878.80  -0.61
 1879.50  -0.61
 1880.20  -0.61
 1880.90  -0.61
 1881.60  -0.61
 1882.30  -0.61
 1883.00  -0.61
 1883.70  -0.61
 1884.40  -0.61
 1885.10  -0.61
 1885.80  -0.61
 1886.50  -0.61
 1887.20  -0.61
 1887.90  -0.61
 1888.60  -0.61
 1889.30  -0.61
 1890.00  -0.61
 1890.70  -0.61
 1891.40  -0.61
 1892.10  -0.61
 1892.80  -0.61
 1893.50  -0.61
 1894.20  -0.61
 1894.90  -0.61
 1895.60  -0.61
 1896.30  -0.61
 1897.00  -0.61
 1897.70  -0.61
 1898.40  -0.61
 1899.10  -0.61
 1899.80  -0.61
 1900.50  -0.61
 1901.20  -0.61
 1901.90  -0.61
 1902.60  -0.61
 1903.30  -0.61
 1904.00  -0.61
 1904.70  -0.61
 1905.40  -0.61
 1906.10  -0.61
 1906.80  -0.61
 1907.50  -0.61
 1908.20  -0.61
 1908.90  -0.61
 1909.60  -0.61
 1910.30  -0.61
 1911.00  -0.61
 1911.70  -0.61
 1912.40  -0.61
 1913.10  -0.61
 1913.80  -0.61
 1914.50  -0.61
 1915.20  -0.61
 1915.90  -0.61
 1916.60  -0.61
 1917.30  -0.61
 1918.00  -0.61
 1918.70  -0.61
 1919.40  -0.61
 1920.10  -0.61
 1920.80  -0.61
 1921.50  -0.61
 1922.20  -0.61
 1922.90  -0.61
 1923.60  -0.61
 1924.30  -0.61
 1925.00  -0.61
 1925.70  -0.61
 1926.40  -0.61
 1927.10  -0.61
 1927.80  -0.61
 1928.50  -0.61
 1929.20  -0.61
 1929.90  -0.61
 1930.60  -0.61
 1931.30  -0.61
 1932.00  -0.61
 1932.70  -0.61
 1933.40  -0.61
 1934.10  -0.61
 1934.80  -0.61
 1935.50  -0.61
 1936.20  -0.61
 1936.90  -0.61
 1937.60  -0.61
 1938.30  -0.61
 1939.00  -0.61
 1939.70  -0.61
 1940.40  -0.61
 1941.10  -0.61
 1941.80  -0.61
 1942.50  -0.61
 1943.20  -0.61
 1943.90  -0.61
 1944.60  -0.61
 1945.30  -0.61
 1946.00  -0.61
 1946.70  -0.61
 1947.40  -0.61
 1948.10  -0.61
 1948.80  -0.61
 1949.50  -0.61
 1950.20  -0.61
 1950.90  -0.61
 1951.60  -0.61
 1952.30  -0.61
 1953.00  -0.61
 1953.70  -0.61
 1954.40  -0.61
 1955.10  -0.61
 1955.80  -0.61
 1956.50  -0.61
 1957.20  -0.61
 1957.90  -0.61
 1958.60  -0.61
 1959.30  -0.61
 1960.00  -0.61
 1960.70  -0.61
 1961.40  -0.61
 1962.10  -0.61
 1962.80  -0.61
 1963.50  -0.61
 1964.20  -0.61
 1964.90  -0.61
 1965.60  -0.61
 1966.30  -0.61
 1967.00  -0.61
 1967.70  -0.61
 1968.40  -0.61
 1969.10  -0.61
 1969.80  -0.61
 1970.50  -0.61
 1971.20  -0.61
 1971.90  -0.61
 1972.60  -0.61
 1973.30  -0.61
 1974.00  -0.61
 1974.70  -0.61
 1975.40  -0.61
 1976.10  -0.61
 1976.80  -0.61
 1977.50  -0.61
 1978.20  -0.61
 1978.90  -0.61
 1979.60  -0.61
 1980.30  -0.61
 1981.00  -0.61
 1981.70  -0.61
 1982.40  -0.61
 1983.10  -0.61
 1983.80  -0.61
 1984.50  -0.61
 1985.20  -0.61
 1985.90  -0.61
 1986.60  -0.61
 1987.30  -0.61
 1988.00  -0.61
 1988.70  -0.61
 1989.40  -0.61
 1990.10  -0.61
 1990.80  -0.61
 1991.50  -0.61
 1992.20  -0.61
 1992.90  -0.61
 1993.60  -0.61
 1994.30  -0.61
 1995.00  -0.61
 1995.70  -0.61
 1996.40  -0.61
 1997.10  -0.61
 1997.80  -0.61
 1998.50  -0.61
 1999.20  -0.61
 1999.90  -0.61
 2000.60  -0.61
 2001.30  -0.61
 2002.00  -0.61
 2002.70  -0.61
 2003.40  -0.61
 2004.10  -0.61
 2004.80  -0.61
 2005.50  -0.61
 2006.20  -0.61
 2006.90  -0.61
 2007.60  -0.61
 2008.30  -0.61
 2009.00  -0.61
 2009.70  -0.61
 2010.40  -0.61
 2011.10  -0.61
 2011.80  -0.61
 2012.50  -0.61
 2013.20  -0.61
 2013.90  -0.61
 2014.60  -0.61
 2015.30  -0.61
 2016.00  -0.61
 2016.70  -0.61
 2017.40  -0.61
 2018.10  -0.61
 2018.80  -0.61
 2019.50  -0.61
 2020.20  -0.61
 2020.90  -0.61
 2021.60  -0.61
 2022.30  -0.61
 2023.00  -0.61
 2023.70  -0.61
 2024.40  -0.61
 2025.10  -0.61
 2025.80  -0.61
 2026.50  -0.61
 2027.20  -0.61
 2027.90  -0.61
 2028.60  -0.61
 2029.30  -0.61
 2030.00  -0.61
 2030.70  -0.61
 2031.40  -0.61
 2032.10  -0.61
 2032.80  -0.61
 2033.50  -0.61
 2034.20  -0.61
 2034.90  -0.61
 2035.60  -0.61
 2036.30  -0.61
 2037.00  -0.61
 2037.70  -0.61
 2038.40  -0.61
 2039.10  -0.61
 2039.80  -0.61
 2040.50  -0.61
 2041.20  -0.61
 2041.90  -0.61
 2042.60  -0.61
 2043.30  -0.61
 2044.00  -0.61
 2044.70  -0.61
 2045.40  -0.61
 2046.10  -0.61
 2046.80  -0.61
 2047.50  -0.61
 2048.20  -0.61
 2048.90  -0.61
 2049.60  -0.61
 2050.30  -0.61
 2051.00  -0.61
 2051.70  -0.61
 2052.40  -0.61
 2053.10  -0.61
 2053.80  -0.61
 2054.50  -0.61
 2055.20  -0.61
 2055.90  -0.61
 2056.60  -0.61
 2057.30  -0.61
 2058.00  -0.61
 2058.70  -0.61
 2059.40  -0.61
 2060.10  -0.61
 2060.80  -0.61
 2061.50  -0.61
 2062.20  -0.61
 2062.90  -0.61
 2063.60  -0.61
 2064.30  -0.61
 2065.00  -0.61
 2065.70  -0.61
 2066.40  -0.61
 2067.10  -0.61
 2067.80  -0.61
 2068.50  -0.61
 2069.20  -0.61
 2069.90  -0.61
 2070.60  -0.61
 2071.30  -0.61
 2072.00  -0.61
 2072.70  -0.61
 2073.40  -0.61
 2074.10  -0.61
 2074.80  -0.61
 2075.50  -0.61
 2076.20  -0.61
 2076.90  -0.61
 2077.60  -0.61
 2078.30  -0.61
 2079.00  -0.61
 2079.70  -0.61
 2080.40  -0.61
 2081.10  -0.61
 2081.80  -0.61
 2082.50  -0.61
 2083.20  -0.61
 2083.90  -0.61
 2084.60  -0.61
 2085.30  -0.61
 2086.00  -0.61
 2086.70  -0.61
 2087.40  -0.61
 2088.10  -0.61
 2088.80  -0.61
 2089.50  -0.61
 2090.20  -0.61
 2090.90  -0.61
 2091.60  -0.61
 2092.30  -0.61
 2093.00  -0.61
 2093.70  -0.61
 2094.40  -0.61
 2095.10  -0.61
 2095.80  -0.61
 2096.50  -0.61
 2097.20  -0.61
 2097.90  -0.61
 2098.60  -0.61
 2099.30  -0.61
 2100.00  -0.61
 2100.70  -0.61
 2101.40  -0.61
 2102.10  -0.61
 2102.80  -0.61
 2103.50  -0.61
 2104.20  -0.61
 2104.90  -0.61
 2105.60  -0.61
 2106.30  -0.61
 2107.00  -0.61
 2107.70  -0.61
 2108.40  -0.61
 2109.10  -0.61
 2109.80  -0.61
 2110.50  -0.61
 2111.20  -0.61
 2111.90  -0.61
 2112.60  -0.61
 2113.30  -0.61
 2114.00  -0.61
 2114.70  -0.61
 2115.40  -0.61
 2116.10  -0.61
 2116.80  -0.61
 2117.50  -0.61
 2118.20  -0.61
 2118.90  -0.61
 2119.60  -0.61
 2120.30  -0.61
 2121.00  -0.61
 2121.70  -0.61
 2122.40  -0.61
 2123.10  -0.61
 2123.80  -0.61
 2124.50  -0.61
 2125.20  -0.61
 2125.90  -0.61
 2126.60  -0.61
 2127.30  -0.61
 2128.00  -0.61
 2128.70  -0.61
 2129.40  -0.61
 2130.10  -0.61
 2130.80  -0.61
 2131.50  -0.61
 2132.20  -0.61
 2132.90  -0.61
 2133.60  -0.61
 2134.30  -0.61
 2135.00  -0.61
 2135.70  -0.61
 2136.40  -0.61
 2137.10  -0.61
 2137.80  -0.61
 2138.50  -0.61
 2139.20  -0.61
 2139.90  -0.61
 2140.60  -0.61
 2141.30  -0.61
 2142.00  -0.61
 2142.70  -0.61
 2143.40  -0.61
 2144.10  -0.61
 2144.80  -0.61
 2145.50  -0.61
 2146.20  -0.61
 2146.90  -0.61
 2147.60  -0.61
 2148.30  -0.61
 2149.00  -0.61
 2149.70  -0.61
 2150.40  -0.61
 2151.10  -0.61
 2151.80  -0.61
 2152.50  -0.61
 2153.20  -0.61
 2153.90  -0.61
 2154.60  -0.61
 2155.30  -0.61
 2156.00  -0.61
 2156.70  -0.61
 2157.40  -0.61
 2158.10  -0.61
 2158.80  -0.61
 2159.50  -0.61
 2160.20  -0.61
 2160.90  -0.61
 2161.60  -0.61
 2162.30  -0.61
 2163.00  -0.61
 2163.70  -0.61
 2164.40  -0.61
 2165.10  -0.61
 2165.80  -0.61
 2166.50  -0.61
 2167.20  -0.61
 2167.90  -0.61
 2168.60  -0.61
 2169.30  -0.61
 2170.00  -0.61
 2170.70  -0.61
 2171.40  -0.61
 2172.10  -0.61
 2172.80  -0.61
 2173.50  -0.61
 2174.20  -0.61
 2174.90  -0.61
 2175.60  -0.61
 2176.30  -0.61
 2177.00  -0.61
 2177.70  -0.61
 2178.40  -0.61
 2179.10  -0.61
 2179.80  -0.61
 2180.50  -0.61
 2181.20  -0.61
 2181.90  -0.61
 2182.60  -0.61
 2183.30  -0.61
 2184.00  -0.61
 2184.70  -0.61
 2185.40  -0.61
 2186.10  -0.61
 2186.80  -0.61
 2187.50  -0.61
 2188.20  -0.61
 2188.90  -0.61
 2189.60  -0.61
 2190.30  -0.61
 2191.00  -0.61
 2191.70  -0.61
 2192.40  -0.61
 2193.10  -0.61
 2193.80  -0.61
 2194.50  -0.61
 2195.20  -0.61
 2195.90  -0.61
 2196.60  -0.61
 2197.30  -0.61
 2198.00  -0.61
 2198.70  -0.61
 2199.40  -0.61
 2200.10  -0.61
 2200.80  -0.61
 2201.50  -0.61
 2202.20  -0.61
 2202.90  -0.61
 2203.60  -0.61
 2204.30  -0.61
 2205.00  -0.61
 2205.70  -0.61
 2206.40  -0.61
 2207.10  -0.61
 2207.80  -0.61
 2208.50  -0.61
 2209.20  -0.61
 2209.90  -0.61
 2210.60  -0.61
 2211.30  -0.61
 2212.00  -0.61
 2212.70  -0.61
 2213.40  -0.61
 2214.10  -0.61
 2214.80  -0.61
 2215.50  -0.61
 2216.20  -0.61
 2216.90  -0.61
 2217.60  -0.61
 2218.30  -0.61
 2219.00  -0.61
 2219.70  -0.61
 2220.40  -0.61
 2221.10  -0.61
 2221.80  -0.61
 2222.50  -0.61
 2223.20  -0.61
 2223.90  -0.61
 2224.60  -0.61
 2225.30  -0.61
 2226.00  -0.61
 2226.70  -0.61
 2227.40  -0.61
 2228.10  -0.61
 2228.80  -0.61
 2229.50  -0.61
 2230.20  -0.61
 2230.90  -0.61
 2231.60  -0.61
 2232.30  -0.61
 2233.00  -0.61
 2233.70  -0.61
 2234.40  -0.61
 2235.10  -0.61
 2235.80  -0.61
 2236.50  -0.61
 2237.20  -0.61
 2237.90  -0.61
 2238.60  -0.61
 2239.30  -0.61
 2240.00  -0.61
 2240.70  -0.61
 2241.40  -0.61
 2242.10  -0.61
 2242.80  -0.61
 2243.50  -0.61
 2244.20  -0.61
 2244.90  -0.61
 2245.60  -0.61
 2246.30  -0.61
 2247.00  -0.61
 2247.70  -0.61
 2248.40  -0.61
 2249.10  -0.61
 2249.80  -0.61
 2250.50  -0.61
 2251.20  -0.61
 2251.90  -0.61
 2252.60  -0.61
 2253.30  -0.61
 2254.00  -0.61
 2254.70  -0.61
 2255.40  -0.61
 2256.10  -0.61
 2256.80  -0.61
 2257.50  -0.61
 2258.20  -0.61
 2258.90  -0.61
 2259.60  -0.61
 2260.30  -0.61
 2261.00  -0.61
 2261.70  -0.61
 2262.40  -0.61
 2263.10  -0.61
 2263.80  -0.61
 2264.50  -0.61
 2265.20  -0.61
 2265.90  -0.61
 2266.60  -0.61
 2267.30  -0.61
 2268.00  -0.61
 2268.70  -0.61
 2269.40  -0.61
 2270.10  -0.61
 2270.80  -0.61
 2271.50  -0.61
 2272.20  -0.61
 2272.90  -0.61
 2273.60  -0.61
 2274.30  -0.61
 2275.00  -0.61
 2275.70  -0.61
 2276.40  -0.61
 2277.10  -0.61
 2277.80  -0.61
 2278.50  -0.61
 2279.20  -0.61
 2279.90  -0.61
 2280.60  -0.61
 2281.30  -0.61
 2282.00  -0.61
 2282.70  -0.61
 2283.40  -0.61
 2284.10  -0.61
 2284.80  -0.61
 2285.50  -0.61
 2286.20  -0.61
 2286.90  -0.61
 2287.60  -0.61
 2288.30  -0.61
 2289.00  -0.61
 2289.70  -0.61
 2290.40  -0.61
 2291.10  -0.61
 2291.80  -0.61
 2292.50  -0.61
 2293.20  -0.61
 2293.90  -0.61
 2294.60  -0.61
 2295.30  -0.61
 2296.00  -0.61
 2296.70  -0.61
 2297.40  -0.61
 2298.10  -0.61
 2298.80  -0.61
 2299.50  -0.61
 2300.20  -0.61
 2300.90  -0.61
 2301.60  -0.61
 2302.30  -0.61
 2303.00  -0.61
 2303.70  -0.61
 2304.40  -0.61
 2305.10  -0.61
 2305.80  -0.61
 2306.50  -0.61
 2307.20  -0.61
 2307.90  -0.61
 2308.60  -0.61
 2309.30  -0.61
 2310.00  -0.61
 2310.70  -0.61
 2311.40  -0.61
 2312.10  -0.61
 2312.80  -0.61
 2313.50  -0.61
 2314.20  -0.61
 2314.90  -0.61
 2315.60  -0.61
 2316.30  -0.61
 2317.00  -0.61
 2317.70  -0.61
 2318.40  -0.61
 2319.10  -0.61
 2319.80  -0.61
 2320.50  -0.61
 2321.20  -0.61
 2321.90  -0.61
 2322.60  -0.61
 2323.30  -0.61
 2324.00  -0.61
 2324.70  -0.61
 2325.40  -0.61
 2326.10  -0.61
 2326.80  -0.61
 2327.50  -0.61
 2328.20  -0.61
 2328.90  -0.61
 2329.60  -0.61
 2330.30  -0.61
 2331.00  -0.61
 2331.70  -0.61
 2332.40  -0.61
 2333.10  -0.61
 2333.80  -0.61
 2334.50  -0.61
 2335.20  -0.61
 2335.90  -0.61
 2336.60  -0.61
 2337.30  -0.61
 2338.00  -0.61
 2338.70  -0.61
 2339.40  -0.61
 2340.10  -0.61
 2340.80  -0.61
 2341.50  -0.61
 2342.20  -0.61
 2342.90  -0.61
 2343.60  -0.61
 2344.30  -0.61
 2345.00  -0.61
 2345.70  -0.61
 2346.40  -0.61
 2347.10  -0.61
 2347.80  -0.61
 2348.50  -0.61
 2349.20  -0.61
 2349.90  -0.61
 2350.60  -0.61
 2351.30  -0.61
 2352.00  -0.61
 2352.70  -0.61
 2353.40  -0.61
 2354.10  -0.61
 2354.80  -0.61
 2355.50  -0.61
 2356.20  -0.61
 2356.90  -0.61
 2357.60  -0.61
 2358.30  -0.61
 2359.00  -0.61
 2359.70  -0.61
 2360.40  -0.61
 2361.10  -0.61
 2361.80  -0.61
 2362.50  -0.61
 2363.20  -0.61
 2363.90  -0.61
 2364.60  -0.61
 2365.30  -0.61
 2366.00  -0.61
 2366.70  -0.61
 2367.40  -0.61
 2368.10  -0.61
 2368.80  -0.61
 2369.50  -0.61
 2370.20  -0.61
 2370.90  -0.61
 2371.60  -0.61
 2372.30  -0.61
 2373.00  -0.61
 2373.70  -0.61
 2374.40  -0.61
 2375.10  -0.61
 2375.80  -0.61
 2376.50  -0.61
 2377.20  -0.61
 2377.90  -0.61
 2378.60  -0.61
 2379.30  -0.61
 2380.00  -0.61
 2380.70  -0.61
 2381.40  -0.61
 2382.10  -0.61
 2382.80  -0.61
 2383.50  -0.61
 2384.20  -0.61
 2384.90  -0.61
 2385.60  -0.61
 2386.30  -0.61
 2387.00  -0.61
 2387.70  -0.61
 2388.40  -0.61
 2389.10  -0.61
 2389.80  -0.61
 2390.50  -0.61
 2391.20  -0.61
 2391.90  -0.61
 2392.60  -0.61
 2393.30  -0.61
 2394.00  -0.61
 2394.70  -0.61
 2395.40  -0.61
 2396.10  -0.61
 2396.80  -0.61
 2397.50  -0.61
 2398.20  -0.61
 2398.90  -0.61
 2399.60  -0.61
 2400.30  -0.61
 2401.00  -0.61
 2401.70  -0.61
 2402.40  -0.61
 2403.10  -0.61
 2403.80  -0.61
 2404.50  -0.61
 2405.20  -0.61
 2405.90  -0.61
 2406.60  -0.61
 2407.30  -0.61
 2408.00  -0.61
 2408.70  -0.61
 2409.40  -0.61
 2410.10  -0.61
 2410.80  -0.61
 2411.50  -0.61
 2412.20  -0.61
 2412.90  -0.61
 2413.60  -0.61
 2414.30  -0.61
 2415.00  -0.61
 2415.70  -0.61
 2416.40  -0.61
 2417.10  -0.61
 2417.80  -0.61
 2418.50  -0.61
 2419.20  -0.61
 2419.90  -0.61
 2420.60  -0.61
 2421.30  -0.61
 2422.00  -0.61
 2422.70  -0.61
 2423.40  -0.61
 2424.10  -0.61
 2424.80  -0.61
 2425.50  -0.61
 2426.20  -0.61
 2426.90  -0.61
 2427.60  -0.61
 2428.30  -0.61
 2429.00  -0.61
 2429.70  -0.61
 2430.40  -0.61
 2431.10  -0.61
 2431.80  -0.61
 2432.50  -0.61
 2433.20  -0.61
 2433.90  -0.61
 2434.60  -0.61
 2435.30  -0.61
 2436.00  -0.61
 2436.70  -0.61
 2437.40  -0.61
 2438.10  -0.61
 2438.80  -0.61
 2439.50  -0.61
 2440.20  -0.61
 2440.90  -0.61
 2441.60  -0.61
 2442.30  -0.61
 2443.00  -0.61
 2443.70  -0.61
 2444.40  -0.61
 2445.10  -0.61
 2445.80  -0.61
 2446.50  -0.61
 2447.20  -0.61
 2447.90  -0.61
 2448.60  -0.61
 2449.30  -0.61
 2450.00  -0.61
 2450.70  -0.61
 2451.40  -0.61
 2452.10  -0.61
 2452.80  -0.61
 2453.50  -0.61
 2454.20  -0.61
 2454.90  -0.61
 2455.60  -0.61
 2456.30  -0.61
 2457.00  -0.61
 2457.70  -0.61
 2458.40  -0.61
 2459.10  -0.61
 2459.80  -0.61
 2460.50  -0.61
 2461.20  -0.61
 2461.90  -0.61
 2462.60  -0.61
 2463.30  -0.61
 2464.00  -0.61
 2464.70  -0.61
 2465.40  -0.61
 2466.10  -0.61
 2466.80  -0.61
 2467.50  -0.61
 2468.20  -0.61
 2468.90  -0.61
 2469.60  -0.61
 2470.30  -0.61
 2471.00  -0.61
 2471.70  -0.61
 2472.40  -0.61
 2473.10  -0.61
 2473.80  -0.61
 2474.50  -0.61
 2475.20  -0.61
 2475.90  -0.61
 2476.60  -0.61
 2477.30  -0.61
 2478.00  -0.61
 2478.70  -0.61
 2479.40  -0.61
 2480.10  -0.61
 2480.80  -0.61
 2481.50  -0.61
 2482.20  -0.61
 2482.90  -0.61
 2483.60  -0.61
 2484.30  -0.61
 2485.00  -0.61
 2485.70  -0.61
 2486.40  -0.61
 2487.10  -0.61
 2487.80  -0.61
 2488.50  -0.61
 2489.20  -0.61
 2489.90  -0.61
 2490.60  -0.61
 2491.30  -0.61
 2492.00  -0.61
 2492.70  -0.61
 2493.40  -0.61
 2494.10  -0.61
 2494.80  -0.61
 2495.50  -0.61
 2496.20  -0.61
 2496.90  -0.61
 2497.60  -0.61
 2498.30  -0.61
 2499.00  -0.61
 2499.70  -0.61
 2500.40  -0.61
 2501.10  -0.61
 2501.80  -0.61
 2502.50  -0.61
 2503.20  -0.61
 2503.90  -0.61
 2504.60  -0.61
 2505.30  -0.61
 2506.00  -0.61
 2506.70  -0.61
 2507.40  -0.61
 2508.10  -0.61
 2508.80  -0.61
 2509.50  -0.61
 2510.20  -0.61
 2510.90  -0.61
 2511.60  -0.61
 2512.30  -0.61
 2513.00  -0.61
 2513.70  -0.61
 2514.40  -0.61
 2515.10  -0.61
 2515.80  -0.61
 2516.50  -0.61
 2517.20  -0.61
 2517.90  -0.61
 2518.60  -0.61
 2519.30  -0.61
 2520.00  -0.61
 2520.70  -0.61
 2521.40  -0.61
 2522.10  -0.61
 2522.80  -0.61
 2523.50  -0.61
 2524.20  -0.61
 2524.90  -0.61
 2525.60  -0.61
 2526.30  -0.61
 2527.00  -0.61
 2527.70  -0.61
 2528.40  -0.61
 2529.10  -0.61
 2529.80  -0.61
 2530.50  -0.61
 2531.20  -0.61
 2531.90  -0.61
 2532.60  -0.61
 2533.30  -0.61
 2534.00  -0.61
 2534.70  -0.61
 2535.40  -0.61
 2536.10  -0.61
 2536.80  -0.61
 2537.50  -0.61
 2538.20  -0.61
 2538.90  -0.61
 2539.60  -0.61
 2540.30  -0.61
 2541.00  -0.61
 2541.70  -0.61
 2542.40  -0.61
 2543.10  -0.61
 2543.80  -0.61
 2544.50  -0.61
 2545.20  -0.61
 2545.90  -0.61
 2546.60  -0.61
 2547.30  -0.61
 2548.00  -0.61
 2548.70  -0.61
 2549.40  -0.61
 2550.10  -0.61
 2550.80  -0.61
 2551.50  -0.61
 2552.20  -0.61
 2552.90  -0.61
 2553.60  -0.61
 2554.30  -0.61
 2555.00  -0.61
 2555.70  -0.61
 2556.40  -0.61
 2557.10  -0.61
 2557.80  -0.61
 2558.50  -0.61
 2559.20  -0.61
 2559.90  -0.61
 2560.60  -0.61
 2561.30  -0.61
 2562.00  -0.61
 2562.70  -0.61
 2563.40  -0.61
 2564.10  -0.61
 2564.80  -0.61
 2565.50  -0.61
 2566.20  -0.61
 2566.90  -0.61
 2567.60  -0.61
 2568.30  -0.61
 2569.00  -0.61
 2569.70  -0.61
 2570.40  -0.61
 2571.10  -0.61
 2571.80  -0.61
 2572.50  -0.61
 2573.20  -0.61
 2573.90  -0.61
 2574.60  -0.61
 2575.30  -0.61
 2576.00  -0.61
 2576.70  -0.61
 2577.40  -0.61
 2578.10  -0.61
 2578.80  -0.61
 2579.50  -0.61
 2580.20  -0.61
 2580.90  -0.61
 2581.60  -0.61
 2582.30  -0.61
 2583.00  -0.61
 2583.70  -0.61
 2584.40  -0.61
 2585.10  -0.61
 2585.80  -0.61
 2586.50  -0.61
 2587.20  -0.61
 2587.90  -0.61
 2588.60  -0.61
 2589.30  -0.61
 2590.00  -0.61
 2590.70  -0.61
 2591.40  -0.61
 2592.10  -0.61
 2592.80  -0.61
 2593.50  -0.61
 2594.20  -0.61
 2594.90  -0.61
 2595.60  -0.61
 2596.30  -0.61
 2597.00  -0.61
 2597.70  -0.61
 2598.40  -0.61
 2599.10  -0.61
 2599.80  -0.61
 2600.50  -0.61
 2601.20  -0.61
 2601.90  -0.61
 2602.60  -0.61
 2603.30  -0.61
 2604.00  -0.61
 2604.70  -0.61
 2605.40  -0.61
 2606.10  -0.61
 2606.80  -0.61
 2607.50  -0.61
 2608.20  -0.61
 2608.90  -0.61
 2609.60  -0.61
 2610.30  -0.61
 2611.00  -0.61
 2611.70  -0.61
 2612.40  -0.61
 2613.10  -0.61
 2613.80  -0.61
 2614.50  -0.61
 2615.20  -0.61
 2615.90  -0.61
 2616.60  -0.61
 2617.30  -0.61
 2618.00  -0.61
 2618.70  -0.61
 2619.40  -0.61
 2620.10  -0.61
 2620.80  -0.61
 2621.50  -0.61
 2622.20  -0.61
 2622.90  -0.61
 2623.60  -0.61
 2624.30  -0.61
 2625.00  -0.61
 2625.70  -0.61
 2626.40  -0.61
 2627.10  -0.61
 2627.80  -0.61
 2628.50  -0.61
 2629.20  -0.61
 2629.90  -0.61
 2630.60  -0.61
 2631.30  -0.61
 2632.00  -0.61
 2632.70  -0.61
 2633.40  -0.61
 2634.10  -0.61
 2634.80  -0.61
 2635.50  -0.61
 2636.20  -0.61
 2636.90  -0.61
 2637.60  -0.61
 2638.30  -0.61
 2639.00  -0.61
 2639.70  -0.61
 2640.40  -0.61
 2641.10  -0.61
 2641.80  -0.61
 2642.50  -0.61
 2643.20  -0.61
 2643.90  -0.61
 2644.60  -0.61
 2645.30  -0.61
 2646.00  -0.61
 2646.70  -0.61
 2647.40  -0.61
 2648.10  -0.61
 2648.80  -0.61
 2649.50  -0.61
 2650.20  -0.61
 2650.90  -0.61
 2651.60  -0.61
 2652.30  -0.61
 2653.00  -0.61
 2653.70  -0.61
 2654.40  -0.61
 2655.10  -0.61
 2655.80  -0.61
 2656.50  -0.61
 2657.20  -0.61
 2657.90  -0.61
 2658.60  -0.61
 2659.30  -0.61
 2660.00  -0.61
 2660.70  -0.61
 2661.40  -0.61
 2662.10  -0.61
 2662.80  -0.61
 2663.50  -0.61
 2664.20  -0.61
 2664.90  -0.61
 2665.60  -0.61
 2666.30  -0.61
 2667.00  -0.61
 2667.70  -0.61
 2668.40  -0.61
 2669.10  -0.61
 2669.80  -0.61
 2670.50  -0.61
 2671.20  -0.61
 2671.90  -0.61
 2672.60  -0.61
 2673.30  -0.61
 2674.00  -0.61
 2674.70  -0.61
 2675.40  -0.61
 2676.10  -0.61
 2676.80  -0.61
 2677.50  -0.61
 2678.20  -0.61
 2678.90  -0.61
 2679.60  -0.61
 2680.30  -0.61
 2681.00  -0.61
 2681.70  -0.61
 2682.40  -0.61
 2683.10  -0.61
 2683.80  -0.61
 2684.50  -0.61
 2685.20  -0.61
 2685.90  -0.61
 2686.60  -0.61
 2687.30  -0.61
 2688.00  -0.61
 2688.70  -0.61
 2689.40  -0.61
 2690.10  -0.61
 2690.80  -0.61
 2691.50  -0.61
 2692.20  -0.61
 2692.90  -0.61
 2693.60  -0.61
 2694.30  -0.61
 2695.00  -0.61
 2695.70  -0.61
 2696.40  -0.61
 2697.10  -0.61
 2697.80  -0.61
 2698.50  -0.61
 2699.20  -0.61
 2699.90  -0.61
 2700.60  -0.61
 2701.30  -0.61
 2702.00  -0.61
 2702.70  -0.61
 2703.40  -0.61
 2704.10  -0.61
 2704.80  -0.61
 2705.50  -0.61
 2706.20  -0.61
 2706.90  -0.61
 2707.60  -0.61
 2708.30  -0.61
 2709.00  -0.61
 2709.70  -0.61
 2710.40  -0.61
 2711.10  -0.61
 2711.80  -0.61
 2712.50  -0.61
 2713.20  -0.61
 2713.90  -0.61
 2714.60  -0.61
 2715.30  -0.61
 2716.00  -0.61
 2716.70  -0.61
 2717.40  -0.61
 2718.10  -0.61
 2718.80  -0.61
 2719.50  -0.61
 2720.20  -0.61
 2720.90  -0.61
 2721.60  -0.61
 2722.30  -0.61
 2723.00  -0.61
 2723.70  -0.61
 2724.40  -0.61
 2725.10  -0.61
 2725.80  -0.61
 2726.50  -0.61
 2727.20  -0.61
 2727.90  -0.61
 2728.60  -0.61
 2729.30  -0.61
 2730.00  -0.61
 2730.70  -0.61
 2731.40  -0.61
 2732.10  -0.61
 2732.80  -0.61
 2733.50  -0.61
 2734.20  -0.61
 2734.90  -0.61
 2735.60  -0.61
 2736.30  -0.61
 2737.00  -0.61
 2737.70  -0.61
 2738.40  -0.61
 2739.10  -0.61
 2739.80  -0.61
 2740.50  -0.61
 2741.20  -0.61
 2741.90  -0.61
 2742.60  -0.61
 2743.30  -0.61
 2744.00  -0.61
 2744.70  -0.61
 2745.40  -0.61
 2746.10  -0.61
 2746.80  -0.61
 2747.50  -0.61
 2748.20  -0.61
 2748.90  -0.61
 2749.60  -0.61
 2750.30  -0.61
 2751.00  -0.61
 2751.70  -0.61
 2752.40  -0.61
 2753.10  -0.61
 2753.80  -0.61
 2754.50  -0.61
 2755.20  -0.61
 2755.90  -0.61
 2756.60  -0.61
 2757.30  -0.61
 2758.00  -0.61
 2758.70  -0.61
 2759.40  -0.61
 2760.10  -0.61
 2760.80  -0.61
 2761.50  -0.61
 2762.20  -0.61
 2762.90  -0.61
 2763.60  -0.61
 2764.30  -0.61
 2765.00  -0.61
 2765.70  -0.61
 2766.40  -0.61
 2767.10  -0.61
 2767.80  -0.61
 2768.50  -0.61
 2769.20  -0.61
 2769.90  -0.61
 2770.60  -0.61
 2771.30  -0.61
 2772.00  -0.61
 2772.70  -0.61
 2773.40  -0.61
 2774.10  -0.61
 2774.80  -0.61
 2775.50  -0.61
 2776.20  -0.61
 2776.90  -0.61
 2777.60  -0.61
 2778.30  -0.61
 2779.00  -0.61
 2779.70  -0.61
 2780.40  -0.61
 2781.10  -0.61
 2781.80  -0.61
 2782.50  -0.61
 2783.20  -0.61
 2783.90  -0.61
 2784.60  -0.61
 2785.30  -0.61
 2786.00  -0.61
 2786.70  -0.61
 2787.40  -0.61
 2788.10  -0.61
 2788.80  -0.61
 2789.50  -0.61
 2790.20  -0.61
 2790.90  -0.61
 2791.60  -0.61
 2792.30  -0.61
 2793.00  -0.61
 2793.70  -0.61
 2794.40  -0.61
 2795.10  -0.61
 2795.80  -0.61
 2796.50  -0.61
 2797.20  -0.61
 2797.90  -0.61
 2798.60  -0.61
 2799.30  -0.61
 2800.00  -0.61
 2800.70  -0.61
 2801.40  -0.61
 2802.10  -0.61
 2802.80  -0.61
 2803.50  -0.61
 2804.20  -0.61
 2804.90  -0.61
 2805.60  -0.61
 2806.30  -0.61
 2807.00  -0.61
 2807.70  -0.61
 2808.40  -0.61
 2809.10  -0.61
 2809.80  -0.61
 2810.50  -0.61
 2811.20  -0.61
 2811.90  -0.61
 2812.60  -0.61
 2813.30  -0.61
 2814.00  -0.61
 2814.70  -0.61
 2815.40  -0.61
 2816.10  -0.61
 2816.80  -0.61
 2817.50  -0.61
 2818.20  -0.61
 2818.90  -0.61
 2819.60  -0.61
 2820.30  -0.61
 2821.00  -0.61
 2821.70  -0.61
 2822.40  -0.61
 2823.10  -0.61
 2823.80  -0.61
 2824.50  -0.61
 2825.20  -0.61
 2825.90  -0.61
 2826.60  -0.61
 2827.30  -0.61
 2828.00  -0.61
 2828.70  -0.61
 2829.40  -0.61
 2830.10  -0.61
 2830.80  -0.61
 2831.50  -0.61
 2832.20  -0.61
 2832.90  -0.61
 2833.60  -0.61
 2834.30  -0.61
 2835.00  -0.61
 2835.70  -0.61
 2836.40  -0.61
 2837.10  -0.61
 2837.80  -0.61
 2838.50  -0.61
 2839.20  -0.61
 2839.90  -0.61
 2840.60  -0.61
 2841.30  -0.61
 2842.00  -0.61
 2842.70  -0.61
 2843.40  -0.61
 2844.10  -0.61
 2844.80  -0.61
 2845.50  -0.61
 2846.20  -0.61
 2846.90  -0.61
 2847.60  -0.61
 2848.30  -0.61
 2849.00  -0.61
 2849.70  -0.61
 2850.40  -0.61
 2851.10  -0.61
 2851.80  -0.61
 2852.50  -0.61
 2853.20  -0.61
 2853.90  -0.61
 2854.60  -0.61
 2855.30  -0.61
 2856.00  -0.61
 2856.70  -0.61
 2857.40  -0.61
 2858.10  -0.61
 2858.80  -0.61
 2859.50  -0.61
 2860.20  -0.61
 2860.90  -0.61
 2861.60  -0.61
 2862.30  -0.61
 2863.00  -0.61
 2863.70  -0.61
 2864.40  -0.61
 2865.10  -0.61
 2865.80  -0.61
 2866.50  -0.61
 2867.20  -0.61
 2867.90  -0.61
 2868.60  -0.61
 2869.30  -0.61
 2870.00  -0.61
 2870.70  -0.61
 2871.40  -0.61
 2872.10  -0.61
 2872.80  -0.61
 2873.50  -0.61
 2874.20  -0.61
 2874.90  -0.61
 2875.60  -0.61
 2876.30  -0.61
 2877.00  -0.61
 2877.70  -0.61
 2878.40  -0.61
 2879.10  -0.61
 2879.80  -0.61
 2880.50  -0.61
 2881.20  -0.61
 2881.90  -0.61
 2882.60  -0.61
 2883.30  -0.61
 2884.00  -0.61
 2884.70  -0.61
 2885.40  -0.61
 2886.10  -0.61
 2886.80  -0.61
 2887.50  -0.61
 2888.20  -0.61
 2888.90  -0.61
 2889.60  -0.61
 2890.30  -0.61
 2891.00  -0.61
 2891.70  -0.61
 2892.40  -0.61
 2893.10  -0.61
 2893.80  -0.61
 2894.50  -0.61
 2895.20  -0.61
 2895.90  -0.61
 2896.60  -0.61
 2897.30  -0.61
 2898.00  -0.61
 2898.70  -0.61
 2899.40  -0.61
 2900.10  -0.61
 2900.80  -0.61
 2901.50  -0.61
 2902.20  -0.61
 2902.90  -0.61
 2903.60  -0.61
 2904.30  -0.61
 2905.00  -0.61
 2905.70  -0.61
 2906.40  -0.61
 2907.10  -0.61
 2907.80  -0.61
 2908.50  -0.61
 2909.20  -0.61
 2909.90  -0.61
 2910.60  -0.61
 2911.30  -0.61
 2912.00  -0.61
 2912.70  -0.61
 2913.40  -0.61
 2914.10  -0.61
 2914.80  -0.61
 2915.50  -0.61
 2916.20  -0.61
 2916.90  -0.61
 2917.60  -0.61
 2918.30  -0.61
 2919.00  -0.61
 2919.70  -0.61
 2920.40  -0.61
 2921.10  -0.61
 2921.80  -0.61
 2922.50  -0.61
 2923.20  -0.61
 2923.90  -0.61
 2924.60  -0.61
 2925.30  -0.61
 2926.00  -0.61
 2926.70  -0.61
 2927.40  -0.61
 2928.10  -0.61
 2928.80  -0.61
 2929.50  -0.61
 2930.20  -0.61
 2930.90  -0.61
 2931.60  -0.61
 2932.30  -0.61
 2933.00  -0.61
 2933.70  -0.61
 2934.40  -0.61
 2935.10  -0.61
 2935.80  -0.61
 2936.50  -0.61
 2937.20  -0.61
 2937.90  -0.61
 2938.60  -0.61
 2939.30  -0.61
 2940.00  -0.61
 2940.70  -0.61
 2941.40  -0.61
 2942.10  -0.61
 2942.80  -0.61
 2943.50  -0.61
 2944.20  -0.61
 2944.90  -0.61
 2945.60  -0.61
 2946.30  -0.61
 2947.00  -0.61
 2947.70  -0.61
 2948.40  -0.61
 2949.10  -0.61
 2949.80  -0.61
 2950.50  -0.61
 2951.20  -0.61
 2951.90  -0.61
 2952.60  -0.61
 2953.30  -0.61
 2954.00  -0.61
 2954.70  -0.61
 2955.40  -0.61
 2956.10  -0.61
 2956.80  -0.61
 2957.50  -0.61
 2958.20  -0.61
 2958.90  -0.61
 2959.60  -0.61
 2960.30  -0.61
 2961.00  -0.61
 2961.70  -0.61
 2962.40  -0.61
 2963.10  -0.61
 2963.80  -0.61
 2964.50  -0.61
 2965.20  -0.61
 2965.90  -0.61
 2966.60  -0.61
 2967.30  -0.61
 2968.00  -0.61
 2968.70  -0.61
 2969.40  -0.61
 2970.10  -0.61
 2970.80  -0.61
 2971.50  -0.61
 2972.20  -0.61
 2972.90  -0.61
 2973.60  -0.61
 2974.30  -0.61
 2975.00  -0.61
 2975.70  -0.61
 2976.40  -0.61
 2977.10  -0.61
 2977.80  -0.61
 2978.50  -0.61
 2979.20  -0.61
 2979.90  -0.61
 2980.60  -0.61
 2981.30  -0.61
 2982.00  -0.61
 2982.70  -0.61
 2983.40  -0.61
 2984.10  -0.61
 2984.80  -0.61
 2985.50  -0.61
 2986.20  -0.61
 2986.90  -0.61
 2987.60  -0.61
 2988.30  -0.61
 2989.00  -0.61
 2989.70  -0.61
 2990.40  -0.61
 2991.10  -0.61
 2991.80  -0.61
 2992.50  -0.61
 2993.20  -0.61
 2993.90  -0.61
 2994.60  -0.61
 2995.30  -0.61
 2996.00  -0.61
 2996.70  -0.61
 2997.40  -0.61
 2998.10  -0.61
 2998.80  -0.61
 2999.50  -0.61
