#Navio B MarAd
#Manobra de Curva Giro
#
#Eta 
#
#temp      rot 
 0.00  1.00
 0.70  1.00
 1.40  1.00
 2.10  1.00
 2.80  1.00
 3.50  1.00
 4.20  1.00
 4.90  1.00
 5.60  1.00
 6.30  1.00
 7.00  1.00
 7.70  1.00
 8.40  1.01
 9.10  1.01
 9.80  1.01
 10.50  1.01
 11.20  1.01
 11.90  1.01
 12.60  1.01
 13.30  1.01
 14.00  1.01
 14.70  1.01
 15.40  1.01
 16.10  1.01
 16.80  1.01
 17.50  1.01
 18.20  1.01
 18.90  1.01
 19.60  1.01
 20.30  1.01
 21.00  1.02
 21.70  1.02
 22.40  1.02
 23.10  1.02
 23.80  1.02
 24.50  1.02
 25.20  1.02
 25.90  1.02
 26.60  1.02
 27.30  1.02
 28.00  1.02
 28.70  1.02
 29.40  1.02
 30.10  1.02
 30.80  1.02
 31.50  1.02
 32.20  1.03
 32.90  1.03
 33.60  1.03
 34.30  1.03
 35.00  1.03
 35.70  1.03
 36.40  1.03
 37.10  1.03
 37.80  1.03
 38.50  1.03
 39.20  1.03
 39.90  1.03
 40.60  1.03
 41.30  1.03
 42.00  1.03
 42.70  1.04
 43.40  1.04
 44.10  1.04
 44.80  1.04
 45.50  1.04
 46.20  1.04
 46.90  1.04
 47.60  1.04
 48.30  1.04
 49.00  1.04
 49.70  1.04
 50.40  1.04
 51.10  1.04
 51.80  1.05
 52.50  1.05
 53.20  1.05
 53.90  1.05
 54.60  1.05
 55.30  1.05
 56.00  1.05
 56.70  1.05
 57.40  1.05
 58.10  1.05
 58.80  1.05
 59.50  1.05
 60.20  1.06
 60.90  1.06
 61.60  1.06
 62.30  1.06
 63.00  1.06
 63.70  1.06
 64.40  1.06
 65.10  1.06
 65.80  1.06
 66.50  1.06
 67.20  1.07
 67.90  1.07
 68.60  1.07
 69.30  1.07
 70.00  1.07
 70.70  1.07
 71.40  1.07
 72.10  1.07
 72.80  1.07
 73.50  1.08
 74.20  1.08
 74.90  1.08
 75.60  1.08
 76.30  1.08
 77.00  1.08
 77.70  1.08
 78.40  1.08
 79.10  1.08
 79.80  1.09
 80.50  1.09
 81.20  1.09
 81.90  1.09
 82.60  1.09
 83.30  1.09
 84.00  1.09
 84.70  1.09
 85.40  1.10
 86.10  1.10
 86.80  1.10
 87.50  1.10
 88.20  1.10
 88.90  1.10
 89.60  1.10
 90.30  1.11
 91.00  1.11
 91.70  1.11
 92.40  1.11
 93.10  1.11
 93.80  1.11
 94.50  1.11
 95.20  1.12
 95.90  1.12
 96.60  1.12
 97.30  1.12
 98.00  1.12
 98.70  1.12
 99.40  1.12
 100.10  1.13
 100.80  1.13
 101.50  1.13
 102.20  1.13
 102.90  1.13
 103.60  1.13
 104.30  1.14
 105.00  1.14
 105.70  1.14
 106.40  1.14
 107.10  1.14
 107.80  1.14
 108.50  1.15
 109.20  1.15
 109.90  1.15
 110.60  1.15
 111.30  1.15
 112.00  1.15
 112.70  1.16
 113.40  1.16
 114.10  1.16
 114.80  1.16
 115.50  1.16
 116.20  1.16
 116.90  1.17
 117.60  1.17
 118.30  1.17
 119.00  1.17
 119.70  1.17
 120.40  1.18
 121.10  1.18
 121.80  1.18
 122.50  1.18
 123.20  1.18
 123.90  1.19
 124.60  1.19
 125.30  1.19
 126.00  1.19
 126.70  1.19
 127.40  1.20
 128.10  1.20
 128.80  1.20
 129.50  1.20
 130.20  1.20
 130.90  1.21
 131.60  1.21
 132.30  1.21
 133.00  1.21
 133.70  1.21
 134.40  1.22
 135.10  1.22
 135.80  1.22
 136.50  1.22
 137.20  1.22
 137.90  1.23
 138.60  1.23
 139.30  1.23
 140.00  1.23
 140.70  1.24
 141.40  1.24
 142.10  1.24
 142.80  1.24
 143.50  1.24
 144.20  1.25
 144.90  1.25
 145.60  1.25
 146.30  1.25
 147.00  1.26
 147.70  1.26
 148.40  1.26
 149.10  1.26
 149.80  1.27
 150.50  1.27
 151.20  1.27
 151.90  1.27
 152.60  1.28
 153.30  1.28
 154.00  1.28
 154.70  1.28
 155.40  1.28
 156.10  1.29
 156.80  1.29
 157.50  1.29
 158.20  1.29
 158.90  1.30
 159.60  1.30
 160.30  1.30
 161.00  1.30
 161.70  1.31
 162.40  1.31
 163.10  1.31
 163.80  1.31
 164.50  1.32
 165.20  1.32
 165.90  1.32
 166.60  1.32
 167.30  1.33
 168.00  1.33
 168.70  1.33
 169.40  1.34
 170.10  1.34
 170.80  1.34
 171.50  1.34
 172.20  1.35
 172.90  1.35
 173.60  1.35
 174.30  1.35
 175.00  1.36
 175.70  1.36
 176.40  1.36
 177.10  1.36
 177.80  1.37
 178.50  1.37
 179.20  1.37
 179.90  1.38
 180.60  1.38
 181.30  1.38
 182.00  1.38
 182.70  1.39
 183.40  1.39
 184.10  1.39
 184.80  1.39
 185.50  1.40
 186.20  1.40
 186.90  1.40
 187.60  1.41
 188.30  1.41
 189.00  1.41
 189.70  1.41
 190.40  1.42
 191.10  1.42
 191.80  1.42
 192.50  1.43
 193.20  1.43
 193.90  1.43
 194.60  1.43
 195.30  1.44
 196.00  1.44
 196.70  1.44
 197.40  1.45
 198.10  1.45
 198.80  1.45
 199.50  1.45
 200.20  1.46
 200.90  1.46
 201.60  1.46
 202.30  1.47
 203.00  1.47
 203.70  1.47
 204.40  1.48
 205.10  1.48
 205.80  1.48
 206.50  1.48
 207.20  1.49
 207.90  1.49
 208.60  1.49
 209.30  1.50
 210.00  1.50
 210.70  1.50
 211.40  1.51
 212.10  1.51
 212.80  1.51
 213.50  1.51
 214.20  1.52
 214.90  1.52
 215.60  1.52
 216.30  1.53
 217.00  1.53
 217.70  1.53
 218.40  1.54
 219.10  1.54
 219.80  1.54
 220.50  1.54
 221.20  1.55
 221.90  1.55
 222.60  1.55
 223.30  1.56
 224.00  1.56
 224.70  1.56
 225.40  1.57
 226.10  1.57
 226.80  1.57
 227.50  1.58
 228.20  1.58
 228.90  1.58
 229.60  1.58
 230.30  1.59
 231.00  1.59
 231.70  1.59
 232.40  1.60
 233.10  1.60
 233.80  1.60
 234.50  1.61
 235.20  1.61
 235.90  1.61
 236.60  1.62
 237.30  1.62
 238.00  1.62
 238.70  1.63
 239.40  1.63
 240.10  1.63
 240.80  1.64
 241.50  1.64
 242.20  1.64
 242.90  1.64
 243.60  1.65
 244.30  1.65
 245.00  1.65
 245.70  1.66
 246.40  1.66
 247.10  1.66
 247.80  1.67
 248.50  1.67
 249.20  1.67
 249.90  1.68
 250.60  1.68
 251.30  1.68
 252.00  1.69
 252.70  1.69
 253.40  1.69
 254.10  1.70
 254.80  1.70
 255.50  1.70
 256.20  1.71
 256.90  1.71
 257.60  1.71
 258.30  1.72
 259.00  1.72
 259.70  1.72
 260.40  1.73
 261.10  1.73
 261.80  1.73
 262.50  1.73
 263.20  1.74
 263.90  1.74
 264.60  1.74
 265.30  1.75
 266.00  1.75
 266.70  1.75
 267.40  1.76
 268.10  1.76
 268.80  1.76
 269.50  1.77
 270.20  1.77
 270.90  1.77
 271.60  1.78
 272.30  1.78
 273.00  1.78
 273.70  1.79
 274.40  1.79
 275.10  1.79
 275.80  1.80
 276.50  1.80
 277.20  1.80
 277.90  1.81
 278.60  1.81
 279.30  1.81
 280.00  1.82
 280.70  1.82
 281.40  1.82
 282.10  1.83
 282.80  1.83
 283.50  1.83
 284.20  1.84
 284.90  1.84
 285.60  1.84
 286.30  1.85
 287.00  1.85
 287.70  1.85
 288.40  1.85
 289.10  1.86
 289.80  1.86
 290.50  1.86
 291.20  1.87
 291.90  1.87
 292.60  1.87
 293.30  1.88
 294.00  1.88
 294.70  1.88
 295.40  1.89
 296.10  1.89
 296.80  1.89
 297.50  1.90
 298.20  1.90
 298.90  1.90
 299.60  1.91
 300.30  1.91
 301.00  1.91
 301.70  1.92
 302.40  1.92
 303.10  1.92
 303.80  1.93
 304.50  1.93
 305.20  1.93
 305.90  1.94
 306.60  1.94
 307.30  1.94
 308.00  1.95
 308.70  1.95
 309.40  1.95
 310.10  1.96
 310.80  1.96
 311.50  1.96
 312.20  1.97
 312.90  1.97
 313.60  1.97
 314.30  1.98
 315.00  1.98
 315.70  1.98
 316.40  1.98
 317.10  1.99
 317.80  1.99
 318.50  1.99
 319.20  2.00
 319.90  2.00
 320.60  2.00
 321.30  2.01
 322.00  2.01
 322.70  2.01
 323.40  2.02
 324.10  2.02
 324.80  2.02
 325.50  2.03
 326.20  2.03
 326.90  2.03
 327.60  2.04
 328.30  2.04
 329.00  2.04
 329.70  2.05
 330.40  2.05
 331.10  2.05
 331.80  2.06
 332.50  2.06
 333.20  2.06
 333.90  2.07
 334.60  2.07
 335.30  2.07
 336.00  2.08
 336.70  2.08
 337.40  2.08
 338.10  2.08
 338.80  2.09
 339.50  2.09
 340.20  2.09
 340.90  2.10
 341.60  2.10
 342.30  2.10
 343.00  2.11
 343.70  2.11
 344.40  2.11
 345.10  2.12
 345.80  2.12
 346.50  2.12
 347.20  2.13
 347.90  2.13
 348.60  2.13
 349.30  2.14
 350.00  2.14
 350.70  2.14
 351.40  2.14
 352.10  2.15
 352.80  2.15
 353.50  2.15
 354.20  2.16
 354.90  2.16
 355.60  2.16
 356.30  2.17
 357.00  2.17
 357.70  2.17
 358.40  2.18
 359.10  2.18
 359.80  2.18
 360.50  2.19
 361.20  2.19
 361.90  2.19
 362.60  2.19
 363.30  2.20
 364.00  2.20
 364.70  2.20
 365.40  2.21
 366.10  2.21
 366.80  2.21
 367.50  2.22
 368.20  2.22
 368.90  2.22
 369.60  2.23
 370.30  2.23
 371.00  2.23
 371.70  2.23
 372.40  2.24
 373.10  2.24
 373.80  2.24
 374.50  2.25
 375.20  2.25
 375.90  2.25
 376.60  2.26
 377.30  2.26
 378.00  2.26
 378.70  2.27
 379.40  2.27
 380.10  2.27
 380.80  2.27
 381.50  2.28
 382.20  2.28
 382.90  2.28
 383.60  2.29
 384.30  2.29
 385.00  2.29
 385.70  2.30
 386.40  2.30
 387.10  2.30
 387.80  2.30
 388.50  2.31
 389.20  2.31
 389.90  2.31
 390.60  2.32
 391.30  2.32
 392.00  2.32
 392.70  2.32
 393.40  2.33
 394.10  2.33
 394.80  2.33
 395.50  2.34
 396.20  2.34
 396.90  2.34
 397.60  2.35
 398.30  2.35
 399.00  2.35
 399.70  2.35
 400.40  2.36
 401.10  2.36
 401.80  2.36
 402.50  2.37
 403.20  2.37
 403.90  2.37
 404.60  2.37
 405.30  2.38
 406.00  2.38
 406.70  2.38
 407.40  2.39
 408.10  2.39
 408.80  2.39
 409.50  2.39
 410.20  2.40
 410.90  2.40
 411.60  2.40
 412.30  2.41
 413.00  2.41
 413.70  2.41
 414.40  2.41
 415.10  2.42
 415.80  2.42
 416.50  2.42
 417.20  2.43
 417.90  2.43
 418.60  2.43
 419.30  2.43
 420.00  2.44
 420.70  2.44
 421.40  2.44
 422.10  2.44
 422.80  2.45
 423.50  2.45
 424.20  2.45
 424.90  2.46
 425.60  2.46
 426.30  2.46
 427.00  2.46
 427.70  2.47
 428.40  2.47
 429.10  2.47
 429.80  2.47
 430.50  2.48
 431.20  2.48
 431.90  2.48
 432.60  2.49
 433.30  2.49
 434.00  2.49
 434.70  2.49
 435.40  2.50
 436.10  2.50
 436.80  2.50
 437.50  2.50
 438.20  2.51
 438.90  2.51
 439.60  2.51
 440.30  2.51
 441.00  2.52
 441.70  2.52
 442.40  2.52
 443.10  2.53
 443.80  2.53
 444.50  2.53
 445.20  2.53
 445.90  2.54
 446.60  2.54
 447.30  2.54
 448.00  2.54
 448.70  2.55
 449.40  2.55
 450.10  2.55
 450.80  2.55
 451.50  2.56
 452.20  2.56
 452.90  2.56
 453.60  2.56
 454.30  2.57
 455.00  2.57
 455.70  2.57
 456.40  2.57
 457.10  2.58
 457.80  2.58
 458.50  2.58
 459.20  2.58
 459.90  2.59
 460.60  2.59
 461.30  2.59
 462.00  2.60
 462.70  2.60
 463.40  2.60
 464.10  2.60
 464.80  2.61
 465.50  2.61
 466.20  2.61
 466.90  2.61
 467.60  2.61
 468.30  2.62
 469.00  2.62
 469.70  2.62
 470.40  2.62
 471.10  2.63
 471.80  2.63
 472.50  2.63
 473.20  2.63
 473.90  2.64
 474.60  2.64
 475.30  2.64
 476.00  2.64
 476.70  2.65
 477.40  2.65
 478.10  2.65
 478.80  2.65
 479.50  2.66
 480.20  2.66
 480.90  2.66
 481.60  2.66
 482.30  2.67
 483.00  2.67
 483.70  2.67
 484.40  2.67
 485.10  2.68
 485.80  2.68
 486.50  2.68
 487.20  2.68
 487.90  2.68
 488.60  2.69
 489.30  2.69
 490.00  2.69
 490.70  2.69
 491.40  2.70
 492.10  2.70
 492.80  2.70
 493.50  2.70
 494.20  2.71
 494.90  2.71
 495.60  2.71
 496.30  2.71
 497.00  2.71
 497.70  2.72
 498.40  2.72
 499.10  2.72
 499.80  2.72
 500.50  2.73
 501.20  2.73
 501.90  2.73
 502.60  2.73
 503.30  2.74
 504.00  2.74
 504.70  2.74
 505.40  2.74
 506.10  2.74
 506.80  2.75
 507.50  2.75
 508.20  2.75
 508.90  2.75
 509.60  2.76
 510.30  2.76
 511.00  2.76
 511.70  2.76
 512.40  2.76
 513.10  2.77
 513.80  2.77
 514.50  2.77
 515.20  2.77
 515.90  2.77
 516.60  2.78
 517.30  2.78
 518.00  2.78
 518.70  2.78
 519.40  2.79
 520.10  2.79
 520.80  2.79
 521.50  2.79
 522.20  2.79
 522.90  2.80
 523.60  2.80
 524.30  2.80
 525.00  2.80
 525.70  2.80
 526.40  2.81
 527.10  2.81
 527.80  2.81
 528.50  2.81
 529.20  2.82
 529.90  2.82
 530.60  2.82
 531.30  2.82
 532.00  2.82
 532.70  2.83
 533.40  2.83
 534.10  2.83
 534.80  2.83
 535.50  2.83
 536.20  2.84
 536.90  2.84
 537.60  2.84
 538.30  2.84
 539.00  2.84
 539.70  2.85
 540.40  2.85
 541.10  2.85
 541.80  2.85
 542.50  2.85
 543.20  2.86
 543.90  2.86
 544.60  2.86
 545.30  2.86
 546.00  2.86
 546.70  2.87
 547.40  2.87
 548.10  2.87
 548.80  2.87
 549.50  2.87
 550.20  2.88
 550.90  2.88
 551.60  2.88
 552.30  2.88
 553.00  2.88
 553.70  2.89
 554.40  2.89
 555.10  2.89
 555.80  2.89
 556.50  2.89
 557.20  2.89
 557.90  2.90
 558.60  2.90
 559.30  2.90
 560.00  2.90
 560.70  2.90
 561.40  2.91
 562.10  2.91
 562.80  2.91
 563.50  2.91
 564.20  2.91
 564.90  2.92
 565.60  2.92
 566.30  2.92
 567.00  2.92
 567.70  2.92
 568.40  2.92
 569.10  2.93
 569.80  2.93
 570.50  2.93
 571.20  2.93
 571.90  2.93
 572.60  2.94
 573.30  2.94
 574.00  2.94
 574.70  2.94
 575.40  2.94
 576.10  2.94
 576.80  2.95
 577.50  2.95
 578.20  2.95
 578.90  2.95
 579.60  2.95
 580.30  2.96
 581.00  2.96
 581.70  2.96
 582.40  2.96
 583.10  2.96
 583.80  2.96
 584.50  2.97
 585.20  2.97
 585.90  2.97
 586.60  2.97
 587.30  2.97
 588.00  2.97
 588.70  2.98
 589.40  2.98
 590.10  2.98
 590.80  2.98
 591.50  2.98
 592.20  2.98
 592.90  2.99
 593.60  2.99
 594.30  2.99
 595.00  2.99
 595.70  2.99
 596.40  2.99
 597.10  3.00
 597.80  3.00
 598.50  3.00
 599.20  3.00
 599.90  3.00
 600.60  3.00
 601.30  3.01
 602.00  3.01
 602.70  3.01
 603.40  3.01
 604.10  3.01
 604.80  3.01
 605.50  3.02
 606.20  3.02
 606.90  3.02
 607.60  3.02
 608.30  3.02
 609.00  3.02
 609.70  3.03
 610.40  3.03
 611.10  3.03
 611.80  3.03
 612.50  3.03
 613.20  3.03
 613.90  3.04
 614.60  3.04
 615.30  3.04
 616.00  3.04
 616.70  3.04
 617.40  3.04
 618.10  3.04
 618.80  3.05
 619.50  3.05
 620.20  3.05
 620.90  3.05
 621.60  3.05
 622.30  3.05
 623.00  3.06
 623.70  3.06
 624.40  3.06
 625.10  3.06
 625.80  3.06
 626.50  3.06
 627.20  3.06
 627.90  3.07
 628.60  3.07
 629.30  3.07
 630.00  3.07
 630.70  3.07
 631.40  3.07
 632.10  3.07
 632.80  3.08
 633.50  3.08
 634.20  3.08
 634.90  3.08
 635.60  3.08
 636.30  3.08
 637.00  3.09
 637.70  3.09
 638.40  3.09
 639.10  3.09
 639.80  3.09
 640.50  3.09
 641.20  3.09
 641.90  3.10
 642.60  3.10
 643.30  3.10
 644.00  3.10
 644.70  3.10
 645.40  3.10
 646.10  3.10
 646.80  3.11
 647.50  3.11
 648.20  3.11
 648.90  3.11
 649.60  3.11
 650.30  3.11
 651.00  3.11
 651.70  3.11
 652.40  3.12
 653.10  3.12
 653.80  3.12
 654.50  3.12
 655.20  3.12
 655.90  3.12
 656.60  3.12
 657.30  3.13
 658.00  3.13
 658.70  3.13
 659.40  3.13
 660.10  3.13
 660.80  3.13
 661.50  3.13
 662.20  3.14
 662.90  3.14
 663.60  3.14
 664.30  3.14
 665.00  3.14
 665.70  3.14
 666.40  3.14
 667.10  3.14
 667.80  3.15
 668.50  3.15
 669.20  3.15
 669.90  3.15
 670.60  3.15
 671.30  3.15
 672.00  3.15
 672.70  3.15
 673.40  3.16
 674.10  3.16
 674.80  3.16
 675.50  3.16
 676.20  3.16
 676.90  3.16
 677.60  3.16
 678.30  3.16
 679.00  3.17
 679.70  3.17
 680.40  3.17
 681.10  3.17
 681.80  3.17
 682.50  3.17
 683.20  3.17
 683.90  3.17
 684.60  3.18
 685.30  3.18
 686.00  3.18
 686.70  3.18
 687.40  3.18
 688.10  3.18
 688.80  3.18
 689.50  3.18
 690.20  3.19
 690.90  3.19
 691.60  3.19
 692.30  3.19
 693.00  3.19
 693.70  3.19
 694.40  3.19
 695.10  3.19
 695.80  3.19
 696.50  3.20
 697.20  3.20
 697.90  3.20
 698.60  3.20
 699.30  3.20
 700.00  3.20
 700.70  3.20
 701.40  3.20
 702.10  3.21
 702.80  3.21
 703.50  3.21
 704.20  3.21
 704.90  3.21
 705.60  3.21
 706.30  3.21
 707.00  3.21
 707.70  3.21
 708.40  3.22
 709.10  3.22
 709.80  3.22
 710.50  3.22
 711.20  3.22
 711.90  3.22
 712.60  3.22
 713.30  3.22
 714.00  3.22
 714.70  3.23
 715.40  3.23
 716.10  3.23
 716.80  3.23
 717.50  3.23
 718.20  3.23
 718.90  3.23
 719.60  3.23
 720.30  3.23
 721.00  3.23
 721.70  3.24
 722.40  3.24
 723.10  3.24
 723.80  3.24
 724.50  3.24
 725.20  3.24
 725.90  3.24
 726.60  3.24
 727.30  3.24
 728.00  3.25
 728.70  3.25
 729.40  3.25
 730.10  3.25
 730.80  3.25
 731.50  3.25
 732.20  3.25
 732.90  3.25
 733.60  3.25
 734.30  3.25
 735.00  3.26
 735.70  3.26
 736.40  3.26
 737.10  3.26
 737.80  3.26
 738.50  3.26
 739.20  3.26
 739.90  3.26
 740.60  3.26
 741.30  3.26
 742.00  3.27
 742.70  3.27
 743.40  3.27
 744.10  3.27
 744.80  3.27
 745.50  3.27
 746.20  3.27
 746.90  3.27
 747.60  3.27
 748.30  3.27
 749.00  3.28
 749.70  3.28
 750.40  3.28
 751.10  3.28
 751.80  3.28
 752.50  3.28
 753.20  3.28
 753.90  3.28
 754.60  3.28
 755.30  3.28
 756.00  3.28
 756.70  3.29
 757.40  3.29
 758.10  3.29
 758.80  3.29
 759.50  3.29
 760.20  3.29
 760.90  3.29
 761.60  3.29
 762.30  3.29
 763.00  3.29
 763.70  3.29
 764.40  3.30
 765.10  3.30
 765.80  3.30
 766.50  3.30
 767.20  3.30
 767.90  3.30
 768.60  3.30
 769.30  3.30
 770.00  3.30
 770.70  3.30
 771.40  3.30
 772.10  3.31
 772.80  3.31
 773.50  3.31
 774.20  3.31
 774.90  3.31
 775.60  3.31
 776.30  3.31
 777.00  3.31
 777.70  3.31
 778.40  3.31
 779.10  3.31
 779.80  3.31
 780.50  3.32
 781.20  3.32
 781.90  3.32
 782.60  3.32
 783.30  3.32
 784.00  3.32
 784.70  3.32
 785.40  3.32
 786.10  3.32
 786.80  3.32
 787.50  3.32
 788.20  3.32
 788.90  3.33
 789.60  3.33
 790.30  3.33
 791.00  3.33
 791.70  3.33
 792.40  3.33
 793.10  3.33
 793.80  3.33
 794.50  3.33
 795.20  3.33
 795.90  3.33
 796.60  3.33
 797.30  3.33
 798.00  3.34
 798.70  3.34
 799.40  3.34
 800.10  3.34
 800.80  3.34
 801.50  3.34
 802.20  3.34
 802.90  3.34
 803.60  3.34
 804.30  3.34
 805.00  3.34
 805.70  3.34
 806.40  3.34
 807.10  3.35
 807.80  3.35
 808.50  3.35
 809.20  3.35
 809.90  3.35
 810.60  3.35
 811.30  3.35
 812.00  3.35
 812.70  3.35
 813.40  3.35
 814.10  3.35
 814.80  3.35
 815.50  3.35
 816.20  3.36
 816.90  3.36
 817.60  3.36
 818.30  3.36
 819.00  3.36
 819.70  3.36
 820.40  3.36
 821.10  3.36
 821.80  3.36
 822.50  3.36
 823.20  3.36
 823.90  3.36
 824.60  3.36
 825.30  3.36
 826.00  3.37
 826.70  3.37
 827.40  3.37
 828.10  3.37
 828.80  3.37
 829.50  3.37
 830.20  3.37
 830.90  3.37
 831.60  3.37
 832.30  3.37
 833.00  3.37
 833.70  3.37
 834.40  3.37
 835.10  3.37
 835.80  3.37
 836.50  3.38
 837.20  3.38
 837.90  3.38
 838.60  3.38
 839.30  3.38
 840.00  3.38
 840.70  3.38
 841.40  3.38
 842.10  3.38
 842.80  3.38
 843.50  3.38
 844.20  3.38
 844.90  3.38
 845.60  3.38
 846.30  3.38
 847.00  3.39
 847.70  3.39
 848.40  3.39
 849.10  3.39
 849.80  3.39
 850.50  3.39
 851.20  3.39
 851.90  3.39
 852.60  3.39
 853.30  3.39
 854.00  3.39
 854.70  3.39
 855.40  3.39
 856.10  3.39
 856.80  3.39
 857.50  3.39
 858.20  3.40
 858.90  3.40
 859.60  3.40
 860.30  3.40
 861.00  3.40
 861.70  3.40
 862.40  3.40
 863.10  3.40
 863.80  3.40
 864.50  3.40
 865.20  3.40
 865.90  3.40
 866.60  3.40
 867.30  3.40
 868.00  3.40
 868.70  3.40
 869.40  3.40
 870.10  3.41
 870.80  3.41
 871.50  3.41
 872.20  3.41
 872.90  3.41
 873.60  3.41
 874.30  3.41
 875.00  3.41
 875.70  3.41
 876.40  3.41
 877.10  3.41
 877.80  3.41
 878.50  3.41
 879.20  3.41
 879.90  3.41
 880.60  3.41
 881.30  3.41
 882.00  3.42
 882.70  3.42
 883.40  3.42
 884.10  3.42
 884.80  3.42
 885.50  3.42
 886.20  3.42
 886.90  3.42
 887.60  3.42
 888.30  3.42
 889.00  3.42
 889.70  3.42
 890.40  3.42
 891.10  3.42
 891.80  3.42
 892.50  3.42
 893.20  3.42
 893.90  3.42
 894.60  3.42
 895.30  3.43
 896.00  3.43
 896.70  3.43
 897.40  3.43
 898.10  3.43
 898.80  3.43
 899.50  3.43
 900.20  3.43
 900.90  3.43
 901.60  3.43
 902.30  3.43
 903.00  3.43
 903.70  3.43
 904.40  3.43
 905.10  3.43
 905.80  3.43
 906.50  3.43
 907.20  3.43
 907.90  3.43
 908.60  3.44
 909.30  3.44
 910.00  3.44
 910.70  3.44
 911.40  3.44
 912.10  3.44
 912.80  3.44
 913.50  3.44
 914.20  3.44
 914.90  3.44
 915.60  3.44
 916.30  3.44
 917.00  3.44
 917.70  3.44
 918.40  3.44
 919.10  3.44
 919.80  3.44
 920.50  3.44
 921.20  3.44
 921.90  3.44
 922.60  3.44
 923.30  3.45
 924.00  3.45
 924.70  3.45
 925.40  3.45
 926.10  3.45
 926.80  3.45
 927.50  3.45
 928.20  3.45
 928.90  3.45
 929.60  3.45
 930.30  3.45
 931.00  3.45
 931.70  3.45
 932.40  3.45
 933.10  3.45
 933.80  3.45
 934.50  3.45
 935.20  3.45
 935.90  3.45
 936.60  3.45
 937.30  3.45
 938.00  3.45
 938.70  3.46
 939.40  3.46
 940.10  3.46
 940.80  3.46
 941.50  3.46
 942.20  3.46
 942.90  3.46
 943.60  3.46
 944.30  3.46
 945.00  3.46
 945.70  3.46
 946.40  3.46
 947.10  3.46
 947.80  3.46
 948.50  3.46
 949.20  3.46
 949.90  3.46
 950.60  3.46
 951.30  3.46
 952.00  3.46
 952.70  3.46
 953.40  3.46
 954.10  3.46
 954.80  3.46
 955.50  3.47
 956.20  3.47
 956.90  3.47
 957.60  3.47
 958.30  3.47
 959.00  3.47
 959.70  3.47
 960.40  3.47
 961.10  3.47
 961.80  3.47
 962.50  3.47
 963.20  3.47
 963.90  3.47
 964.60  3.47
 965.30  3.47
 966.00  3.47
 966.70  3.47
 967.40  3.47
 968.10  3.47
 968.80  3.47
 969.50  3.47
 970.20  3.47
 970.90  3.47
 971.60  3.47
 972.30  3.47
 973.00  3.47
 973.70  3.48
 974.40  3.48
 975.10  3.48
 975.80  3.48
 976.50  3.48
 977.20  3.48
 977.90  3.48
 978.60  3.48
 979.30  3.48
 980.00  3.48
 980.70  3.48
 981.40  3.48
 982.10  3.48
 982.80  3.48
 983.50  3.48
 984.20  3.48
 984.90  3.48
 985.60  3.48
 986.30  3.48
 987.00  3.48
 987.70  3.48
 988.40  3.48
 989.10  3.48
 989.80  3.48
 990.50  3.48
 991.20  3.48
 991.90  3.48
 992.60  3.49
 993.30  3.49
 994.00  3.49
 994.70  3.49
 995.40  3.49
 996.10  3.49
 996.80  3.49
 997.50  3.49
 998.20  3.49
 998.90  3.49
 999.60  3.49
 1000.30  3.49
 1001.00  3.49
 1001.70  3.49
 1002.40  3.49
 1003.10  3.49
 1003.80  3.49
 1004.50  3.49
 1005.20  3.49
 1005.90  3.49
 1006.60  3.49
 1007.30  3.49
 1008.00  3.49
 1008.70  3.49
 1009.40  3.49
 1010.10  3.49
 1010.80  3.49
 1011.50  3.49
 1012.20  3.49
 1012.90  3.49
 1013.60  3.49
 1014.30  3.50
 1015.00  3.50
 1015.70  3.50
 1016.40  3.50
 1017.10  3.50
 1017.80  3.50
 1018.50  3.50
 1019.20  3.50
 1019.90  3.50
 1020.60  3.50
 1021.30  3.50
 1022.00  3.50
 1022.70  3.50
 1023.40  3.50
 1024.10  3.50
 1024.80  3.50
 1025.50  3.50
 1026.20  3.50
 1026.90  3.50
 1027.60  3.50
 1028.30  3.50
 1029.00  3.50
 1029.70  3.50
 1030.40  3.50
 1031.10  3.50
 1031.80  3.50
 1032.50  3.50
 1033.20  3.50
 1033.90  3.50
 1034.60  3.50
 1035.30  3.50
 1036.00  3.50
 1036.70  3.50
 1037.40  3.51
 1038.10  3.51
 1038.80  3.51
 1039.50  3.51
 1040.20  3.51
 1040.90  3.51
 1041.60  3.51
 1042.30  3.51
 1043.00  3.51
 1043.70  3.51
 1044.40  3.51
 1045.10  3.51
 1045.80  3.51
 1046.50  3.51
 1047.20  3.51
 1047.90  3.51
 1048.60  3.51
 1049.30  3.51
 1050.00  3.51
 1050.70  3.51
 1051.40  3.51
 1052.10  3.51
 1052.80  3.51
 1053.50  3.51
 1054.20  3.51
 1054.90  3.51
 1055.60  3.51
 1056.30  3.51
 1057.00  3.51
 1057.70  3.51
 1058.40  3.51
 1059.10  3.51
 1059.80  3.51
 1060.50  3.51
 1061.20  3.51
 1061.90  3.51
 1062.60  3.51
 1063.30  3.52
 1064.00  3.52
 1064.70  3.52
 1065.40  3.52
 1066.10  3.52
 1066.80  3.52
 1067.50  3.52
 1068.20  3.52
 1068.90  3.52
 1069.60  3.52
 1070.30  3.52
 1071.00  3.52
 1071.70  3.52
 1072.40  3.52
 1073.10  3.52
 1073.80  3.52
 1074.50  3.52
 1075.20  3.52
 1075.90  3.52
 1076.60  3.52
 1077.30  3.52
 1078.00  3.52
 1078.70  3.52
 1079.40  3.52
 1080.10  3.52
 1080.80  3.52
 1081.50  3.52
 1082.20  3.52
 1082.90  3.52
 1083.60  3.52
 1084.30  3.52
 1085.00  3.52
 1085.70  3.52
 1086.40  3.52
 1087.10  3.52
 1087.80  3.52
 1088.50  3.52
 1089.20  3.52
 1089.90  3.52
 1090.60  3.52
 1091.30  3.52
 1092.00  3.52
 1092.70  3.53
 1093.40  3.53
 1094.10  3.53
 1094.80  3.53
 1095.50  3.53
 1096.20  3.53
 1096.90  3.53
 1097.60  3.53
 1098.30  3.53
 1099.00  3.53
 1099.70  3.53
 1100.40  3.53
 1101.10  3.53
 1101.80  3.53
 1102.50  3.53
 1103.20  3.53
 1103.90  3.53
 1104.60  3.53
 1105.30  3.53
 1106.00  3.53
 1106.70  3.53
 1107.40  3.53
 1108.10  3.53
 1108.80  3.53
 1109.50  3.53
 1110.20  3.53
 1110.90  3.53
 1111.60  3.53
 1112.30  3.53
 1113.00  3.53
 1113.70  3.53
 1114.40  3.53
 1115.10  3.53
 1115.80  3.53
 1116.50  3.53
 1117.20  3.53
 1117.90  3.53
 1118.60  3.53
 1119.30  3.53
 1120.00  3.53
 1120.70  3.53
 1121.40  3.53
 1122.10  3.53
 1122.80  3.53
 1123.50  3.53
 1124.20  3.53
 1124.90  3.53
 1125.60  3.53
 1126.30  3.53
 1127.00  3.54
 1127.70  3.54
 1128.40  3.54
 1129.10  3.54
 1129.80  3.54
 1130.50  3.54
 1131.20  3.54
 1131.90  3.54
 1132.60  3.54
 1133.30  3.54
 1134.00  3.54
 1134.70  3.54
 1135.40  3.54
 1136.10  3.54
 1136.80  3.54
 1137.50  3.54
 1138.20  3.54
 1138.90  3.54
 1139.60  3.54
 1140.30  3.54
 1141.00  3.54
 1141.70  3.54
 1142.40  3.54
 1143.10  3.54
 1143.80  3.54
 1144.50  3.54
 1145.20  3.54
 1145.90  3.54
 1146.60  3.54
 1147.30  3.54
 1148.00  3.54
 1148.70  3.54
 1149.40  3.54
 1150.10  3.54
 1150.80  3.54
 1151.50  3.54
 1152.20  3.54
 1152.90  3.54
 1153.60  3.54
 1154.30  3.54
 1155.00  3.54
 1155.70  3.54
 1156.40  3.54
 1157.10  3.54
 1157.80  3.54
 1158.50  3.54
 1159.20  3.54
 1159.90  3.54
 1160.60  3.54
 1161.30  3.54
 1162.00  3.54
 1162.70  3.54
 1163.40  3.54
 1164.10  3.54
 1164.80  3.54
 1165.50  3.54
 1166.20  3.54
 1166.90  3.55
 1167.60  3.55
 1168.30  3.55
 1169.00  3.55
 1169.70  3.55
 1170.40  3.55
 1171.10  3.55
 1171.80  3.55
 1172.50  3.55
 1173.20  3.55
 1173.90  3.55
 1174.60  3.55
 1175.30  3.55
 1176.00  3.55
 1176.70  3.55
 1177.40  3.55
 1178.10  3.55
 1178.80  3.55
 1179.50  3.55
 1180.20  3.55
 1180.90  3.55
 1181.60  3.55
 1182.30  3.55
 1183.00  3.55
 1183.70  3.55
 1184.40  3.55
 1185.10  3.55
 1185.80  3.55
 1186.50  3.55
 1187.20  3.55
 1187.90  3.55
 1188.60  3.55
 1189.30  3.55
 1190.00  3.55
 1190.70  3.55
 1191.40  3.55
 1192.10  3.55
 1192.80  3.55
 1193.50  3.55
 1194.20  3.55
 1194.90  3.55
 1195.60  3.55
 1196.30  3.55
 1197.00  3.55
 1197.70  3.55
 1198.40  3.55
 1199.10  3.55
 1199.80  3.55
 1200.50  3.55
 1201.20  3.55
 1201.90  3.55
 1202.60  3.55
 1203.30  3.55
 1204.00  3.55
 1204.70  3.55
 1205.40  3.55
 1206.10  3.55
 1206.80  3.55
 1207.50  3.55
 1208.20  3.55
 1208.90  3.55
 1209.60  3.55
 1210.30  3.55
 1211.00  3.55
 1211.70  3.55
 1212.40  3.55
 1213.10  3.55
 1213.80  3.55
 1214.50  3.55
 1215.20  3.55
 1215.90  3.56
 1216.60  3.56
 1217.30  3.56
 1218.00  3.56
 1218.70  3.56
 1219.40  3.56
 1220.10  3.56
 1220.80  3.56
 1221.50  3.56
 1222.20  3.56
 1222.90  3.56
 1223.60  3.56
 1224.30  3.56
 1225.00  3.56
 1225.70  3.56
 1226.40  3.56
 1227.10  3.56
 1227.80  3.56
 1228.50  3.56
 1229.20  3.56
 1229.90  3.56
 1230.60  3.56
 1231.30  3.56
 1232.00  3.56
 1232.70  3.56
 1233.40  3.56
 1234.10  3.56
 1234.80  3.56
 1235.50  3.56
 1236.20  3.56
 1236.90  3.56
 1237.60  3.56
 1238.30  3.56
 1239.00  3.56
 1239.70  3.56
 1240.40  3.56
 1241.10  3.56
 1241.80  3.56
 1242.50  3.56
 1243.20  3.56
 1243.90  3.56
 1244.60  3.56
 1245.30  3.56
 1246.00  3.56
 1246.70  3.56
 1247.40  3.56
 1248.10  3.56
 1248.80  3.56
 1249.50  3.56
 1250.20  3.56
 1250.90  3.56
 1251.60  3.56
 1252.30  3.56
 1253.00  3.56
 1253.70  3.56
 1254.40  3.56
 1255.10  3.56
 1255.80  3.56
 1256.50  3.56
 1257.20  3.56
 1257.90  3.56
 1258.60  3.56
 1259.30  3.56
 1260.00  3.56
 1260.70  3.56
 1261.40  3.56
 1262.10  3.56
 1262.80  3.56
 1263.50  3.56
 1264.20  3.56
 1264.90  3.56
 1265.60  3.56
 1266.30  3.56
 1267.00  3.56
 1267.70  3.56
 1268.40  3.56
 1269.10  3.56
 1269.80  3.56
 1270.50  3.56
 1271.20  3.56
 1271.90  3.56
 1272.60  3.56
 1273.30  3.56
 1274.00  3.56
 1274.70  3.56
 1275.40  3.56
 1276.10  3.56
 1276.80  3.56
 1277.50  3.56
 1278.20  3.56
 1278.90  3.57
 1279.60  3.57
 1280.30  3.57
 1281.00  3.57
 1281.70  3.57
 1282.40  3.57
 1283.10  3.57
 1283.80  3.57
 1284.50  3.57
 1285.20  3.57
 1285.90  3.57
 1286.60  3.57
 1287.30  3.57
 1288.00  3.57
 1288.70  3.57
 1289.40  3.57
 1290.10  3.57
 1290.80  3.57
 1291.50  3.57
 1292.20  3.57
 1292.90  3.57
 1293.60  3.57
 1294.30  3.57
 1295.00  3.57
 1295.70  3.57
 1296.40  3.57
 1297.10  3.57
 1297.80  3.57
 1298.50  3.57
 1299.20  3.57
 1299.90  3.57
 1300.60  3.57
 1301.30  3.57
 1302.00  3.57
 1302.70  3.57
 1303.40  3.57
 1304.10  3.57
 1304.80  3.57
 1305.50  3.57
 1306.20  3.57
 1306.90  3.57
 1307.60  3.57
 1308.30  3.57
 1309.00  3.57
 1309.70  3.57
 1310.40  3.57
 1311.10  3.57
 1311.80  3.57
 1312.50  3.57
 1313.20  3.57
 1313.90  3.57
 1314.60  3.57
 1315.30  3.57
 1316.00  3.57
 1316.70  3.57
 1317.40  3.57
 1318.10  3.57
 1318.80  3.57
 1319.50  3.57
 1320.20  3.57
 1320.90  3.57
 1321.60  3.57
 1322.30  3.57
 1323.00  3.57
 1323.70  3.57
 1324.40  3.57
 1325.10  3.57
 1325.80  3.57
 1326.50  3.57
 1327.20  3.57
 1327.90  3.57
 1328.60  3.57
 1329.30  3.57
 1330.00  3.57
 1330.70  3.57
 1331.40  3.57
 1332.10  3.57
 1332.80  3.57
 1333.50  3.57
 1334.20  3.57
 1334.90  3.57
 1335.60  3.57
 1336.30  3.57
 1337.00  3.57
 1337.70  3.57
 1338.40  3.57
 1339.10  3.57
 1339.80  3.57
 1340.50  3.57
 1341.20  3.57
 1341.90  3.57
 1342.60  3.57
 1343.30  3.57
 1344.00  3.57
 1344.70  3.57
 1345.40  3.57
 1346.10  3.57
 1346.80  3.57
 1347.50  3.57
 1348.20  3.57
 1348.90  3.57
 1349.60  3.57
 1350.30  3.57
 1351.00  3.57
 1351.70  3.57
 1352.40  3.57
 1353.10  3.57
 1353.80  3.57
 1354.50  3.57
 1355.20  3.57
 1355.90  3.57
 1356.60  3.57
 1357.30  3.57
 1358.00  3.57
 1358.70  3.57
 1359.40  3.57
 1360.10  3.57
 1360.80  3.57
 1361.50  3.57
 1362.20  3.57
 1362.90  3.57
 1363.60  3.57
 1364.30  3.57
 1365.00  3.57
 1365.70  3.57
 1366.40  3.57
 1367.10  3.57
 1367.80  3.57
 1368.50  3.58
 1369.20  3.58
 1369.90  3.58
 1370.60  3.58
 1371.30  3.58
 1372.00  3.58
 1372.70  3.58
 1373.40  3.58
 1374.10  3.58
 1374.80  3.58
 1375.50  3.58
 1376.20  3.58
 1376.90  3.58
 1377.60  3.58
 1378.30  3.58
 1379.00  3.58
 1379.70  3.58
 1380.40  3.58
 1381.10  3.58
 1381.80  3.58
 1382.50  3.58
 1383.20  3.58
 1383.90  3.58
 1384.60  3.58
 1385.30  3.58
 1386.00  3.58
 1386.70  3.58
 1387.40  3.58
 1388.10  3.58
 1388.80  3.58
 1389.50  3.58
 1390.20  3.58
 1390.90  3.58
 1391.60  3.58
 1392.30  3.58
 1393.00  3.58
 1393.70  3.58
 1394.40  3.58
 1395.10  3.58
 1395.80  3.58
 1396.50  3.58
 1397.20  3.58
 1397.90  3.58
 1398.60  3.58
 1399.30  3.58
 1400.00  3.58
 1400.70  3.58
 1401.40  3.58
 1402.10  3.58
 1402.80  3.58
 1403.50  3.58
 1404.20  3.58
 1404.90  3.58
 1405.60  3.58
 1406.30  3.58
 1407.00  3.58
 1407.70  3.58
 1408.40  3.58
 1409.10  3.58
 1409.80  3.58
 1410.50  3.58
 1411.20  3.58
 1411.90  3.58
 1412.60  3.58
 1413.30  3.58
 1414.00  3.58
 1414.70  3.58
 1415.40  3.58
 1416.10  3.58
 1416.80  3.58
 1417.50  3.58
 1418.20  3.58
 1418.90  3.58
 1419.60  3.58
 1420.30  3.58
 1421.00  3.58
 1421.70  3.58
 1422.40  3.58
 1423.10  3.58
 1423.80  3.58
 1424.50  3.58
 1425.20  3.58
 1425.90  3.58
 1426.60  3.58
 1427.30  3.58
 1428.00  3.58
 1428.70  3.58
 1429.40  3.58
 1430.10  3.58
 1430.80  3.58
 1431.50  3.58
 1432.20  3.58
 1432.90  3.58
 1433.60  3.58
 1434.30  3.58
 1435.00  3.58
 1435.70  3.58
 1436.40  3.58
 1437.10  3.58
 1437.80  3.58
 1438.50  3.58
 1439.20  3.58
 1439.90  3.58
 1440.60  3.58
 1441.30  3.58
 1442.00  3.58
 1442.70  3.58
 1443.40  3.58
 1444.10  3.58
 1444.80  3.58
 1445.50  3.58
 1446.20  3.58
 1446.90  3.58
 1447.60  3.58
 1448.30  3.58
 1449.00  3.58
 1449.70  3.58
 1450.40  3.58
 1451.10  3.58
 1451.80  3.58
 1452.50  3.58
 1453.20  3.58
 1453.90  3.58
 1454.60  3.58
 1455.30  3.58
 1456.00  3.58
 1456.70  3.58
 1457.40  3.58
 1458.10  3.58
 1458.80  3.58
 1459.50  3.58
 1460.20  3.58
 1460.90  3.58
 1461.60  3.58
 1462.30  3.58
 1463.00  3.58
 1463.70  3.58
 1464.40  3.58
 1465.10  3.58
 1465.80  3.58
 1466.50  3.58
 1467.20  3.58
 1467.90  3.58
 1468.60  3.58
 1469.30  3.58
 1470.00  3.58
 1470.70  3.58
 1471.40  3.58
 1472.10  3.58
 1472.80  3.58
 1473.50  3.58
 1474.20  3.58
 1474.90  3.58
 1475.60  3.58
 1476.30  3.58
 1477.00  3.58
 1477.70  3.58
 1478.40  3.58
 1479.10  3.58
 1479.80  3.58
 1480.50  3.58
 1481.20  3.58
 1481.90  3.58
 1482.60  3.58
 1483.30  3.58
 1484.00  3.58
 1484.70  3.58
 1485.40  3.58
 1486.10  3.58
 1486.80  3.58
 1487.50  3.58
 1488.20  3.58
 1488.90  3.58
 1489.60  3.58
 1490.30  3.58
 1491.00  3.58
 1491.70  3.58
 1492.40  3.58
 1493.10  3.58
 1493.80  3.58
 1494.50  3.58
 1495.20  3.58
 1495.90  3.58
 1496.60  3.58
 1497.30  3.58
 1498.00  3.58
 1498.70  3.58
 1499.40  3.58
 1500.10  3.58
 1500.80  3.58
 1501.50  3.58
 1502.20  3.58
 1502.90  3.58
 1503.60  3.58
 1504.30  3.58
 1505.00  3.58
 1505.70  3.58
 1506.40  3.58
 1507.10  3.58
 1507.80  3.58
 1508.50  3.58
 1509.20  3.58
 1509.90  3.58
 1510.60  3.58
 1511.30  3.58
 1512.00  3.58
 1512.70  3.58
 1513.40  3.58
 1514.10  3.58
 1514.80  3.58
 1515.50  3.58
 1516.20  3.58
 1516.90  3.58
 1517.60  3.58
 1518.30  3.58
 1519.00  3.58
 1519.70  3.58
 1520.40  3.58
 1521.10  3.58
 1521.80  3.58
 1522.50  3.58
 1523.20  3.58
 1523.90  3.58
 1524.60  3.58
 1525.30  3.59
 1526.00  3.59
 1526.70  3.59
 1527.40  3.59
 1528.10  3.59
 1528.80  3.59
 1529.50  3.59
 1530.20  3.59
 1530.90  3.59
 1531.60  3.59
 1532.30  3.59
 1533.00  3.59
 1533.70  3.59
 1534.40  3.59
 1535.10  3.59
 1535.80  3.59
 1536.50  3.59
 1537.20  3.59
 1537.90  3.59
 1538.60  3.59
 1539.30  3.59
 1540.00  3.59
 1540.70  3.59
 1541.40  3.59
 1542.10  3.59
 1542.80  3.59
 1543.50  3.59
 1544.20  3.59
 1544.90  3.59
 1545.60  3.59
 1546.30  3.59
 1547.00  3.59
 1547.70  3.59
 1548.40  3.59
 1549.10  3.59
 1549.80  3.59
 1550.50  3.59
 1551.20  3.59
 1551.90  3.59
 1552.60  3.59
 1553.30  3.59
 1554.00  3.59
 1554.70  3.59
 1555.40  3.59
 1556.10  3.59
 1556.80  3.59
 1557.50  3.59
 1558.20  3.59
 1558.90  3.59
 1559.60  3.59
 1560.30  3.59
 1561.00  3.59
 1561.70  3.59
 1562.40  3.59
 1563.10  3.59
 1563.80  3.59
 1564.50  3.59
 1565.20  3.59
 1565.90  3.59
 1566.60  3.59
 1567.30  3.59
 1568.00  3.59
 1568.70  3.59
 1569.40  3.59
 1570.10  3.59
 1570.80  3.59
 1571.50  3.59
 1572.20  3.59
 1572.90  3.59
 1573.60  3.59
 1574.30  3.59
 1575.00  3.59
 1575.70  3.59
 1576.40  3.59
 1577.10  3.59
 1577.80  3.59
 1578.50  3.59
 1579.20  3.59
 1579.90  3.59
 1580.60  3.59
 1581.30  3.59
 1582.00  3.59
 1582.70  3.59
 1583.40  3.59
 1584.10  3.59
 1584.80  3.59
 1585.50  3.59
 1586.20  3.59
 1586.90  3.59
 1587.60  3.59
 1588.30  3.59
 1589.00  3.59
 1589.70  3.59
 1590.40  3.59
 1591.10  3.59
 1591.80  3.59
 1592.50  3.59
 1593.20  3.59
 1593.90  3.59
 1594.60  3.59
 1595.30  3.59
 1596.00  3.59
 1596.70  3.59
 1597.40  3.59
 1598.10  3.59
 1598.80  3.59
 1599.50  3.59
 1600.20  3.59
 1600.90  3.59
 1601.60  3.59
 1602.30  3.59
 1603.00  3.59
 1603.70  3.59
 1604.40  3.59
 1605.10  3.59
 1605.80  3.59
 1606.50  3.59
 1607.20  3.59
 1607.90  3.59
 1608.60  3.59
 1609.30  3.59
 1610.00  3.59
 1610.70  3.59
 1611.40  3.59
 1612.10  3.59
 1612.80  3.59
 1613.50  3.59
 1614.20  3.59
 1614.90  3.59
 1615.60  3.59
 1616.30  3.59
 1617.00  3.59
 1617.70  3.59
 1618.40  3.59
 1619.10  3.59
 1619.80  3.59
 1620.50  3.59
 1621.20  3.59
 1621.90  3.59
 1622.60  3.59
 1623.30  3.59
 1624.00  3.59
 1624.70  3.59
 1625.40  3.59
 1626.10  3.59
 1626.80  3.59
 1627.50  3.59
 1628.20  3.59
 1628.90  3.59
 1629.60  3.59
 1630.30  3.59
 1631.00  3.59
 1631.70  3.59
 1632.40  3.59
 1633.10  3.59
 1633.80  3.59
 1634.50  3.59
 1635.20  3.59
 1635.90  3.59
 1636.60  3.59
 1637.30  3.59
 1638.00  3.59
 1638.70  3.59
 1639.40  3.59
 1640.10  3.59
 1640.80  3.59
 1641.50  3.59
 1642.20  3.59
 1642.90  3.59
 1643.60  3.59
 1644.30  3.59
 1645.00  3.59
 1645.70  3.59
 1646.40  3.59
 1647.10  3.59
 1647.80  3.59
 1648.50  3.59
 1649.20  3.59
 1649.90  3.59
 1650.60  3.59
 1651.30  3.59
 1652.00  3.59
 1652.70  3.59
 1653.40  3.59
 1654.10  3.59
 1654.80  3.59
 1655.50  3.59
 1656.20  3.59
 1656.90  3.59
 1657.60  3.59
 1658.30  3.59
 1659.00  3.59
 1659.70  3.59
 1660.40  3.59
 1661.10  3.59
 1661.80  3.59
 1662.50  3.59
 1663.20  3.59
 1663.90  3.59
 1664.60  3.59
 1665.30  3.59
 1666.00  3.59
 1666.70  3.59
 1667.40  3.59
 1668.10  3.59
 1668.80  3.59
 1669.50  3.59
 1670.20  3.59
 1670.90  3.59
 1671.60  3.59
 1672.30  3.59
 1673.00  3.59
 1673.70  3.59
 1674.40  3.59
 1675.10  3.59
 1675.80  3.59
 1676.50  3.59
 1677.20  3.59
 1677.90  3.59
 1678.60  3.59
 1679.30  3.59
 1680.00  3.59
 1680.70  3.59
 1681.40  3.59
 1682.10  3.59
 1682.80  3.59
 1683.50  3.59
 1684.20  3.59
 1684.90  3.59
 1685.60  3.59
 1686.30  3.59
 1687.00  3.59
 1687.70  3.59
 1688.40  3.59
 1689.10  3.59
 1689.80  3.59
 1690.50  3.59
 1691.20  3.59
 1691.90  3.59
 1692.60  3.59
 1693.30  3.59
 1694.00  3.59
 1694.70  3.59
 1695.40  3.59
 1696.10  3.59
 1696.80  3.59
 1697.50  3.59
 1698.20  3.59
 1698.90  3.59
 1699.60  3.59
 1700.30  3.59
 1701.00  3.59
 1701.70  3.59
 1702.40  3.59
 1703.10  3.59
 1703.80  3.59
 1704.50  3.59
 1705.20  3.59
 1705.90  3.59
 1706.60  3.59
 1707.30  3.59
 1708.00  3.59
 1708.70  3.59
 1709.40  3.59
 1710.10  3.59
 1710.80  3.59
 1711.50  3.59
 1712.20  3.59
 1712.90  3.59
 1713.60  3.59
 1714.30  3.59
 1715.00  3.59
 1715.70  3.59
 1716.40  3.59
 1717.10  3.59
 1717.80  3.59
 1718.50  3.59
 1719.20  3.59
 1719.90  3.59
 1720.60  3.59
 1721.30  3.59
 1722.00  3.59
 1722.70  3.59
 1723.40  3.59
 1724.10  3.59
 1724.80  3.59
 1725.50  3.59
 1726.20  3.59
 1726.90  3.59
 1727.60  3.59
 1728.30  3.59
 1729.00  3.59
 1729.70  3.59
 1730.40  3.59
 1731.10  3.59
 1731.80  3.59
 1732.50  3.59
 1733.20  3.59
 1733.90  3.59
 1734.60  3.59
 1735.30  3.59
 1736.00  3.59
 1736.70  3.59
 1737.40  3.59
 1738.10  3.59
 1738.80  3.59
 1739.50  3.59
 1740.20  3.59
 1740.90  3.59
 1741.60  3.59
 1742.30  3.59
 1743.00  3.59
 1743.70  3.59
 1744.40  3.59
 1745.10  3.59
 1745.80  3.59
 1746.50  3.59
 1747.20  3.59
 1747.90  3.59
 1748.60  3.59
 1749.30  3.59
 1750.00  3.59
 1750.70  3.59
 1751.40  3.59
 1752.10  3.59
 1752.80  3.59
 1753.50  3.59
 1754.20  3.59
 1754.90  3.59
 1755.60  3.59
 1756.30  3.59
 1757.00  3.59
 1757.70  3.59
 1758.40  3.59
 1759.10  3.59
 1759.80  3.59
 1760.50  3.59
 1761.20  3.59
 1761.90  3.59
 1762.60  3.59
 1763.30  3.59
 1764.00  3.59
 1764.70  3.59
 1765.40  3.59
 1766.10  3.59
 1766.80  3.59
 1767.50  3.59
 1768.20  3.59
 1768.90  3.59
 1769.60  3.59
 1770.30  3.59
 1771.00  3.59
 1771.70  3.59
 1772.40  3.59
 1773.10  3.59
 1773.80  3.59
 1774.50  3.59
 1775.20  3.59
 1775.90  3.59
 1776.60  3.59
 1777.30  3.59
 1778.00  3.59
 1778.70  3.59
 1779.40  3.59
 1780.10  3.59
 1780.80  3.59
 1781.50  3.59
 1782.20  3.59
 1782.90  3.59
 1783.60  3.59
 1784.30  3.59
 1785.00  3.59
 1785.70  3.59
 1786.40  3.59
 1787.10  3.59
 1787.80  3.59
 1788.50  3.59
 1789.20  3.59
 1789.90  3.59
 1790.60  3.59
 1791.30  3.59
 1792.00  3.59
 1792.70  3.59
 1793.40  3.59
 1794.10  3.59
 1794.80  3.59
 1795.50  3.59
 1796.20  3.59
 1796.90  3.59
 1797.60  3.59
 1798.30  3.59
 1799.00  3.59
 1799.70  3.59
 1800.40  3.59
 1801.10  3.59
 1801.80  3.59
 1802.50  3.59
 1803.20  3.59
 1803.90  3.59
 1804.60  3.59
 1805.30  3.59
 1806.00  3.59
 1806.70  3.59
 1807.40  3.59
 1808.10  3.59
 1808.80  3.59
 1809.50  3.59
 1810.20  3.59
 1810.90  3.59
 1811.60  3.59
 1812.30  3.59
 1813.00  3.59
 1813.70  3.59
 1814.40  3.59
 1815.10  3.59
 1815.80  3.59
 1816.50  3.59
 1817.20  3.59
 1817.90  3.59
 1818.60  3.59
 1819.30  3.59
 1820.00  3.59
 1820.70  3.59
 1821.40  3.59
 1822.10  3.59
 1822.80  3.59
 1823.50  3.59
 1824.20  3.59
 1824.90  3.59
 1825.60  3.59
 1826.30  3.59
 1827.00  3.59
 1827.70  3.59
 1828.40  3.59
 1829.10  3.59
 1829.80  3.59
 1830.50  3.59
 1831.20  3.59
 1831.90  3.59
 1832.60  3.59
 1833.30  3.59
 1834.00  3.59
 1834.70  3.59
 1835.40  3.59
 1836.10  3.59
 1836.80  3.59
 1837.50  3.59
 1838.20  3.59
 1838.90  3.59
 1839.60  3.59
 1840.30  3.59
 1841.00  3.59
 1841.70  3.59
 1842.40  3.59
 1843.10  3.59
 1843.80  3.59
 1844.50  3.59
 1845.20  3.59
 1845.90  3.59
 1846.60  3.59
 1847.30  3.59
 1848.00  3.59
 1848.70  3.59
 1849.40  3.59
 1850.10  3.59
 1850.80  3.59
 1851.50  3.59
 1852.20  3.59
 1852.90  3.59
 1853.60  3.59
 1854.30  3.59
 1855.00  3.59
 1855.70  3.59
 1856.40  3.59
 1857.10  3.59
 1857.80  3.59
 1858.50  3.59
 1859.20  3.59
 1859.90  3.59
 1860.60  3.59
 1861.30  3.59
 1862.00  3.59
 1862.70  3.59
 1863.40  3.59
 1864.10  3.59
 1864.80  3.59
 1865.50  3.59
 1866.20  3.59
 1866.90  3.59
 1867.60  3.59
 1868.30  3.59
 1869.00  3.59
 1869.70  3.59
 1870.40  3.59
 1871.10  3.59
 1871.80  3.59
 1872.50  3.59
 1873.20  3.59
 1873.90  3.59
 1874.60  3.59
 1875.30  3.59
 1876.00  3.59
 1876.70  3.59
 1877.40  3.59
 1878.10  3.59
 1878.80  3.59
 1879.50  3.59
 1880.20  3.59
 1880.90  3.59
 1881.60  3.59
 1882.30  3.59
 1883.00  3.59
 1883.70  3.59
 1884.40  3.59
 1885.10  3.59
 1885.80  3.59
 1886.50  3.59
 1887.20  3.59
 1887.90  3.59
 1888.60  3.59
 1889.30  3.59
 1890.00  3.59
 1890.70  3.59
 1891.40  3.59
 1892.10  3.59
 1892.80  3.59
 1893.50  3.59
 1894.20  3.59
 1894.90  3.59
 1895.60  3.59
 1896.30  3.59
 1897.00  3.59
 1897.70  3.59
 1898.40  3.59
 1899.10  3.59
 1899.80  3.59
 1900.50  3.59
 1901.20  3.59
 1901.90  3.59
 1902.60  3.59
 1903.30  3.59
 1904.00  3.59
 1904.70  3.59
 1905.40  3.59
 1906.10  3.59
 1906.80  3.59
 1907.50  3.59
 1908.20  3.59
 1908.90  3.59
 1909.60  3.59
 1910.30  3.59
 1911.00  3.59
 1911.70  3.59
 1912.40  3.59
 1913.10  3.59
 1913.80  3.59
 1914.50  3.59
 1915.20  3.59
 1915.90  3.59
 1916.60  3.59
 1917.30  3.59
 1918.00  3.59
 1918.70  3.59
 1919.40  3.59
 1920.10  3.59
 1920.80  3.59
 1921.50  3.59
 1922.20  3.59
 1922.90  3.59
 1923.60  3.59
 1924.30  3.59
 1925.00  3.59
 1925.70  3.59
 1926.40  3.59
 1927.10  3.59
 1927.80  3.59
 1928.50  3.59
 1929.20  3.59
 1929.90  3.59
 1930.60  3.59
 1931.30  3.59
 1932.00  3.59
 1932.70  3.59
 1933.40  3.59
 1934.10  3.59
 1934.80  3.59
 1935.50  3.59
 1936.20  3.59
 1936.90  3.59
 1937.60  3.59
 1938.30  3.59
 1939.00  3.59
 1939.70  3.59
 1940.40  3.59
 1941.10  3.59
 1941.80  3.59
 1942.50  3.59
 1943.20  3.59
 1943.90  3.59
 1944.60  3.59
 1945.30  3.59
 1946.00  3.59
 1946.70  3.59
 1947.40  3.59
 1948.10  3.59
 1948.80  3.59
 1949.50  3.59
 1950.20  3.59
 1950.90  3.59
 1951.60  3.59
 1952.30  3.59
 1953.00  3.59
 1953.70  3.59
 1954.40  3.59
 1955.10  3.59
 1955.80  3.59
 1956.50  3.59
 1957.20  3.59
 1957.90  3.59
 1958.60  3.59
 1959.30  3.59
 1960.00  3.59
 1960.70  3.59
 1961.40  3.59
 1962.10  3.59
 1962.80  3.59
 1963.50  3.59
 1964.20  3.59
 1964.90  3.59
 1965.60  3.59
 1966.30  3.59
 1967.00  3.59
 1967.70  3.59
 1968.40  3.59
 1969.10  3.59
 1969.80  3.59
 1970.50  3.59
 1971.20  3.59
 1971.90  3.59
 1972.60  3.59
 1973.30  3.59
 1974.00  3.59
 1974.70  3.59
 1975.40  3.59
 1976.10  3.59
 1976.80  3.59
 1977.50  3.59
 1978.20  3.59
 1978.90  3.59
 1979.60  3.59
 1980.30  3.59
 1981.00  3.59
 1981.70  3.59
 1982.40  3.59
 1983.10  3.59
 1983.80  3.59
 1984.50  3.59
 1985.20  3.59
 1985.90  3.59
 1986.60  3.59
 1987.30  3.59
 1988.00  3.59
 1988.70  3.59
 1989.40  3.59
 1990.10  3.59
 1990.80  3.59
 1991.50  3.59
 1992.20  3.59
 1992.90  3.59
 1993.60  3.59
 1994.30  3.59
 1995.00  3.59
 1995.70  3.59
 1996.40  3.59
 1997.10  3.59
 1997.80  3.59
 1998.50  3.59
 1999.20  3.59
 1999.90  3.59
 2000.60  3.59
 2001.30  3.59
 2002.00  3.59
 2002.70  3.59
 2003.40  3.59
 2004.10  3.59
 2004.80  3.59
 2005.50  3.59
 2006.20  3.59
 2006.90  3.59
 2007.60  3.59
 2008.30  3.59
 2009.00  3.59
 2009.70  3.59
 2010.40  3.59
 2011.10  3.59
 2011.80  3.59
 2012.50  3.59
 2013.20  3.59
 2013.90  3.59
 2014.60  3.59
 2015.30  3.59
 2016.00  3.59
 2016.70  3.59
 2017.40  3.59
 2018.10  3.59
 2018.80  3.59
 2019.50  3.59
 2020.20  3.59
 2020.90  3.59
 2021.60  3.59
 2022.30  3.59
 2023.00  3.59
 2023.70  3.59
 2024.40  3.59
 2025.10  3.59
 2025.80  3.59
 2026.50  3.59
 2027.20  3.59
 2027.90  3.59
 2028.60  3.59
 2029.30  3.59
 2030.00  3.59
 2030.70  3.59
 2031.40  3.59
 2032.10  3.59
 2032.80  3.59
 2033.50  3.59
 2034.20  3.59
 2034.90  3.59
 2035.60  3.59
 2036.30  3.59
 2037.00  3.59
 2037.70  3.59
 2038.40  3.59
 2039.10  3.59
 2039.80  3.59
 2040.50  3.59
 2041.20  3.59
 2041.90  3.59
 2042.60  3.59
 2043.30  3.59
 2044.00  3.59
 2044.70  3.59
 2045.40  3.59
 2046.10  3.59
 2046.80  3.59
 2047.50  3.59
 2048.20  3.59
 2048.90  3.59
 2049.60  3.59
 2050.30  3.59
 2051.00  3.59
 2051.70  3.59
 2052.40  3.59
 2053.10  3.59
 2053.80  3.59
 2054.50  3.59
 2055.20  3.59
 2055.90  3.59
 2056.60  3.59
 2057.30  3.59
 2058.00  3.59
 2058.70  3.59
 2059.40  3.59
 2060.10  3.59
 2060.80  3.59
 2061.50  3.59
 2062.20  3.59
 2062.90  3.59
 2063.60  3.59
 2064.30  3.59
 2065.00  3.59
 2065.70  3.59
 2066.40  3.59
 2067.10  3.59
 2067.80  3.59
 2068.50  3.59
 2069.20  3.59
 2069.90  3.59
 2070.60  3.59
 2071.30  3.59
 2072.00  3.59
 2072.70  3.59
 2073.40  3.59
 2074.10  3.59
 2074.80  3.59
 2075.50  3.59
 2076.20  3.59
 2076.90  3.59
 2077.60  3.59
 2078.30  3.59
 2079.00  3.59
 2079.70  3.59
 2080.40  3.59
 2081.10  3.59
 2081.80  3.59
 2082.50  3.59
 2083.20  3.59
 2083.90  3.59
 2084.60  3.59
 2085.30  3.59
 2086.00  3.59
 2086.70  3.59
 2087.40  3.59
 2088.10  3.59
 2088.80  3.59
 2089.50  3.59
 2090.20  3.59
 2090.90  3.59
 2091.60  3.59
 2092.30  3.59
 2093.00  3.59
 2093.70  3.59
 2094.40  3.59
 2095.10  3.59
 2095.80  3.59
 2096.50  3.59
 2097.20  3.59
 2097.90  3.59
 2098.60  3.59
 2099.30  3.59
 2100.00  3.59
 2100.70  3.59
 2101.40  3.59
 2102.10  3.59
 2102.80  3.59
 2103.50  3.59
 2104.20  3.59
 2104.90  3.59
 2105.60  3.59
 2106.30  3.59
 2107.00  3.59
 2107.70  3.59
 2108.40  3.59
 2109.10  3.59
 2109.80  3.59
 2110.50  3.59
 2111.20  3.59
 2111.90  3.59
 2112.60  3.59
 2113.30  3.59
 2114.00  3.59
 2114.70  3.59
 2115.40  3.59
 2116.10  3.59
 2116.80  3.59
 2117.50  3.59
 2118.20  3.59
 2118.90  3.59
 2119.60  3.59
 2120.30  3.59
 2121.00  3.59
 2121.70  3.59
 2122.40  3.59
 2123.10  3.59
 2123.80  3.59
 2124.50  3.59
 2125.20  3.59
 2125.90  3.59
 2126.60  3.59
 2127.30  3.59
 2128.00  3.59
 2128.70  3.59
 2129.40  3.59
 2130.10  3.59
 2130.80  3.59
 2131.50  3.59
 2132.20  3.59
 2132.90  3.59
 2133.60  3.59
 2134.30  3.59
 2135.00  3.59
 2135.70  3.59
 2136.40  3.59
 2137.10  3.59
 2137.80  3.59
 2138.50  3.59
 2139.20  3.59
 2139.90  3.59
 2140.60  3.59
 2141.30  3.59
 2142.00  3.59
 2142.70  3.59
 2143.40  3.59
 2144.10  3.59
 2144.80  3.59
 2145.50  3.59
 2146.20  3.59
 2146.90  3.59
 2147.60  3.59
 2148.30  3.59
 2149.00  3.59
 2149.70  3.59
 2150.40  3.59
 2151.10  3.59
 2151.80  3.59
 2152.50  3.59
 2153.20  3.59
 2153.90  3.59
 2154.60  3.59
 2155.30  3.59
 2156.00  3.59
 2156.70  3.59
 2157.40  3.59
 2158.10  3.59
 2158.80  3.59
 2159.50  3.59
 2160.20  3.59
 2160.90  3.59
 2161.60  3.59
 2162.30  3.59
 2163.00  3.59
 2163.70  3.59
 2164.40  3.59
 2165.10  3.59
 2165.80  3.59
 2166.50  3.59
 2167.20  3.59
 2167.90  3.59
 2168.60  3.59
 2169.30  3.59
 2170.00  3.59
 2170.70  3.59
 2171.40  3.59
 2172.10  3.59
 2172.80  3.59
 2173.50  3.59
 2174.20  3.59
 2174.90  3.59
 2175.60  3.59
 2176.30  3.59
 2177.00  3.59
 2177.70  3.59
 2178.40  3.59
 2179.10  3.59
 2179.80  3.59
 2180.50  3.59
 2181.20  3.59
 2181.90  3.59
 2182.60  3.59
 2183.30  3.59
 2184.00  3.59
 2184.70  3.59
 2185.40  3.59
 2186.10  3.59
 2186.80  3.59
 2187.50  3.59
 2188.20  3.59
 2188.90  3.59
 2189.60  3.59
 2190.30  3.59
 2191.00  3.59
 2191.70  3.59
 2192.40  3.59
 2193.10  3.59
 2193.80  3.59
 2194.50  3.59
 2195.20  3.59
 2195.90  3.59
 2196.60  3.59
 2197.30  3.59
 2198.00  3.59
 2198.70  3.59
 2199.40  3.59
 2200.10  3.59
 2200.80  3.59
 2201.50  3.59
 2202.20  3.59
 2202.90  3.59
 2203.60  3.59
 2204.30  3.59
 2205.00  3.59
 2205.70  3.59
 2206.40  3.59
 2207.10  3.59
 2207.80  3.59
 2208.50  3.59
 2209.20  3.59
 2209.90  3.59
 2210.60  3.59
 2211.30  3.59
 2212.00  3.59
 2212.70  3.59
 2213.40  3.59
 2214.10  3.59
 2214.80  3.59
 2215.50  3.59
 2216.20  3.59
 2216.90  3.59
 2217.60  3.59
 2218.30  3.59
 2219.00  3.59
 2219.70  3.59
 2220.40  3.59
 2221.10  3.59
 2221.80  3.59
 2222.50  3.59
 2223.20  3.59
 2223.90  3.59
 2224.60  3.59
 2225.30  3.59
 2226.00  3.59
 2226.70  3.59
 2227.40  3.59
 2228.10  3.59
 2228.80  3.59
 2229.50  3.59
 2230.20  3.59
 2230.90  3.59
 2231.60  3.59
 2232.30  3.59
 2233.00  3.59
 2233.70  3.59
 2234.40  3.59
 2235.10  3.59
 2235.80  3.59
 2236.50  3.59
 2237.20  3.59
 2237.90  3.59
 2238.60  3.59
 2239.30  3.59
 2240.00  3.59
 2240.70  3.59
 2241.40  3.59
 2242.10  3.59
 2242.80  3.59
 2243.50  3.59
 2244.20  3.59
 2244.90  3.59
 2245.60  3.59
 2246.30  3.59
 2247.00  3.59
 2247.70  3.59
 2248.40  3.59
 2249.10  3.59
 2249.80  3.59
 2250.50  3.59
 2251.20  3.59
 2251.90  3.59
 2252.60  3.59
 2253.30  3.59
 2254.00  3.59
 2254.70  3.59
 2255.40  3.59
 2256.10  3.59
 2256.80  3.59
 2257.50  3.59
 2258.20  3.59
 2258.90  3.59
 2259.60  3.59
 2260.30  3.59
 2261.00  3.59
 2261.70  3.59
 2262.40  3.59
 2263.10  3.59
 2263.80  3.59
 2264.50  3.59
 2265.20  3.59
 2265.90  3.59
 2266.60  3.59
 2267.30  3.59
 2268.00  3.59
 2268.70  3.59
 2269.40  3.59
 2270.10  3.59
 2270.80  3.59
 2271.50  3.59
 2272.20  3.59
 2272.90  3.59
 2273.60  3.59
 2274.30  3.59
 2275.00  3.59
 2275.70  3.59
 2276.40  3.59
 2277.10  3.59
 2277.80  3.59
 2278.50  3.59
 2279.20  3.59
 2279.90  3.59
 2280.60  3.59
 2281.30  3.59
 2282.00  3.59
 2282.70  3.59
 2283.40  3.59
 2284.10  3.59
 2284.80  3.59
 2285.50  3.59
 2286.20  3.59
 2286.90  3.59
 2287.60  3.59
 2288.30  3.59
 2289.00  3.59
 2289.70  3.59
 2290.40  3.59
 2291.10  3.59
 2291.80  3.59
 2292.50  3.59
 2293.20  3.59
 2293.90  3.59
 2294.60  3.59
 2295.30  3.59
 2296.00  3.59
 2296.70  3.59
 2297.40  3.59
 2298.10  3.59
 2298.80  3.59
 2299.50  3.59
 2300.20  3.59
 2300.90  3.59
 2301.60  3.59
 2302.30  3.59
 2303.00  3.59
 2303.70  3.59
 2304.40  3.59
 2305.10  3.59
 2305.80  3.59
 2306.50  3.59
 2307.20  3.59
 2307.90  3.59
 2308.60  3.59
 2309.30  3.59
 2310.00  3.59
 2310.70  3.59
 2311.40  3.59
 2312.10  3.59
 2312.80  3.59
 2313.50  3.59
 2314.20  3.59
 2314.90  3.59
 2315.60  3.59
 2316.30  3.59
 2317.00  3.59
 2317.70  3.59
 2318.40  3.59
 2319.10  3.59
 2319.80  3.59
 2320.50  3.59
 2321.20  3.59
 2321.90  3.59
 2322.60  3.59
 2323.30  3.59
 2324.00  3.59
 2324.70  3.59
 2325.40  3.59
 2326.10  3.59
 2326.80  3.59
 2327.50  3.59
 2328.20  3.59
 2328.90  3.59
 2329.60  3.59
 2330.30  3.59
 2331.00  3.59
 2331.70  3.59
 2332.40  3.59
 2333.10  3.59
 2333.80  3.59
 2334.50  3.59
 2335.20  3.59
 2335.90  3.59
 2336.60  3.59
 2337.30  3.59
 2338.00  3.59
 2338.70  3.59
 2339.40  3.59
 2340.10  3.59
 2340.80  3.59
 2341.50  3.59
 2342.20  3.59
 2342.90  3.59
 2343.60  3.59
 2344.30  3.59
 2345.00  3.59
 2345.70  3.59
 2346.40  3.59
 2347.10  3.59
 2347.80  3.59
 2348.50  3.59
 2349.20  3.59
 2349.90  3.59
 2350.60  3.59
 2351.30  3.59
 2352.00  3.59
 2352.70  3.59
 2353.40  3.59
 2354.10  3.59
 2354.80  3.59
 2355.50  3.59
 2356.20  3.59
 2356.90  3.59
 2357.60  3.59
 2358.30  3.59
 2359.00  3.59
 2359.70  3.59
 2360.40  3.59
 2361.10  3.59
 2361.80  3.59
 2362.50  3.59
 2363.20  3.59
 2363.90  3.59
 2364.60  3.59
 2365.30  3.59
 2366.00  3.59
 2366.70  3.59
 2367.40  3.59
 2368.10  3.59
 2368.80  3.59
 2369.50  3.59
 2370.20  3.59
 2370.90  3.59
 2371.60  3.59
 2372.30  3.59
 2373.00  3.59
 2373.70  3.59
 2374.40  3.59
 2375.10  3.59
 2375.80  3.59
 2376.50  3.59
 2377.20  3.59
 2377.90  3.59
 2378.60  3.59
 2379.30  3.59
 2380.00  3.59
 2380.70  3.59
 2381.40  3.59
 2382.10  3.59
 2382.80  3.59
 2383.50  3.59
 2384.20  3.59
 2384.90  3.59
 2385.60  3.59
 2386.30  3.59
 2387.00  3.59
 2387.70  3.59
 2388.40  3.59
 2389.10  3.59
 2389.80  3.59
 2390.50  3.59
 2391.20  3.59
 2391.90  3.59
 2392.60  3.59
 2393.30  3.59
 2394.00  3.59
 2394.70  3.59
 2395.40  3.59
 2396.10  3.59
 2396.80  3.59
 2397.50  3.59
 2398.20  3.59
 2398.90  3.59
 2399.60  3.59
 2400.30  3.59
 2401.00  3.59
 2401.70  3.59
 2402.40  3.59
 2403.10  3.59
 2403.80  3.59
 2404.50  3.59
 2405.20  3.59
 2405.90  3.59
 2406.60  3.59
 2407.30  3.59
 2408.00  3.59
 2408.70  3.59
 2409.40  3.59
 2410.10  3.59
 2410.80  3.59
 2411.50  3.59
 2412.20  3.59
 2412.90  3.59
 2413.60  3.59
 2414.30  3.59
 2415.00  3.59
 2415.70  3.59
 2416.40  3.59
 2417.10  3.59
 2417.80  3.59
 2418.50  3.59
 2419.20  3.59
 2419.90  3.59
 2420.60  3.59
 2421.30  3.59
 2422.00  3.59
 2422.70  3.59
 2423.40  3.59
 2424.10  3.59
 2424.80  3.59
 2425.50  3.59
 2426.20  3.59
 2426.90  3.59
 2427.60  3.59
 2428.30  3.59
 2429.00  3.59
 2429.70  3.59
 2430.40  3.59
 2431.10  3.59
 2431.80  3.59
 2432.50  3.59
 2433.20  3.59
 2433.90  3.59
 2434.60  3.59
 2435.30  3.59
 2436.00  3.59
 2436.70  3.59
 2437.40  3.59
 2438.10  3.59
 2438.80  3.59
 2439.50  3.59
 2440.20  3.59
 2440.90  3.59
 2441.60  3.59
 2442.30  3.59
 2443.00  3.59
 2443.70  3.59
 2444.40  3.59
 2445.10  3.59
 2445.80  3.59
 2446.50  3.59
 2447.20  3.59
 2447.90  3.59
 2448.60  3.59
 2449.30  3.59
 2450.00  3.59
 2450.70  3.59
 2451.40  3.59
 2452.10  3.59
 2452.80  3.59
 2453.50  3.59
 2454.20  3.59
 2454.90  3.59
 2455.60  3.59
 2456.30  3.59
 2457.00  3.59
 2457.70  3.59
 2458.40  3.59
 2459.10  3.59
 2459.80  3.59
 2460.50  3.59
 2461.20  3.59
 2461.90  3.59
 2462.60  3.59
 2463.30  3.59
 2464.00  3.59
 2464.70  3.59
 2465.40  3.59
 2466.10  3.59
 2466.80  3.59
 2467.50  3.59
 2468.20  3.59
 2468.90  3.59
 2469.60  3.59
 2470.30  3.59
 2471.00  3.59
 2471.70  3.59
 2472.40  3.59
 2473.10  3.59
 2473.80  3.59
 2474.50  3.59
 2475.20  3.59
 2475.90  3.59
 2476.60  3.59
 2477.30  3.59
 2478.00  3.59
 2478.70  3.59
 2479.40  3.59
 2480.10  3.59
 2480.80  3.59
 2481.50  3.59
 2482.20  3.59
 2482.90  3.59
 2483.60  3.59
 2484.30  3.59
 2485.00  3.59
 2485.70  3.59
 2486.40  3.59
 2487.10  3.59
 2487.80  3.59
 2488.50  3.59
 2489.20  3.59
 2489.90  3.59
 2490.60  3.59
 2491.30  3.59
 2492.00  3.59
 2492.70  3.59
 2493.40  3.59
 2494.10  3.59
 2494.80  3.59
 2495.50  3.59
 2496.20  3.59
 2496.90  3.59
 2497.60  3.59
 2498.30  3.59
 2499.00  3.59
 2499.70  3.59
 2500.40  3.59
 2501.10  3.59
 2501.80  3.59
 2502.50  3.59
 2503.20  3.59
 2503.90  3.59
 2504.60  3.59
 2505.30  3.59
 2506.00  3.59
 2506.70  3.59
 2507.40  3.59
 2508.10  3.59
 2508.80  3.59
 2509.50  3.59
 2510.20  3.59
 2510.90  3.59
 2511.60  3.59
 2512.30  3.59
 2513.00  3.59
 2513.70  3.59
 2514.40  3.59
 2515.10  3.59
 2515.80  3.59
 2516.50  3.59
 2517.20  3.59
 2517.90  3.59
 2518.60  3.59
 2519.30  3.59
 2520.00  3.59
 2520.70  3.59
 2521.40  3.59
 2522.10  3.59
 2522.80  3.59
 2523.50  3.59
 2524.20  3.59
 2524.90  3.59
 2525.60  3.59
 2526.30  3.59
 2527.00  3.59
 2527.70  3.59
 2528.40  3.59
 2529.10  3.59
 2529.80  3.59
 2530.50  3.59
 2531.20  3.59
 2531.90  3.59
 2532.60  3.59
 2533.30  3.59
 2534.00  3.59
 2534.70  3.59
 2535.40  3.59
 2536.10  3.59
 2536.80  3.59
 2537.50  3.59
 2538.20  3.59
 2538.90  3.59
 2539.60  3.59
 2540.30  3.59
 2541.00  3.59
 2541.70  3.59
 2542.40  3.59
 2543.10  3.59
 2543.80  3.59
 2544.50  3.59
 2545.20  3.59
 2545.90  3.59
 2546.60  3.59
 2547.30  3.59
 2548.00  3.59
 2548.70  3.59
 2549.40  3.59
 2550.10  3.59
 2550.80  3.59
 2551.50  3.59
 2552.20  3.59
 2552.90  3.59
 2553.60  3.59
 2554.30  3.59
 2555.00  3.59
 2555.70  3.59
 2556.40  3.59
 2557.10  3.59
 2557.80  3.59
 2558.50  3.59
 2559.20  3.59
 2559.90  3.59
 2560.60  3.59
 2561.30  3.59
 2562.00  3.59
 2562.70  3.59
 2563.40  3.59
 2564.10  3.59
 2564.80  3.59
 2565.50  3.59
 2566.20  3.59
 2566.90  3.59
 2567.60  3.59
 2568.30  3.59
 2569.00  3.59
 2569.70  3.59
 2570.40  3.59
 2571.10  3.59
 2571.80  3.59
 2572.50  3.59
 2573.20  3.59
 2573.90  3.59
 2574.60  3.59
 2575.30  3.59
 2576.00  3.59
 2576.70  3.59
 2577.40  3.59
 2578.10  3.59
 2578.80  3.59
 2579.50  3.59
 2580.20  3.59
 2580.90  3.59
 2581.60  3.59
 2582.30  3.59
 2583.00  3.59
 2583.70  3.59
 2584.40  3.59
 2585.10  3.59
 2585.80  3.59
 2586.50  3.59
 2587.20  3.59
 2587.90  3.59
 2588.60  3.59
 2589.30  3.59
 2590.00  3.59
 2590.70  3.59
 2591.40  3.59
 2592.10  3.59
 2592.80  3.59
 2593.50  3.59
 2594.20  3.59
 2594.90  3.59
 2595.60  3.59
 2596.30  3.59
 2597.00  3.59
 2597.70  3.59
 2598.40  3.59
 2599.10  3.59
 2599.80  3.59
 2600.50  3.59
 2601.20  3.59
 2601.90  3.59
 2602.60  3.59
 2603.30  3.59
 2604.00  3.59
 2604.70  3.59
 2605.40  3.59
 2606.10  3.59
 2606.80  3.59
 2607.50  3.59
 2608.20  3.59
 2608.90  3.59
 2609.60  3.59
 2610.30  3.59
 2611.00  3.59
 2611.70  3.59
 2612.40  3.59
 2613.10  3.59
 2613.80  3.59
 2614.50  3.59
 2615.20  3.59
 2615.90  3.59
 2616.60  3.59
 2617.30  3.59
 2618.00  3.59
 2618.70  3.59
 2619.40  3.59
 2620.10  3.59
 2620.80  3.59
 2621.50  3.59
 2622.20  3.59
 2622.90  3.59
 2623.60  3.59
 2624.30  3.59
 2625.00  3.59
 2625.70  3.59
 2626.40  3.59
 2627.10  3.59
 2627.80  3.59
 2628.50  3.59
 2629.20  3.59
 2629.90  3.59
 2630.60  3.59
 2631.30  3.59
 2632.00  3.59
 2632.70  3.59
 2633.40  3.59
 2634.10  3.59
 2634.80  3.59
 2635.50  3.59
 2636.20  3.59
 2636.90  3.59
 2637.60  3.59
 2638.30  3.59
 2639.00  3.59
 2639.70  3.59
 2640.40  3.59
 2641.10  3.59
 2641.80  3.59
 2642.50  3.59
 2643.20  3.59
 2643.90  3.59
 2644.60  3.59
 2645.30  3.59
 2646.00  3.59
 2646.70  3.59
 2647.40  3.59
 2648.10  3.59
 2648.80  3.59
 2649.50  3.59
 2650.20  3.59
 2650.90  3.59
 2651.60  3.59
 2652.30  3.59
 2653.00  3.59
 2653.70  3.59
 2654.40  3.59
 2655.10  3.59
 2655.80  3.59
 2656.50  3.59
 2657.20  3.59
 2657.90  3.59
 2658.60  3.59
 2659.30  3.59
 2660.00  3.59
 2660.70  3.59
 2661.40  3.59
 2662.10  3.59
 2662.80  3.59
 2663.50  3.59
 2664.20  3.59
 2664.90  3.59
 2665.60  3.59
 2666.30  3.59
 2667.00  3.59
 2667.70  3.59
 2668.40  3.59
 2669.10  3.59
 2669.80  3.59
 2670.50  3.59
 2671.20  3.59
 2671.90  3.59
 2672.60  3.59
 2673.30  3.59
 2674.00  3.59
 2674.70  3.59
 2675.40  3.59
 2676.10  3.59
 2676.80  3.59
 2677.50  3.59
 2678.20  3.59
 2678.90  3.59
 2679.60  3.59
 2680.30  3.59
 2681.00  3.59
 2681.70  3.59
 2682.40  3.59
 2683.10  3.59
 2683.80  3.59
 2684.50  3.59
 2685.20  3.59
 2685.90  3.59
 2686.60  3.59
 2687.30  3.59
 2688.00  3.59
 2688.70  3.59
 2689.40  3.59
 2690.10  3.59
 2690.80  3.59
 2691.50  3.59
 2692.20  3.59
 2692.90  3.59
 2693.60  3.59
 2694.30  3.59
 2695.00  3.59
 2695.70  3.59
 2696.40  3.59
 2697.10  3.59
 2697.80  3.59
 2698.50  3.59
 2699.20  3.59
 2699.90  3.59
 2700.60  3.59
 2701.30  3.59
 2702.00  3.59
 2702.70  3.59
 2703.40  3.59
 2704.10  3.59
 2704.80  3.59
 2705.50  3.59
 2706.20  3.59
 2706.90  3.59
 2707.60  3.59
 2708.30  3.59
 2709.00  3.59
 2709.70  3.59
 2710.40  3.59
 2711.10  3.59
 2711.80  3.59
 2712.50  3.59
 2713.20  3.59
 2713.90  3.59
 2714.60  3.59
 2715.30  3.59
 2716.00  3.59
 2716.70  3.59
 2717.40  3.59
 2718.10  3.59
 2718.80  3.59
 2719.50  3.59
 2720.20  3.59
 2720.90  3.59
 2721.60  3.59
 2722.30  3.59
 2723.00  3.59
 2723.70  3.59
 2724.40  3.59
 2725.10  3.59
 2725.80  3.59
 2726.50  3.59
 2727.20  3.59
 2727.90  3.59
 2728.60  3.59
 2729.30  3.59
 2730.00  3.59
 2730.70  3.59
 2731.40  3.59
 2732.10  3.59
 2732.80  3.59
 2733.50  3.59
 2734.20  3.59
 2734.90  3.59
 2735.60  3.59
 2736.30  3.59
 2737.00  3.59
 2737.70  3.59
 2738.40  3.59
 2739.10  3.59
 2739.80  3.59
 2740.50  3.59
 2741.20  3.59
 2741.90  3.59
 2742.60  3.59
 2743.30  3.59
 2744.00  3.59
 2744.70  3.59
 2745.40  3.59
 2746.10  3.59
 2746.80  3.59
 2747.50  3.59
 2748.20  3.59
 2748.90  3.59
 2749.60  3.59
 2750.30  3.59
 2751.00  3.59
 2751.70  3.59
 2752.40  3.59
 2753.10  3.59
 2753.80  3.59
 2754.50  3.59
 2755.20  3.59
 2755.90  3.59
 2756.60  3.59
 2757.30  3.59
 2758.00  3.59
 2758.70  3.59
 2759.40  3.59
 2760.10  3.59
 2760.80  3.59
 2761.50  3.59
 2762.20  3.59
 2762.90  3.59
 2763.60  3.59
 2764.30  3.59
 2765.00  3.59
 2765.70  3.59
 2766.40  3.59
 2767.10  3.59
 2767.80  3.59
 2768.50  3.59
 2769.20  3.59
 2769.90  3.59
 2770.60  3.59
 2771.30  3.59
 2772.00  3.59
 2772.70  3.59
 2773.40  3.59
 2774.10  3.59
 2774.80  3.59
 2775.50  3.59
 2776.20  3.59
 2776.90  3.59
 2777.60  3.59
 2778.30  3.59
 2779.00  3.59
 2779.70  3.59
 2780.40  3.59
 2781.10  3.59
 2781.80  3.59
 2782.50  3.59
 2783.20  3.59
 2783.90  3.59
 2784.60  3.59
 2785.30  3.59
 2786.00  3.59
 2786.70  3.59
 2787.40  3.59
 2788.10  3.59
 2788.80  3.59
 2789.50  3.59
 2790.20  3.59
 2790.90  3.59
 2791.60  3.59
 2792.30  3.59
 2793.00  3.59
 2793.70  3.59
 2794.40  3.59
 2795.10  3.59
 2795.80  3.59
 2796.50  3.59
 2797.20  3.59
 2797.90  3.59
 2798.60  3.59
 2799.30  3.59
 2800.00  3.59
 2800.70  3.59
 2801.40  3.59
 2802.10  3.59
 2802.80  3.59
 2803.50  3.59
 2804.20  3.59
 2804.90  3.59
 2805.60  3.59
 2806.30  3.59
 2807.00  3.59
 2807.70  3.59
 2808.40  3.59
 2809.10  3.59
 2809.80  3.59
 2810.50  3.59
 2811.20  3.59
 2811.90  3.59
 2812.60  3.59
 2813.30  3.59
 2814.00  3.59
 2814.70  3.59
 2815.40  3.59
 2816.10  3.59
 2816.80  3.59
 2817.50  3.59
 2818.20  3.59
 2818.90  3.59
 2819.60  3.59
 2820.30  3.59
 2821.00  3.59
 2821.70  3.59
 2822.40  3.59
 2823.10  3.59
 2823.80  3.59
 2824.50  3.59
 2825.20  3.59
 2825.90  3.59
 2826.60  3.59
 2827.30  3.59
 2828.00  3.59
 2828.70  3.59
 2829.40  3.59
 2830.10  3.59
 2830.80  3.59
 2831.50  3.59
 2832.20  3.59
 2832.90  3.59
 2833.60  3.59
 2834.30  3.59
 2835.00  3.59
 2835.70  3.59
 2836.40  3.59
 2837.10  3.59
 2837.80  3.59
 2838.50  3.59
 2839.20  3.59
 2839.90  3.59
 2840.60  3.59
 2841.30  3.59
 2842.00  3.59
 2842.70  3.59
 2843.40  3.59
 2844.10  3.59
 2844.80  3.59
 2845.50  3.59
 2846.20  3.59
 2846.90  3.59
 2847.60  3.59
 2848.30  3.59
 2849.00  3.59
 2849.70  3.59
 2850.40  3.59
 2851.10  3.59
 2851.80  3.59
 2852.50  3.59
 2853.20  3.59
 2853.90  3.59
 2854.60  3.59
 2855.30  3.59
 2856.00  3.59
 2856.70  3.59
 2857.40  3.59
 2858.10  3.59
 2858.80  3.59
 2859.50  3.59
 2860.20  3.59
 2860.90  3.59
 2861.60  3.59
 2862.30  3.59
 2863.00  3.59
 2863.70  3.59
 2864.40  3.59
 2865.10  3.59
 2865.80  3.59
 2866.50  3.59
 2867.20  3.59
 2867.90  3.59
 2868.60  3.59
 2869.30  3.59
 2870.00  3.59
 2870.70  3.59
 2871.40  3.59
 2872.10  3.59
 2872.80  3.59
 2873.50  3.59
 2874.20  3.59
 2874.90  3.59
 2875.60  3.59
 2876.30  3.59
 2877.00  3.59
 2877.70  3.59
 2878.40  3.59
 2879.10  3.59
 2879.80  3.59
 2880.50  3.59
 2881.20  3.59
 2881.90  3.59
 2882.60  3.59
 2883.30  3.59
 2884.00  3.59
 2884.70  3.59
 2885.40  3.59
 2886.10  3.59
 2886.80  3.59
 2887.50  3.59
 2888.20  3.59
 2888.90  3.59
 2889.60  3.59
 2890.30  3.59
 2891.00  3.59
 2891.70  3.59
 2892.40  3.59
 2893.10  3.59
 2893.80  3.59
 2894.50  3.59
 2895.20  3.59
 2895.90  3.59
 2896.60  3.59
 2897.30  3.59
 2898.00  3.59
 2898.70  3.59
 2899.40  3.59
 2900.10  3.59
 2900.80  3.59
 2901.50  3.59
 2902.20  3.59
 2902.90  3.59
 2903.60  3.59
 2904.30  3.59
 2905.00  3.59
 2905.70  3.59
 2906.40  3.59
 2907.10  3.59
 2907.80  3.59
 2908.50  3.59
 2909.20  3.59
 2909.90  3.59
 2910.60  3.59
 2911.30  3.59
 2912.00  3.59
 2912.70  3.59
 2913.40  3.59
 2914.10  3.59
 2914.80  3.59
 2915.50  3.59
 2916.20  3.59
 2916.90  3.59
 2917.60  3.59
 2918.30  3.59
 2919.00  3.59
 2919.70  3.59
 2920.40  3.59
 2921.10  3.59
 2921.80  3.59
 2922.50  3.59
 2923.20  3.59
 2923.90  3.59
 2924.60  3.59
 2925.30  3.59
 2926.00  3.59
 2926.70  3.59
 2927.40  3.59
 2928.10  3.59
 2928.80  3.59
 2929.50  3.59
 2930.20  3.59
 2930.90  3.59
 2931.60  3.59
 2932.30  3.59
 2933.00  3.59
 2933.70  3.59
 2934.40  3.59
 2935.10  3.59
 2935.80  3.59
 2936.50  3.59
 2937.20  3.59
 2937.90  3.59
 2938.60  3.59
 2939.30  3.59
 2940.00  3.59
 2940.70  3.59
 2941.40  3.59
 2942.10  3.59
 2942.80  3.59
 2943.50  3.59
 2944.20  3.59
 2944.90  3.59
 2945.60  3.59
 2946.30  3.59
 2947.00  3.59
 2947.70  3.59
 2948.40  3.59
 2949.10  3.59
 2949.80  3.59
 2950.50  3.59
 2951.20  3.59
 2951.90  3.59
 2952.60  3.59
 2953.30  3.59
 2954.00  3.59
 2954.70  3.59
 2955.40  3.59
 2956.10  3.59
 2956.80  3.59
 2957.50  3.59
 2958.20  3.59
 2958.90  3.59
 2959.60  3.59
 2960.30  3.59
 2961.00  3.59
 2961.70  3.59
 2962.40  3.59
 2963.10  3.59
 2963.80  3.59
 2964.50  3.59
 2965.20  3.59
 2965.90  3.59
 2966.60  3.59
 2967.30  3.59
 2968.00  3.59
 2968.70  3.59
 2969.40  3.59
 2970.10  3.59
 2970.80  3.59
 2971.50  3.59
 2972.20  3.59
 2972.90  3.59
 2973.60  3.59
 2974.30  3.59
 2975.00  3.59
 2975.70  3.59
 2976.40  3.59
 2977.10  3.59
 2977.80  3.59
 2978.50  3.59
 2979.20  3.59
 2979.90  3.59
 2980.60  3.59
 2981.30  3.59
 2982.00  3.59
 2982.70  3.59
 2983.40  3.59
 2984.10  3.59
 2984.80  3.59
 2985.50  3.59
 2986.20  3.59
 2986.90  3.59
 2987.60  3.59
 2988.30  3.59
 2989.00  3.59
 2989.70  3.59
 2990.40  3.59
 2991.10  3.59
 2991.80  3.59
 2992.50  3.59
 2993.20  3.59
 2993.90  3.59
 2994.60  3.59
 2995.30  3.59
 2996.00  3.59
 2996.70  3.59
 2997.40  3.59
 2998.10  3.59
 2998.80  3.59
 2999.50  3.59
