#Navio B MarAd
#Manobra de Curva Giro
#
#Eta 
#
#temp      rot 
 0.00  1.00
 0.70  1.00
 1.40  1.00
 2.10  1.00
 2.80  1.00
 3.50  1.00
 4.20  1.00
 4.90  1.00
 5.60  1.00
 6.30  1.00
 7.00  1.00
 7.70  1.00
 8.40  1.00
 9.10  1.00
 9.80  1.01
 10.50  1.01
 11.20  1.01
 11.90  1.01
 12.60  1.01
 13.30  1.01
 14.00  1.01
 14.70  1.01
 15.40  1.01
 16.10  1.01
 16.80  1.01
 17.50  1.01
 18.20  1.01
 18.90  1.01
 19.60  1.01
 20.30  1.01
 21.00  1.01
 21.70  1.01
 22.40  1.01
 23.10  1.01
 23.80  1.01
 24.50  1.02
 25.20  1.02
 25.90  1.02
 26.60  1.02
 27.30  1.02
 28.00  1.02
 28.70  1.02
 29.40  1.02
 30.10  1.02
 30.80  1.02
 31.50  1.02
 32.20  1.02
 32.90  1.02
 33.60  1.02
 34.30  1.02
 35.00  1.02
 35.70  1.02
 36.40  1.03
 37.10  1.03
 37.80  1.03
 38.50  1.03
 39.20  1.03
 39.90  1.03
 40.60  1.03
 41.30  1.03
 42.00  1.03
 42.70  1.03
 43.40  1.03
 44.10  1.03
 44.80  1.03
 45.50  1.03
 46.20  1.03
 46.90  1.04
 47.60  1.04
 48.30  1.04
 49.00  1.04
 49.70  1.04
 50.40  1.04
 51.10  1.04
 51.80  1.04
 52.50  1.04
 53.20  1.04
 53.90  1.04
 54.60  1.04
 55.30  1.04
 56.00  1.05
 56.70  1.05
 57.40  1.05
 58.10  1.05
 58.80  1.05
 59.50  1.05
 60.20  1.05
 60.90  1.05
 61.60  1.05
 62.30  1.05
 63.00  1.06
 63.70  1.06
 64.40  1.06
 65.10  1.06
 65.80  1.06
 66.50  1.06
 67.20  1.06
 67.90  1.06
 68.60  1.06
 69.30  1.06
 70.00  1.07
 70.70  1.07
 71.40  1.07
 72.10  1.07
 72.80  1.07
 73.50  1.07
 74.20  1.07
 74.90  1.07
 75.60  1.08
 76.30  1.08
 77.00  1.08
 77.70  1.08
 78.40  1.08
 79.10  1.08
 79.80  1.08
 80.50  1.08
 81.20  1.09
 81.90  1.09
 82.60  1.09
 83.30  1.09
 84.00  1.09
 84.70  1.09
 85.40  1.09
 86.10  1.10
 86.80  1.10
 87.50  1.10
 88.20  1.10
 88.90  1.10
 89.60  1.10
 90.30  1.10
 91.00  1.11
 91.70  1.11
 92.40  1.11
 93.10  1.11
 93.80  1.11
 94.50  1.11
 95.20  1.12
 95.90  1.12
 96.60  1.12
 97.30  1.12
 98.00  1.12
 98.70  1.12
 99.40  1.13
 100.10  1.13
 100.80  1.13
 101.50  1.13
 102.20  1.13
 102.90  1.14
 103.60  1.14
 104.30  1.14
 105.00  1.14
 105.70  1.14
 106.40  1.14
 107.10  1.15
 107.80  1.15
 108.50  1.15
 109.20  1.15
 109.90  1.15
 110.60  1.16
 111.30  1.16
 112.00  1.16
 112.70  1.16
 113.40  1.16
 114.10  1.17
 114.80  1.17
 115.50  1.17
 116.20  1.17
 116.90  1.17
 117.60  1.18
 118.30  1.18
 119.00  1.18
 119.70  1.18
 120.40  1.19
 121.10  1.19
 121.80  1.19
 122.50  1.19
 123.20  1.19
 123.90  1.20
 124.60  1.20
 125.30  1.20
 126.00  1.20
 126.70  1.21
 127.40  1.21
 128.10  1.21
 128.80  1.21
 129.50  1.22
 130.20  1.22
 130.90  1.22
 131.60  1.22
 132.30  1.23
 133.00  1.23
 133.70  1.23
 134.40  1.23
 135.10  1.24
 135.80  1.24
 136.50  1.24
 137.20  1.24
 137.90  1.25
 138.60  1.25
 139.30  1.25
 140.00  1.25
 140.70  1.26
 141.40  1.26
 142.10  1.26
 142.80  1.26
 143.50  1.27
 144.20  1.27
 144.90  1.27
 145.60  1.27
 146.30  1.28
 147.00  1.28
 147.70  1.28
 148.40  1.29
 149.10  1.29
 149.80  1.29
 150.50  1.29
 151.20  1.30
 151.90  1.30
 152.60  1.30
 153.30  1.31
 154.00  1.31
 154.70  1.31
 155.40  1.31
 156.10  1.32
 156.80  1.32
 157.50  1.32
 158.20  1.33
 158.90  1.33
 159.60  1.33
 160.30  1.34
 161.00  1.34
 161.70  1.34
 162.40  1.34
 163.10  1.35
 163.80  1.35
 164.50  1.35
 165.20  1.36
 165.90  1.36
 166.60  1.36
 167.30  1.37
 168.00  1.37
 168.70  1.37
 169.40  1.38
 170.10  1.38
 170.80  1.38
 171.50  1.39
 172.20  1.39
 172.90  1.39
 173.60  1.39
 174.30  1.40
 175.00  1.40
 175.70  1.40
 176.40  1.41
 177.10  1.41
 177.80  1.41
 178.50  1.42
 179.20  1.42
 179.90  1.42
 180.60  1.43
 181.30  1.43
 182.00  1.43
 182.70  1.44
 183.40  1.44
 184.10  1.44
 184.80  1.45
 185.50  1.45
 186.20  1.45
 186.90  1.46
 187.60  1.46
 188.30  1.46
 189.00  1.47
 189.70  1.47
 190.40  1.48
 191.10  1.48
 191.80  1.48
 192.50  1.49
 193.20  1.49
 193.90  1.49
 194.60  1.50
 195.30  1.50
 196.00  1.50
 196.70  1.51
 197.40  1.51
 198.10  1.51
 198.80  1.52
 199.50  1.52
 200.20  1.52
 200.90  1.53
 201.60  1.53
 202.30  1.54
 203.00  1.54
 203.70  1.54
 204.40  1.55
 205.10  1.55
 205.80  1.55
 206.50  1.56
 207.20  1.56
 207.90  1.56
 208.60  1.57
 209.30  1.57
 210.00  1.58
 210.70  1.58
 211.40  1.58
 212.10  1.59
 212.80  1.59
 213.50  1.59
 214.20  1.60
 214.90  1.60
 215.60  1.60
 216.30  1.61
 217.00  1.61
 217.70  1.62
 218.40  1.62
 219.10  1.62
 219.80  1.63
 220.50  1.63
 221.20  1.63
 221.90  1.64
 222.60  1.64
 223.30  1.65
 224.00  1.65
 224.70  1.65
 225.40  1.66
 226.10  1.66
 226.80  1.67
 227.50  1.67
 228.20  1.67
 228.90  1.68
 229.60  1.68
 230.30  1.68
 231.00  1.69
 231.70  1.69
 232.40  1.70
 233.10  1.70
 233.80  1.70
 234.50  1.71
 235.20  1.71
 235.90  1.71
 236.60  1.72
 237.30  1.72
 238.00  1.73
 238.70  1.73
 239.40  1.73
 240.10  1.74
 240.80  1.74
 241.50  1.75
 242.20  1.75
 242.90  1.75
 243.60  1.76
 244.30  1.76
 245.00  1.76
 245.70  1.77
 246.40  1.77
 247.10  1.78
 247.80  1.78
 248.50  1.78
 249.20  1.79
 249.90  1.79
 250.60  1.80
 251.30  1.80
 252.00  1.80
 252.70  1.81
 253.40  1.81
 254.10  1.82
 254.80  1.82
 255.50  1.82
 256.20  1.83
 256.90  1.83
 257.60  1.83
 258.30  1.84
 259.00  1.84
 259.70  1.85
 260.40  1.85
 261.10  1.85
 261.80  1.86
 262.50  1.86
 263.20  1.87
 263.90  1.87
 264.60  1.87
 265.30  1.88
 266.00  1.88
 266.70  1.89
 267.40  1.89
 268.10  1.89
 268.80  1.90
 269.50  1.90
 270.20  1.90
 270.90  1.91
 271.60  1.91
 272.30  1.92
 273.00  1.92
 273.70  1.92
 274.40  1.93
 275.10  1.93
 275.80  1.94
 276.50  1.94
 277.20  1.94
 277.90  1.95
 278.60  1.95
 279.30  1.96
 280.00  1.96
 280.70  1.96
 281.40  1.97
 282.10  1.97
 282.80  1.97
 283.50  1.98
 284.20  1.98
 284.90  1.99
 285.60  1.99
 286.30  1.99
 287.00  2.00
 287.70  2.00
 288.40  2.01
 289.10  2.01
 289.80  2.01
 290.50  2.02
 291.20  2.02
 291.90  2.02
 292.60  2.03
 293.30  2.03
 294.00  2.04
 294.70  2.04
 295.40  2.04
 296.10  2.05
 296.80  2.05
 297.50  2.06
 298.20  2.06
 298.90  2.06
 299.60  2.07
 300.30  2.07
 301.00  2.07
 301.70  2.08
 302.40  2.08
 303.10  2.09
 303.80  2.09
 304.50  2.09
 305.20  2.10
 305.90  2.10
 306.60  2.11
 307.30  2.11
 308.00  2.11
 308.70  2.12
 309.40  2.12
 310.10  2.12
 310.80  2.13
 311.50  2.13
 312.20  2.14
 312.90  2.14
 313.60  2.14
 314.30  2.15
 315.00  2.15
 315.70  2.15
 316.40  2.16
 317.10  2.16
 317.80  2.17
 318.50  2.17
 319.20  2.17
 319.90  2.18
 320.60  2.18
 321.30  2.18
 322.00  2.19
 322.70  2.19
 323.40  2.19
 324.10  2.20
 324.80  2.20
 325.50  2.21
 326.20  2.21
 326.90  2.21
 327.60  2.22
 328.30  2.22
 329.00  2.22
 329.70  2.23
 330.40  2.23
 331.10  2.23
 331.80  2.24
 332.50  2.24
 333.20  2.25
 333.90  2.25
 334.60  2.25
 335.30  2.26
 336.00  2.26
 336.70  2.26
 337.40  2.27
 338.10  2.27
 338.80  2.27
 339.50  2.28
 340.20  2.28
 340.90  2.28
 341.60  2.29
 342.30  2.29
 343.00  2.30
 343.70  2.30
 344.40  2.30
 345.10  2.31
 345.80  2.31
 346.50  2.31
 347.20  2.32
 347.90  2.32
 348.60  2.32
 349.30  2.33
 350.00  2.33
 350.70  2.33
 351.40  2.34
 352.10  2.34
 352.80  2.34
 353.50  2.35
 354.20  2.35
 354.90  2.35
 355.60  2.36
 356.30  2.36
 357.00  2.36
 357.70  2.37
 358.40  2.37
 359.10  2.37
 359.80  2.38
 360.50  2.38
 361.20  2.38
 361.90  2.39
 362.60  2.39
 363.30  2.39
 364.00  2.40
 364.70  2.40
 365.40  2.40
 366.10  2.41
 366.80  2.41
 367.50  2.41
 368.20  2.42
 368.90  2.42
 369.60  2.42
 370.30  2.43
 371.00  2.43
 371.70  2.43
 372.40  2.44
 373.10  2.44
 373.80  2.44
 374.50  2.45
 375.20  2.45
 375.90  2.45
 376.60  2.46
 377.30  2.46
 378.00  2.46
 378.70  2.46
 379.40  2.47
 380.10  2.47
 380.80  2.47
 381.50  2.48
 382.20  2.48
 382.90  2.48
 383.60  2.49
 384.30  2.49
 385.00  2.49
 385.70  2.50
 386.40  2.50
 387.10  2.50
 387.80  2.50
 388.50  2.51
 389.20  2.51
 389.90  2.51
 390.60  2.52
 391.30  2.52
 392.00  2.52
 392.70  2.53
 393.40  2.53
 394.10  2.53
 394.80  2.53
 395.50  2.54
 396.20  2.54
 396.90  2.54
 397.60  2.55
 398.30  2.55
 399.00  2.55
 399.70  2.56
 400.40  2.56
 401.10  2.56
 401.80  2.56
 402.50  2.57
 403.20  2.57
 403.90  2.57
 404.60  2.58
 405.30  2.58
 406.00  2.58
 406.70  2.58
 407.40  2.59
 408.10  2.59
 408.80  2.59
 409.50  2.59
 410.20  2.60
 410.90  2.60
 411.60  2.60
 412.30  2.61
 413.00  2.61
 413.70  2.61
 414.40  2.61
 415.10  2.62
 415.80  2.62
 416.50  2.62
 417.20  2.63
 417.90  2.63
 418.60  2.63
 419.30  2.63
 420.00  2.64
 420.70  2.64
 421.40  2.64
 422.10  2.64
 422.80  2.65
 423.50  2.65
 424.20  2.65
 424.90  2.65
 425.60  2.66
 426.30  2.66
 427.00  2.66
 427.70  2.66
 428.40  2.67
 429.10  2.67
 429.80  2.67
 430.50  2.67
 431.20  2.68
 431.90  2.68
 432.60  2.68
 433.30  2.68
 434.00  2.69
 434.70  2.69
 435.40  2.69
 436.10  2.69
 436.80  2.70
 437.50  2.70
 438.20  2.70
 438.90  2.70
 439.60  2.71
 440.30  2.71
 441.00  2.71
 441.70  2.71
 442.40  2.72
 443.10  2.72
 443.80  2.72
 444.50  2.72
 445.20  2.73
 445.90  2.73
 446.60  2.73
 447.30  2.73
 448.00  2.74
 448.70  2.74
 449.40  2.74
 450.10  2.74
 450.80  2.75
 451.50  2.75
 452.20  2.75
 452.90  2.75
 453.60  2.75
 454.30  2.76
 455.00  2.76
 455.70  2.76
 456.40  2.76
 457.10  2.77
 457.80  2.77
 458.50  2.77
 459.20  2.77
 459.90  2.77
 460.60  2.78
 461.30  2.78
 462.00  2.78
 462.70  2.78
 463.40  2.79
 464.10  2.79
 464.80  2.79
 465.50  2.79
 466.20  2.79
 466.90  2.80
 467.60  2.80
 468.30  2.80
 469.00  2.80
 469.70  2.81
 470.40  2.81
 471.10  2.81
 471.80  2.81
 472.50  2.81
 473.20  2.82
 473.90  2.82
 474.60  2.82
 475.30  2.82
 476.00  2.82
 476.70  2.83
 477.40  2.83
 478.10  2.83
 478.80  2.83
 479.50  2.83
 480.20  2.84
 480.90  2.84
 481.60  2.84
 482.30  2.84
 483.00  2.84
 483.70  2.85
 484.40  2.85
 485.10  2.85
 485.80  2.85
 486.50  2.85
 487.20  2.86
 487.90  2.86
 488.60  2.86
 489.30  2.86
 490.00  2.86
 490.70  2.87
 491.40  2.87
 492.10  2.87
 492.80  2.87
 493.50  2.87
 494.20  2.87
 494.90  2.88
 495.60  2.88
 496.30  2.88
 497.00  2.88
 497.70  2.88
 498.40  2.89
 499.10  2.89
 499.80  2.89
 500.50  2.89
 501.20  2.89
 501.90  2.89
 502.60  2.90
 503.30  2.90
 504.00  2.90
 504.70  2.90
 505.40  2.90
 506.10  2.91
 506.80  2.91
 507.50  2.91
 508.20  2.91
 508.90  2.91
 509.60  2.91
 510.30  2.92
 511.00  2.92
 511.70  2.92
 512.40  2.92
 513.10  2.92
 513.80  2.92
 514.50  2.93
 515.20  2.93
 515.90  2.93
 516.60  2.93
 517.30  2.93
 518.00  2.93
 518.70  2.94
 519.40  2.94
 520.10  2.94
 520.80  2.94
 521.50  2.94
 522.20  2.94
 522.90  2.94
 523.60  2.95
 524.30  2.95
 525.00  2.95
 525.70  2.95
 526.40  2.95
 527.10  2.95
 527.80  2.96
 528.50  2.96
 529.20  2.96
 529.90  2.96
 530.60  2.96
 531.30  2.96
 532.00  2.97
 532.70  2.97
 533.40  2.97
 534.10  2.97
 534.80  2.97
 535.50  2.97
 536.20  2.97
 536.90  2.98
 537.60  2.98
 538.30  2.98
 539.00  2.98
 539.70  2.98
 540.40  2.98
 541.10  2.98
 541.80  2.99
 542.50  2.99
 543.20  2.99
 543.90  2.99
 544.60  2.99
 545.30  2.99
 546.00  2.99
 546.70  3.00
 547.40  3.00
 548.10  3.00
 548.80  3.00
 549.50  3.00
 550.20  3.00
 550.90  3.00
 551.60  3.00
 552.30  3.01
 553.00  3.01
 553.70  3.01
 554.40  3.01
 555.10  3.01
 555.80  3.01
 556.50  3.01
 557.20  3.02
 557.90  3.02
 558.60  3.02
 559.30  3.02
 560.00  3.02
 560.70  3.02
 561.40  3.02
 562.10  3.02
 562.80  3.03
 563.50  3.03
 564.20  3.03
 564.90  3.03
 565.60  3.03
 566.30  3.03
 567.00  3.03
 567.70  3.03
 568.40  3.04
 569.10  3.04
 569.80  3.04
 570.50  3.04
 571.20  3.04
 571.90  3.04
 572.60  3.04
 573.30  3.04
 574.00  3.04
 574.70  3.05
 575.40  3.05
 576.10  3.05
 576.80  3.05
 577.50  3.05
 578.20  3.05
 578.90  3.05
 579.60  3.05
 580.30  3.06
 581.00  3.06
 581.70  3.06
 582.40  3.06
 583.10  3.06
 583.80  3.06
 584.50  3.06
 585.20  3.06
 585.90  3.06
 586.60  3.07
 587.30  3.07
 588.00  3.07
 588.70  3.07
 589.40  3.07
 590.10  3.07
 590.80  3.07
 591.50  3.07
 592.20  3.07
 592.90  3.07
 593.60  3.08
 594.30  3.08
 595.00  3.08
 595.70  3.08
 596.40  3.08
 597.10  3.08
 597.80  3.08
 598.50  3.08
 599.20  3.08
 599.90  3.08
 600.60  3.09
 601.30  3.09
 602.00  3.09
 602.70  3.09
 603.40  3.09
 604.10  3.09
 604.80  3.09
 605.50  3.09
 606.20  3.09
 606.90  3.09
 607.60  3.10
 608.30  3.10
 609.00  3.10
 609.70  3.10
 610.40  3.10
 611.10  3.10
 611.80  3.10
 612.50  3.10
 613.20  3.10
 613.90  3.10
 614.60  3.10
 615.30  3.11
 616.00  3.11
 616.70  3.11
 617.40  3.11
 618.10  3.11
 618.80  3.11
 619.50  3.11
 620.20  3.11
 620.90  3.11
 621.60  3.11
 622.30  3.11
 623.00  3.12
 623.70  3.12
 624.40  3.12
 625.10  3.12
 625.80  3.12
 626.50  3.12
 627.20  3.12
 627.90  3.12
 628.60  3.12
 629.30  3.12
 630.00  3.12
 630.70  3.12
 631.40  3.13
 632.10  3.13
 632.80  3.13
 633.50  3.13
 634.20  3.13
 634.90  3.13
 635.60  3.13
 636.30  3.13
 637.00  3.13
 637.70  3.13
 638.40  3.13
 639.10  3.13
 639.80  3.13
 640.50  3.14
 641.20  3.14
 641.90  3.14
 642.60  3.14
 643.30  3.14
 644.00  3.14
 644.70  3.14
 645.40  3.14
 646.10  3.14
 646.80  3.14
 647.50  3.14
 648.20  3.14
 648.90  3.14
 649.60  3.15
 650.30  3.15
 651.00  3.15
 651.70  3.15
 652.40  3.15
 653.10  3.15
 653.80  3.15
 654.50  3.15
 655.20  3.15
 655.90  3.15
 656.60  3.15
 657.30  3.15
 658.00  3.15
 658.70  3.15
 659.40  3.15
 660.10  3.16
 660.80  3.16
 661.50  3.16
 662.20  3.16
 662.90  3.16
 663.60  3.16
 664.30  3.16
 665.00  3.16
 665.70  3.16
 666.40  3.16
 667.10  3.16
 667.80  3.16
 668.50  3.16
 669.20  3.16
 669.90  3.16
 670.60  3.17
 671.30  3.17
 672.00  3.17
 672.70  3.17
 673.40  3.17
 674.10  3.17
 674.80  3.17
 675.50  3.17
 676.20  3.17
 676.90  3.17
 677.60  3.17
 678.30  3.17
 679.00  3.17
 679.70  3.17
 680.40  3.17
 681.10  3.17
 681.80  3.17
 682.50  3.18
 683.20  3.18
 683.90  3.18
 684.60  3.18
 685.30  3.18
 686.00  3.18
 686.70  3.18
 687.40  3.18
 688.10  3.18
 688.80  3.18
 689.50  3.18
 690.20  3.18
 690.90  3.18
 691.60  3.18
 692.30  3.18
 693.00  3.18
 693.70  3.18
 694.40  3.18
 695.10  3.19
 695.80  3.19
 696.50  3.19
 697.20  3.19
 697.90  3.19
 698.60  3.19
 699.30  3.19
 700.00  3.19
 700.70  3.19
 701.40  3.19
 702.10  3.19
 702.80  3.19
 703.50  3.19
 704.20  3.19
 704.90  3.19
 705.60  3.19
 706.30  3.19
 707.00  3.19
 707.70  3.19
 708.40  3.19
 709.10  3.20
 709.80  3.20
 710.50  3.20
 711.20  3.20
 711.90  3.20
 712.60  3.20
 713.30  3.20
 714.00  3.20
 714.70  3.20
 715.40  3.20
 716.10  3.20
 716.80  3.20
 717.50  3.20
 718.20  3.20
 718.90  3.20
 719.60  3.20
 720.30  3.20
 721.00  3.20
 721.70  3.20
 722.40  3.20
 723.10  3.20
 723.80  3.20
 724.50  3.20
 725.20  3.21
 725.90  3.21
 726.60  3.21
 727.30  3.21
 728.00  3.21
 728.70  3.21
 729.40  3.21
 730.10  3.21
 730.80  3.21
 731.50  3.21
 732.20  3.21
 732.90  3.21
 733.60  3.21
 734.30  3.21
 735.00  3.21
 735.70  3.21
 736.40  3.21
 737.10  3.21
 737.80  3.21
 738.50  3.21
 739.20  3.21
 739.90  3.21
 740.60  3.21
 741.30  3.21
 742.00  3.21
 742.70  3.22
 743.40  3.22
 744.10  3.22
 744.80  3.22
 745.50  3.22
 746.20  3.22
 746.90  3.22
 747.60  3.22
 748.30  3.22
 749.00  3.22
 749.70  3.22
 750.40  3.22
 751.10  3.22
 751.80  3.22
 752.50  3.22
 753.20  3.22
 753.90  3.22
 754.60  3.22
 755.30  3.22
 756.00  3.22
 756.70  3.22
 757.40  3.22
 758.10  3.22
 758.80  3.22
 759.50  3.22
 760.20  3.22
 760.90  3.22
 761.60  3.22
 762.30  3.22
 763.00  3.22
 763.70  3.23
 764.40  3.23
 765.10  3.23
 765.80  3.23
 766.50  3.23
 767.20  3.23
 767.90  3.23
 768.60  3.23
 769.30  3.23
 770.00  3.23
 770.70  3.23
 771.40  3.23
 772.10  3.23
 772.80  3.23
 773.50  3.23
 774.20  3.23
 774.90  3.23
 775.60  3.23
 776.30  3.23
 777.00  3.23
 777.70  3.23
 778.40  3.23
 779.10  3.23
 779.80  3.23
 780.50  3.23
 781.20  3.23
 781.90  3.23
 782.60  3.23
 783.30  3.23
 784.00  3.23
 784.70  3.23
 785.40  3.23
 786.10  3.23
 786.80  3.23
 787.50  3.23
 788.20  3.24
 788.90  3.24
 789.60  3.24
 790.30  3.24
 791.00  3.24
 791.70  3.24
 792.40  3.24
 793.10  3.24
 793.80  3.24
 794.50  3.24
 795.20  3.24
 795.90  3.24
 796.60  3.24
 797.30  3.24
 798.00  3.24
 798.70  3.24
 799.40  3.24
 800.10  3.24
 800.80  3.24
 801.50  3.24
 802.20  3.24
 802.90  3.24
 803.60  3.24
 804.30  3.24
 805.00  3.24
 805.70  3.24
 806.40  3.24
 807.10  3.24
 807.80  3.24
 808.50  3.24
 809.20  3.24
 809.90  3.24
 810.60  3.24
 811.30  3.24
 812.00  3.24
 812.70  3.24
 813.40  3.24
 814.10  3.24
 814.80  3.24
 815.50  3.24
 816.20  3.24
 816.90  3.24
 817.60  3.24
 818.30  3.24
 819.00  3.24
 819.70  3.25
 820.40  3.25
 821.10  3.25
 821.80  3.25
 822.50  3.25
 823.20  3.25
 823.90  3.25
 824.60  3.25
 825.30  3.25
 826.00  3.25
 826.70  3.25
 827.40  3.25
 828.10  3.25
 828.80  3.25
 829.50  3.25
 830.20  3.25
 830.90  3.25
 831.60  3.25
 832.30  3.25
 833.00  3.25
 833.70  3.25
 834.40  3.25
 835.10  3.25
 835.80  3.25
 836.50  3.25
 837.20  3.25
 837.90  3.25
 838.60  3.25
 839.30  3.25
 840.00  3.25
 840.70  3.25
 841.40  3.25
 842.10  3.25
 842.80  3.25
 843.50  3.25
 844.20  3.25
 844.90  3.25
 845.60  3.25
 846.30  3.25
 847.00  3.25
 847.70  3.25
 848.40  3.25
 849.10  3.25
 849.80  3.25
 850.50  3.25
 851.20  3.25
 851.90  3.25
 852.60  3.25
 853.30  3.25
 854.00  3.25
 854.70  3.25
 855.40  3.25
 856.10  3.25
 856.80  3.25
 857.50  3.25
 858.20  3.25
 858.90  3.25
 859.60  3.25
 860.30  3.25
 861.00  3.25
 861.70  3.26
 862.40  3.26
 863.10  3.26
 863.80  3.26
 864.50  3.26
 865.20  3.26
 865.90  3.26
 866.60  3.26
 867.30  3.26
 868.00  3.26
 868.70  3.26
 869.40  3.26
 870.10  3.26
 870.80  3.26
 871.50  3.26
 872.20  3.26
 872.90  3.26
 873.60  3.26
 874.30  3.26
 875.00  3.26
 875.70  3.26
 876.40  3.26
 877.10  3.26
 877.80  3.26
 878.50  3.26
 879.20  3.26
 879.90  3.26
 880.60  3.26
 881.30  3.26
 882.00  3.26
 882.70  3.26
 883.40  3.26
 884.10  3.26
 884.80  3.26
 885.50  3.26
 886.20  3.26
 886.90  3.26
 887.60  3.26
 888.30  3.26
 889.00  3.26
 889.70  3.26
 890.40  3.26
 891.10  3.26
 891.80  3.26
 892.50  3.26
 893.20  3.26
 893.90  3.26
 894.60  3.26
 895.30  3.26
 896.00  3.26
 896.70  3.26
 897.40  3.26
 898.10  3.26
 898.80  3.26
 899.50  3.26
 900.20  3.26
 900.90  3.26
 901.60  3.26
 902.30  3.26
 903.00  3.26
 903.70  3.26
 904.40  3.26
 905.10  3.26
 905.80  3.26
 906.50  3.26
 907.20  3.26
 907.90  3.26
 908.60  3.26
 909.30  3.26
 910.00  3.26
 910.70  3.26
 911.40  3.26
 912.10  3.26
 912.80  3.26
 913.50  3.26
 914.20  3.26
 914.90  3.26
 915.60  3.26
 916.30  3.26
 917.00  3.26
 917.70  3.26
 918.40  3.26
 919.10  3.26
 919.80  3.26
 920.50  3.26
 921.20  3.26
 921.90  3.26
 922.60  3.26
 923.30  3.26
 924.00  3.26
 924.70  3.26
 925.40  3.26
 926.10  3.26
 926.80  3.26
 927.50  3.26
 928.20  3.26
 928.90  3.26
 929.60  3.26
 930.30  3.26
 931.00  3.26
 931.70  3.26
 932.40  3.27
 933.10  3.27
 933.80  3.27
 934.50  3.27
 935.20  3.27
 935.90  3.27
 936.60  3.27
 937.30  3.27
 938.00  3.27
 938.70  3.27
 939.40  3.27
 940.10  3.27
 940.80  3.27
 941.50  3.27
 942.20  3.27
 942.90  3.27
 943.60  3.27
 944.30  3.27
 945.00  3.27
 945.70  3.27
 946.40  3.27
 947.10  3.27
 947.80  3.27
 948.50  3.27
 949.20  3.27
 949.90  3.27
 950.60  3.27
 951.30  3.27
 952.00  3.27
 952.70  3.27
 953.40  3.27
 954.10  3.27
 954.80  3.27
 955.50  3.27
 956.20  3.27
 956.90  3.27
 957.60  3.27
 958.30  3.27
 959.00  3.27
 959.70  3.27
 960.40  3.27
 961.10  3.27
 961.80  3.27
 962.50  3.27
 963.20  3.27
 963.90  3.27
 964.60  3.27
 965.30  3.27
 966.00  3.27
 966.70  3.27
 967.40  3.27
 968.10  3.27
 968.80  3.27
 969.50  3.27
 970.20  3.27
 970.90  3.27
 971.60  3.27
 972.30  3.27
 973.00  3.27
 973.70  3.27
 974.40  3.27
 975.10  3.27
 975.80  3.27
 976.50  3.27
 977.20  3.27
 977.90  3.27
 978.60  3.27
 979.30  3.27
 980.00  3.27
 980.70  3.27
 981.40  3.27
 982.10  3.27
 982.80  3.27
 983.50  3.27
 984.20  3.27
 984.90  3.27
 985.60  3.27
 986.30  3.27
 987.00  3.27
 987.70  3.27
 988.40  3.27
 989.10  3.27
 989.80  3.27
 990.50  3.27
 991.20  3.27
 991.90  3.27
 992.60  3.27
 993.30  3.27
 994.00  3.27
 994.70  3.27
 995.40  3.27
 996.10  3.27
 996.80  3.27
 997.50  3.27
 998.20  3.27
 998.90  3.27
 999.60  3.27
 1000.30  3.27
 1001.00  3.27
 1001.70  3.27
 1002.40  3.27
 1003.10  3.27
 1003.80  3.27
 1004.50  3.27
 1005.20  3.27
 1005.90  3.27
 1006.60  3.27
 1007.30  3.27
 1008.00  3.27
 1008.70  3.27
 1009.40  3.27
 1010.10  3.27
 1010.80  3.27
 1011.50  3.27
 1012.20  3.27
 1012.90  3.27
 1013.60  3.27
 1014.30  3.27
 1015.00  3.27
 1015.70  3.27
 1016.40  3.27
 1017.10  3.27
 1017.80  3.27
 1018.50  3.27
 1019.20  3.27
 1019.90  3.27
 1020.60  3.27
 1021.30  3.27
 1022.00  3.27
 1022.70  3.27
 1023.40  3.27
 1024.10  3.27
 1024.80  3.27
 1025.50  3.27
 1026.20  3.27
 1026.90  3.27
 1027.60  3.27
 1028.30  3.27
 1029.00  3.27
 1029.70  3.27
 1030.40  3.27
 1031.10  3.27
 1031.80  3.27
 1032.50  3.27
 1033.20  3.27
 1033.90  3.27
 1034.60  3.27
 1035.30  3.27
 1036.00  3.27
 1036.70  3.27
 1037.40  3.27
 1038.10  3.27
 1038.80  3.27
 1039.50  3.27
 1040.20  3.27
 1040.90  3.27
 1041.60  3.27
 1042.30  3.27
 1043.00  3.27
 1043.70  3.27
 1044.40  3.27
 1045.10  3.27
 1045.80  3.27
 1046.50  3.27
 1047.20  3.27
 1047.90  3.27
 1048.60  3.27
 1049.30  3.27
 1050.00  3.27
 1050.70  3.27
 1051.40  3.27
 1052.10  3.27
 1052.80  3.27
 1053.50  3.27
 1054.20  3.27
 1054.90  3.27
 1055.60  3.27
 1056.30  3.27
 1057.00  3.27
 1057.70  3.27
 1058.40  3.27
 1059.10  3.27
 1059.80  3.27
 1060.50  3.27
 1061.20  3.27
 1061.90  3.27
 1062.60  3.27
 1063.30  3.27
 1064.00  3.27
 1064.70  3.27
 1065.40  3.27
 1066.10  3.27
 1066.80  3.27
 1067.50  3.27
 1068.20  3.27
 1068.90  3.27
 1069.60  3.27
 1070.30  3.27
 1071.00  3.27
 1071.70  3.27
 1072.40  3.27
 1073.10  3.27
 1073.80  3.27
 1074.50  3.27
 1075.20  3.27
 1075.90  3.27
 1076.60  3.27
 1077.30  3.27
 1078.00  3.27
 1078.70  3.27
 1079.40  3.27
 1080.10  3.27
 1080.80  3.27
 1081.50  3.27
 1082.20  3.27
 1082.90  3.27
 1083.60  3.27
 1084.30  3.27
 1085.00  3.27
 1085.70  3.27
 1086.40  3.27
 1087.10  3.27
 1087.80  3.27
 1088.50  3.27
 1089.20  3.27
 1089.90  3.27
 1090.60  3.27
 1091.30  3.27
 1092.00  3.27
 1092.70  3.27
 1093.40  3.27
 1094.10  3.27
 1094.80  3.27
 1095.50  3.27
 1096.20  3.27
 1096.90  3.27
 1097.60  3.27
 1098.30  3.27
 1099.00  3.27
 1099.70  3.27
 1100.40  3.27
 1101.10  3.27
 1101.80  3.27
 1102.50  3.27
 1103.20  3.27
 1103.90  3.27
 1104.60  3.27
 1105.30  3.27
 1106.00  3.27
 1106.70  3.27
 1107.40  3.27
 1108.10  3.27
 1108.80  3.27
 1109.50  3.27
 1110.20  3.27
 1110.90  3.27
 1111.60  3.27
 1112.30  3.27
 1113.00  3.27
 1113.70  3.27
 1114.40  3.27
 1115.10  3.27
 1115.80  3.27
 1116.50  3.27
 1117.20  3.27
 1117.90  3.27
 1118.60  3.27
 1119.30  3.27
 1120.00  3.27
 1120.70  3.27
 1121.40  3.27
 1122.10  3.27
 1122.80  3.27
 1123.50  3.27
 1124.20  3.27
 1124.90  3.27
 1125.60  3.27
 1126.30  3.27
 1127.00  3.27
 1127.70  3.27
 1128.40  3.27
 1129.10  3.27
 1129.80  3.27
 1130.50  3.27
 1131.20  3.27
 1131.90  3.27
 1132.60  3.27
 1133.30  3.27
 1134.00  3.27
 1134.70  3.27
 1135.40  3.27
 1136.10  3.27
 1136.80  3.27
 1137.50  3.27
 1138.20  3.27
 1138.90  3.27
 1139.60  3.27
 1140.30  3.27
 1141.00  3.27
 1141.70  3.27
 1142.40  3.27
 1143.10  3.27
 1143.80  3.27
 1144.50  3.27
 1145.20  3.27
 1145.90  3.27
 1146.60  3.27
 1147.30  3.27
 1148.00  3.27
 1148.70  3.27
 1149.40  3.27
 1150.10  3.27
 1150.80  3.27
 1151.50  3.27
 1152.20  3.27
 1152.90  3.27
 1153.60  3.27
 1154.30  3.27
 1155.00  3.27
 1155.70  3.27
 1156.40  3.27
 1157.10  3.27
 1157.80  3.27
 1158.50  3.27
 1159.20  3.27
 1159.90  3.27
 1160.60  3.27
 1161.30  3.27
 1162.00  3.27
 1162.70  3.27
 1163.40  3.27
 1164.10  3.27
 1164.80  3.27
 1165.50  3.27
 1166.20  3.27
 1166.90  3.27
 1167.60  3.27
 1168.30  3.27
 1169.00  3.27
 1169.70  3.27
 1170.40  3.27
 1171.10  3.27
 1171.80  3.27
 1172.50  3.27
 1173.20  3.27
 1173.90  3.27
 1174.60  3.27
 1175.30  3.27
 1176.00  3.27
 1176.70  3.27
 1177.40  3.27
 1178.10  3.27
 1178.80  3.27
 1179.50  3.27
 1180.20  3.27
 1180.90  3.27
 1181.60  3.27
 1182.30  3.27
 1183.00  3.27
 1183.70  3.27
 1184.40  3.27
 1185.10  3.27
 1185.80  3.27
 1186.50  3.27
 1187.20  3.27
 1187.90  3.27
 1188.60  3.27
 1189.30  3.27
 1190.00  3.27
 1190.70  3.27
 1191.40  3.27
 1192.10  3.27
 1192.80  3.27
 1193.50  3.27
 1194.20  3.27
 1194.90  3.27
 1195.60  3.27
 1196.30  3.27
 1197.00  3.27
 1197.70  3.27
 1198.40  3.27
 1199.10  3.27
 1199.80  3.27
 1200.50  3.27
 1201.20  3.27
 1201.90  3.27
 1202.60  3.27
 1203.30  3.27
 1204.00  3.27
 1204.70  3.27
 1205.40  3.27
 1206.10  3.27
 1206.80  3.27
 1207.50  3.27
 1208.20  3.27
 1208.90  3.27
 1209.60  3.27
 1210.30  3.27
 1211.00  3.27
 1211.70  3.27
 1212.40  3.27
 1213.10  3.27
 1213.80  3.27
 1214.50  3.27
 1215.20  3.27
 1215.90  3.27
 1216.60  3.27
 1217.30  3.27
 1218.00  3.27
 1218.70  3.27
 1219.40  3.27
 1220.10  3.27
 1220.80  3.27
 1221.50  3.27
 1222.20  3.27
 1222.90  3.27
 1223.60  3.27
 1224.30  3.27
 1225.00  3.27
 1225.70  3.27
 1226.40  3.27
 1227.10  3.27
 1227.80  3.27
 1228.50  3.27
 1229.20  3.27
 1229.90  3.27
 1230.60  3.27
 1231.30  3.27
 1232.00  3.27
 1232.70  3.27
 1233.40  3.27
 1234.10  3.27
 1234.80  3.27
 1235.50  3.27
 1236.20  3.27
 1236.90  3.27
 1237.60  3.27
 1238.30  3.27
 1239.00  3.27
 1239.70  3.27
 1240.40  3.27
 1241.10  3.27
 1241.80  3.27
 1242.50  3.27
 1243.20  3.27
 1243.90  3.27
 1244.60  3.27
 1245.30  3.27
 1246.00  3.27
 1246.70  3.27
 1247.40  3.27
 1248.10  3.27
 1248.80  3.27
 1249.50  3.27
 1250.20  3.27
 1250.90  3.27
 1251.60  3.27
 1252.30  3.27
 1253.00  3.27
 1253.70  3.27
 1254.40  3.27
 1255.10  3.27
 1255.80  3.27
 1256.50  3.27
 1257.20  3.27
 1257.90  3.27
 1258.60  3.27
 1259.30  3.27
 1260.00  3.27
 1260.70  3.27
 1261.40  3.27
 1262.10  3.27
 1262.80  3.27
 1263.50  3.27
 1264.20  3.27
 1264.90  3.27
 1265.60  3.27
 1266.30  3.27
 1267.00  3.27
 1267.70  3.27
 1268.40  3.27
 1269.10  3.27
 1269.80  3.27
 1270.50  3.27
 1271.20  3.27
 1271.90  3.27
 1272.60  3.27
 1273.30  3.27
 1274.00  3.27
 1274.70  3.27
 1275.40  3.27
 1276.10  3.27
 1276.80  3.27
 1277.50  3.27
 1278.20  3.27
 1278.90  3.27
 1279.60  3.27
 1280.30  3.27
 1281.00  3.27
 1281.70  3.27
 1282.40  3.27
 1283.10  3.27
 1283.80  3.27
 1284.50  3.27
 1285.20  3.27
 1285.90  3.27
 1286.60  3.27
 1287.30  3.27
 1288.00  3.27
 1288.70  3.27
 1289.40  3.27
 1290.10  3.27
 1290.80  3.27
 1291.50  3.27
 1292.20  3.27
 1292.90  3.27
 1293.60  3.27
 1294.30  3.27
 1295.00  3.27
 1295.70  3.27
 1296.40  3.27
 1297.10  3.27
 1297.80  3.27
 1298.50  3.27
 1299.20  3.27
 1299.90  3.27
 1300.60  3.27
 1301.30  3.27
 1302.00  3.27
 1302.70  3.27
 1303.40  3.27
 1304.10  3.27
 1304.80  3.27
 1305.50  3.27
 1306.20  3.27
 1306.90  3.27
 1307.60  3.27
 1308.30  3.27
 1309.00  3.27
 1309.70  3.27
 1310.40  3.27
 1311.10  3.27
 1311.80  3.27
 1312.50  3.27
 1313.20  3.27
 1313.90  3.27
 1314.60  3.27
 1315.30  3.27
 1316.00  3.27
 1316.70  3.27
 1317.40  3.27
 1318.10  3.27
 1318.80  3.27
 1319.50  3.27
 1320.20  3.27
 1320.90  3.27
 1321.60  3.27
 1322.30  3.27
 1323.00  3.27
 1323.70  3.27
 1324.40  3.27
 1325.10  3.27
 1325.80  3.27
 1326.50  3.27
 1327.20  3.27
 1327.90  3.27
 1328.60  3.27
 1329.30  3.27
 1330.00  3.27
 1330.70  3.27
 1331.40  3.27
 1332.10  3.27
 1332.80  3.27
 1333.50  3.27
 1334.20  3.27
 1334.90  3.27
 1335.60  3.27
 1336.30  3.27
 1337.00  3.27
 1337.70  3.27
 1338.40  3.27
 1339.10  3.27
 1339.80  3.27
 1340.50  3.27
 1341.20  3.27
 1341.90  3.27
 1342.60  3.27
 1343.30  3.27
 1344.00  3.27
 1344.70  3.27
 1345.40  3.27
 1346.10  3.27
 1346.80  3.27
 1347.50  3.27
 1348.20  3.27
 1348.90  3.27
 1349.60  3.27
 1350.30  3.27
 1351.00  3.27
 1351.70  3.27
 1352.40  3.27
 1353.10  3.27
 1353.80  3.27
 1354.50  3.27
 1355.20  3.27
 1355.90  3.27
 1356.60  3.27
 1357.30  3.27
 1358.00  3.27
 1358.70  3.27
 1359.40  3.27
 1360.10  3.27
 1360.80  3.27
 1361.50  3.27
 1362.20  3.27
 1362.90  3.27
 1363.60  3.27
 1364.30  3.27
 1365.00  3.27
 1365.70  3.27
 1366.40  3.27
 1367.10  3.27
 1367.80  3.27
 1368.50  3.27
 1369.20  3.27
 1369.90  3.27
 1370.60  3.27
 1371.30  3.27
 1372.00  3.27
 1372.70  3.27
 1373.40  3.27
 1374.10  3.27
 1374.80  3.27
 1375.50  3.27
 1376.20  3.27
 1376.90  3.27
 1377.60  3.27
 1378.30  3.27
 1379.00  3.27
 1379.70  3.27
 1380.40  3.27
 1381.10  3.27
 1381.80  3.27
 1382.50  3.27
 1383.20  3.27
 1383.90  3.27
 1384.60  3.27
 1385.30  3.27
 1386.00  3.27
 1386.70  3.27
 1387.40  3.27
 1388.10  3.27
 1388.80  3.27
 1389.50  3.27
 1390.20  3.27
 1390.90  3.27
 1391.60  3.27
 1392.30  3.27
 1393.00  3.27
 1393.70  3.27
 1394.40  3.27
 1395.10  3.27
 1395.80  3.27
 1396.50  3.27
 1397.20  3.27
 1397.90  3.27
 1398.60  3.27
 1399.30  3.27
 1400.00  3.27
 1400.70  3.27
 1401.40  3.27
 1402.10  3.27
 1402.80  3.27
 1403.50  3.27
 1404.20  3.27
 1404.90  3.27
 1405.60  3.27
 1406.30  3.27
 1407.00  3.27
 1407.70  3.27
 1408.40  3.27
 1409.10  3.27
 1409.80  3.27
 1410.50  3.27
 1411.20  3.27
 1411.90  3.27
 1412.60  3.27
 1413.30  3.27
 1414.00  3.27
 1414.70  3.27
 1415.40  3.27
 1416.10  3.27
 1416.80  3.27
 1417.50  3.27
 1418.20  3.27
 1418.90  3.27
 1419.60  3.27
 1420.30  3.27
 1421.00  3.27
 1421.70  3.27
 1422.40  3.27
 1423.10  3.27
 1423.80  3.27
 1424.50  3.27
 1425.20  3.27
 1425.90  3.27
 1426.60  3.27
 1427.30  3.27
 1428.00  3.27
 1428.70  3.27
 1429.40  3.27
 1430.10  3.27
 1430.80  3.27
 1431.50  3.27
 1432.20  3.27
 1432.90  3.27
 1433.60  3.27
 1434.30  3.27
 1435.00  3.27
 1435.70  3.27
 1436.40  3.27
 1437.10  3.27
 1437.80  3.27
 1438.50  3.27
 1439.20  3.27
 1439.90  3.27
 1440.60  3.27
 1441.30  3.27
 1442.00  3.27
 1442.70  3.27
 1443.40  3.27
 1444.10  3.27
 1444.80  3.27
 1445.50  3.27
 1446.20  3.27
 1446.90  3.27
 1447.60  3.27
 1448.30  3.27
 1449.00  3.27
 1449.70  3.27
 1450.40  3.27
 1451.10  3.27
 1451.80  3.27
 1452.50  3.27
 1453.20  3.27
 1453.90  3.27
 1454.60  3.27
 1455.30  3.27
 1456.00  3.27
 1456.70  3.27
 1457.40  3.27
 1458.10  3.27
 1458.80  3.27
 1459.50  3.27
 1460.20  3.27
 1460.90  3.27
 1461.60  3.27
 1462.30  3.27
 1463.00  3.27
 1463.70  3.27
 1464.40  3.27
 1465.10  3.27
 1465.80  3.27
 1466.50  3.27
 1467.20  3.27
 1467.90  3.27
 1468.60  3.27
 1469.30  3.27
 1470.00  3.27
 1470.70  3.27
 1471.40  3.27
 1472.10  3.27
 1472.80  3.27
 1473.50  3.27
 1474.20  3.27
 1474.90  3.27
 1475.60  3.27
 1476.30  3.27
 1477.00  3.27
 1477.70  3.27
 1478.40  3.27
 1479.10  3.27
 1479.80  3.27
 1480.50  3.27
 1481.20  3.27
 1481.90  3.27
 1482.60  3.27
 1483.30  3.27
 1484.00  3.27
 1484.70  3.27
 1485.40  3.27
 1486.10  3.27
 1486.80  3.27
 1487.50  3.27
 1488.20  3.27
 1488.90  3.27
 1489.60  3.27
 1490.30  3.27
 1491.00  3.27
 1491.70  3.27
 1492.40  3.27
 1493.10  3.27
 1493.80  3.27
 1494.50  3.27
 1495.20  3.27
 1495.90  3.27
 1496.60  3.27
 1497.30  3.27
 1498.00  3.27
 1498.70  3.27
 1499.40  3.27
 1500.10  3.27
 1500.80  3.27
 1501.50  3.27
 1502.20  3.27
 1502.90  3.27
 1503.60  3.27
 1504.30  3.27
 1505.00  3.27
 1505.70  3.27
 1506.40  3.27
 1507.10  3.27
 1507.80  3.27
 1508.50  3.27
 1509.20  3.27
 1509.90  3.27
 1510.60  3.27
 1511.30  3.27
 1512.00  3.27
 1512.70  3.27
 1513.40  3.27
 1514.10  3.27
 1514.80  3.27
 1515.50  3.27
 1516.20  3.27
 1516.90  3.27
 1517.60  3.27
 1518.30  3.27
 1519.00  3.27
 1519.70  3.27
 1520.40  3.27
 1521.10  3.27
 1521.80  3.27
 1522.50  3.27
 1523.20  3.27
 1523.90  3.27
 1524.60  3.27
 1525.30  3.27
 1526.00  3.27
 1526.70  3.27
 1527.40  3.27
 1528.10  3.27
 1528.80  3.27
 1529.50  3.27
 1530.20  3.27
 1530.90  3.27
 1531.60  3.27
 1532.30  3.27
 1533.00  3.27
 1533.70  3.27
 1534.40  3.27
 1535.10  3.27
 1535.80  3.27
 1536.50  3.27
 1537.20  3.27
 1537.90  3.27
 1538.60  3.27
 1539.30  3.27
 1540.00  3.27
 1540.70  3.27
 1541.40  3.27
 1542.10  3.27
 1542.80  3.27
 1543.50  3.27
 1544.20  3.27
 1544.90  3.27
 1545.60  3.27
 1546.30  3.27
 1547.00  3.27
 1547.70  3.27
 1548.40  3.27
 1549.10  3.27
 1549.80  3.27
 1550.50  3.27
 1551.20  3.27
 1551.90  3.27
 1552.60  3.27
 1553.30  3.27
 1554.00  3.27
 1554.70  3.27
 1555.40  3.27
 1556.10  3.27
 1556.80  3.27
 1557.50  3.27
 1558.20  3.27
 1558.90  3.27
 1559.60  3.27
 1560.30  3.27
 1561.00  3.27
 1561.70  3.27
 1562.40  3.27
 1563.10  3.27
 1563.80  3.27
 1564.50  3.27
 1565.20  3.27
 1565.90  3.27
 1566.60  3.27
 1567.30  3.27
 1568.00  3.27
 1568.70  3.27
 1569.40  3.27
 1570.10  3.27
 1570.80  3.27
 1571.50  3.27
 1572.20  3.27
 1572.90  3.27
 1573.60  3.27
 1574.30  3.27
 1575.00  3.27
 1575.70  3.27
 1576.40  3.27
 1577.10  3.27
 1577.80  3.27
 1578.50  3.27
 1579.20  3.27
 1579.90  3.27
 1580.60  3.27
 1581.30  3.27
 1582.00  3.27
 1582.70  3.27
 1583.40  3.27
 1584.10  3.27
 1584.80  3.27
 1585.50  3.27
 1586.20  3.27
 1586.90  3.27
 1587.60  3.27
 1588.30  3.27
 1589.00  3.27
 1589.70  3.27
 1590.40  3.27
 1591.10  3.27
 1591.80  3.27
 1592.50  3.27
 1593.20  3.27
 1593.90  3.27
 1594.60  3.27
 1595.30  3.27
 1596.00  3.27
 1596.70  3.27
 1597.40  3.27
 1598.10  3.27
 1598.80  3.27
 1599.50  3.27
 1600.20  3.27
 1600.90  3.27
 1601.60  3.27
 1602.30  3.27
 1603.00  3.27
 1603.70  3.27
 1604.40  3.27
 1605.10  3.27
 1605.80  3.27
 1606.50  3.27
 1607.20  3.27
 1607.90  3.27
 1608.60  3.27
 1609.30  3.27
 1610.00  3.27
 1610.70  3.27
 1611.40  3.27
 1612.10  3.27
 1612.80  3.27
 1613.50  3.27
 1614.20  3.27
 1614.90  3.27
 1615.60  3.27
 1616.30  3.27
 1617.00  3.27
 1617.70  3.27
 1618.40  3.27
 1619.10  3.27
 1619.80  3.27
 1620.50  3.27
 1621.20  3.27
 1621.90  3.27
 1622.60  3.27
 1623.30  3.27
 1624.00  3.27
 1624.70  3.27
 1625.40  3.27
 1626.10  3.27
 1626.80  3.27
 1627.50  3.27
 1628.20  3.27
 1628.90  3.27
 1629.60  3.27
 1630.30  3.27
 1631.00  3.27
 1631.70  3.27
 1632.40  3.27
 1633.10  3.27
 1633.80  3.27
 1634.50  3.27
 1635.20  3.27
 1635.90  3.27
 1636.60  3.27
 1637.30  3.27
 1638.00  3.27
 1638.70  3.27
 1639.40  3.27
 1640.10  3.27
 1640.80  3.27
 1641.50  3.27
 1642.20  3.27
 1642.90  3.27
 1643.60  3.27
 1644.30  3.27
 1645.00  3.27
 1645.70  3.27
 1646.40  3.27
 1647.10  3.27
 1647.80  3.27
 1648.50  3.27
 1649.20  3.27
 1649.90  3.27
 1650.60  3.27
 1651.30  3.27
 1652.00  3.27
 1652.70  3.27
 1653.40  3.27
 1654.10  3.27
 1654.80  3.27
 1655.50  3.27
 1656.20  3.27
 1656.90  3.27
 1657.60  3.27
 1658.30  3.27
 1659.00  3.27
 1659.70  3.27
 1660.40  3.27
 1661.10  3.27
 1661.80  3.27
 1662.50  3.27
 1663.20  3.27
 1663.90  3.27
 1664.60  3.27
 1665.30  3.27
 1666.00  3.27
 1666.70  3.27
 1667.40  3.27
 1668.10  3.27
 1668.80  3.27
 1669.50  3.27
 1670.20  3.27
 1670.90  3.27
 1671.60  3.27
 1672.30  3.27
 1673.00  3.27
 1673.70  3.27
 1674.40  3.27
 1675.10  3.27
 1675.80  3.27
 1676.50  3.27
 1677.20  3.27
 1677.90  3.27
 1678.60  3.27
 1679.30  3.27
 1680.00  3.27
 1680.70  3.27
 1681.40  3.27
 1682.10  3.27
 1682.80  3.27
 1683.50  3.27
 1684.20  3.27
 1684.90  3.27
 1685.60  3.27
 1686.30  3.27
 1687.00  3.27
 1687.70  3.27
 1688.40  3.27
 1689.10  3.27
 1689.80  3.27
 1690.50  3.27
 1691.20  3.27
 1691.90  3.27
 1692.60  3.27
 1693.30  3.27
 1694.00  3.27
 1694.70  3.27
 1695.40  3.27
 1696.10  3.27
 1696.80  3.27
 1697.50  3.27
 1698.20  3.27
 1698.90  3.27
 1699.60  3.27
 1700.30  3.27
 1701.00  3.27
 1701.70  3.27
 1702.40  3.27
 1703.10  3.27
 1703.80  3.27
 1704.50  3.27
 1705.20  3.27
 1705.90  3.27
 1706.60  3.27
 1707.30  3.27
 1708.00  3.27
 1708.70  3.27
 1709.40  3.27
 1710.10  3.27
 1710.80  3.27
 1711.50  3.27
 1712.20  3.27
 1712.90  3.27
 1713.60  3.27
 1714.30  3.27
 1715.00  3.27
 1715.70  3.27
 1716.40  3.27
 1717.10  3.27
 1717.80  3.27
 1718.50  3.27
 1719.20  3.27
 1719.90  3.27
 1720.60  3.27
 1721.30  3.27
 1722.00  3.27
 1722.70  3.27
 1723.40  3.27
 1724.10  3.27
 1724.80  3.27
 1725.50  3.27
 1726.20  3.27
 1726.90  3.27
 1727.60  3.27
 1728.30  3.27
 1729.00  3.27
 1729.70  3.27
 1730.40  3.27
 1731.10  3.27
 1731.80  3.27
 1732.50  3.27
 1733.20  3.27
 1733.90  3.27
 1734.60  3.27
 1735.30  3.27
 1736.00  3.27
 1736.70  3.27
 1737.40  3.27
 1738.10  3.27
 1738.80  3.27
 1739.50  3.27
 1740.20  3.27
 1740.90  3.27
 1741.60  3.27
 1742.30  3.27
 1743.00  3.27
 1743.70  3.27
 1744.40  3.27
 1745.10  3.27
 1745.80  3.27
 1746.50  3.27
 1747.20  3.27
 1747.90  3.27
 1748.60  3.27
 1749.30  3.27
 1750.00  3.27
 1750.70  3.27
 1751.40  3.27
 1752.10  3.27
 1752.80  3.27
 1753.50  3.27
 1754.20  3.27
 1754.90  3.27
 1755.60  3.27
 1756.30  3.27
 1757.00  3.27
 1757.70  3.27
 1758.40  3.27
 1759.10  3.27
 1759.80  3.27
 1760.50  3.27
 1761.20  3.27
 1761.90  3.27
 1762.60  3.27
 1763.30  3.27
 1764.00  3.27
 1764.70  3.27
 1765.40  3.27
 1766.10  3.27
 1766.80  3.27
 1767.50  3.27
 1768.20  3.27
 1768.90  3.27
 1769.60  3.27
 1770.30  3.27
 1771.00  3.27
 1771.70  3.27
 1772.40  3.27
 1773.10  3.27
 1773.80  3.27
 1774.50  3.27
 1775.20  3.27
 1775.90  3.27
 1776.60  3.27
 1777.30  3.27
 1778.00  3.27
 1778.70  3.27
 1779.40  3.27
 1780.10  3.27
 1780.80  3.27
 1781.50  3.27
 1782.20  3.27
 1782.90  3.27
 1783.60  3.27
 1784.30  3.27
 1785.00  3.27
 1785.70  3.27
 1786.40  3.27
 1787.10  3.27
 1787.80  3.27
 1788.50  3.27
 1789.20  3.27
 1789.90  3.27
 1790.60  3.27
 1791.30  3.27
 1792.00  3.27
 1792.70  3.27
 1793.40  3.27
 1794.10  3.27
 1794.80  3.27
 1795.50  3.27
 1796.20  3.27
 1796.90  3.27
 1797.60  3.27
 1798.30  3.27
 1799.00  3.27
 1799.70  3.27
 1800.40  3.27
 1801.10  3.27
 1801.80  3.27
 1802.50  3.27
 1803.20  3.27
 1803.90  3.27
 1804.60  3.27
 1805.30  3.27
 1806.00  3.27
 1806.70  3.27
 1807.40  3.27
 1808.10  3.27
 1808.80  3.27
 1809.50  3.27
 1810.20  3.27
 1810.90  3.27
 1811.60  3.27
 1812.30  3.27
 1813.00  3.27
 1813.70  3.27
 1814.40  3.27
 1815.10  3.27
 1815.80  3.27
 1816.50  3.27
 1817.20  3.27
 1817.90  3.27
 1818.60  3.27
 1819.30  3.27
 1820.00  3.27
 1820.70  3.27
 1821.40  3.27
 1822.10  3.27
 1822.80  3.27
 1823.50  3.27
 1824.20  3.27
 1824.90  3.27
 1825.60  3.27
 1826.30  3.27
 1827.00  3.27
 1827.70  3.27
 1828.40  3.27
 1829.10  3.27
 1829.80  3.27
 1830.50  3.27
 1831.20  3.27
 1831.90  3.27
 1832.60  3.27
 1833.30  3.27
 1834.00  3.27
 1834.70  3.27
 1835.40  3.27
 1836.10  3.27
 1836.80  3.27
 1837.50  3.27
 1838.20  3.27
 1838.90  3.27
 1839.60  3.27
 1840.30  3.27
 1841.00  3.27
 1841.70  3.27
 1842.40  3.27
 1843.10  3.27
 1843.80  3.27
 1844.50  3.27
 1845.20  3.27
 1845.90  3.27
 1846.60  3.27
 1847.30  3.27
 1848.00  3.27
 1848.70  3.27
 1849.40  3.27
 1850.10  3.27
 1850.80  3.27
 1851.50  3.27
 1852.20  3.27
 1852.90  3.27
 1853.60  3.27
 1854.30  3.27
 1855.00  3.27
 1855.70  3.27
 1856.40  3.27
 1857.10  3.27
 1857.80  3.27
 1858.50  3.27
 1859.20  3.27
 1859.90  3.27
 1860.60  3.27
 1861.30  3.27
 1862.00  3.27
 1862.70  3.27
 1863.40  3.27
 1864.10  3.27
 1864.80  3.27
 1865.50  3.27
 1866.20  3.27
 1866.90  3.27
 1867.60  3.27
 1868.30  3.27
 1869.00  3.27
 1869.70  3.27
 1870.40  3.27
 1871.10  3.27
 1871.80  3.27
 1872.50  3.27
 1873.20  3.27
 1873.90  3.27
 1874.60  3.27
 1875.30  3.27
 1876.00  3.27
 1876.70  3.27
 1877.40  3.27
 1878.10  3.27
 1878.80  3.27
 1879.50  3.27
 1880.20  3.27
 1880.90  3.27
 1881.60  3.27
 1882.30  3.27
 1883.00  3.27
 1883.70  3.27
 1884.40  3.27
 1885.10  3.27
 1885.80  3.27
 1886.50  3.27
 1887.20  3.27
 1887.90  3.27
 1888.60  3.27
 1889.30  3.27
 1890.00  3.27
 1890.70  3.27
 1891.40  3.27
 1892.10  3.27
 1892.80  3.27
 1893.50  3.27
 1894.20  3.27
 1894.90  3.27
 1895.60  3.27
 1896.30  3.27
 1897.00  3.27
 1897.70  3.27
 1898.40  3.27
 1899.10  3.27
 1899.80  3.27
 1900.50  3.27
 1901.20  3.27
 1901.90  3.27
 1902.60  3.27
 1903.30  3.27
 1904.00  3.27
 1904.70  3.27
 1905.40  3.27
 1906.10  3.27
 1906.80  3.27
 1907.50  3.27
 1908.20  3.27
 1908.90  3.27
 1909.60  3.27
 1910.30  3.27
 1911.00  3.27
 1911.70  3.27
 1912.40  3.27
 1913.10  3.27
 1913.80  3.27
 1914.50  3.27
 1915.20  3.27
 1915.90  3.27
 1916.60  3.27
 1917.30  3.27
 1918.00  3.27
 1918.70  3.27
 1919.40  3.27
 1920.10  3.27
 1920.80  3.27
 1921.50  3.27
 1922.20  3.27
 1922.90  3.27
 1923.60  3.27
 1924.30  3.27
 1925.00  3.27
 1925.70  3.27
 1926.40  3.27
 1927.10  3.27
 1927.80  3.27
 1928.50  3.27
 1929.20  3.27
 1929.90  3.27
 1930.60  3.27
 1931.30  3.27
 1932.00  3.27
 1932.70  3.27
 1933.40  3.27
 1934.10  3.27
 1934.80  3.27
 1935.50  3.27
 1936.20  3.27
 1936.90  3.27
 1937.60  3.27
 1938.30  3.27
 1939.00  3.27
 1939.70  3.27
 1940.40  3.27
 1941.10  3.27
 1941.80  3.27
 1942.50  3.27
 1943.20  3.27
 1943.90  3.27
 1944.60  3.27
 1945.30  3.27
 1946.00  3.27
 1946.70  3.27
 1947.40  3.27
 1948.10  3.27
 1948.80  3.27
 1949.50  3.27
 1950.20  3.27
 1950.90  3.27
 1951.60  3.27
 1952.30  3.27
 1953.00  3.27
 1953.70  3.27
 1954.40  3.27
 1955.10  3.27
 1955.80  3.27
 1956.50  3.27
 1957.20  3.27
 1957.90  3.27
 1958.60  3.27
 1959.30  3.27
 1960.00  3.27
 1960.70  3.27
 1961.40  3.27
 1962.10  3.27
 1962.80  3.27
 1963.50  3.27
 1964.20  3.27
 1964.90  3.27
 1965.60  3.27
 1966.30  3.27
 1967.00  3.27
 1967.70  3.27
 1968.40  3.27
 1969.10  3.27
 1969.80  3.27
 1970.50  3.27
 1971.20  3.27
 1971.90  3.27
 1972.60  3.27
 1973.30  3.27
 1974.00  3.27
 1974.70  3.27
 1975.40  3.27
 1976.10  3.27
 1976.80  3.27
 1977.50  3.27
 1978.20  3.27
 1978.90  3.27
 1979.60  3.27
 1980.30  3.27
 1981.00  3.27
 1981.70  3.27
 1982.40  3.27
 1983.10  3.27
 1983.80  3.27
 1984.50  3.27
 1985.20  3.27
 1985.90  3.27
 1986.60  3.27
 1987.30  3.27
 1988.00  3.27
 1988.70  3.27
 1989.40  3.27
 1990.10  3.27
 1990.80  3.27
 1991.50  3.27
 1992.20  3.27
 1992.90  3.27
 1993.60  3.27
 1994.30  3.27
 1995.00  3.27
 1995.70  3.27
 1996.40  3.27
 1997.10  3.27
 1997.80  3.27
 1998.50  3.27
 1999.20  3.27
 1999.90  3.27
 2000.60  3.27
 2001.30  3.27
 2002.00  3.27
 2002.70  3.27
 2003.40  3.27
 2004.10  3.27
 2004.80  3.27
 2005.50  3.27
 2006.20  3.27
 2006.90  3.27
 2007.60  3.27
 2008.30  3.27
 2009.00  3.27
 2009.70  3.27
 2010.40  3.27
 2011.10  3.27
 2011.80  3.27
 2012.50  3.27
 2013.20  3.27
 2013.90  3.27
 2014.60  3.27
 2015.30  3.27
 2016.00  3.27
 2016.70  3.27
 2017.40  3.27
 2018.10  3.27
 2018.80  3.27
 2019.50  3.27
 2020.20  3.27
 2020.90  3.27
 2021.60  3.27
 2022.30  3.27
 2023.00  3.27
 2023.70  3.27
 2024.40  3.27
 2025.10  3.27
 2025.80  3.27
 2026.50  3.27
 2027.20  3.27
 2027.90  3.27
 2028.60  3.27
 2029.30  3.27
 2030.00  3.27
 2030.70  3.27
 2031.40  3.27
 2032.10  3.27
 2032.80  3.27
 2033.50  3.27
 2034.20  3.27
 2034.90  3.27
 2035.60  3.27
 2036.30  3.27
 2037.00  3.27
 2037.70  3.27
 2038.40  3.27
 2039.10  3.27
 2039.80  3.27
 2040.50  3.27
 2041.20  3.27
 2041.90  3.27
 2042.60  3.27
 2043.30  3.27
 2044.00  3.27
 2044.70  3.27
 2045.40  3.27
 2046.10  3.27
 2046.80  3.27
 2047.50  3.27
 2048.20  3.27
 2048.90  3.27
 2049.60  3.27
 2050.30  3.27
 2051.00  3.27
 2051.70  3.27
 2052.40  3.27
 2053.10  3.27
 2053.80  3.27
 2054.50  3.27
 2055.20  3.27
 2055.90  3.27
 2056.60  3.27
 2057.30  3.27
 2058.00  3.27
 2058.70  3.27
 2059.40  3.27
 2060.10  3.27
 2060.80  3.27
 2061.50  3.27
 2062.20  3.27
 2062.90  3.27
 2063.60  3.27
 2064.30  3.27
 2065.00  3.27
 2065.70  3.27
 2066.40  3.27
 2067.10  3.27
 2067.80  3.27
 2068.50  3.27
 2069.20  3.27
 2069.90  3.27
 2070.60  3.27
 2071.30  3.27
 2072.00  3.27
 2072.70  3.27
 2073.40  3.27
 2074.10  3.27
 2074.80  3.27
 2075.50  3.27
 2076.20  3.27
 2076.90  3.27
 2077.60  3.27
 2078.30  3.27
 2079.00  3.27
 2079.70  3.27
 2080.40  3.27
 2081.10  3.27
 2081.80  3.27
 2082.50  3.27
 2083.20  3.27
 2083.90  3.27
 2084.60  3.27
 2085.30  3.27
 2086.00  3.27
 2086.70  3.27
 2087.40  3.27
 2088.10  3.27
 2088.80  3.27
 2089.50  3.27
 2090.20  3.27
 2090.90  3.27
 2091.60  3.27
 2092.30  3.27
 2093.00  3.27
 2093.70  3.27
 2094.40  3.27
 2095.10  3.27
 2095.80  3.27
 2096.50  3.27
 2097.20  3.27
 2097.90  3.27
 2098.60  3.27
 2099.30  3.27
 2100.00  3.27
 2100.70  3.27
 2101.40  3.27
 2102.10  3.27
 2102.80  3.27
 2103.50  3.27
 2104.20  3.27
 2104.90  3.27
 2105.60  3.27
 2106.30  3.27
 2107.00  3.27
 2107.70  3.27
 2108.40  3.27
 2109.10  3.27
 2109.80  3.27
 2110.50  3.27
 2111.20  3.27
 2111.90  3.27
 2112.60  3.27
 2113.30  3.27
 2114.00  3.27
 2114.70  3.27
 2115.40  3.27
 2116.10  3.27
 2116.80  3.27
 2117.50  3.27
 2118.20  3.27
 2118.90  3.27
 2119.60  3.27
 2120.30  3.27
 2121.00  3.27
 2121.70  3.27
 2122.40  3.27
 2123.10  3.27
 2123.80  3.27
 2124.50  3.27
 2125.20  3.27
 2125.90  3.27
 2126.60  3.27
 2127.30  3.27
 2128.00  3.27
 2128.70  3.27
 2129.40  3.27
 2130.10  3.27
 2130.80  3.27
 2131.50  3.27
 2132.20  3.27
 2132.90  3.27
 2133.60  3.27
 2134.30  3.27
 2135.00  3.27
 2135.70  3.27
 2136.40  3.27
 2137.10  3.27
 2137.80  3.27
 2138.50  3.27
 2139.20  3.27
 2139.90  3.27
 2140.60  3.27
 2141.30  3.27
 2142.00  3.27
 2142.70  3.27
 2143.40  3.27
 2144.10  3.27
 2144.80  3.27
 2145.50  3.27
 2146.20  3.27
 2146.90  3.27
 2147.60  3.27
 2148.30  3.27
 2149.00  3.27
 2149.70  3.27
 2150.40  3.27
 2151.10  3.27
 2151.80  3.27
 2152.50  3.27
 2153.20  3.27
 2153.90  3.27
 2154.60  3.27
 2155.30  3.27
 2156.00  3.27
 2156.70  3.27
 2157.40  3.27
 2158.10  3.27
 2158.80  3.27
 2159.50  3.27
 2160.20  3.27
 2160.90  3.27
 2161.60  3.27
 2162.30  3.27
 2163.00  3.27
 2163.70  3.27
 2164.40  3.27
 2165.10  3.27
 2165.80  3.27
 2166.50  3.27
 2167.20  3.27
 2167.90  3.27
 2168.60  3.27
 2169.30  3.27
 2170.00  3.27
 2170.70  3.27
 2171.40  3.27
 2172.10  3.27
 2172.80  3.27
 2173.50  3.27
 2174.20  3.27
 2174.90  3.27
 2175.60  3.27
 2176.30  3.27
 2177.00  3.27
 2177.70  3.27
 2178.40  3.27
 2179.10  3.27
 2179.80  3.27
 2180.50  3.27
 2181.20  3.27
 2181.90  3.27
 2182.60  3.27
 2183.30  3.27
 2184.00  3.27
 2184.70  3.27
 2185.40  3.27
 2186.10  3.27
 2186.80  3.27
 2187.50  3.27
 2188.20  3.27
 2188.90  3.27
 2189.60  3.27
 2190.30  3.27
 2191.00  3.27
 2191.70  3.27
 2192.40  3.27
 2193.10  3.27
 2193.80  3.27
 2194.50  3.27
 2195.20  3.27
 2195.90  3.27
 2196.60  3.27
 2197.30  3.27
 2198.00  3.27
 2198.70  3.27
 2199.40  3.27
 2200.10  3.27
 2200.80  3.27
 2201.50  3.27
 2202.20  3.27
 2202.90  3.27
 2203.60  3.27
 2204.30  3.27
 2205.00  3.27
 2205.70  3.27
 2206.40  3.27
 2207.10  3.27
 2207.80  3.27
 2208.50  3.27
 2209.20  3.27
 2209.90  3.27
 2210.60  3.27
 2211.30  3.27
 2212.00  3.27
 2212.70  3.27
 2213.40  3.27
 2214.10  3.27
 2214.80  3.27
 2215.50  3.27
 2216.20  3.27
 2216.90  3.27
 2217.60  3.27
 2218.30  3.27
 2219.00  3.27
 2219.70  3.27
 2220.40  3.27
 2221.10  3.27
 2221.80  3.27
 2222.50  3.27
 2223.20  3.27
 2223.90  3.27
 2224.60  3.27
 2225.30  3.27
 2226.00  3.27
 2226.70  3.27
 2227.40  3.27
 2228.10  3.27
 2228.80  3.27
 2229.50  3.27
 2230.20  3.27
 2230.90  3.27
 2231.60  3.27
 2232.30  3.27
 2233.00  3.27
 2233.70  3.27
 2234.40  3.27
 2235.10  3.27
 2235.80  3.27
 2236.50  3.27
 2237.20  3.27
 2237.90  3.27
 2238.60  3.27
 2239.30  3.27
 2240.00  3.27
 2240.70  3.27
 2241.40  3.27
 2242.10  3.27
 2242.80  3.27
 2243.50  3.27
 2244.20  3.27
 2244.90  3.27
 2245.60  3.27
 2246.30  3.27
 2247.00  3.27
 2247.70  3.27
 2248.40  3.27
 2249.10  3.27
 2249.80  3.27
 2250.50  3.27
 2251.20  3.27
 2251.90  3.27
 2252.60  3.27
 2253.30  3.27
 2254.00  3.27
 2254.70  3.27
 2255.40  3.27
 2256.10  3.27
 2256.80  3.27
 2257.50  3.27
 2258.20  3.27
 2258.90  3.27
 2259.60  3.27
 2260.30  3.27
 2261.00  3.27
 2261.70  3.27
 2262.40  3.27
 2263.10  3.27
 2263.80  3.27
 2264.50  3.27
 2265.20  3.27
 2265.90  3.27
 2266.60  3.27
 2267.30  3.27
 2268.00  3.27
 2268.70  3.27
 2269.40  3.27
 2270.10  3.27
 2270.80  3.27
 2271.50  3.27
 2272.20  3.27
 2272.90  3.27
 2273.60  3.27
 2274.30  3.27
 2275.00  3.27
 2275.70  3.27
 2276.40  3.27
 2277.10  3.27
 2277.80  3.27
 2278.50  3.27
 2279.20  3.27
 2279.90  3.27
 2280.60  3.27
 2281.30  3.27
 2282.00  3.27
 2282.70  3.27
 2283.40  3.27
 2284.10  3.27
 2284.80  3.27
 2285.50  3.27
 2286.20  3.27
 2286.90  3.27
 2287.60  3.27
 2288.30  3.27
 2289.00  3.27
 2289.70  3.27
 2290.40  3.27
 2291.10  3.27
 2291.80  3.27
 2292.50  3.27
 2293.20  3.27
 2293.90  3.27
 2294.60  3.27
 2295.30  3.27
 2296.00  3.27
 2296.70  3.27
 2297.40  3.27
 2298.10  3.27
 2298.80  3.27
 2299.50  3.27
 2300.20  3.27
 2300.90  3.27
 2301.60  3.27
 2302.30  3.27
 2303.00  3.27
 2303.70  3.27
 2304.40  3.27
 2305.10  3.27
 2305.80  3.27
 2306.50  3.27
 2307.20  3.27
 2307.90  3.27
 2308.60  3.27
 2309.30  3.27
 2310.00  3.27
 2310.70  3.27
 2311.40  3.27
 2312.10  3.27
 2312.80  3.27
 2313.50  3.27
 2314.20  3.27
 2314.90  3.27
 2315.60  3.27
 2316.30  3.27
 2317.00  3.27
 2317.70  3.27
 2318.40  3.27
 2319.10  3.27
 2319.80  3.27
 2320.50  3.27
 2321.20  3.27
 2321.90  3.27
 2322.60  3.27
 2323.30  3.27
 2324.00  3.27
 2324.70  3.27
 2325.40  3.27
 2326.10  3.27
 2326.80  3.27
 2327.50  3.27
 2328.20  3.27
 2328.90  3.27
 2329.60  3.27
 2330.30  3.27
 2331.00  3.27
 2331.70  3.27
 2332.40  3.27
 2333.10  3.27
 2333.80  3.27
 2334.50  3.27
 2335.20  3.27
 2335.90  3.27
 2336.60  3.27
 2337.30  3.27
 2338.00  3.27
 2338.70  3.27
 2339.40  3.27
 2340.10  3.27
 2340.80  3.27
 2341.50  3.27
 2342.20  3.27
 2342.90  3.27
 2343.60  3.27
 2344.30  3.27
 2345.00  3.27
 2345.70  3.27
 2346.40  3.27
 2347.10  3.27
 2347.80  3.27
 2348.50  3.27
 2349.20  3.27
 2349.90  3.27
 2350.60  3.27
 2351.30  3.27
 2352.00  3.27
 2352.70  3.27
 2353.40  3.27
 2354.10  3.27
 2354.80  3.27
 2355.50  3.27
 2356.20  3.27
 2356.90  3.27
 2357.60  3.27
 2358.30  3.27
 2359.00  3.27
 2359.70  3.27
 2360.40  3.27
 2361.10  3.27
 2361.80  3.27
 2362.50  3.27
 2363.20  3.27
 2363.90  3.27
 2364.60  3.27
 2365.30  3.27
 2366.00  3.27
 2366.70  3.27
 2367.40  3.27
 2368.10  3.27
 2368.80  3.27
 2369.50  3.27
 2370.20  3.27
 2370.90  3.27
 2371.60  3.27
 2372.30  3.27
 2373.00  3.27
 2373.70  3.27
 2374.40  3.27
 2375.10  3.27
 2375.80  3.27
 2376.50  3.27
 2377.20  3.27
 2377.90  3.27
 2378.60  3.27
 2379.30  3.27
 2380.00  3.27
 2380.70  3.27
 2381.40  3.27
 2382.10  3.27
 2382.80  3.27
 2383.50  3.27
 2384.20  3.27
 2384.90  3.27
 2385.60  3.27
 2386.30  3.27
 2387.00  3.27
 2387.70  3.27
 2388.40  3.27
 2389.10  3.27
 2389.80  3.27
 2390.50  3.27
 2391.20  3.27
 2391.90  3.27
 2392.60  3.27
 2393.30  3.27
 2394.00  3.27
 2394.70  3.27
 2395.40  3.27
 2396.10  3.27
 2396.80  3.27
 2397.50  3.27
 2398.20  3.27
 2398.90  3.27
 2399.60  3.27
 2400.30  3.27
 2401.00  3.27
 2401.70  3.27
 2402.40  3.27
 2403.10  3.27
 2403.80  3.27
 2404.50  3.27
 2405.20  3.27
 2405.90  3.27
 2406.60  3.27
 2407.30  3.27
 2408.00  3.27
 2408.70  3.27
 2409.40  3.27
 2410.10  3.27
 2410.80  3.27
 2411.50  3.27
 2412.20  3.27
 2412.90  3.27
 2413.60  3.27
 2414.30  3.27
 2415.00  3.27
 2415.70  3.27
 2416.40  3.27
 2417.10  3.27
 2417.80  3.27
 2418.50  3.27
 2419.20  3.27
 2419.90  3.27
 2420.60  3.27
 2421.30  3.27
 2422.00  3.27
 2422.70  3.27
 2423.40  3.27
 2424.10  3.27
 2424.80  3.27
 2425.50  3.27
 2426.20  3.27
 2426.90  3.27
 2427.60  3.27
 2428.30  3.27
 2429.00  3.27
 2429.70  3.27
 2430.40  3.27
 2431.10  3.27
 2431.80  3.27
 2432.50  3.27
 2433.20  3.27
 2433.90  3.27
 2434.60  3.27
 2435.30  3.27
 2436.00  3.27
 2436.70  3.27
 2437.40  3.27
 2438.10  3.27
 2438.80  3.27
 2439.50  3.27
 2440.20  3.27
 2440.90  3.27
 2441.60  3.27
 2442.30  3.27
 2443.00  3.27
 2443.70  3.27
 2444.40  3.27
 2445.10  3.27
 2445.80  3.27
 2446.50  3.27
 2447.20  3.27
 2447.90  3.27
 2448.60  3.27
 2449.30  3.27
 2450.00  3.27
 2450.70  3.27
 2451.40  3.27
 2452.10  3.27
 2452.80  3.27
 2453.50  3.27
 2454.20  3.27
 2454.90  3.27
 2455.60  3.27
 2456.30  3.27
 2457.00  3.27
 2457.70  3.27
 2458.40  3.27
 2459.10  3.27
 2459.80  3.27
 2460.50  3.27
 2461.20  3.27
 2461.90  3.27
 2462.60  3.27
 2463.30  3.27
 2464.00  3.27
 2464.70  3.27
 2465.40  3.27
 2466.10  3.27
 2466.80  3.27
 2467.50  3.27
 2468.20  3.27
 2468.90  3.27
 2469.60  3.27
 2470.30  3.27
 2471.00  3.27
 2471.70  3.27
 2472.40  3.27
 2473.10  3.27
 2473.80  3.27
 2474.50  3.27
 2475.20  3.27
 2475.90  3.27
 2476.60  3.27
 2477.30  3.27
 2478.00  3.27
 2478.70  3.27
 2479.40  3.27
 2480.10  3.27
 2480.80  3.27
 2481.50  3.27
 2482.20  3.27
 2482.90  3.27
 2483.60  3.27
 2484.30  3.27
 2485.00  3.27
 2485.70  3.27
 2486.40  3.27
 2487.10  3.27
 2487.80  3.27
 2488.50  3.27
 2489.20  3.27
 2489.90  3.27
 2490.60  3.27
 2491.30  3.27
 2492.00  3.27
 2492.70  3.27
 2493.40  3.27
 2494.10  3.27
 2494.80  3.27
 2495.50  3.27
 2496.20  3.27
 2496.90  3.27
 2497.60  3.27
 2498.30  3.27
 2499.00  3.27
 2499.70  3.27
 2500.40  3.27
 2501.10  3.27
 2501.80  3.27
 2502.50  3.27
 2503.20  3.27
 2503.90  3.27
 2504.60  3.27
 2505.30  3.27
 2506.00  3.27
 2506.70  3.27
 2507.40  3.27
 2508.10  3.27
 2508.80  3.27
 2509.50  3.27
 2510.20  3.27
 2510.90  3.27
 2511.60  3.27
 2512.30  3.27
 2513.00  3.27
 2513.70  3.27
 2514.40  3.27
 2515.10  3.27
 2515.80  3.27
 2516.50  3.27
 2517.20  3.27
 2517.90  3.27
 2518.60  3.27
 2519.30  3.27
 2520.00  3.27
 2520.70  3.27
 2521.40  3.27
 2522.10  3.27
 2522.80  3.27
 2523.50  3.27
 2524.20  3.27
 2524.90  3.27
 2525.60  3.27
 2526.30  3.27
 2527.00  3.27
 2527.70  3.27
 2528.40  3.27
 2529.10  3.27
 2529.80  3.27
 2530.50  3.27
 2531.20  3.27
 2531.90  3.27
 2532.60  3.27
 2533.30  3.27
 2534.00  3.27
 2534.70  3.27
 2535.40  3.27
 2536.10  3.27
 2536.80  3.27
 2537.50  3.27
 2538.20  3.27
 2538.90  3.27
 2539.60  3.27
 2540.30  3.27
 2541.00  3.27
 2541.70  3.27
 2542.40  3.27
 2543.10  3.27
 2543.80  3.27
 2544.50  3.27
 2545.20  3.27
 2545.90  3.27
 2546.60  3.27
 2547.30  3.27
 2548.00  3.27
 2548.70  3.27
 2549.40  3.27
 2550.10  3.27
 2550.80  3.27
 2551.50  3.27
 2552.20  3.27
 2552.90  3.27
 2553.60  3.27
 2554.30  3.27
 2555.00  3.27
 2555.70  3.27
 2556.40  3.27
 2557.10  3.27
 2557.80  3.27
 2558.50  3.27
 2559.20  3.27
 2559.90  3.27
 2560.60  3.27
 2561.30  3.27
 2562.00  3.27
 2562.70  3.27
 2563.40  3.27
 2564.10  3.27
 2564.80  3.27
 2565.50  3.27
 2566.20  3.27
 2566.90  3.27
 2567.60  3.27
 2568.30  3.27
 2569.00  3.27
 2569.70  3.27
 2570.40  3.27
 2571.10  3.27
 2571.80  3.27
 2572.50  3.27
 2573.20  3.27
 2573.90  3.27
 2574.60  3.27
 2575.30  3.27
 2576.00  3.27
 2576.70  3.27
 2577.40  3.27
 2578.10  3.27
 2578.80  3.27
 2579.50  3.27
 2580.20  3.27
 2580.90  3.27
 2581.60  3.27
 2582.30  3.27
 2583.00  3.27
 2583.70  3.27
 2584.40  3.27
 2585.10  3.27
 2585.80  3.27
 2586.50  3.27
 2587.20  3.27
 2587.90  3.27
 2588.60  3.27
 2589.30  3.27
 2590.00  3.27
 2590.70  3.27
 2591.40  3.27
 2592.10  3.27
 2592.80  3.27
 2593.50  3.27
 2594.20  3.27
 2594.90  3.27
 2595.60  3.27
 2596.30  3.27
 2597.00  3.27
 2597.70  3.27
 2598.40  3.27
 2599.10  3.27
 2599.80  3.27
 2600.50  3.27
 2601.20  3.27
 2601.90  3.27
 2602.60  3.27
 2603.30  3.27
 2604.00  3.27
 2604.70  3.27
 2605.40  3.27
 2606.10  3.27
 2606.80  3.27
 2607.50  3.27
 2608.20  3.27
 2608.90  3.27
 2609.60  3.27
 2610.30  3.27
 2611.00  3.27
 2611.70  3.27
 2612.40  3.27
 2613.10  3.27
 2613.80  3.27
 2614.50  3.27
 2615.20  3.27
 2615.90  3.27
 2616.60  3.27
 2617.30  3.27
 2618.00  3.27
 2618.70  3.27
 2619.40  3.27
 2620.10  3.27
 2620.80  3.27
 2621.50  3.27
 2622.20  3.27
 2622.90  3.27
 2623.60  3.27
 2624.30  3.27
 2625.00  3.27
 2625.70  3.27
 2626.40  3.27
 2627.10  3.27
 2627.80  3.27
 2628.50  3.27
 2629.20  3.27
 2629.90  3.27
 2630.60  3.27
 2631.30  3.27
 2632.00  3.27
 2632.70  3.27
 2633.40  3.27
 2634.10  3.27
 2634.80  3.27
 2635.50  3.27
 2636.20  3.27
 2636.90  3.27
 2637.60  3.27
 2638.30  3.27
 2639.00  3.27
 2639.70  3.27
 2640.40  3.27
 2641.10  3.27
 2641.80  3.27
 2642.50  3.27
 2643.20  3.27
 2643.90  3.27
 2644.60  3.27
 2645.30  3.27
 2646.00  3.27
 2646.70  3.27
 2647.40  3.27
 2648.10  3.27
 2648.80  3.27
 2649.50  3.27
 2650.20  3.27
 2650.90  3.27
 2651.60  3.27
 2652.30  3.27
 2653.00  3.27
 2653.70  3.27
 2654.40  3.27
 2655.10  3.27
 2655.80  3.27
 2656.50  3.27
 2657.20  3.27
 2657.90  3.27
 2658.60  3.27
 2659.30  3.27
 2660.00  3.27
 2660.70  3.27
 2661.40  3.27
 2662.10  3.27
 2662.80  3.27
 2663.50  3.27
 2664.20  3.27
 2664.90  3.27
 2665.60  3.27
 2666.30  3.27
 2667.00  3.27
 2667.70  3.27
 2668.40  3.27
 2669.10  3.27
 2669.80  3.27
 2670.50  3.27
 2671.20  3.27
 2671.90  3.27
 2672.60  3.27
 2673.30  3.27
 2674.00  3.27
 2674.70  3.27
 2675.40  3.27
 2676.10  3.27
 2676.80  3.27
 2677.50  3.27
 2678.20  3.27
 2678.90  3.27
 2679.60  3.27
 2680.30  3.27
 2681.00  3.27
 2681.70  3.27
 2682.40  3.27
 2683.10  3.27
 2683.80  3.27
 2684.50  3.27
 2685.20  3.27
 2685.90  3.27
 2686.60  3.27
 2687.30  3.27
 2688.00  3.27
 2688.70  3.27
 2689.40  3.27
 2690.10  3.27
 2690.80  3.27
 2691.50  3.27
 2692.20  3.27
 2692.90  3.27
 2693.60  3.27
 2694.30  3.27
 2695.00  3.27
 2695.70  3.27
 2696.40  3.27
 2697.10  3.27
 2697.80  3.27
 2698.50  3.27
 2699.20  3.27
 2699.90  3.27
 2700.60  3.27
 2701.30  3.27
 2702.00  3.27
 2702.70  3.27
 2703.40  3.27
 2704.10  3.27
 2704.80  3.27
 2705.50  3.27
 2706.20  3.27
 2706.90  3.27
 2707.60  3.27
 2708.30  3.27
 2709.00  3.27
 2709.70  3.27
 2710.40  3.27
 2711.10  3.27
 2711.80  3.27
 2712.50  3.27
 2713.20  3.27
 2713.90  3.27
 2714.60  3.27
 2715.30  3.27
 2716.00  3.27
 2716.70  3.27
 2717.40  3.27
 2718.10  3.27
 2718.80  3.27
 2719.50  3.27
 2720.20  3.27
 2720.90  3.27
 2721.60  3.27
 2722.30  3.27
 2723.00  3.27
 2723.70  3.27
 2724.40  3.27
 2725.10  3.27
 2725.80  3.27
 2726.50  3.27
 2727.20  3.27
 2727.90  3.27
 2728.60  3.27
 2729.30  3.27
 2730.00  3.27
 2730.70  3.27
 2731.40  3.27
 2732.10  3.27
 2732.80  3.27
 2733.50  3.27
 2734.20  3.27
 2734.90  3.27
 2735.60  3.27
 2736.30  3.27
 2737.00  3.27
 2737.70  3.27
 2738.40  3.27
 2739.10  3.27
 2739.80  3.27
 2740.50  3.27
 2741.20  3.27
 2741.90  3.27
 2742.60  3.27
 2743.30  3.27
 2744.00  3.27
 2744.70  3.27
 2745.40  3.27
 2746.10  3.27
 2746.80  3.27
 2747.50  3.27
 2748.20  3.27
 2748.90  3.27
 2749.60  3.27
 2750.30  3.27
 2751.00  3.27
 2751.70  3.27
 2752.40  3.27
 2753.10  3.27
 2753.80  3.27
 2754.50  3.27
 2755.20  3.27
 2755.90  3.27
 2756.60  3.27
 2757.30  3.27
 2758.00  3.27
 2758.70  3.27
 2759.40  3.27
 2760.10  3.27
 2760.80  3.27
 2761.50  3.27
 2762.20  3.27
 2762.90  3.27
 2763.60  3.27
 2764.30  3.27
 2765.00  3.27
 2765.70  3.27
 2766.40  3.27
 2767.10  3.27
 2767.80  3.27
 2768.50  3.27
 2769.20  3.27
 2769.90  3.27
 2770.60  3.27
 2771.30  3.27
 2772.00  3.27
 2772.70  3.27
 2773.40  3.27
 2774.10  3.27
 2774.80  3.27
 2775.50  3.27
 2776.20  3.27
 2776.90  3.27
 2777.60  3.27
 2778.30  3.27
 2779.00  3.27
 2779.70  3.27
 2780.40  3.27
 2781.10  3.27
 2781.80  3.27
 2782.50  3.27
 2783.20  3.27
 2783.90  3.27
 2784.60  3.27
 2785.30  3.27
 2786.00  3.27
 2786.70  3.27
 2787.40  3.27
 2788.10  3.27
 2788.80  3.27
 2789.50  3.27
 2790.20  3.27
 2790.90  3.27
 2791.60  3.27
 2792.30  3.27
 2793.00  3.27
 2793.70  3.27
 2794.40  3.27
 2795.10  3.27
 2795.80  3.27
 2796.50  3.27
 2797.20  3.27
 2797.90  3.27
 2798.60  3.27
 2799.30  3.27
 2800.00  3.27
 2800.70  3.27
 2801.40  3.27
 2802.10  3.27
 2802.80  3.27
 2803.50  3.27
 2804.20  3.27
 2804.90  3.27
 2805.60  3.27
 2806.30  3.27
 2807.00  3.27
 2807.70  3.27
 2808.40  3.27
 2809.10  3.27
 2809.80  3.27
 2810.50  3.27
 2811.20  3.27
 2811.90  3.27
 2812.60  3.27
 2813.30  3.27
 2814.00  3.27
 2814.70  3.27
 2815.40  3.27
 2816.10  3.27
 2816.80  3.27
 2817.50  3.27
 2818.20  3.27
 2818.90  3.27
 2819.60  3.27
 2820.30  3.27
 2821.00  3.27
 2821.70  3.27
 2822.40  3.27
 2823.10  3.27
 2823.80  3.27
 2824.50  3.27
 2825.20  3.27
 2825.90  3.27
 2826.60  3.27
 2827.30  3.27
 2828.00  3.27
 2828.70  3.27
 2829.40  3.27
 2830.10  3.27
 2830.80  3.27
 2831.50  3.27
 2832.20  3.27
 2832.90  3.27
 2833.60  3.27
 2834.30  3.27
 2835.00  3.27
 2835.70  3.27
 2836.40  3.27
 2837.10  3.27
 2837.80  3.27
 2838.50  3.27
 2839.20  3.27
 2839.90  3.27
 2840.60  3.27
 2841.30  3.27
 2842.00  3.27
 2842.70  3.27
 2843.40  3.27
 2844.10  3.27
 2844.80  3.27
 2845.50  3.27
 2846.20  3.27
 2846.90  3.27
 2847.60  3.27
 2848.30  3.27
 2849.00  3.27
 2849.70  3.27
 2850.40  3.27
 2851.10  3.27
 2851.80  3.27
 2852.50  3.27
 2853.20  3.27
 2853.90  3.27
 2854.60  3.27
 2855.30  3.27
 2856.00  3.27
 2856.70  3.27
 2857.40  3.27
 2858.10  3.27
 2858.80  3.27
 2859.50  3.27
 2860.20  3.27
 2860.90  3.27
 2861.60  3.27
 2862.30  3.27
 2863.00  3.27
 2863.70  3.27
 2864.40  3.27
 2865.10  3.27
 2865.80  3.27
 2866.50  3.27
 2867.20  3.27
 2867.90  3.27
 2868.60  3.27
 2869.30  3.27
 2870.00  3.27
 2870.70  3.27
 2871.40  3.27
 2872.10  3.27
 2872.80  3.27
 2873.50  3.27
 2874.20  3.27
 2874.90  3.27
 2875.60  3.27
 2876.30  3.27
 2877.00  3.27
 2877.70  3.27
 2878.40  3.27
 2879.10  3.27
 2879.80  3.27
 2880.50  3.27
 2881.20  3.27
 2881.90  3.27
 2882.60  3.27
 2883.30  3.27
 2884.00  3.27
 2884.70  3.27
 2885.40  3.27
 2886.10  3.27
 2886.80  3.27
 2887.50  3.27
 2888.20  3.27
 2888.90  3.27
 2889.60  3.27
 2890.30  3.27
 2891.00  3.27
 2891.70  3.27
 2892.40  3.27
 2893.10  3.27
 2893.80  3.27
 2894.50  3.27
 2895.20  3.27
 2895.90  3.27
 2896.60  3.27
 2897.30  3.27
 2898.00  3.27
 2898.70  3.27
 2899.40  3.27
 2900.10  3.27
 2900.80  3.27
 2901.50  3.27
 2902.20  3.27
 2902.90  3.27
 2903.60  3.27
 2904.30  3.27
 2905.00  3.27
 2905.70  3.27
 2906.40  3.27
 2907.10  3.27
 2907.80  3.27
 2908.50  3.27
 2909.20  3.27
 2909.90  3.27
 2910.60  3.27
 2911.30  3.27
 2912.00  3.27
 2912.70  3.27
 2913.40  3.27
 2914.10  3.27
 2914.80  3.27
 2915.50  3.27
 2916.20  3.27
 2916.90  3.27
 2917.60  3.27
 2918.30  3.27
 2919.00  3.27
 2919.70  3.27
 2920.40  3.27
 2921.10  3.27
 2921.80  3.27
 2922.50  3.27
 2923.20  3.27
 2923.90  3.27
 2924.60  3.27
 2925.30  3.27
 2926.00  3.27
 2926.70  3.27
 2927.40  3.27
 2928.10  3.27
 2928.80  3.27
 2929.50  3.27
 2930.20  3.27
 2930.90  3.27
 2931.60  3.27
 2932.30  3.27
 2933.00  3.27
 2933.70  3.27
 2934.40  3.27
 2935.10  3.27
 2935.80  3.27
 2936.50  3.27
 2937.20  3.27
 2937.90  3.27
 2938.60  3.27
 2939.30  3.27
 2940.00  3.27
 2940.70  3.27
 2941.40  3.27
 2942.10  3.27
 2942.80  3.27
 2943.50  3.27
 2944.20  3.27
 2944.90  3.27
 2945.60  3.27
 2946.30  3.27
 2947.00  3.27
 2947.70  3.27
 2948.40  3.27
 2949.10  3.27
 2949.80  3.27
 2950.50  3.27
 2951.20  3.27
 2951.90  3.27
 2952.60  3.27
 2953.30  3.27
 2954.00  3.27
 2954.70  3.27
 2955.40  3.27
 2956.10  3.27
 2956.80  3.27
 2957.50  3.27
 2958.20  3.27
 2958.90  3.27
 2959.60  3.27
 2960.30  3.27
 2961.00  3.27
 2961.70  3.27
 2962.40  3.27
 2963.10  3.27
 2963.80  3.27
 2964.50  3.27
 2965.20  3.27
 2965.90  3.27
 2966.60  3.27
 2967.30  3.27
 2968.00  3.27
 2968.70  3.27
 2969.40  3.27
 2970.10  3.27
 2970.80  3.27
 2971.50  3.27
 2972.20  3.27
 2972.90  3.27
 2973.60  3.27
 2974.30  3.27
 2975.00  3.27
 2975.70  3.27
 2976.40  3.27
 2977.10  3.27
 2977.80  3.27
 2978.50  3.27
 2979.20  3.27
 2979.90  3.27
 2980.60  3.27
 2981.30  3.27
 2982.00  3.27
 2982.70  3.27
 2983.40  3.27
 2984.10  3.27
 2984.80  3.27
 2985.50  3.27
 2986.20  3.27
 2986.90  3.27
 2987.60  3.27
 2988.30  3.27
 2989.00  3.27
 2989.70  3.27
 2990.40  3.27
 2991.10  3.27
 2991.80  3.27
 2992.50  3.27
 2993.20  3.27
 2993.90  3.27
 2994.60  3.27
 2995.30  3.27
 2996.00  3.27
 2996.70  3.27
 2997.40  3.27
 2998.10  3.27
 2998.80  3.27
 2999.50  3.27
