#Navio B MarAd
#Manobra de Curva Giro
#
#Eta 
#
#temp      rot 
 0.00  1.00
 0.70  1.00
 1.40  1.00
 2.10  1.00
 2.80  1.00
 3.50  1.00
 4.20  1.00
 4.90  1.00
 5.60  1.00
 6.30  1.00
 7.00  1.00
 7.70  1.00
 8.40  1.00
 9.10  1.00
 9.80  1.01
 10.50  1.01
 11.20  1.01
 11.90  1.01
 12.60  1.01
 13.30  1.01
 14.00  1.01
 14.70  1.01
 15.40  1.01
 16.10  1.01
 16.80  1.01
 17.50  1.01
 18.20  1.01
 18.90  1.01
 19.60  1.01
 20.30  1.01
 21.00  1.01
 21.70  1.01
 22.40  1.01
 23.10  1.01
 23.80  1.01
 24.50  1.02
 25.20  1.02
 25.90  1.02
 26.60  1.02
 27.30  1.02
 28.00  1.02
 28.70  1.02
 29.40  1.02
 30.10  1.02
 30.80  1.02
 31.50  1.02
 32.20  1.02
 32.90  1.02
 33.60  1.02
 34.30  1.02
 35.00  1.02
 35.70  1.02
 36.40  1.02
 37.10  1.03
 37.80  1.03
 38.50  1.03
 39.20  1.03
 39.90  1.03
 40.60  1.03
 41.30  1.03
 42.00  1.03
 42.70  1.03
 43.40  1.03
 44.10  1.03
 44.80  1.03
 45.50  1.03
 46.20  1.03
 46.90  1.03
 47.60  1.03
 48.30  1.04
 49.00  1.04
 49.70  1.04
 50.40  1.04
 51.10  1.04
 51.80  1.04
 52.50  1.04
 53.20  1.04
 53.90  1.04
 54.60  1.04
 55.30  1.04
 56.00  1.04
 56.70  1.04
 57.40  1.05
 58.10  1.05
 58.80  1.05
 59.50  1.05
 60.20  1.05
 60.90  1.05
 61.60  1.05
 62.30  1.05
 63.00  1.05
 63.70  1.05
 64.40  1.05
 65.10  1.05
 65.80  1.06
 66.50  1.06
 67.20  1.06
 67.90  1.06
 68.60  1.06
 69.30  1.06
 70.00  1.06
 70.70  1.06
 71.40  1.06
 72.10  1.06
 72.80  1.06
 73.50  1.07
 74.20  1.07
 74.90  1.07
 75.60  1.07
 76.30  1.07
 77.00  1.07
 77.70  1.07
 78.40  1.07
 79.10  1.07
 79.80  1.08
 80.50  1.08
 81.20  1.08
 81.90  1.08
 82.60  1.08
 83.30  1.08
 84.00  1.08
 84.70  1.08
 85.40  1.08
 86.10  1.09
 86.80  1.09
 87.50  1.09
 88.20  1.09
 88.90  1.09
 89.60  1.09
 90.30  1.09
 91.00  1.09
 91.70  1.10
 92.40  1.10
 93.10  1.10
 93.80  1.10
 94.50  1.10
 95.20  1.10
 95.90  1.10
 96.60  1.11
 97.30  1.11
 98.00  1.11
 98.70  1.11
 99.40  1.11
 100.10  1.11
 100.80  1.11
 101.50  1.12
 102.20  1.12
 102.90  1.12
 103.60  1.12
 104.30  1.12
 105.00  1.12
 105.70  1.12
 106.40  1.13
 107.10  1.13
 107.80  1.13
 108.50  1.13
 109.20  1.13
 109.90  1.13
 110.60  1.14
 111.30  1.14
 112.00  1.14
 112.70  1.14
 113.40  1.14
 114.10  1.14
 114.80  1.15
 115.50  1.15
 116.20  1.15
 116.90  1.15
 117.60  1.15
 118.30  1.15
 119.00  1.16
 119.70  1.16
 120.40  1.16
 121.10  1.16
 121.80  1.16
 122.50  1.16
 123.20  1.17
 123.90  1.17
 124.60  1.17
 125.30  1.17
 126.00  1.17
 126.70  1.18
 127.40  1.18
 128.10  1.18
 128.80  1.18
 129.50  1.18
 130.20  1.19
 130.90  1.19
 131.60  1.19
 132.30  1.19
 133.00  1.19
 133.70  1.19
 134.40  1.20
 135.10  1.20
 135.80  1.20
 136.50  1.20
 137.20  1.20
 137.90  1.21
 138.60  1.21
 139.30  1.21
 140.00  1.21
 140.70  1.22
 141.40  1.22
 142.10  1.22
 142.80  1.22
 143.50  1.22
 144.20  1.23
 144.90  1.23
 145.60  1.23
 146.30  1.23
 147.00  1.23
 147.70  1.24
 148.40  1.24
 149.10  1.24
 149.80  1.24
 150.50  1.25
 151.20  1.25
 151.90  1.25
 152.60  1.25
 153.30  1.25
 154.00  1.26
 154.70  1.26
 155.40  1.26
 156.10  1.26
 156.80  1.27
 157.50  1.27
 158.20  1.27
 158.90  1.27
 159.60  1.27
 160.30  1.28
 161.00  1.28
 161.70  1.28
 162.40  1.28
 163.10  1.29
 163.80  1.29
 164.50  1.29
 165.20  1.29
 165.90  1.30
 166.60  1.30
 167.30  1.30
 168.00  1.30
 168.70  1.31
 169.40  1.31
 170.10  1.31
 170.80  1.31
 171.50  1.32
 172.20  1.32
 172.90  1.32
 173.60  1.32
 174.30  1.33
 175.00  1.33
 175.70  1.33
 176.40  1.33
 177.10  1.34
 177.80  1.34
 178.50  1.34
 179.20  1.34
 179.90  1.35
 180.60  1.35
 181.30  1.35
 182.00  1.35
 182.70  1.36
 183.40  1.36
 184.10  1.36
 184.80  1.36
 185.50  1.37
 186.20  1.37
 186.90  1.37
 187.60  1.37
 188.30  1.38
 189.00  1.38
 189.70  1.38
 190.40  1.38
 191.10  1.39
 191.80  1.39
 192.50  1.39
 193.20  1.39
 193.90  1.40
 194.60  1.40
 195.30  1.40
 196.00  1.41
 196.70  1.41
 197.40  1.41
 198.10  1.41
 198.80  1.42
 199.50  1.42
 200.20  1.42
 200.90  1.42
 201.60  1.43
 202.30  1.43
 203.00  1.43
 203.70  1.44
 204.40  1.44
 205.10  1.44
 205.80  1.44
 206.50  1.45
 207.20  1.45
 207.90  1.45
 208.60  1.45
 209.30  1.46
 210.00  1.46
 210.70  1.46
 211.40  1.47
 212.10  1.47
 212.80  1.47
 213.50  1.47
 214.20  1.48
 214.90  1.48
 215.60  1.48
 216.30  1.49
 217.00  1.49
 217.70  1.49
 218.40  1.49
 219.10  1.50
 219.80  1.50
 220.50  1.50
 221.20  1.51
 221.90  1.51
 222.60  1.51
 223.30  1.51
 224.00  1.52
 224.70  1.52
 225.40  1.52
 226.10  1.53
 226.80  1.53
 227.50  1.53
 228.20  1.53
 228.90  1.54
 229.60  1.54
 230.30  1.54
 231.00  1.55
 231.70  1.55
 232.40  1.55
 233.10  1.55
 233.80  1.56
 234.50  1.56
 235.20  1.56
 235.90  1.57
 236.60  1.57
 237.30  1.57
 238.00  1.57
 238.70  1.58
 239.40  1.58
 240.10  1.58
 240.80  1.59
 241.50  1.59
 242.20  1.59
 242.90  1.59
 243.60  1.60
 244.30  1.60
 245.00  1.60
 245.70  1.61
 246.40  1.61
 247.10  1.61
 247.80  1.62
 248.50  1.62
 249.20  1.62
 249.90  1.62
 250.60  1.63
 251.30  1.63
 252.00  1.63
 252.70  1.64
 253.40  1.64
 254.10  1.64
 254.80  1.64
 255.50  1.65
 256.20  1.65
 256.90  1.65
 257.60  1.66
 258.30  1.66
 259.00  1.66
 259.70  1.67
 260.40  1.67
 261.10  1.67
 261.80  1.67
 262.50  1.68
 263.20  1.68
 263.90  1.68
 264.60  1.69
 265.30  1.69
 266.00  1.69
 266.70  1.69
 267.40  1.70
 268.10  1.70
 268.80  1.70
 269.50  1.71
 270.20  1.71
 270.90  1.71
 271.60  1.72
 272.30  1.72
 273.00  1.72
 273.70  1.72
 274.40  1.73
 275.10  1.73
 275.80  1.73
 276.50  1.74
 277.20  1.74
 277.90  1.74
 278.60  1.75
 279.30  1.75
 280.00  1.75
 280.70  1.75
 281.40  1.76
 282.10  1.76
 282.80  1.76
 283.50  1.77
 284.20  1.77
 284.90  1.77
 285.60  1.78
 286.30  1.78
 287.00  1.78
 287.70  1.78
 288.40  1.79
 289.10  1.79
 289.80  1.79
 290.50  1.80
 291.20  1.80
 291.90  1.80
 292.60  1.80
 293.30  1.81
 294.00  1.81
 294.70  1.81
 295.40  1.82
 296.10  1.82
 296.80  1.82
 297.50  1.83
 298.20  1.83
 298.90  1.83
 299.60  1.83
 300.30  1.84
 301.00  1.84
 301.70  1.84
 302.40  1.85
 303.10  1.85
 303.80  1.85
 304.50  1.86
 305.20  1.86
 305.90  1.86
 306.60  1.86
 307.30  1.87
 308.00  1.87
 308.70  1.87
 309.40  1.88
 310.10  1.88
 310.80  1.88
 311.50  1.88
 312.20  1.89
 312.90  1.89
 313.60  1.89
 314.30  1.90
 315.00  1.90
 315.70  1.90
 316.40  1.91
 317.10  1.91
 317.80  1.91
 318.50  1.91
 319.20  1.92
 319.90  1.92
 320.60  1.92
 321.30  1.93
 322.00  1.93
 322.70  1.93
 323.40  1.93
 324.10  1.94
 324.80  1.94
 325.50  1.94
 326.20  1.95
 326.90  1.95
 327.60  1.95
 328.30  1.95
 329.00  1.96
 329.70  1.96
 330.40  1.96
 331.10  1.97
 331.80  1.97
 332.50  1.97
 333.20  1.97
 333.90  1.98
 334.60  1.98
 335.30  1.98
 336.00  1.99
 336.70  1.99
 337.40  1.99
 338.10  1.99
 338.80  2.00
 339.50  2.00
 340.20  2.00
 340.90  2.01
 341.60  2.01
 342.30  2.01
 343.00  2.02
 343.70  2.02
 344.40  2.02
 345.10  2.02
 345.80  2.03
 346.50  2.03
 347.20  2.03
 347.90  2.04
 348.60  2.04
 349.30  2.04
 350.00  2.04
 350.70  2.05
 351.40  2.05
 352.10  2.05
 352.80  2.06
 353.50  2.06
 354.20  2.06
 354.90  2.06
 355.60  2.07
 356.30  2.07
 357.00  2.07
 357.70  2.08
 358.40  2.08
 359.10  2.08
 359.80  2.08
 360.50  2.09
 361.20  2.09
 361.90  2.09
 362.60  2.09
 363.30  2.10
 364.00  2.10
 364.70  2.10
 365.40  2.11
 366.10  2.11
 366.80  2.11
 367.50  2.11
 368.20  2.12
 368.90  2.12
 369.60  2.12
 370.30  2.13
 371.00  2.13
 371.70  2.13
 372.40  2.13
 373.10  2.14
 373.80  2.14
 374.50  2.14
 375.20  2.14
 375.90  2.15
 376.60  2.15
 377.30  2.15
 378.00  2.16
 378.70  2.16
 379.40  2.16
 380.10  2.16
 380.80  2.17
 381.50  2.17
 382.20  2.17
 382.90  2.17
 383.60  2.18
 384.30  2.18
 385.00  2.18
 385.70  2.19
 386.40  2.19
 387.10  2.19
 387.80  2.19
 388.50  2.20
 389.20  2.20
 389.90  2.20
 390.60  2.20
 391.30  2.21
 392.00  2.21
 392.70  2.21
 393.40  2.22
 394.10  2.22
 394.80  2.22
 395.50  2.22
 396.20  2.23
 396.90  2.23
 397.60  2.23
 398.30  2.23
 399.00  2.24
 399.70  2.24
 400.40  2.24
 401.10  2.24
 401.80  2.25
 402.50  2.25
 403.20  2.25
 403.90  2.25
 404.60  2.26
 405.30  2.26
 406.00  2.26
 406.70  2.27
 407.40  2.27
 408.10  2.27
 408.80  2.27
 409.50  2.28
 410.20  2.28
 410.90  2.28
 411.60  2.28
 412.30  2.29
 413.00  2.29
 413.70  2.29
 414.40  2.29
 415.10  2.30
 415.80  2.30
 416.50  2.30
 417.20  2.30
 417.90  2.31
 418.60  2.31
 419.30  2.31
 420.00  2.31
 420.70  2.32
 421.40  2.32
 422.10  2.32
 422.80  2.32
 423.50  2.33
 424.20  2.33
 424.90  2.33
 425.60  2.33
 426.30  2.34
 427.00  2.34
 427.70  2.34
 428.40  2.34
 429.10  2.35
 429.80  2.35
 430.50  2.35
 431.20  2.35
 431.90  2.36
 432.60  2.36
 433.30  2.36
 434.00  2.36
 434.70  2.37
 435.40  2.37
 436.10  2.37
 436.80  2.37
 437.50  2.38
 438.20  2.38
 438.90  2.38
 439.60  2.38
 440.30  2.38
 441.00  2.39
 441.70  2.39
 442.40  2.39
 443.10  2.39
 443.80  2.40
 444.50  2.40
 445.20  2.40
 445.90  2.40
 446.60  2.41
 447.30  2.41
 448.00  2.41
 448.70  2.41
 449.40  2.42
 450.10  2.42
 450.80  2.42
 451.50  2.42
 452.20  2.43
 452.90  2.43
 453.60  2.43
 454.30  2.43
 455.00  2.43
 455.70  2.44
 456.40  2.44
 457.10  2.44
 457.80  2.44
 458.50  2.45
 459.20  2.45
 459.90  2.45
 460.60  2.45
 461.30  2.46
 462.00  2.46
 462.70  2.46
 463.40  2.46
 464.10  2.46
 464.80  2.47
 465.50  2.47
 466.20  2.47
 466.90  2.47
 467.60  2.48
 468.30  2.48
 469.00  2.48
 469.70  2.48
 470.40  2.48
 471.10  2.49
 471.80  2.49
 472.50  2.49
 473.20  2.49
 473.90  2.50
 474.60  2.50
 475.30  2.50
 476.00  2.50
 476.70  2.50
 477.40  2.51
 478.10  2.51
 478.80  2.51
 479.50  2.51
 480.20  2.52
 480.90  2.52
 481.60  2.52
 482.30  2.52
 483.00  2.52
 483.70  2.53
 484.40  2.53
 485.10  2.53
 485.80  2.53
 486.50  2.53
 487.20  2.54
 487.90  2.54
 488.60  2.54
 489.30  2.54
 490.00  2.55
 490.70  2.55
 491.40  2.55
 492.10  2.55
 492.80  2.55
 493.50  2.56
 494.20  2.56
 494.90  2.56
 495.60  2.56
 496.30  2.56
 497.00  2.57
 497.70  2.57
 498.40  2.57
 499.10  2.57
 499.80  2.57
 500.50  2.58
 501.20  2.58
 501.90  2.58
 502.60  2.58
 503.30  2.58
 504.00  2.59
 504.70  2.59
 505.40  2.59
 506.10  2.59
 506.80  2.59
 507.50  2.60
 508.20  2.60
 508.90  2.60
 509.60  2.60
 510.30  2.60
 511.00  2.61
 511.70  2.61
 512.40  2.61
 513.10  2.61
 513.80  2.61
 514.50  2.62
 515.20  2.62
 515.90  2.62
 516.60  2.62
 517.30  2.62
 518.00  2.63
 518.70  2.63
 519.40  2.63
 520.10  2.63
 520.80  2.63
 521.50  2.64
 522.20  2.64
 522.90  2.64
 523.60  2.64
 524.30  2.64
 525.00  2.65
 525.70  2.65
 526.40  2.65
 527.10  2.65
 527.80  2.65
 528.50  2.66
 529.20  2.66
 529.90  2.66
 530.60  2.66
 531.30  2.66
 532.00  2.66
 532.70  2.67
 533.40  2.67
 534.10  2.67
 534.80  2.67
 535.50  2.67
 536.20  2.68
 536.90  2.68
 537.60  2.68
 538.30  2.68
 539.00  2.68
 539.70  2.68
 540.40  2.69
 541.10  2.69
 541.80  2.69
 542.50  2.69
 543.20  2.69
 543.90  2.70
 544.60  2.70
 545.30  2.70
 546.00  2.70
 546.70  2.70
 547.40  2.70
 548.10  2.71
 548.80  2.71
 549.50  2.71
 550.20  2.71
 550.90  2.71
 551.60  2.72
 552.30  2.72
 553.00  2.72
 553.70  2.72
 554.40  2.72
 555.10  2.72
 555.80  2.73
 556.50  2.73
 557.20  2.73
 557.90  2.73
 558.60  2.73
 559.30  2.73
 560.00  2.74
 560.70  2.74
 561.40  2.74
 562.10  2.74
 562.80  2.74
 563.50  2.74
 564.20  2.75
 564.90  2.75
 565.60  2.75
 566.30  2.75
 567.00  2.75
 567.70  2.75
 568.40  2.76
 569.10  2.76
 569.80  2.76
 570.50  2.76
 571.20  2.76
 571.90  2.76
 572.60  2.77
 573.30  2.77
 574.00  2.77
 574.70  2.77
 575.40  2.77
 576.10  2.77
 576.80  2.78
 577.50  2.78
 578.20  2.78
 578.90  2.78
 579.60  2.78
 580.30  2.78
 581.00  2.79
 581.70  2.79
 582.40  2.79
 583.10  2.79
 583.80  2.79
 584.50  2.79
 585.20  2.80
 585.90  2.80
 586.60  2.80
 587.30  2.80
 588.00  2.80
 588.70  2.80
 589.40  2.80
 590.10  2.81
 590.80  2.81
 591.50  2.81
 592.20  2.81
 592.90  2.81
 593.60  2.81
 594.30  2.82
 595.00  2.82
 595.70  2.82
 596.40  2.82
 597.10  2.82
 597.80  2.82
 598.50  2.82
 599.20  2.83
 599.90  2.83
 600.60  2.83
 601.30  2.83
 602.00  2.83
 602.70  2.83
 603.40  2.84
 604.10  2.84
 604.80  2.84
 605.50  2.84
 606.20  2.84
 606.90  2.84
 607.60  2.84
 608.30  2.85
 609.00  2.85
 609.70  2.85
 610.40  2.85
 611.10  2.85
 611.80  2.85
 612.50  2.85
 613.20  2.86
 613.90  2.86
 614.60  2.86
 615.30  2.86
 616.00  2.86
 616.70  2.86
 617.40  2.86
 618.10  2.87
 618.80  2.87
 619.50  2.87
 620.20  2.87
 620.90  2.87
 621.60  2.87
 622.30  2.87
 623.00  2.88
 623.70  2.88
 624.40  2.88
 625.10  2.88
 625.80  2.88
 626.50  2.88
 627.20  2.88
 627.90  2.89
 628.60  2.89
 629.30  2.89
 630.00  2.89
 630.70  2.89
 631.40  2.89
 632.10  2.89
 632.80  2.89
 633.50  2.90
 634.20  2.90
 634.90  2.90
 635.60  2.90
 636.30  2.90
 637.00  2.90
 637.70  2.90
 638.40  2.91
 639.10  2.91
 639.80  2.91
 640.50  2.91
 641.20  2.91
 641.90  2.91
 642.60  2.91
 643.30  2.91
 644.00  2.92
 644.70  2.92
 645.40  2.92
 646.10  2.92
 646.80  2.92
 647.50  2.92
 648.20  2.92
 648.90  2.93
 649.60  2.93
 650.30  2.93
 651.00  2.93
 651.70  2.93
 652.40  2.93
 653.10  2.93
 653.80  2.93
 654.50  2.94
 655.20  2.94
 655.90  2.94
 656.60  2.94
 657.30  2.94
 658.00  2.94
 658.70  2.94
 659.40  2.94
 660.10  2.95
 660.80  2.95
 661.50  2.95
 662.20  2.95
 662.90  2.95
 663.60  2.95
 664.30  2.95
 665.00  2.95
 665.70  2.95
 666.40  2.96
 667.10  2.96
 667.80  2.96
 668.50  2.96
 669.20  2.96
 669.90  2.96
 670.60  2.96
 671.30  2.96
 672.00  2.97
 672.70  2.97
 673.40  2.97
 674.10  2.97
 674.80  2.97
 675.50  2.97
 676.20  2.97
 676.90  2.97
 677.60  2.97
 678.30  2.98
 679.00  2.98
 679.70  2.98
 680.40  2.98
 681.10  2.98
 681.80  2.98
 682.50  2.98
 683.20  2.98
 683.90  2.98
 684.60  2.99
 685.30  2.99
 686.00  2.99
 686.70  2.99
 687.40  2.99
 688.10  2.99
 688.80  2.99
 689.50  2.99
 690.20  2.99
 690.90  3.00
 691.60  3.00
 692.30  3.00
 693.00  3.00
 693.70  3.00
 694.40  3.00
 695.10  3.00
 695.80  3.00
 696.50  3.00
 697.20  3.01
 697.90  3.01
 698.60  3.01
 699.30  3.01
 700.00  3.01
 700.70  3.01
 701.40  3.01
 702.10  3.01
 702.80  3.01
 703.50  3.02
 704.20  3.02
 704.90  3.02
 705.60  3.02
 706.30  3.02
 707.00  3.02
 707.70  3.02
 708.40  3.02
 709.10  3.02
 709.80  3.02
 710.50  3.03
 711.20  3.03
 711.90  3.03
 712.60  3.03
 713.30  3.03
 714.00  3.03
 714.70  3.03
 715.40  3.03
 716.10  3.03
 716.80  3.03
 717.50  3.04
 718.20  3.04
 718.90  3.04
 719.60  3.04
 720.30  3.04
 721.00  3.04
 721.70  3.04
 722.40  3.04
 723.10  3.04
 723.80  3.04
 724.50  3.05
 725.20  3.05
 725.90  3.05
 726.60  3.05
 727.30  3.05
 728.00  3.05
 728.70  3.05
 729.40  3.05
 730.10  3.05
 730.80  3.05
 731.50  3.06
 732.20  3.06
 732.90  3.06
 733.60  3.06
 734.30  3.06
 735.00  3.06
 735.70  3.06
 736.40  3.06
 737.10  3.06
 737.80  3.06
 738.50  3.06
 739.20  3.07
 739.90  3.07
 740.60  3.07
 741.30  3.07
 742.00  3.07
 742.70  3.07
 743.40  3.07
 744.10  3.07
 744.80  3.07
 745.50  3.07
 746.20  3.07
 746.90  3.08
 747.60  3.08
 748.30  3.08
 749.00  3.08
 749.70  3.08
 750.40  3.08
 751.10  3.08
 751.80  3.08
 752.50  3.08
 753.20  3.08
 753.90  3.08
 754.60  3.09
 755.30  3.09
 756.00  3.09
 756.70  3.09
 757.40  3.09
 758.10  3.09
 758.80  3.09
 759.50  3.09
 760.20  3.09
 760.90  3.09
 761.60  3.09
 762.30  3.09
 763.00  3.10
 763.70  3.10
 764.40  3.10
 765.10  3.10
 765.80  3.10
 766.50  3.10
 767.20  3.10
 767.90  3.10
 768.60  3.10
 769.30  3.10
 770.00  3.10
 770.70  3.10
 771.40  3.11
 772.10  3.11
 772.80  3.11
 773.50  3.11
 774.20  3.11
 774.90  3.11
 775.60  3.11
 776.30  3.11
 777.00  3.11
 777.70  3.11
 778.40  3.11
 779.10  3.11
 779.80  3.11
 780.50  3.12
 781.20  3.12
 781.90  3.12
 782.60  3.12
 783.30  3.12
 784.00  3.12
 784.70  3.12
 785.40  3.12
 786.10  3.12
 786.80  3.12
 787.50  3.12
 788.20  3.12
 788.90  3.12
 789.60  3.13
 790.30  3.13
 791.00  3.13
 791.70  3.13
 792.40  3.13
 793.10  3.13
 793.80  3.13
 794.50  3.13
 795.20  3.13
 795.90  3.13
 796.60  3.13
 797.30  3.13
 798.00  3.13
 798.70  3.14
 799.40  3.14
 800.10  3.14
 800.80  3.14
 801.50  3.14
 802.20  3.14
 802.90  3.14
 803.60  3.14
 804.30  3.14
 805.00  3.14
 805.70  3.14
 806.40  3.14
 807.10  3.14
 807.80  3.14
 808.50  3.15
 809.20  3.15
 809.90  3.15
 810.60  3.15
 811.30  3.15
 812.00  3.15
 812.70  3.15
 813.40  3.15
 814.10  3.15
 814.80  3.15
 815.50  3.15
 816.20  3.15
 816.90  3.15
 817.60  3.15
 818.30  3.15
 819.00  3.16
 819.70  3.16
 820.40  3.16
 821.10  3.16
 821.80  3.16
 822.50  3.16
 823.20  3.16
 823.90  3.16
 824.60  3.16
 825.30  3.16
 826.00  3.16
 826.70  3.16
 827.40  3.16
 828.10  3.16
 828.80  3.16
 829.50  3.17
 830.20  3.17
 830.90  3.17
 831.60  3.17
 832.30  3.17
 833.00  3.17
 833.70  3.17
 834.40  3.17
 835.10  3.17
 835.80  3.17
 836.50  3.17
 837.20  3.17
 837.90  3.17
 838.60  3.17
 839.30  3.17
 840.00  3.18
 840.70  3.18
 841.40  3.18
 842.10  3.18
 842.80  3.18
 843.50  3.18
 844.20  3.18
 844.90  3.18
 845.60  3.18
 846.30  3.18
 847.00  3.18
 847.70  3.18
 848.40  3.18
 849.10  3.18
 849.80  3.18
 850.50  3.18
 851.20  3.18
 851.90  3.19
 852.60  3.19
 853.30  3.19
 854.00  3.19
 854.70  3.19
 855.40  3.19
 856.10  3.19
 856.80  3.19
 857.50  3.19
 858.20  3.19
 858.90  3.19
 859.60  3.19
 860.30  3.19
 861.00  3.19
 861.70  3.19
 862.40  3.19
 863.10  3.19
 863.80  3.20
 864.50  3.20
 865.20  3.20
 865.90  3.20
 866.60  3.20
 867.30  3.20
 868.00  3.20
 868.70  3.20
 869.40  3.20
 870.10  3.20
 870.80  3.20
 871.50  3.20
 872.20  3.20
 872.90  3.20
 873.60  3.20
 874.30  3.20
 875.00  3.20
 875.70  3.20
 876.40  3.21
 877.10  3.21
 877.80  3.21
 878.50  3.21
 879.20  3.21
 879.90  3.21
 880.60  3.21
 881.30  3.21
 882.00  3.21
 882.70  3.21
 883.40  3.21
 884.10  3.21
 884.80  3.21
 885.50  3.21
 886.20  3.21
 886.90  3.21
 887.60  3.21
 888.30  3.21
 889.00  3.21
 889.70  3.22
 890.40  3.22
 891.10  3.22
 891.80  3.22
 892.50  3.22
 893.20  3.22
 893.90  3.22
 894.60  3.22
 895.30  3.22
 896.00  3.22
 896.70  3.22
 897.40  3.22
 898.10  3.22
 898.80  3.22
 899.50  3.22
 900.20  3.22
 900.90  3.22
 901.60  3.22
 902.30  3.22
 903.00  3.22
 903.70  3.23
 904.40  3.23
 905.10  3.23
 905.80  3.23
 906.50  3.23
 907.20  3.23
 907.90  3.23
 908.60  3.23
 909.30  3.23
 910.00  3.23
 910.70  3.23
 911.40  3.23
 912.10  3.23
 912.80  3.23
 913.50  3.23
 914.20  3.23
 914.90  3.23
 915.60  3.23
 916.30  3.23
 917.00  3.23
 917.70  3.23
 918.40  3.23
 919.10  3.24
 919.80  3.24
 920.50  3.24
 921.20  3.24
 921.90  3.24
 922.60  3.24
 923.30  3.24
 924.00  3.24
 924.70  3.24
 925.40  3.24
 926.10  3.24
 926.80  3.24
 927.50  3.24
 928.20  3.24
 928.90  3.24
 929.60  3.24
 930.30  3.24
 931.00  3.24
 931.70  3.24
 932.40  3.24
 933.10  3.24
 933.80  3.24
 934.50  3.25
 935.20  3.25
 935.90  3.25
 936.60  3.25
 937.30  3.25
 938.00  3.25
 938.70  3.25
 939.40  3.25
 940.10  3.25
 940.80  3.25
 941.50  3.25
 942.20  3.25
 942.90  3.25
 943.60  3.25
 944.30  3.25
 945.00  3.25
 945.70  3.25
 946.40  3.25
 947.10  3.25
 947.80  3.25
 948.50  3.25
 949.20  3.25
 949.90  3.25
 950.60  3.25
 951.30  3.25
 952.00  3.26
 952.70  3.26
 953.40  3.26
 954.10  3.26
 954.80  3.26
 955.50  3.26
 956.20  3.26
 956.90  3.26
 957.60  3.26
 958.30  3.26
 959.00  3.26
 959.70  3.26
 960.40  3.26
 961.10  3.26
 961.80  3.26
 962.50  3.26
 963.20  3.26
 963.90  3.26
 964.60  3.26
 965.30  3.26
 966.00  3.26
 966.70  3.26
 967.40  3.26
 968.10  3.26
 968.80  3.26
 969.50  3.26
 970.20  3.27
 970.90  3.27
 971.60  3.27
 972.30  3.27
 973.00  3.27
 973.70  3.27
 974.40  3.27
 975.10  3.27
 975.80  3.27
 976.50  3.27
 977.20  3.27
 977.90  3.27
 978.60  3.27
 979.30  3.27
 980.00  3.27
 980.70  3.27
 981.40  3.27
 982.10  3.27
 982.80  3.27
 983.50  3.27
 984.20  3.27
 984.90  3.27
 985.60  3.27
 986.30  3.27
 987.00  3.27
 987.70  3.27
 988.40  3.27
 989.10  3.27
 989.80  3.28
 990.50  3.28
 991.20  3.28
 991.90  3.28
 992.60  3.28
 993.30  3.28
 994.00  3.28
 994.70  3.28
 995.40  3.28
 996.10  3.28
 996.80  3.28
 997.50  3.28
 998.20  3.28
 998.90  3.28
 999.60  3.28
 1000.30  3.28
 1001.00  3.28
 1001.70  3.28
 1002.40  3.28
 1003.10  3.28
 1003.80  3.28
 1004.50  3.28
 1005.20  3.28
 1005.90  3.28
 1006.60  3.28
 1007.30  3.28
 1008.00  3.28
 1008.70  3.28
 1009.40  3.28
 1010.10  3.28
 1010.80  3.28
 1011.50  3.29
 1012.20  3.29
 1012.90  3.29
 1013.60  3.29
 1014.30  3.29
 1015.00  3.29
 1015.70  3.29
 1016.40  3.29
 1017.10  3.29
 1017.80  3.29
 1018.50  3.29
 1019.20  3.29
 1019.90  3.29
 1020.60  3.29
 1021.30  3.29
 1022.00  3.29
 1022.70  3.29
 1023.40  3.29
 1024.10  3.29
 1024.80  3.29
 1025.50  3.29
 1026.20  3.29
 1026.90  3.29
 1027.60  3.29
 1028.30  3.29
 1029.00  3.29
 1029.70  3.29
 1030.40  3.29
 1031.10  3.29
 1031.80  3.29
 1032.50  3.29
 1033.20  3.29
 1033.90  3.29
 1034.60  3.29
 1035.30  3.30
 1036.00  3.30
 1036.70  3.30
 1037.40  3.30
 1038.10  3.30
 1038.80  3.30
 1039.50  3.30
 1040.20  3.30
 1040.90  3.30
 1041.60  3.30
 1042.30  3.30
 1043.00  3.30
 1043.70  3.30
 1044.40  3.30
 1045.10  3.30
 1045.80  3.30
 1046.50  3.30
 1047.20  3.30
 1047.90  3.30
 1048.60  3.30
 1049.30  3.30
 1050.00  3.30
 1050.70  3.30
 1051.40  3.30
 1052.10  3.30
 1052.80  3.30
 1053.50  3.30
 1054.20  3.30
 1054.90  3.30
 1055.60  3.30
 1056.30  3.30
 1057.00  3.30
 1057.70  3.30
 1058.40  3.30
 1059.10  3.30
 1059.80  3.30
 1060.50  3.30
 1061.20  3.31
 1061.90  3.31
 1062.60  3.31
 1063.30  3.31
 1064.00  3.31
 1064.70  3.31
 1065.40  3.31
 1066.10  3.31
 1066.80  3.31
 1067.50  3.31
 1068.20  3.31
 1068.90  3.31
 1069.60  3.31
 1070.30  3.31
 1071.00  3.31
 1071.70  3.31
 1072.40  3.31
 1073.10  3.31
 1073.80  3.31
 1074.50  3.31
 1075.20  3.31
 1075.90  3.31
 1076.60  3.31
 1077.30  3.31
 1078.00  3.31
 1078.70  3.31
 1079.40  3.31
 1080.10  3.31
 1080.80  3.31
 1081.50  3.31
 1082.20  3.31
 1082.90  3.31
 1083.60  3.31
 1084.30  3.31
 1085.00  3.31
 1085.70  3.31
 1086.40  3.31
 1087.10  3.31
 1087.80  3.31
 1088.50  3.31
 1089.20  3.31
 1089.90  3.31
 1090.60  3.31
 1091.30  3.32
 1092.00  3.32
 1092.70  3.32
 1093.40  3.32
 1094.10  3.32
 1094.80  3.32
 1095.50  3.32
 1096.20  3.32
 1096.90  3.32
 1097.60  3.32
 1098.30  3.32
 1099.00  3.32
 1099.70  3.32
 1100.40  3.32
 1101.10  3.32
 1101.80  3.32
 1102.50  3.32
 1103.20  3.32
 1103.90  3.32
 1104.60  3.32
 1105.30  3.32
 1106.00  3.32
 1106.70  3.32
 1107.40  3.32
 1108.10  3.32
 1108.80  3.32
 1109.50  3.32
 1110.20  3.32
 1110.90  3.32
 1111.60  3.32
 1112.30  3.32
 1113.00  3.32
 1113.70  3.32
 1114.40  3.32
 1115.10  3.32
 1115.80  3.32
 1116.50  3.32
 1117.20  3.32
 1117.90  3.32
 1118.60  3.32
 1119.30  3.32
 1120.00  3.32
 1120.70  3.32
 1121.40  3.32
 1122.10  3.32
 1122.80  3.32
 1123.50  3.32
 1124.20  3.32
 1124.90  3.33
 1125.60  3.33
 1126.30  3.33
 1127.00  3.33
 1127.70  3.33
 1128.40  3.33
 1129.10  3.33
 1129.80  3.33
 1130.50  3.33
 1131.20  3.33
 1131.90  3.33
 1132.60  3.33
 1133.30  3.33
 1134.00  3.33
 1134.70  3.33
 1135.40  3.33
 1136.10  3.33
 1136.80  3.33
 1137.50  3.33
 1138.20  3.33
 1138.90  3.33
 1139.60  3.33
 1140.30  3.33
 1141.00  3.33
 1141.70  3.33
 1142.40  3.33
 1143.10  3.33
 1143.80  3.33
 1144.50  3.33
 1145.20  3.33
 1145.90  3.33
 1146.60  3.33
 1147.30  3.33
 1148.00  3.33
 1148.70  3.33
 1149.40  3.33
 1150.10  3.33
 1150.80  3.33
 1151.50  3.33
 1152.20  3.33
 1152.90  3.33
 1153.60  3.33
 1154.30  3.33
 1155.00  3.33
 1155.70  3.33
 1156.40  3.33
 1157.10  3.33
 1157.80  3.33
 1158.50  3.33
 1159.20  3.33
 1159.90  3.33
 1160.60  3.33
 1161.30  3.33
 1162.00  3.33
 1162.70  3.33
 1163.40  3.33
 1164.10  3.34
 1164.80  3.34
 1165.50  3.34
 1166.20  3.34
 1166.90  3.34
 1167.60  3.34
 1168.30  3.34
 1169.00  3.34
 1169.70  3.34
 1170.40  3.34
 1171.10  3.34
 1171.80  3.34
 1172.50  3.34
 1173.20  3.34
 1173.90  3.34
 1174.60  3.34
 1175.30  3.34
 1176.00  3.34
 1176.70  3.34
 1177.40  3.34
 1178.10  3.34
 1178.80  3.34
 1179.50  3.34
 1180.20  3.34
 1180.90  3.34
 1181.60  3.34
 1182.30  3.34
 1183.00  3.34
 1183.70  3.34
 1184.40  3.34
 1185.10  3.34
 1185.80  3.34
 1186.50  3.34
 1187.20  3.34
 1187.90  3.34
 1188.60  3.34
 1189.30  3.34
 1190.00  3.34
 1190.70  3.34
 1191.40  3.34
 1192.10  3.34
 1192.80  3.34
 1193.50  3.34
 1194.20  3.34
 1194.90  3.34
 1195.60  3.34
 1196.30  3.34
 1197.00  3.34
 1197.70  3.34
 1198.40  3.34
 1199.10  3.34
 1199.80  3.34
 1200.50  3.34
 1201.20  3.34
 1201.90  3.34
 1202.60  3.34
 1203.30  3.34
 1204.00  3.34
 1204.70  3.34
 1205.40  3.34
 1206.10  3.34
 1206.80  3.34
 1207.50  3.34
 1208.20  3.34
 1208.90  3.34
 1209.60  3.34
 1210.30  3.34
 1211.00  3.34
 1211.70  3.34
 1212.40  3.35
 1213.10  3.35
 1213.80  3.35
 1214.50  3.35
 1215.20  3.35
 1215.90  3.35
 1216.60  3.35
 1217.30  3.35
 1218.00  3.35
 1218.70  3.35
 1219.40  3.35
 1220.10  3.35
 1220.80  3.35
 1221.50  3.35
 1222.20  3.35
 1222.90  3.35
 1223.60  3.35
 1224.30  3.35
 1225.00  3.35
 1225.70  3.35
 1226.40  3.35
 1227.10  3.35
 1227.80  3.35
 1228.50  3.35
 1229.20  3.35
 1229.90  3.35
 1230.60  3.35
 1231.30  3.35
 1232.00  3.35
 1232.70  3.35
 1233.40  3.35
 1234.10  3.35
 1234.80  3.35
 1235.50  3.35
 1236.20  3.35
 1236.90  3.35
 1237.60  3.35
 1238.30  3.35
 1239.00  3.35
 1239.70  3.35
 1240.40  3.35
 1241.10  3.35
 1241.80  3.35
 1242.50  3.35
 1243.20  3.35
 1243.90  3.35
 1244.60  3.35
 1245.30  3.35
 1246.00  3.35
 1246.70  3.35
 1247.40  3.35
 1248.10  3.35
 1248.80  3.35
 1249.50  3.35
 1250.20  3.35
 1250.90  3.35
 1251.60  3.35
 1252.30  3.35
 1253.00  3.35
 1253.70  3.35
 1254.40  3.35
 1255.10  3.35
 1255.80  3.35
 1256.50  3.35
 1257.20  3.35
 1257.90  3.35
 1258.60  3.35
 1259.30  3.35
 1260.00  3.35
 1260.70  3.35
 1261.40  3.35
 1262.10  3.35
 1262.80  3.35
 1263.50  3.35
 1264.20  3.35
 1264.90  3.35
 1265.60  3.35
 1266.30  3.35
 1267.00  3.35
 1267.70  3.35
 1268.40  3.35
 1269.10  3.35
 1269.80  3.35
 1270.50  3.35
 1271.20  3.35
 1271.90  3.35
 1272.60  3.36
 1273.30  3.36
 1274.00  3.36
 1274.70  3.36
 1275.40  3.36
 1276.10  3.36
 1276.80  3.36
 1277.50  3.36
 1278.20  3.36
 1278.90  3.36
 1279.60  3.36
 1280.30  3.36
 1281.00  3.36
 1281.70  3.36
 1282.40  3.36
 1283.10  3.36
 1283.80  3.36
 1284.50  3.36
 1285.20  3.36
 1285.90  3.36
 1286.60  3.36
 1287.30  3.36
 1288.00  3.36
 1288.70  3.36
 1289.40  3.36
 1290.10  3.36
 1290.80  3.36
 1291.50  3.36
 1292.20  3.36
 1292.90  3.36
 1293.60  3.36
 1294.30  3.36
 1295.00  3.36
 1295.70  3.36
 1296.40  3.36
 1297.10  3.36
 1297.80  3.36
 1298.50  3.36
 1299.20  3.36
 1299.90  3.36
 1300.60  3.36
 1301.30  3.36
 1302.00  3.36
 1302.70  3.36
 1303.40  3.36
 1304.10  3.36
 1304.80  3.36
 1305.50  3.36
 1306.20  3.36
 1306.90  3.36
 1307.60  3.36
 1308.30  3.36
 1309.00  3.36
 1309.70  3.36
 1310.40  3.36
 1311.10  3.36
 1311.80  3.36
 1312.50  3.36
 1313.20  3.36
 1313.90  3.36
 1314.60  3.36
 1315.30  3.36
 1316.00  3.36
 1316.70  3.36
 1317.40  3.36
 1318.10  3.36
 1318.80  3.36
 1319.50  3.36
 1320.20  3.36
 1320.90  3.36
 1321.60  3.36
 1322.30  3.36
 1323.00  3.36
 1323.70  3.36
 1324.40  3.36
 1325.10  3.36
 1325.80  3.36
 1326.50  3.36
 1327.20  3.36
 1327.90  3.36
 1328.60  3.36
 1329.30  3.36
 1330.00  3.36
 1330.70  3.36
 1331.40  3.36
 1332.10  3.36
 1332.80  3.36
 1333.50  3.36
 1334.20  3.36
 1334.90  3.36
 1335.60  3.36
 1336.30  3.36
 1337.00  3.36
 1337.70  3.36
 1338.40  3.36
 1339.10  3.36
 1339.80  3.36
 1340.50  3.36
 1341.20  3.36
 1341.90  3.36
 1342.60  3.36
 1343.30  3.36
 1344.00  3.36
 1344.70  3.36
 1345.40  3.36
 1346.10  3.36
 1346.80  3.36
 1347.50  3.36
 1348.20  3.36
 1348.90  3.36
 1349.60  3.36
 1350.30  3.36
 1351.00  3.36
 1351.70  3.36
 1352.40  3.36
 1353.10  3.36
 1353.80  3.37
 1354.50  3.37
 1355.20  3.37
 1355.90  3.37
 1356.60  3.37
 1357.30  3.37
 1358.00  3.37
 1358.70  3.37
 1359.40  3.37
 1360.10  3.37
 1360.80  3.37
 1361.50  3.37
 1362.20  3.37
 1362.90  3.37
 1363.60  3.37
 1364.30  3.37
 1365.00  3.37
 1365.70  3.37
 1366.40  3.37
 1367.10  3.37
 1367.80  3.37
 1368.50  3.37
 1369.20  3.37
 1369.90  3.37
 1370.60  3.37
 1371.30  3.37
 1372.00  3.37
 1372.70  3.37
 1373.40  3.37
 1374.10  3.37
 1374.80  3.37
 1375.50  3.37
 1376.20  3.37
 1376.90  3.37
 1377.60  3.37
 1378.30  3.37
 1379.00  3.37
 1379.70  3.37
 1380.40  3.37
 1381.10  3.37
 1381.80  3.37
 1382.50  3.37
 1383.20  3.37
 1383.90  3.37
 1384.60  3.37
 1385.30  3.37
 1386.00  3.37
 1386.70  3.37
 1387.40  3.37
 1388.10  3.37
 1388.80  3.37
 1389.50  3.37
 1390.20  3.37
 1390.90  3.37
 1391.60  3.37
 1392.30  3.37
 1393.00  3.37
 1393.70  3.37
 1394.40  3.37
 1395.10  3.37
 1395.80  3.37
 1396.50  3.37
 1397.20  3.37
 1397.90  3.37
 1398.60  3.37
 1399.30  3.37
 1400.00  3.37
 1400.70  3.37
 1401.40  3.37
 1402.10  3.37
 1402.80  3.37
 1403.50  3.37
 1404.20  3.37
 1404.90  3.37
 1405.60  3.37
 1406.30  3.37
 1407.00  3.37
 1407.70  3.37
 1408.40  3.37
 1409.10  3.37
 1409.80  3.37
 1410.50  3.37
 1411.20  3.37
 1411.90  3.37
 1412.60  3.37
 1413.30  3.37
 1414.00  3.37
 1414.70  3.37
 1415.40  3.37
 1416.10  3.37
 1416.80  3.37
 1417.50  3.37
 1418.20  3.37
 1418.90  3.37
 1419.60  3.37
 1420.30  3.37
 1421.00  3.37
 1421.70  3.37
 1422.40  3.37
 1423.10  3.37
 1423.80  3.37
 1424.50  3.37
 1425.20  3.37
 1425.90  3.37
 1426.60  3.37
 1427.30  3.37
 1428.00  3.37
 1428.70  3.37
 1429.40  3.37
 1430.10  3.37
 1430.80  3.37
 1431.50  3.37
 1432.20  3.37
 1432.90  3.37
 1433.60  3.37
 1434.30  3.37
 1435.00  3.37
 1435.70  3.37
 1436.40  3.37
 1437.10  3.37
 1437.80  3.37
 1438.50  3.37
 1439.20  3.37
 1439.90  3.37
 1440.60  3.37
 1441.30  3.37
 1442.00  3.37
 1442.70  3.37
 1443.40  3.37
 1444.10  3.37
 1444.80  3.37
 1445.50  3.37
 1446.20  3.37
 1446.90  3.37
 1447.60  3.37
 1448.30  3.37
 1449.00  3.37
 1449.70  3.37
 1450.40  3.37
 1451.10  3.37
 1451.80  3.37
 1452.50  3.37
 1453.20  3.37
 1453.90  3.37
 1454.60  3.37
 1455.30  3.37
 1456.00  3.37
 1456.70  3.37
 1457.40  3.37
 1458.10  3.37
 1458.80  3.37
 1459.50  3.37
 1460.20  3.37
 1460.90  3.37
 1461.60  3.37
 1462.30  3.37
 1463.00  3.37
 1463.70  3.37
 1464.40  3.37
 1465.10  3.37
 1465.80  3.37
 1466.50  3.37
 1467.20  3.37
 1467.90  3.37
 1468.60  3.37
 1469.30  3.37
 1470.00  3.37
 1470.70  3.37
 1471.40  3.37
 1472.10  3.37
 1472.80  3.37
 1473.50  3.37
 1474.20  3.37
 1474.90  3.37
 1475.60  3.37
 1476.30  3.37
 1477.00  3.37
 1477.70  3.37
 1478.40  3.37
 1479.10  3.37
 1479.80  3.37
 1480.50  3.37
 1481.20  3.37
 1481.90  3.37
 1482.60  3.38
 1483.30  3.38
 1484.00  3.38
 1484.70  3.38
 1485.40  3.38
 1486.10  3.38
 1486.80  3.38
 1487.50  3.38
 1488.20  3.38
 1488.90  3.38
 1489.60  3.38
 1490.30  3.38
 1491.00  3.38
 1491.70  3.38
 1492.40  3.38
 1493.10  3.38
 1493.80  3.38
 1494.50  3.38
 1495.20  3.38
 1495.90  3.38
 1496.60  3.38
 1497.30  3.38
 1498.00  3.38
 1498.70  3.38
 1499.40  3.38
 1500.10  3.38
 1500.80  3.38
 1501.50  3.38
 1502.20  3.38
 1502.90  3.38
 1503.60  3.38
 1504.30  3.38
 1505.00  3.38
 1505.70  3.38
 1506.40  3.38
 1507.10  3.38
 1507.80  3.38
 1508.50  3.38
 1509.20  3.38
 1509.90  3.38
 1510.60  3.38
 1511.30  3.38
 1512.00  3.38
 1512.70  3.38
 1513.40  3.38
 1514.10  3.38
 1514.80  3.38
 1515.50  3.38
 1516.20  3.38
 1516.90  3.38
 1517.60  3.38
 1518.30  3.38
 1519.00  3.38
 1519.70  3.38
 1520.40  3.38
 1521.10  3.38
 1521.80  3.38
 1522.50  3.38
 1523.20  3.38
 1523.90  3.38
 1524.60  3.38
 1525.30  3.38
 1526.00  3.38
 1526.70  3.38
 1527.40  3.38
 1528.10  3.38
 1528.80  3.38
 1529.50  3.38
 1530.20  3.38
 1530.90  3.38
 1531.60  3.38
 1532.30  3.38
 1533.00  3.38
 1533.70  3.38
 1534.40  3.38
 1535.10  3.38
 1535.80  3.38
 1536.50  3.38
 1537.20  3.38
 1537.90  3.38
 1538.60  3.38
 1539.30  3.38
 1540.00  3.38
 1540.70  3.38
 1541.40  3.38
 1542.10  3.38
 1542.80  3.38
 1543.50  3.38
 1544.20  3.38
 1544.90  3.38
 1545.60  3.38
 1546.30  3.38
 1547.00  3.38
 1547.70  3.38
 1548.40  3.38
 1549.10  3.38
 1549.80  3.38
 1550.50  3.38
 1551.20  3.38
 1551.90  3.38
 1552.60  3.38
 1553.30  3.38
 1554.00  3.38
 1554.70  3.38
 1555.40  3.38
 1556.10  3.38
 1556.80  3.38
 1557.50  3.38
 1558.20  3.38
 1558.90  3.38
 1559.60  3.38
 1560.30  3.38
 1561.00  3.38
 1561.70  3.38
 1562.40  3.38
 1563.10  3.38
 1563.80  3.38
 1564.50  3.38
 1565.20  3.38
 1565.90  3.38
 1566.60  3.38
 1567.30  3.38
 1568.00  3.38
 1568.70  3.38
 1569.40  3.38
 1570.10  3.38
 1570.80  3.38
 1571.50  3.38
 1572.20  3.38
 1572.90  3.38
 1573.60  3.38
 1574.30  3.38
 1575.00  3.38
 1575.70  3.38
 1576.40  3.38
 1577.10  3.38
 1577.80  3.38
 1578.50  3.38
 1579.20  3.38
 1579.90  3.38
 1580.60  3.38
 1581.30  3.38
 1582.00  3.38
 1582.70  3.38
 1583.40  3.38
 1584.10  3.38
 1584.80  3.38
 1585.50  3.38
 1586.20  3.38
 1586.90  3.38
 1587.60  3.38
 1588.30  3.38
 1589.00  3.38
 1589.70  3.38
 1590.40  3.38
 1591.10  3.38
 1591.80  3.38
 1592.50  3.38
 1593.20  3.38
 1593.90  3.38
 1594.60  3.38
 1595.30  3.38
 1596.00  3.38
 1596.70  3.38
 1597.40  3.38
 1598.10  3.38
 1598.80  3.38
 1599.50  3.38
 1600.20  3.38
 1600.90  3.38
 1601.60  3.38
 1602.30  3.38
 1603.00  3.38
 1603.70  3.38
 1604.40  3.38
 1605.10  3.38
 1605.80  3.38
 1606.50  3.38
 1607.20  3.38
 1607.90  3.38
 1608.60  3.38
 1609.30  3.38
 1610.00  3.38
 1610.70  3.38
 1611.40  3.38
 1612.10  3.38
 1612.80  3.38
 1613.50  3.38
 1614.20  3.38
 1614.90  3.38
 1615.60  3.38
 1616.30  3.38
 1617.00  3.38
 1617.70  3.38
 1618.40  3.38
 1619.10  3.38
 1619.80  3.38
 1620.50  3.38
 1621.20  3.38
 1621.90  3.38
 1622.60  3.38
 1623.30  3.38
 1624.00  3.38
 1624.70  3.38
 1625.40  3.38
 1626.10  3.38
 1626.80  3.38
 1627.50  3.38
 1628.20  3.38
 1628.90  3.38
 1629.60  3.38
 1630.30  3.38
 1631.00  3.38
 1631.70  3.38
 1632.40  3.38
 1633.10  3.38
 1633.80  3.38
 1634.50  3.38
 1635.20  3.38
 1635.90  3.38
 1636.60  3.38
 1637.30  3.38
 1638.00  3.38
 1638.70  3.38
 1639.40  3.38
 1640.10  3.38
 1640.80  3.38
 1641.50  3.38
 1642.20  3.38
 1642.90  3.38
 1643.60  3.38
 1644.30  3.38
 1645.00  3.38
 1645.70  3.38
 1646.40  3.38
 1647.10  3.38
 1647.80  3.38
 1648.50  3.38
 1649.20  3.38
 1649.90  3.38
 1650.60  3.38
 1651.30  3.38
 1652.00  3.38
 1652.70  3.38
 1653.40  3.38
 1654.10  3.38
 1654.80  3.38
 1655.50  3.38
 1656.20  3.38
 1656.90  3.38
 1657.60  3.38
 1658.30  3.38
 1659.00  3.38
 1659.70  3.38
 1660.40  3.38
 1661.10  3.38
 1661.80  3.38
 1662.50  3.38
 1663.20  3.38
 1663.90  3.38
 1664.60  3.38
 1665.30  3.38
 1666.00  3.38
 1666.70  3.38
 1667.40  3.38
 1668.10  3.38
 1668.80  3.38
 1669.50  3.38
 1670.20  3.38
 1670.90  3.38
 1671.60  3.38
 1672.30  3.38
 1673.00  3.38
 1673.70  3.38
 1674.40  3.38
 1675.10  3.38
 1675.80  3.38
 1676.50  3.38
 1677.20  3.38
 1677.90  3.38
 1678.60  3.38
 1679.30  3.38
 1680.00  3.38
 1680.70  3.38
 1681.40  3.38
 1682.10  3.38
 1682.80  3.38
 1683.50  3.38
 1684.20  3.38
 1684.90  3.38
 1685.60  3.38
 1686.30  3.38
 1687.00  3.38
 1687.70  3.38
 1688.40  3.38
 1689.10  3.38
 1689.80  3.38
 1690.50  3.38
 1691.20  3.38
 1691.90  3.38
 1692.60  3.38
 1693.30  3.38
 1694.00  3.38
 1694.70  3.38
 1695.40  3.38
 1696.10  3.38
 1696.80  3.38
 1697.50  3.38
 1698.20  3.38
 1698.90  3.38
 1699.60  3.38
 1700.30  3.38
 1701.00  3.38
 1701.70  3.38
 1702.40  3.38
 1703.10  3.38
 1703.80  3.38
 1704.50  3.38
 1705.20  3.38
 1705.90  3.38
 1706.60  3.38
 1707.30  3.38
 1708.00  3.38
 1708.70  3.38
 1709.40  3.38
 1710.10  3.38
 1710.80  3.38
 1711.50  3.38
 1712.20  3.38
 1712.90  3.38
 1713.60  3.38
 1714.30  3.38
 1715.00  3.38
 1715.70  3.38
 1716.40  3.38
 1717.10  3.38
 1717.80  3.38
 1718.50  3.38
 1719.20  3.38
 1719.90  3.38
 1720.60  3.38
 1721.30  3.38
 1722.00  3.38
 1722.70  3.38
 1723.40  3.38
 1724.10  3.38
 1724.80  3.38
 1725.50  3.38
 1726.20  3.38
 1726.90  3.38
 1727.60  3.38
 1728.30  3.38
 1729.00  3.38
 1729.70  3.38
 1730.40  3.38
 1731.10  3.38
 1731.80  3.38
 1732.50  3.38
 1733.20  3.38
 1733.90  3.38
 1734.60  3.38
 1735.30  3.38
 1736.00  3.38
 1736.70  3.38
 1737.40  3.38
 1738.10  3.38
 1738.80  3.38
 1739.50  3.38
 1740.20  3.38
 1740.90  3.38
 1741.60  3.38
 1742.30  3.38
 1743.00  3.38
 1743.70  3.38
 1744.40  3.38
 1745.10  3.38
 1745.80  3.38
 1746.50  3.38
 1747.20  3.38
 1747.90  3.38
 1748.60  3.38
 1749.30  3.38
 1750.00  3.38
 1750.70  3.38
 1751.40  3.38
 1752.10  3.38
 1752.80  3.38
 1753.50  3.38
 1754.20  3.38
 1754.90  3.38
 1755.60  3.38
 1756.30  3.38
 1757.00  3.38
 1757.70  3.38
 1758.40  3.38
 1759.10  3.38
 1759.80  3.38
 1760.50  3.38
 1761.20  3.38
 1761.90  3.38
 1762.60  3.38
 1763.30  3.38
 1764.00  3.38
 1764.70  3.38
 1765.40  3.38
 1766.10  3.38
 1766.80  3.38
 1767.50  3.38
 1768.20  3.38
 1768.90  3.38
 1769.60  3.38
 1770.30  3.38
 1771.00  3.38
 1771.70  3.38
 1772.40  3.38
 1773.10  3.38
 1773.80  3.38
 1774.50  3.38
 1775.20  3.38
 1775.90  3.38
 1776.60  3.38
 1777.30  3.38
 1778.00  3.38
 1778.70  3.38
 1779.40  3.38
 1780.10  3.38
 1780.80  3.38
 1781.50  3.38
 1782.20  3.38
 1782.90  3.38
 1783.60  3.38
 1784.30  3.38
 1785.00  3.38
 1785.70  3.38
 1786.40  3.38
 1787.10  3.38
 1787.80  3.38
 1788.50  3.38
 1789.20  3.38
 1789.90  3.38
 1790.60  3.38
 1791.30  3.38
 1792.00  3.38
 1792.70  3.38
 1793.40  3.38
 1794.10  3.38
 1794.80  3.38
 1795.50  3.38
 1796.20  3.38
 1796.90  3.38
 1797.60  3.38
 1798.30  3.38
 1799.00  3.38
 1799.70  3.38
 1800.40  3.38
 1801.10  3.38
 1801.80  3.38
 1802.50  3.38
 1803.20  3.38
 1803.90  3.38
 1804.60  3.38
 1805.30  3.38
 1806.00  3.38
 1806.70  3.38
 1807.40  3.38
 1808.10  3.38
 1808.80  3.38
 1809.50  3.38
 1810.20  3.38
 1810.90  3.38
 1811.60  3.38
 1812.30  3.38
 1813.00  3.38
 1813.70  3.38
 1814.40  3.38
 1815.10  3.38
 1815.80  3.38
 1816.50  3.38
 1817.20  3.38
 1817.90  3.39
 1818.60  3.39
 1819.30  3.39
 1820.00  3.39
 1820.70  3.39
 1821.40  3.39
 1822.10  3.39
 1822.80  3.39
 1823.50  3.39
 1824.20  3.39
 1824.90  3.39
 1825.60  3.39
 1826.30  3.39
 1827.00  3.39
 1827.70  3.39
 1828.40  3.39
 1829.10  3.39
 1829.80  3.39
 1830.50  3.39
 1831.20  3.39
 1831.90  3.39
 1832.60  3.39
 1833.30  3.39
 1834.00  3.39
 1834.70  3.39
 1835.40  3.39
 1836.10  3.39
 1836.80  3.39
 1837.50  3.39
 1838.20  3.39
 1838.90  3.39
 1839.60  3.39
 1840.30  3.39
 1841.00  3.39
 1841.70  3.39
 1842.40  3.39
 1843.10  3.39
 1843.80  3.39
 1844.50  3.39
 1845.20  3.39
 1845.90  3.39
 1846.60  3.39
 1847.30  3.39
 1848.00  3.39
 1848.70  3.39
 1849.40  3.39
 1850.10  3.39
 1850.80  3.39
 1851.50  3.39
 1852.20  3.39
 1852.90  3.39
 1853.60  3.39
 1854.30  3.39
 1855.00  3.39
 1855.70  3.39
 1856.40  3.39
 1857.10  3.39
 1857.80  3.39
 1858.50  3.39
 1859.20  3.39
 1859.90  3.39
 1860.60  3.39
 1861.30  3.39
 1862.00  3.39
 1862.70  3.39
 1863.40  3.39
 1864.10  3.39
 1864.80  3.39
 1865.50  3.39
 1866.20  3.39
 1866.90  3.39
 1867.60  3.39
 1868.30  3.39
 1869.00  3.39
 1869.70  3.39
 1870.40  3.39
 1871.10  3.39
 1871.80  3.39
 1872.50  3.39
 1873.20  3.39
 1873.90  3.39
 1874.60  3.39
 1875.30  3.39
 1876.00  3.39
 1876.70  3.39
 1877.40  3.39
 1878.10  3.39
 1878.80  3.39
 1879.50  3.39
 1880.20  3.39
 1880.90  3.39
 1881.60  3.39
 1882.30  3.39
 1883.00  3.39
 1883.70  3.39
 1884.40  3.39
 1885.10  3.39
 1885.80  3.39
 1886.50  3.39
 1887.20  3.39
 1887.90  3.39
 1888.60  3.39
 1889.30  3.39
 1890.00  3.39
 1890.70  3.39
 1891.40  3.39
 1892.10  3.39
 1892.80  3.39
 1893.50  3.39
 1894.20  3.39
 1894.90  3.39
 1895.60  3.39
 1896.30  3.39
 1897.00  3.39
 1897.70  3.39
 1898.40  3.39
 1899.10  3.39
 1899.80  3.39
 1900.50  3.39
 1901.20  3.39
 1901.90  3.39
 1902.60  3.39
 1903.30  3.39
 1904.00  3.39
 1904.70  3.39
 1905.40  3.39
 1906.10  3.39
 1906.80  3.39
 1907.50  3.39
 1908.20  3.39
 1908.90  3.39
 1909.60  3.39
 1910.30  3.39
 1911.00  3.39
 1911.70  3.39
 1912.40  3.39
 1913.10  3.39
 1913.80  3.39
 1914.50  3.39
 1915.20  3.39
 1915.90  3.39
 1916.60  3.39
 1917.30  3.39
 1918.00  3.39
 1918.70  3.39
 1919.40  3.39
 1920.10  3.39
 1920.80  3.39
 1921.50  3.39
 1922.20  3.39
 1922.90  3.39
 1923.60  3.39
 1924.30  3.39
 1925.00  3.39
 1925.70  3.39
 1926.40  3.39
 1927.10  3.39
 1927.80  3.39
 1928.50  3.39
 1929.20  3.39
 1929.90  3.39
 1930.60  3.39
 1931.30  3.39
 1932.00  3.39
 1932.70  3.39
 1933.40  3.39
 1934.10  3.39
 1934.80  3.39
 1935.50  3.39
 1936.20  3.39
 1936.90  3.39
 1937.60  3.39
 1938.30  3.39
 1939.00  3.39
 1939.70  3.39
 1940.40  3.39
 1941.10  3.39
 1941.80  3.39
 1942.50  3.39
 1943.20  3.39
 1943.90  3.39
 1944.60  3.39
 1945.30  3.39
 1946.00  3.39
 1946.70  3.39
 1947.40  3.39
 1948.10  3.39
 1948.80  3.39
 1949.50  3.39
 1950.20  3.39
 1950.90  3.39
 1951.60  3.39
 1952.30  3.39
 1953.00  3.39
 1953.70  3.39
 1954.40  3.39
 1955.10  3.39
 1955.80  3.39
 1956.50  3.39
 1957.20  3.39
 1957.90  3.39
 1958.60  3.39
 1959.30  3.39
 1960.00  3.39
 1960.70  3.39
 1961.40  3.39
 1962.10  3.39
 1962.80  3.39
 1963.50  3.39
 1964.20  3.39
 1964.90  3.39
 1965.60  3.39
 1966.30  3.39
 1967.00  3.39
 1967.70  3.39
 1968.40  3.39
 1969.10  3.39
 1969.80  3.39
 1970.50  3.39
 1971.20  3.39
 1971.90  3.39
 1972.60  3.39
 1973.30  3.39
 1974.00  3.39
 1974.70  3.39
 1975.40  3.39
 1976.10  3.39
 1976.80  3.39
 1977.50  3.39
 1978.20  3.39
 1978.90  3.39
 1979.60  3.39
 1980.30  3.39
 1981.00  3.39
 1981.70  3.39
 1982.40  3.39
 1983.10  3.39
 1983.80  3.39
 1984.50  3.39
 1985.20  3.39
 1985.90  3.39
 1986.60  3.39
 1987.30  3.39
 1988.00  3.39
 1988.70  3.39
 1989.40  3.39
 1990.10  3.39
 1990.80  3.39
 1991.50  3.39
 1992.20  3.39
 1992.90  3.39
 1993.60  3.39
 1994.30  3.39
 1995.00  3.39
 1995.70  3.39
 1996.40  3.39
 1997.10  3.39
 1997.80  3.39
 1998.50  3.39
 1999.20  3.39
 1999.90  3.39
 2000.60  3.39
 2001.30  3.39
 2002.00  3.39
 2002.70  3.39
 2003.40  3.39
 2004.10  3.39
 2004.80  3.39
 2005.50  3.39
 2006.20  3.39
 2006.90  3.39
 2007.60  3.39
 2008.30  3.39
 2009.00  3.39
 2009.70  3.39
 2010.40  3.39
 2011.10  3.39
 2011.80  3.39
 2012.50  3.39
 2013.20  3.39
 2013.90  3.39
 2014.60  3.39
 2015.30  3.39
 2016.00  3.39
 2016.70  3.39
 2017.40  3.39
 2018.10  3.39
 2018.80  3.39
 2019.50  3.39
 2020.20  3.39
 2020.90  3.39
 2021.60  3.39
 2022.30  3.39
 2023.00  3.39
 2023.70  3.39
 2024.40  3.39
 2025.10  3.39
 2025.80  3.39
 2026.50  3.39
 2027.20  3.39
 2027.90  3.39
 2028.60  3.39
 2029.30  3.39
 2030.00  3.39
 2030.70  3.39
 2031.40  3.39
 2032.10  3.39
 2032.80  3.39
 2033.50  3.39
 2034.20  3.39
 2034.90  3.39
 2035.60  3.39
 2036.30  3.39
 2037.00  3.39
 2037.70  3.39
 2038.40  3.39
 2039.10  3.39
 2039.80  3.39
 2040.50  3.39
 2041.20  3.39
 2041.90  3.39
 2042.60  3.39
 2043.30  3.39
 2044.00  3.39
 2044.70  3.39
 2045.40  3.39
 2046.10  3.39
 2046.80  3.39
 2047.50  3.39
 2048.20  3.39
 2048.90  3.39
 2049.60  3.39
 2050.30  3.39
 2051.00  3.39
 2051.70  3.39
 2052.40  3.39
 2053.10  3.39
 2053.80  3.39
 2054.50  3.39
 2055.20  3.39
 2055.90  3.39
 2056.60  3.39
 2057.30  3.39
 2058.00  3.39
 2058.70  3.39
 2059.40  3.39
 2060.10  3.39
 2060.80  3.39
 2061.50  3.39
 2062.20  3.39
 2062.90  3.39
 2063.60  3.39
 2064.30  3.39
 2065.00  3.39
 2065.70  3.39
 2066.40  3.39
 2067.10  3.39
 2067.80  3.39
 2068.50  3.39
 2069.20  3.39
 2069.90  3.39
 2070.60  3.39
 2071.30  3.39
 2072.00  3.39
 2072.70  3.39
 2073.40  3.39
 2074.10  3.39
 2074.80  3.39
 2075.50  3.39
 2076.20  3.39
 2076.90  3.39
 2077.60  3.39
 2078.30  3.39
 2079.00  3.39
 2079.70  3.39
 2080.40  3.39
 2081.10  3.39
 2081.80  3.39
 2082.50  3.39
 2083.20  3.39
 2083.90  3.39
 2084.60  3.39
 2085.30  3.39
 2086.00  3.39
 2086.70  3.39
 2087.40  3.39
 2088.10  3.39
 2088.80  3.39
 2089.50  3.39
 2090.20  3.39
 2090.90  3.39
 2091.60  3.39
 2092.30  3.39
 2093.00  3.39
 2093.70  3.39
 2094.40  3.39
 2095.10  3.39
 2095.80  3.39
 2096.50  3.39
 2097.20  3.39
 2097.90  3.39
 2098.60  3.39
 2099.30  3.39
 2100.00  3.39
 2100.70  3.39
 2101.40  3.39
 2102.10  3.39
 2102.80  3.39
 2103.50  3.39
 2104.20  3.39
 2104.90  3.39
 2105.60  3.39
 2106.30  3.39
 2107.00  3.39
 2107.70  3.39
 2108.40  3.39
 2109.10  3.39
 2109.80  3.39
 2110.50  3.39
 2111.20  3.39
 2111.90  3.39
 2112.60  3.39
 2113.30  3.39
 2114.00  3.39
 2114.70  3.39
 2115.40  3.39
 2116.10  3.39
 2116.80  3.39
 2117.50  3.39
 2118.20  3.39
 2118.90  3.39
 2119.60  3.39
 2120.30  3.39
 2121.00  3.39
 2121.70  3.39
 2122.40  3.39
 2123.10  3.39
 2123.80  3.39
 2124.50  3.39
 2125.20  3.39
 2125.90  3.39
 2126.60  3.39
 2127.30  3.39
 2128.00  3.39
 2128.70  3.39
 2129.40  3.39
 2130.10  3.39
 2130.80  3.39
 2131.50  3.39
 2132.20  3.39
 2132.90  3.39
 2133.60  3.39
 2134.30  3.39
 2135.00  3.39
 2135.70  3.39
 2136.40  3.39
 2137.10  3.39
 2137.80  3.39
 2138.50  3.39
 2139.20  3.39
 2139.90  3.39
 2140.60  3.39
 2141.30  3.39
 2142.00  3.39
 2142.70  3.39
 2143.40  3.39
 2144.10  3.39
 2144.80  3.39
 2145.50  3.39
 2146.20  3.39
 2146.90  3.39
 2147.60  3.39
 2148.30  3.39
 2149.00  3.39
 2149.70  3.39
 2150.40  3.39
 2151.10  3.39
 2151.80  3.39
 2152.50  3.39
 2153.20  3.39
 2153.90  3.39
 2154.60  3.39
 2155.30  3.39
 2156.00  3.39
 2156.70  3.39
 2157.40  3.39
 2158.10  3.39
 2158.80  3.39
 2159.50  3.39
 2160.20  3.39
 2160.90  3.39
 2161.60  3.39
 2162.30  3.39
 2163.00  3.39
 2163.70  3.39
 2164.40  3.39
 2165.10  3.39
 2165.80  3.39
 2166.50  3.39
 2167.20  3.39
 2167.90  3.39
 2168.60  3.39
 2169.30  3.39
 2170.00  3.39
 2170.70  3.39
 2171.40  3.39
 2172.10  3.39
 2172.80  3.39
 2173.50  3.39
 2174.20  3.39
 2174.90  3.39
 2175.60  3.39
 2176.30  3.39
 2177.00  3.39
 2177.70  3.39
 2178.40  3.39
 2179.10  3.39
 2179.80  3.39
 2180.50  3.39
 2181.20  3.39
 2181.90  3.39
 2182.60  3.39
 2183.30  3.39
 2184.00  3.39
 2184.70  3.39
 2185.40  3.39
 2186.10  3.39
 2186.80  3.39
 2187.50  3.39
 2188.20  3.39
 2188.90  3.39
 2189.60  3.39
 2190.30  3.39
 2191.00  3.39
 2191.70  3.39
 2192.40  3.39
 2193.10  3.39
 2193.80  3.39
 2194.50  3.39
 2195.20  3.39
 2195.90  3.39
 2196.60  3.39
 2197.30  3.39
 2198.00  3.39
 2198.70  3.39
 2199.40  3.39
 2200.10  3.39
 2200.80  3.39
 2201.50  3.39
 2202.20  3.39
 2202.90  3.39
 2203.60  3.39
 2204.30  3.39
 2205.00  3.39
 2205.70  3.39
 2206.40  3.39
 2207.10  3.39
 2207.80  3.39
 2208.50  3.39
 2209.20  3.39
 2209.90  3.39
 2210.60  3.39
 2211.30  3.39
 2212.00  3.39
 2212.70  3.39
 2213.40  3.39
 2214.10  3.39
 2214.80  3.39
 2215.50  3.39
 2216.20  3.39
 2216.90  3.39
 2217.60  3.39
 2218.30  3.39
 2219.00  3.39
 2219.70  3.39
 2220.40  3.39
 2221.10  3.39
 2221.80  3.39
 2222.50  3.39
 2223.20  3.39
 2223.90  3.39
 2224.60  3.39
 2225.30  3.39
 2226.00  3.39
 2226.70  3.39
 2227.40  3.39
 2228.10  3.39
 2228.80  3.39
 2229.50  3.39
 2230.20  3.39
 2230.90  3.39
 2231.60  3.39
 2232.30  3.39
 2233.00  3.39
 2233.70  3.39
 2234.40  3.39
 2235.10  3.39
 2235.80  3.39
 2236.50  3.39
 2237.20  3.39
 2237.90  3.39
 2238.60  3.39
 2239.30  3.39
 2240.00  3.39
 2240.70  3.39
 2241.40  3.39
 2242.10  3.39
 2242.80  3.39
 2243.50  3.39
 2244.20  3.39
 2244.90  3.39
 2245.60  3.39
 2246.30  3.39
 2247.00  3.39
 2247.70  3.39
 2248.40  3.39
 2249.10  3.39
 2249.80  3.39
 2250.50  3.39
 2251.20  3.39
 2251.90  3.39
 2252.60  3.39
 2253.30  3.39
 2254.00  3.39
 2254.70  3.39
 2255.40  3.39
 2256.10  3.39
 2256.80  3.39
 2257.50  3.39
 2258.20  3.39
 2258.90  3.39
 2259.60  3.39
 2260.30  3.39
 2261.00  3.39
 2261.70  3.39
 2262.40  3.39
 2263.10  3.39
 2263.80  3.39
 2264.50  3.39
 2265.20  3.39
 2265.90  3.39
 2266.60  3.39
 2267.30  3.39
 2268.00  3.39
 2268.70  3.39
 2269.40  3.39
 2270.10  3.39
 2270.80  3.39
 2271.50  3.39
 2272.20  3.39
 2272.90  3.39
 2273.60  3.39
 2274.30  3.39
 2275.00  3.39
 2275.70  3.39
 2276.40  3.39
 2277.10  3.39
 2277.80  3.39
 2278.50  3.39
 2279.20  3.39
 2279.90  3.39
 2280.60  3.39
 2281.30  3.39
 2282.00  3.39
 2282.70  3.39
 2283.40  3.39
 2284.10  3.39
 2284.80  3.39
 2285.50  3.39
 2286.20  3.39
 2286.90  3.39
 2287.60  3.39
 2288.30  3.39
 2289.00  3.39
 2289.70  3.39
 2290.40  3.39
 2291.10  3.39
 2291.80  3.39
 2292.50  3.39
 2293.20  3.39
 2293.90  3.39
 2294.60  3.39
 2295.30  3.39
 2296.00  3.39
 2296.70  3.39
 2297.40  3.39
 2298.10  3.39
 2298.80  3.39
 2299.50  3.39
 2300.20  3.39
 2300.90  3.39
 2301.60  3.39
 2302.30  3.39
 2303.00  3.39
 2303.70  3.39
 2304.40  3.39
 2305.10  3.39
 2305.80  3.39
 2306.50  3.39
 2307.20  3.39
 2307.90  3.39
 2308.60  3.39
 2309.30  3.39
 2310.00  3.39
 2310.70  3.39
 2311.40  3.39
 2312.10  3.39
 2312.80  3.39
 2313.50  3.39
 2314.20  3.39
 2314.90  3.39
 2315.60  3.39
 2316.30  3.39
 2317.00  3.39
 2317.70  3.39
 2318.40  3.39
 2319.10  3.39
 2319.80  3.39
 2320.50  3.39
 2321.20  3.39
 2321.90  3.39
 2322.60  3.39
 2323.30  3.39
 2324.00  3.39
 2324.70  3.39
 2325.40  3.39
 2326.10  3.39
 2326.80  3.39
 2327.50  3.39
 2328.20  3.39
 2328.90  3.39
 2329.60  3.39
 2330.30  3.39
 2331.00  3.39
 2331.70  3.39
 2332.40  3.39
 2333.10  3.39
 2333.80  3.39
 2334.50  3.39
 2335.20  3.39
 2335.90  3.39
 2336.60  3.39
 2337.30  3.39
 2338.00  3.39
 2338.70  3.39
 2339.40  3.39
 2340.10  3.39
 2340.80  3.39
 2341.50  3.39
 2342.20  3.39
 2342.90  3.39
 2343.60  3.39
 2344.30  3.39
 2345.00  3.39
 2345.70  3.39
 2346.40  3.39
 2347.10  3.39
 2347.80  3.39
 2348.50  3.39
 2349.20  3.39
 2349.90  3.39
 2350.60  3.39
 2351.30  3.39
 2352.00  3.39
 2352.70  3.39
 2353.40  3.39
 2354.10  3.39
 2354.80  3.39
 2355.50  3.39
 2356.20  3.39
 2356.90  3.39
 2357.60  3.39
 2358.30  3.39
 2359.00  3.39
 2359.70  3.39
 2360.40  3.39
 2361.10  3.39
 2361.80  3.39
 2362.50  3.39
 2363.20  3.39
 2363.90  3.39
 2364.60  3.39
 2365.30  3.39
 2366.00  3.39
 2366.70  3.39
 2367.40  3.39
 2368.10  3.39
 2368.80  3.39
 2369.50  3.39
 2370.20  3.39
 2370.90  3.39
 2371.60  3.39
 2372.30  3.39
 2373.00  3.39
 2373.70  3.39
 2374.40  3.39
 2375.10  3.39
 2375.80  3.39
 2376.50  3.39
 2377.20  3.39
 2377.90  3.39
 2378.60  3.39
 2379.30  3.39
 2380.00  3.39
 2380.70  3.39
 2381.40  3.39
 2382.10  3.39
 2382.80  3.39
 2383.50  3.39
 2384.20  3.39
 2384.90  3.39
 2385.60  3.39
 2386.30  3.39
 2387.00  3.39
 2387.70  3.39
 2388.40  3.39
 2389.10  3.39
 2389.80  3.39
 2390.50  3.39
 2391.20  3.39
 2391.90  3.39
 2392.60  3.39
 2393.30  3.39
 2394.00  3.39
 2394.70  3.39
 2395.40  3.39
 2396.10  3.39
 2396.80  3.39
 2397.50  3.39
 2398.20  3.39
 2398.90  3.39
 2399.60  3.39
 2400.30  3.39
 2401.00  3.39
 2401.70  3.39
 2402.40  3.39
 2403.10  3.39
 2403.80  3.39
 2404.50  3.39
 2405.20  3.39
 2405.90  3.39
 2406.60  3.39
 2407.30  3.39
 2408.00  3.39
 2408.70  3.39
 2409.40  3.39
 2410.10  3.39
 2410.80  3.39
 2411.50  3.39
 2412.20  3.39
 2412.90  3.39
 2413.60  3.39
 2414.30  3.39
 2415.00  3.39
 2415.70  3.39
 2416.40  3.39
 2417.10  3.39
 2417.80  3.39
 2418.50  3.39
 2419.20  3.39
 2419.90  3.39
 2420.60  3.39
 2421.30  3.39
 2422.00  3.39
 2422.70  3.39
 2423.40  3.39
 2424.10  3.39
 2424.80  3.39
 2425.50  3.39
 2426.20  3.39
 2426.90  3.39
 2427.60  3.39
 2428.30  3.39
 2429.00  3.39
 2429.70  3.39
 2430.40  3.39
 2431.10  3.39
 2431.80  3.39
 2432.50  3.39
 2433.20  3.39
 2433.90  3.39
 2434.60  3.39
 2435.30  3.39
 2436.00  3.39
 2436.70  3.39
 2437.40  3.39
 2438.10  3.39
 2438.80  3.39
 2439.50  3.39
 2440.20  3.39
 2440.90  3.39
 2441.60  3.39
 2442.30  3.39
 2443.00  3.39
 2443.70  3.39
 2444.40  3.39
 2445.10  3.39
 2445.80  3.39
 2446.50  3.39
 2447.20  3.39
 2447.90  3.39
 2448.60  3.39
 2449.30  3.39
 2450.00  3.39
 2450.70  3.39
 2451.40  3.39
 2452.10  3.39
 2452.80  3.39
 2453.50  3.39
 2454.20  3.39
 2454.90  3.39
 2455.60  3.39
 2456.30  3.39
 2457.00  3.39
 2457.70  3.39
 2458.40  3.39
 2459.10  3.39
 2459.80  3.39
 2460.50  3.39
 2461.20  3.39
 2461.90  3.39
 2462.60  3.39
 2463.30  3.39
 2464.00  3.39
 2464.70  3.39
 2465.40  3.39
 2466.10  3.39
 2466.80  3.39
 2467.50  3.39
 2468.20  3.39
 2468.90  3.39
 2469.60  3.39
 2470.30  3.39
 2471.00  3.39
 2471.70  3.39
 2472.40  3.39
 2473.10  3.39
 2473.80  3.39
 2474.50  3.39
 2475.20  3.39
 2475.90  3.39
 2476.60  3.39
 2477.30  3.39
 2478.00  3.39
 2478.70  3.39
 2479.40  3.39
 2480.10  3.39
 2480.80  3.39
 2481.50  3.39
 2482.20  3.39
 2482.90  3.39
 2483.60  3.39
 2484.30  3.39
 2485.00  3.39
 2485.70  3.39
 2486.40  3.39
 2487.10  3.39
 2487.80  3.39
 2488.50  3.39
 2489.20  3.39
 2489.90  3.39
 2490.60  3.39
 2491.30  3.39
 2492.00  3.39
 2492.70  3.39
 2493.40  3.39
 2494.10  3.39
 2494.80  3.39
 2495.50  3.39
 2496.20  3.39
 2496.90  3.39
 2497.60  3.39
 2498.30  3.39
 2499.00  3.39
 2499.70  3.39
 2500.40  3.39
 2501.10  3.39
 2501.80  3.39
 2502.50  3.39
 2503.20  3.39
 2503.90  3.39
 2504.60  3.39
 2505.30  3.39
 2506.00  3.39
 2506.70  3.39
 2507.40  3.39
 2508.10  3.39
 2508.80  3.39
 2509.50  3.39
 2510.20  3.39
 2510.90  3.39
 2511.60  3.39
 2512.30  3.39
 2513.00  3.39
 2513.70  3.39
 2514.40  3.39
 2515.10  3.39
 2515.80  3.39
 2516.50  3.39
 2517.20  3.39
 2517.90  3.39
 2518.60  3.39
 2519.30  3.39
 2520.00  3.39
 2520.70  3.39
 2521.40  3.39
 2522.10  3.39
 2522.80  3.39
 2523.50  3.39
 2524.20  3.39
 2524.90  3.39
 2525.60  3.39
 2526.30  3.39
 2527.00  3.39
 2527.70  3.39
 2528.40  3.39
 2529.10  3.39
 2529.80  3.39
 2530.50  3.39
 2531.20  3.39
 2531.90  3.39
 2532.60  3.39
 2533.30  3.39
 2534.00  3.39
 2534.70  3.39
 2535.40  3.39
 2536.10  3.39
 2536.80  3.39
 2537.50  3.39
 2538.20  3.39
 2538.90  3.39
 2539.60  3.39
 2540.30  3.39
 2541.00  3.39
 2541.70  3.39
 2542.40  3.39
 2543.10  3.39
 2543.80  3.39
 2544.50  3.39
 2545.20  3.39
 2545.90  3.39
 2546.60  3.39
 2547.30  3.39
 2548.00  3.39
 2548.70  3.39
 2549.40  3.39
 2550.10  3.39
 2550.80  3.39
 2551.50  3.39
 2552.20  3.39
 2552.90  3.39
 2553.60  3.39
 2554.30  3.39
 2555.00  3.39
 2555.70  3.39
 2556.40  3.39
 2557.10  3.39
 2557.80  3.39
 2558.50  3.39
 2559.20  3.39
 2559.90  3.39
 2560.60  3.39
 2561.30  3.39
 2562.00  3.39
 2562.70  3.39
 2563.40  3.39
 2564.10  3.39
 2564.80  3.39
 2565.50  3.39
 2566.20  3.39
 2566.90  3.39
 2567.60  3.39
 2568.30  3.39
 2569.00  3.39
 2569.70  3.39
 2570.40  3.39
 2571.10  3.39
 2571.80  3.39
 2572.50  3.39
 2573.20  3.39
 2573.90  3.39
 2574.60  3.39
 2575.30  3.39
 2576.00  3.39
 2576.70  3.39
 2577.40  3.39
 2578.10  3.39
 2578.80  3.39
 2579.50  3.39
 2580.20  3.39
 2580.90  3.39
 2581.60  3.39
 2582.30  3.39
 2583.00  3.39
 2583.70  3.39
 2584.40  3.39
 2585.10  3.39
 2585.80  3.39
 2586.50  3.39
 2587.20  3.39
 2587.90  3.39
 2588.60  3.39
 2589.30  3.39
 2590.00  3.39
 2590.70  3.39
 2591.40  3.39
 2592.10  3.39
 2592.80  3.39
 2593.50  3.39
 2594.20  3.39
 2594.90  3.39
 2595.60  3.39
 2596.30  3.39
 2597.00  3.39
 2597.70  3.39
 2598.40  3.39
 2599.10  3.39
 2599.80  3.39
 2600.50  3.39
 2601.20  3.39
 2601.90  3.39
 2602.60  3.39
 2603.30  3.39
 2604.00  3.39
 2604.70  3.39
 2605.40  3.39
 2606.10  3.39
 2606.80  3.39
 2607.50  3.39
 2608.20  3.39
 2608.90  3.39
 2609.60  3.39
 2610.30  3.39
 2611.00  3.39
 2611.70  3.39
 2612.40  3.39
 2613.10  3.39
 2613.80  3.39
 2614.50  3.39
 2615.20  3.39
 2615.90  3.39
 2616.60  3.39
 2617.30  3.39
 2618.00  3.39
 2618.70  3.39
 2619.40  3.39
 2620.10  3.39
 2620.80  3.39
 2621.50  3.39
 2622.20  3.39
 2622.90  3.39
 2623.60  3.39
 2624.30  3.39
 2625.00  3.39
 2625.70  3.39
 2626.40  3.39
 2627.10  3.39
 2627.80  3.39
 2628.50  3.39
 2629.20  3.39
 2629.90  3.39
 2630.60  3.39
 2631.30  3.39
 2632.00  3.39
 2632.70  3.39
 2633.40  3.39
 2634.10  3.39
 2634.80  3.39
 2635.50  3.39
 2636.20  3.39
 2636.90  3.39
 2637.60  3.39
 2638.30  3.39
 2639.00  3.39
 2639.70  3.39
 2640.40  3.39
 2641.10  3.39
 2641.80  3.39
 2642.50  3.39
 2643.20  3.39
 2643.90  3.39
 2644.60  3.39
 2645.30  3.39
 2646.00  3.39
 2646.70  3.39
 2647.40  3.39
 2648.10  3.39
 2648.80  3.39
 2649.50  3.39
 2650.20  3.39
 2650.90  3.39
 2651.60  3.39
 2652.30  3.39
 2653.00  3.39
 2653.70  3.39
 2654.40  3.39
 2655.10  3.39
 2655.80  3.39
 2656.50  3.39
 2657.20  3.39
 2657.90  3.39
 2658.60  3.39
 2659.30  3.39
 2660.00  3.39
 2660.70  3.39
 2661.40  3.39
 2662.10  3.39
 2662.80  3.39
 2663.50  3.39
 2664.20  3.39
 2664.90  3.39
 2665.60  3.39
 2666.30  3.39
 2667.00  3.39
 2667.70  3.39
 2668.40  3.39
 2669.10  3.39
 2669.80  3.39
 2670.50  3.39
 2671.20  3.39
 2671.90  3.39
 2672.60  3.39
 2673.30  3.39
 2674.00  3.39
 2674.70  3.39
 2675.40  3.39
 2676.10  3.39
 2676.80  3.39
 2677.50  3.39
 2678.20  3.39
 2678.90  3.39
 2679.60  3.39
 2680.30  3.39
 2681.00  3.39
 2681.70  3.39
 2682.40  3.39
 2683.10  3.39
 2683.80  3.39
 2684.50  3.39
 2685.20  3.39
 2685.90  3.39
 2686.60  3.39
 2687.30  3.39
 2688.00  3.39
 2688.70  3.39
 2689.40  3.39
 2690.10  3.39
 2690.80  3.39
 2691.50  3.39
 2692.20  3.39
 2692.90  3.39
 2693.60  3.39
 2694.30  3.39
 2695.00  3.39
 2695.70  3.39
 2696.40  3.39
 2697.10  3.39
 2697.80  3.39
 2698.50  3.39
 2699.20  3.39
 2699.90  3.39
 2700.60  3.39
 2701.30  3.39
 2702.00  3.39
 2702.70  3.39
 2703.40  3.39
 2704.10  3.39
 2704.80  3.39
 2705.50  3.39
 2706.20  3.39
 2706.90  3.39
 2707.60  3.39
 2708.30  3.39
 2709.00  3.39
 2709.70  3.39
 2710.40  3.39
 2711.10  3.39
 2711.80  3.39
 2712.50  3.39
 2713.20  3.39
 2713.90  3.39
 2714.60  3.39
 2715.30  3.39
 2716.00  3.39
 2716.70  3.39
 2717.40  3.39
 2718.10  3.39
 2718.80  3.39
 2719.50  3.39
 2720.20  3.39
 2720.90  3.39
 2721.60  3.39
 2722.30  3.39
 2723.00  3.39
 2723.70  3.39
 2724.40  3.39
 2725.10  3.39
 2725.80  3.39
 2726.50  3.39
 2727.20  3.39
 2727.90  3.39
 2728.60  3.39
 2729.30  3.39
 2730.00  3.39
 2730.70  3.39
 2731.40  3.39
 2732.10  3.39
 2732.80  3.39
 2733.50  3.39
 2734.20  3.39
 2734.90  3.39
 2735.60  3.39
 2736.30  3.39
 2737.00  3.39
 2737.70  3.39
 2738.40  3.39
 2739.10  3.39
 2739.80  3.39
 2740.50  3.39
 2741.20  3.39
 2741.90  3.39
 2742.60  3.39
 2743.30  3.39
 2744.00  3.39
 2744.70  3.39
 2745.40  3.39
 2746.10  3.39
 2746.80  3.39
 2747.50  3.39
 2748.20  3.39
 2748.90  3.39
 2749.60  3.39
 2750.30  3.39
 2751.00  3.39
 2751.70  3.39
 2752.40  3.39
 2753.10  3.39
 2753.80  3.39
 2754.50  3.39
 2755.20  3.39
 2755.90  3.39
 2756.60  3.39
 2757.30  3.39
 2758.00  3.39
 2758.70  3.39
 2759.40  3.39
 2760.10  3.39
 2760.80  3.39
 2761.50  3.39
 2762.20  3.39
 2762.90  3.39
 2763.60  3.39
 2764.30  3.39
 2765.00  3.39
 2765.70  3.39
 2766.40  3.39
 2767.10  3.39
 2767.80  3.39
 2768.50  3.39
 2769.20  3.39
 2769.90  3.39
 2770.60  3.39
 2771.30  3.39
 2772.00  3.39
 2772.70  3.39
 2773.40  3.39
 2774.10  3.39
 2774.80  3.39
 2775.50  3.39
 2776.20  3.39
 2776.90  3.39
 2777.60  3.39
 2778.30  3.39
 2779.00  3.39
 2779.70  3.39
 2780.40  3.39
 2781.10  3.39
 2781.80  3.39
 2782.50  3.39
 2783.20  3.39
 2783.90  3.39
 2784.60  3.39
 2785.30  3.39
 2786.00  3.39
 2786.70  3.39
 2787.40  3.39
 2788.10  3.39
 2788.80  3.39
 2789.50  3.39
 2790.20  3.39
 2790.90  3.39
 2791.60  3.39
 2792.30  3.39
 2793.00  3.39
 2793.70  3.39
 2794.40  3.39
 2795.10  3.39
 2795.80  3.39
 2796.50  3.39
 2797.20  3.39
 2797.90  3.39
 2798.60  3.39
 2799.30  3.39
 2800.00  3.39
 2800.70  3.39
 2801.40  3.39
 2802.10  3.39
 2802.80  3.39
 2803.50  3.39
 2804.20  3.39
 2804.90  3.39
 2805.60  3.39
 2806.30  3.39
 2807.00  3.39
 2807.70  3.39
 2808.40  3.39
 2809.10  3.39
 2809.80  3.39
 2810.50  3.39
 2811.20  3.39
 2811.90  3.39
 2812.60  3.39
 2813.30  3.39
 2814.00  3.39
 2814.70  3.39
 2815.40  3.39
 2816.10  3.39
 2816.80  3.39
 2817.50  3.39
 2818.20  3.39
 2818.90  3.39
 2819.60  3.39
 2820.30  3.39
 2821.00  3.39
 2821.70  3.39
 2822.40  3.39
 2823.10  3.39
 2823.80  3.39
 2824.50  3.39
 2825.20  3.39
 2825.90  3.39
 2826.60  3.39
 2827.30  3.39
 2828.00  3.39
 2828.70  3.39
 2829.40  3.39
 2830.10  3.39
 2830.80  3.39
 2831.50  3.39
 2832.20  3.39
 2832.90  3.39
 2833.60  3.39
 2834.30  3.39
 2835.00  3.39
 2835.70  3.39
 2836.40  3.39
 2837.10  3.39
 2837.80  3.39
 2838.50  3.39
 2839.20  3.39
 2839.90  3.39
 2840.60  3.39
 2841.30  3.39
 2842.00  3.39
 2842.70  3.39
 2843.40  3.39
 2844.10  3.39
 2844.80  3.39
 2845.50  3.39
 2846.20  3.39
 2846.90  3.39
 2847.60  3.39
 2848.30  3.39
 2849.00  3.39
 2849.70  3.39
 2850.40  3.39
 2851.10  3.39
 2851.80  3.39
 2852.50  3.39
 2853.20  3.39
 2853.90  3.39
 2854.60  3.39
 2855.30  3.39
 2856.00  3.39
 2856.70  3.39
 2857.40  3.39
 2858.10  3.39
 2858.80  3.39
 2859.50  3.39
 2860.20  3.39
 2860.90  3.39
 2861.60  3.39
 2862.30  3.39
 2863.00  3.39
 2863.70  3.39
 2864.40  3.39
 2865.10  3.39
 2865.80  3.39
 2866.50  3.39
 2867.20  3.39
 2867.90  3.39
 2868.60  3.39
 2869.30  3.39
 2870.00  3.39
 2870.70  3.39
 2871.40  3.39
 2872.10  3.39
 2872.80  3.39
 2873.50  3.39
 2874.20  3.39
 2874.90  3.39
 2875.60  3.39
 2876.30  3.39
 2877.00  3.39
 2877.70  3.39
 2878.40  3.39
 2879.10  3.39
 2879.80  3.39
 2880.50  3.39
 2881.20  3.39
 2881.90  3.39
 2882.60  3.39
 2883.30  3.39
 2884.00  3.39
 2884.70  3.39
 2885.40  3.39
 2886.10  3.39
 2886.80  3.39
 2887.50  3.39
 2888.20  3.39
 2888.90  3.39
 2889.60  3.39
 2890.30  3.39
 2891.00  3.39
 2891.70  3.39
 2892.40  3.39
 2893.10  3.39
 2893.80  3.39
 2894.50  3.39
 2895.20  3.39
 2895.90  3.39
 2896.60  3.39
 2897.30  3.39
 2898.00  3.39
 2898.70  3.39
 2899.40  3.39
 2900.10  3.39
 2900.80  3.39
 2901.50  3.39
 2902.20  3.39
 2902.90  3.39
 2903.60  3.39
 2904.30  3.39
 2905.00  3.39
 2905.70  3.39
 2906.40  3.39
 2907.10  3.39
 2907.80  3.39
 2908.50  3.39
 2909.20  3.39
 2909.90  3.39
 2910.60  3.39
 2911.30  3.39
 2912.00  3.39
 2912.70  3.39
 2913.40  3.39
 2914.10  3.39
 2914.80  3.39
 2915.50  3.39
 2916.20  3.39
 2916.90  3.39
 2917.60  3.39
 2918.30  3.39
 2919.00  3.39
 2919.70  3.39
 2920.40  3.39
 2921.10  3.39
 2921.80  3.39
 2922.50  3.39
 2923.20  3.39
 2923.90  3.39
 2924.60  3.39
 2925.30  3.39
 2926.00  3.39
 2926.70  3.39
 2927.40  3.39
 2928.10  3.39
 2928.80  3.39
 2929.50  3.39
 2930.20  3.39
 2930.90  3.39
 2931.60  3.39
 2932.30  3.39
 2933.00  3.39
 2933.70  3.39
 2934.40  3.39
 2935.10  3.39
 2935.80  3.39
 2936.50  3.39
 2937.20  3.39
 2937.90  3.39
 2938.60  3.39
 2939.30  3.39
 2940.00  3.39
 2940.70  3.39
 2941.40  3.39
 2942.10  3.39
 2942.80  3.39
 2943.50  3.39
 2944.20  3.39
 2944.90  3.39
 2945.60  3.39
 2946.30  3.39
 2947.00  3.39
 2947.70  3.39
 2948.40  3.39
 2949.10  3.39
 2949.80  3.39
 2950.50  3.39
 2951.20  3.39
 2951.90  3.39
 2952.60  3.39
 2953.30  3.39
 2954.00  3.39
 2954.70  3.39
 2955.40  3.39
 2956.10  3.39
 2956.80  3.39
 2957.50  3.39
 2958.20  3.39
 2958.90  3.39
 2959.60  3.39
 2960.30  3.39
 2961.00  3.39
 2961.70  3.39
 2962.40  3.39
 2963.10  3.39
 2963.80  3.39
 2964.50  3.39
 2965.20  3.39
 2965.90  3.39
 2966.60  3.39
 2967.30  3.39
 2968.00  3.39
 2968.70  3.39
 2969.40  3.39
 2970.10  3.39
 2970.80  3.39
 2971.50  3.39
 2972.20  3.39
 2972.90  3.39
 2973.60  3.39
 2974.30  3.39
 2975.00  3.39
 2975.70  3.39
 2976.40  3.39
 2977.10  3.39
 2977.80  3.39
 2978.50  3.39
 2979.20  3.39
 2979.90  3.39
 2980.60  3.39
 2981.30  3.39
 2982.00  3.39
 2982.70  3.39
 2983.40  3.39
 2984.10  3.39
 2984.80  3.39
 2985.50  3.39
 2986.20  3.39
 2986.90  3.39
 2987.60  3.39
 2988.30  3.39
 2989.00  3.39
 2989.70  3.39
 2990.40  3.39
 2991.10  3.39
 2991.80  3.39
 2992.50  3.39
 2993.20  3.39
 2993.90  3.39
 2994.60  3.39
 2995.30  3.39
 2996.00  3.39
 2996.70  3.39
 2997.40  3.39
 2998.10  3.39
 2998.80  3.39
 2999.50  3.39
