#Navio B MarAd
#Manobra de Curva Giro
#
#Beta 
#
#temp      rot 
 0.00  -0.00
 0.70  -0.00
 1.40  -0.00
 2.10  0.00
 2.80  0.00
 3.50  0.00
 4.20  0.00
 4.90  0.00
 5.60  0.01
 6.30  0.01
 7.00  0.01
 7.70  0.01
 8.40  0.01
 9.10  0.01
 9.80  0.01
 10.50  0.01
 11.20  0.01
 11.90  0.02
 12.60  0.02
 13.30  0.02
 14.00  0.02
 14.70  0.02
 15.40  0.02
 16.10  0.02
 16.80  0.02
 17.50  0.03
 18.20  0.03
 18.90  0.03
 19.60  0.03
 20.30  0.03
 21.00  0.03
 21.70  0.03
 22.40  0.04
 23.10  0.04
 23.80  0.04
 24.50  0.04
 25.20  0.04
 25.90  0.04
 26.60  0.04
 27.30  0.05
 28.00  0.05
 28.70  0.05
 29.40  0.05
 30.10  0.05
 30.80  0.05
 31.50  0.05
 32.20  0.06
 32.90  0.06
 33.60  0.06
 34.30  0.06
 35.00  0.06
 35.70  0.06
 36.40  0.06
 37.10  0.07
 37.80  0.07
 38.50  0.07
 39.20  0.07
 39.90  0.07
 40.60  0.07
 41.30  0.08
 42.00  0.08
 42.70  0.08
 43.40  0.08
 44.10  0.08
 44.80  0.08
 45.50  0.08
 46.20  0.09
 46.90  0.09
 47.60  0.09
 48.30  0.09
 49.00  0.09
 49.70  0.09
 50.40  0.10
 51.10  0.10
 51.80  0.10
 52.50  0.10
 53.20  0.10
 53.90  0.10
 54.60  0.11
 55.30  0.11
 56.00  0.11
 56.70  0.11
 57.40  0.11
 58.10  0.11
 58.80  0.12
 59.50  0.12
 60.20  0.12
 60.90  0.12
 61.60  0.12
 62.30  0.12
 63.00  0.12
 63.70  0.13
 64.40  0.13
 65.10  0.13
 65.80  0.13
 66.50  0.13
 67.20  0.13
 67.90  0.14
 68.60  0.14
 69.30  0.14
 70.00  0.14
 70.70  0.14
 71.40  0.14
 72.10  0.15
 72.80  0.15
 73.50  0.15
 74.20  0.15
 74.90  0.15
 75.60  0.15
 76.30  0.15
 77.00  0.16
 77.70  0.16
 78.40  0.16
 79.10  0.16
 79.80  0.16
 80.50  0.16
 81.20  0.17
 81.90  0.17
 82.60  0.17
 83.30  0.17
 84.00  0.17
 84.70  0.17
 85.40  0.17
 86.10  0.18
 86.80  0.18
 87.50  0.18
 88.20  0.18
 88.90  0.18
 89.60  0.18
 90.30  0.18
 91.00  0.19
 91.70  0.19
 92.40  0.19
 93.10  0.19
 93.80  0.19
 94.50  0.19
 95.20  0.20
 95.90  0.20
 96.60  0.20
 97.30  0.20
 98.00  0.20
 98.70  0.20
 99.40  0.20
 100.10  0.20
 100.80  0.21
 101.50  0.21
 102.20  0.21
 102.90  0.21
 103.60  0.21
 104.30  0.21
 105.00  0.21
 105.70  0.22
 106.40  0.22
 107.10  0.22
 107.80  0.22
 108.50  0.22
 109.20  0.22
 109.90  0.22
 110.60  0.22
 111.30  0.23
 112.00  0.23
 112.70  0.23
 113.40  0.23
 114.10  0.23
 114.80  0.23
 115.50  0.23
 116.20  0.24
 116.90  0.24
 117.60  0.24
 118.30  0.24
 119.00  0.24
 119.70  0.24
 120.40  0.24
 121.10  0.24
 121.80  0.24
 122.50  0.25
 123.20  0.25
 123.90  0.25
 124.60  0.25
 125.30  0.25
 126.00  0.25
 126.70  0.25
 127.40  0.25
 128.10  0.26
 128.80  0.26
 129.50  0.26
 130.20  0.26
 130.90  0.26
 131.60  0.26
 132.30  0.26
 133.00  0.26
 133.70  0.26
 134.40  0.27
 135.10  0.27
 135.80  0.27
 136.50  0.27
 137.20  0.27
 137.90  0.27
 138.60  0.27
 139.30  0.27
 140.00  0.27
 140.70  0.28
 141.40  0.28
 142.10  0.28
 142.80  0.28
 143.50  0.28
 144.20  0.28
 144.90  0.28
 145.60  0.28
 146.30  0.28
 147.00  0.28
 147.70  0.29
 148.40  0.29
 149.10  0.29
 149.80  0.29
 150.50  0.29
 151.20  0.29
 151.90  0.29
 152.60  0.29
 153.30  0.29
 154.00  0.29
 154.70  0.30
 155.40  0.30
 156.10  0.30
 156.80  0.30
 157.50  0.30
 158.20  0.30
 158.90  0.30
 159.60  0.30
 160.30  0.30
 161.00  0.30
 161.70  0.30
 162.40  0.31
 163.10  0.31
 163.80  0.31
 164.50  0.31
 165.20  0.31
 165.90  0.31
 166.60  0.31
 167.30  0.31
 168.00  0.31
 168.70  0.31
 169.40  0.31
 170.10  0.31
 170.80  0.32
 171.50  0.32
 172.20  0.32
 172.90  0.32
 173.60  0.32
 174.30  0.32
 175.00  0.32
 175.70  0.32
 176.40  0.32
 177.10  0.32
 177.80  0.32
 178.50  0.32
 179.20  0.33
 179.90  0.33
 180.60  0.33
 181.30  0.33
 182.00  0.33
 182.70  0.33
 183.40  0.33
 184.10  0.33
 184.80  0.33
 185.50  0.33
 186.20  0.33
 186.90  0.33
 187.60  0.33
 188.30  0.33
 189.00  0.34
 189.70  0.34
 190.40  0.34
 191.10  0.34
 191.80  0.34
 192.50  0.34
 193.20  0.34
 193.90  0.34
 194.60  0.34
 195.30  0.34
 196.00  0.34
 196.70  0.34
 197.40  0.34
 198.10  0.34
 198.80  0.35
 199.50  0.35
 200.20  0.35
 200.90  0.35
 201.60  0.35
 202.30  0.35
 203.00  0.35
 203.70  0.35
 204.40  0.35
 205.10  0.35
 205.80  0.35
 206.50  0.35
 207.20  0.35
 207.90  0.35
 208.60  0.35
 209.30  0.35
 210.00  0.36
 210.70  0.36
 211.40  0.36
 212.10  0.36
 212.80  0.36
 213.50  0.36
 214.20  0.36
 214.90  0.36
 215.60  0.36
 216.30  0.36
 217.00  0.36
 217.70  0.36
 218.40  0.36
 219.10  0.36
 219.80  0.36
 220.50  0.36
 221.20  0.36
 221.90  0.37
 222.60  0.37
 223.30  0.37
 224.00  0.37
 224.70  0.37
 225.40  0.37
 226.10  0.37
 226.80  0.37
 227.50  0.37
 228.20  0.37
 228.90  0.37
 229.60  0.37
 230.30  0.37
 231.00  0.37
 231.70  0.37
 232.40  0.37
 233.10  0.37
 233.80  0.37
 234.50  0.37
 235.20  0.38
 235.90  0.38
 236.60  0.38
 237.30  0.38
 238.00  0.38
 238.70  0.38
 239.40  0.38
 240.10  0.38
 240.80  0.38
 241.50  0.38
 242.20  0.38
 242.90  0.38
 243.60  0.38
 244.30  0.38
 245.00  0.38
 245.70  0.38
 246.40  0.38
 247.10  0.38
 247.80  0.38
 248.50  0.38
 249.20  0.38
 249.90  0.39
 250.60  0.39
 251.30  0.39
 252.00  0.39
 252.70  0.39
 253.40  0.39
 254.10  0.39
 254.80  0.39
 255.50  0.39
 256.20  0.39
 256.90  0.39
 257.60  0.39
 258.30  0.39
 259.00  0.39
 259.70  0.39
 260.40  0.39
 261.10  0.39
 261.80  0.39
 262.50  0.39
 263.20  0.39
 263.90  0.39
 264.60  0.39
 265.30  0.39
 266.00  0.39
 266.70  0.39
 267.40  0.40
 268.10  0.40
 268.80  0.40
 269.50  0.40
 270.20  0.40
 270.90  0.40
 271.60  0.40
 272.30  0.40
 273.00  0.40
 273.70  0.40
 274.40  0.40
 275.10  0.40
 275.80  0.40
 276.50  0.40
 277.20  0.40
 277.90  0.40
 278.60  0.40
 279.30  0.40
 280.00  0.40
 280.70  0.40
 281.40  0.40
 282.10  0.40
 282.80  0.40
 283.50  0.40
 284.20  0.40
 284.90  0.40
 285.60  0.40
 286.30  0.40
 287.00  0.41
 287.70  0.41
 288.40  0.41
 289.10  0.41
 289.80  0.41
 290.50  0.41
 291.20  0.41
 291.90  0.41
 292.60  0.41
 293.30  0.41
 294.00  0.41
 294.70  0.41
 295.40  0.41
 296.10  0.41
 296.80  0.41
 297.50  0.41
 298.20  0.41
 298.90  0.41
 299.60  0.41
 300.30  0.41
 301.00  0.41
 301.70  0.41
 302.40  0.41
 303.10  0.41
 303.80  0.41
 304.50  0.41
 305.20  0.41
 305.90  0.41
 306.60  0.41
 307.30  0.41
 308.00  0.41
 308.70  0.41
 309.40  0.41
 310.10  0.41
 310.80  0.42
 311.50  0.42
 312.20  0.42
 312.90  0.42
 313.60  0.42
 314.30  0.42
 315.00  0.42
 315.70  0.42
 316.40  0.42
 317.10  0.42
 317.80  0.42
 318.50  0.42
 319.20  0.42
 319.90  0.42
 320.60  0.42
 321.30  0.42
 322.00  0.42
 322.70  0.42
 323.40  0.42
 324.10  0.42
 324.80  0.42
 325.50  0.42
 326.20  0.42
 326.90  0.42
 327.60  0.42
 328.30  0.42
 329.00  0.42
 329.70  0.42
 330.40  0.42
 331.10  0.42
 331.80  0.42
 332.50  0.42
 333.20  0.42
 333.90  0.42
 334.60  0.42
 335.30  0.42
 336.00  0.42
 336.70  0.42
 337.40  0.42
 338.10  0.42
 338.80  0.42
 339.50  0.42
 340.20  0.42
 340.90  0.42
 341.60  0.42
 342.30  0.43
 343.00  0.43
 343.70  0.43
 344.40  0.43
 345.10  0.43
 345.80  0.43
 346.50  0.43
 347.20  0.43
 347.90  0.43
 348.60  0.43
 349.30  0.43
 350.00  0.43
 350.70  0.43
 351.40  0.43
 352.10  0.43
 352.80  0.43
 353.50  0.43
 354.20  0.43
 354.90  0.43
 355.60  0.43
 356.30  0.43
 357.00  0.43
 357.70  0.43
 358.40  0.43
 359.10  0.43
 359.80  0.43
 360.50  0.43
 361.20  0.43
 361.90  0.43
 362.60  0.43
 363.30  0.43
 364.00  0.43
 364.70  0.43
 365.40  0.43
 366.10  0.43
 366.80  0.43
 367.50  0.43
 368.20  0.43
 368.90  0.43
 369.60  0.43
 370.30  0.43
 371.00  0.43
 371.70  0.43
 372.40  0.43
 373.10  0.43
 373.80  0.43
 374.50  0.43
 375.20  0.43
 375.90  0.43
 376.60  0.43
 377.30  0.43
 378.00  0.43
 378.70  0.43
 379.40  0.43
 380.10  0.43
 380.80  0.43
 381.50  0.43
 382.20  0.43
 382.90  0.43
 383.60  0.43
 384.30  0.43
 385.00  0.43
 385.70  0.43
 386.40  0.43
 387.10  0.44
 387.80  0.44
 388.50  0.44
 389.20  0.44
 389.90  0.44
 390.60  0.44
 391.30  0.44
 392.00  0.44
 392.70  0.44
 393.40  0.44
 394.10  0.44
 394.80  0.44
 395.50  0.44
 396.20  0.44
 396.90  0.44
 397.60  0.44
 398.30  0.44
 399.00  0.44
 399.70  0.44
 400.40  0.44
 401.10  0.44
 401.80  0.44
 402.50  0.44
 403.20  0.44
 403.90  0.44
 404.60  0.44
 405.30  0.44
 406.00  0.44
 406.70  0.44
 407.40  0.44
 408.10  0.44
 408.80  0.44
 409.50  0.44
 410.20  0.44
 410.90  0.44
 411.60  0.44
 412.30  0.44
 413.00  0.44
 413.70  0.44
 414.40  0.44
 415.10  0.44
 415.80  0.44
 416.50  0.44
 417.20  0.44
 417.90  0.44
 418.60  0.44
 419.30  0.44
 420.00  0.44
 420.70  0.44
 421.40  0.44
 422.10  0.44
 422.80  0.44
 423.50  0.44
 424.20  0.44
 424.90  0.44
 425.60  0.44
 426.30  0.44
 427.00  0.44
 427.70  0.44
 428.40  0.44
 429.10  0.44
 429.80  0.44
 430.50  0.44
 431.20  0.44
 431.90  0.44
 432.60  0.44
 433.30  0.44
 434.00  0.44
 434.70  0.44
 435.40  0.44
 436.10  0.44
 436.80  0.44
 437.50  0.44
 438.20  0.44
 438.90  0.44
 439.60  0.44
 440.30  0.44
 441.00  0.44
 441.70  0.44
 442.40  0.44
 443.10  0.44
 443.80  0.44
 444.50  0.44
 445.20  0.44
 445.90  0.44
 446.60  0.44
 447.30  0.44
 448.00  0.44
 448.70  0.44
 449.40  0.44
 450.10  0.44
 450.80  0.44
 451.50  0.44
 452.20  0.44
 452.90  0.44
 453.60  0.44
 454.30  0.44
 455.00  0.44
 455.70  0.44
 456.40  0.44
 457.10  0.44
 457.80  0.44
 458.50  0.44
 459.20  0.44
 459.90  0.44
 460.60  0.44
 461.30  0.44
 462.00  0.44
 462.70  0.44
 463.40  0.44
 464.10  0.44
 464.80  0.44
 465.50  0.44
 466.20  0.44
 466.90  0.44
 467.60  0.44
 468.30  0.44
 469.00  0.44
 469.70  0.44
 470.40  0.44
 471.10  0.44
 471.80  0.44
 472.50  0.44
 473.20  0.44
 473.90  0.44
 474.60  0.44
 475.30  0.44
 476.00  0.44
 476.70  0.44
 477.40  0.44
 478.10  0.44
 478.80  0.44
 479.50  0.44
 480.20  0.44
 480.90  0.44
 481.60  0.44
 482.30  0.44
 483.00  0.44
 483.70  0.44
 484.40  0.44
 485.10  0.44
 485.80  0.44
 486.50  0.44
 487.20  0.44
 487.90  0.44
 488.60  0.44
 489.30  0.44
 490.00  0.44
 490.70  0.44
 491.40  0.44
 492.10  0.44
 492.80  0.44
 493.50  0.44
 494.20  0.44
 494.90  0.44
 495.60  0.44
 496.30  0.44
 497.00  0.44
 497.70  0.44
 498.40  0.44
 499.10  0.44
 499.80  0.44
 500.50  0.44
 501.20  0.44
 501.90  0.44
 502.60  0.44
 503.30  0.44
 504.00  0.45
 504.70  0.45
 505.40  0.45
 506.10  0.45
 506.80  0.45
 507.50  0.45
 508.20  0.45
 508.90  0.45
 509.60  0.45
 510.30  0.45
 511.00  0.45
 511.70  0.45
 512.40  0.45
 513.10  0.45
 513.80  0.45
 514.50  0.45
 515.20  0.45
 515.90  0.45
 516.60  0.45
 517.30  0.45
 518.00  0.45
 518.70  0.45
 519.40  0.45
 520.10  0.45
 520.80  0.45
 521.50  0.45
 522.20  0.45
 522.90  0.45
 523.60  0.45
 524.30  0.45
 525.00  0.45
 525.70  0.45
 526.40  0.45
 527.10  0.45
 527.80  0.45
 528.50  0.45
 529.20  0.45
 529.90  0.45
 530.60  0.45
 531.30  0.45
 532.00  0.45
 532.70  0.45
 533.40  0.45
 534.10  0.45
 534.80  0.45
 535.50  0.45
 536.20  0.45
 536.90  0.45
 537.60  0.45
 538.30  0.45
 539.00  0.45
 539.70  0.45
 540.40  0.45
 541.10  0.45
 541.80  0.45
 542.50  0.45
 543.20  0.45
 543.90  0.45
 544.60  0.45
 545.30  0.45
 546.00  0.45
 546.70  0.45
 547.40  0.45
 548.10  0.45
 548.80  0.45
 549.50  0.45
 550.20  0.45
 550.90  0.45
 551.60  0.45
 552.30  0.45
 553.00  0.45
 553.70  0.45
 554.40  0.45
 555.10  0.45
 555.80  0.45
 556.50  0.45
 557.20  0.45
 557.90  0.45
 558.60  0.45
 559.30  0.45
 560.00  0.45
 560.70  0.45
 561.40  0.45
 562.10  0.45
 562.80  0.45
 563.50  0.45
 564.20  0.44
 564.90  0.44
 565.60  0.44
 566.30  0.44
 567.00  0.44
 567.70  0.44
 568.40  0.44
 569.10  0.44
 569.80  0.44
 570.50  0.44
 571.20  0.44
 571.90  0.44
 572.60  0.44
 573.30  0.44
 574.00  0.44
 574.70  0.44
 575.40  0.44
 576.10  0.44
 576.80  0.44
 577.50  0.44
 578.20  0.44
 578.90  0.44
 579.60  0.44
 580.30  0.44
 581.00  0.44
 581.70  0.44
 582.40  0.44
 583.10  0.44
 583.80  0.44
 584.50  0.44
 585.20  0.44
 585.90  0.44
 586.60  0.44
 587.30  0.44
 588.00  0.44
 588.70  0.44
 589.40  0.44
 590.10  0.44
 590.80  0.44
 591.50  0.44
 592.20  0.44
 592.90  0.44
 593.60  0.44
 594.30  0.44
 595.00  0.44
 595.70  0.44
 596.40  0.44
 597.10  0.44
 597.80  0.44
 598.50  0.44
 599.20  0.44
 599.90  0.44
 600.60  0.44
 601.30  0.44
 602.00  0.44
 602.70  0.44
 603.40  0.44
 604.10  0.44
 604.80  0.44
 605.50  0.44
 606.20  0.44
 606.90  0.44
 607.60  0.44
 608.30  0.44
 609.00  0.44
 609.70  0.44
 610.40  0.44
 611.10  0.44
 611.80  0.44
 612.50  0.44
 613.20  0.44
 613.90  0.44
 614.60  0.44
 615.30  0.44
 616.00  0.44
 616.70  0.44
 617.40  0.44
 618.10  0.44
 618.80  0.44
 619.50  0.44
 620.20  0.44
 620.90  0.44
 621.60  0.44
 622.30  0.44
 623.00  0.44
 623.70  0.44
 624.40  0.44
 625.10  0.44
 625.80  0.44
 626.50  0.44
 627.20  0.44
 627.90  0.44
 628.60  0.44
 629.30  0.44
 630.00  0.44
 630.70  0.44
 631.40  0.44
 632.10  0.44
 632.80  0.44
 633.50  0.44
 634.20  0.44
 634.90  0.44
 635.60  0.44
 636.30  0.44
 637.00  0.44
 637.70  0.44
 638.40  0.44
 639.10  0.44
 639.80  0.44
 640.50  0.44
 641.20  0.44
 641.90  0.44
 642.60  0.44
 643.30  0.44
 644.00  0.44
 644.70  0.44
 645.40  0.44
 646.10  0.44
 646.80  0.44
 647.50  0.44
 648.20  0.44
 648.90  0.44
 649.60  0.44
 650.30  0.44
 651.00  0.44
 651.70  0.44
 652.40  0.44
 653.10  0.44
 653.80  0.44
 654.50  0.44
 655.20  0.44
 655.90  0.44
 656.60  0.44
 657.30  0.44
 658.00  0.44
 658.70  0.44
 659.40  0.44
 660.10  0.44
 660.80  0.44
 661.50  0.44
 662.20  0.44
 662.90  0.44
 663.60  0.44
 664.30  0.44
 665.00  0.44
 665.70  0.44
 666.40  0.44
 667.10  0.44
 667.80  0.44
 668.50  0.44
 669.20  0.44
 669.90  0.44
 670.60  0.44
 671.30  0.44
 672.00  0.44
 672.70  0.44
 673.40  0.44
 674.10  0.44
 674.80  0.44
 675.50  0.44
 676.20  0.44
 676.90  0.44
 677.60  0.44
 678.30  0.44
 679.00  0.44
 679.70  0.44
 680.40  0.44
 681.10  0.44
 681.80  0.44
 682.50  0.44
 683.20  0.44
 683.90  0.44
 684.60  0.44
 685.30  0.44
 686.00  0.44
 686.70  0.44
 687.40  0.44
 688.10  0.44
 688.80  0.44
 689.50  0.44
 690.20  0.44
 690.90  0.44
 691.60  0.44
 692.30  0.44
 693.00  0.44
 693.70  0.44
 694.40  0.44
 695.10  0.44
 695.80  0.44
 696.50  0.44
 697.20  0.44
 697.90  0.44
 698.60  0.44
 699.30  0.44
 700.00  0.44
 700.70  0.44
 701.40  0.44
 702.10  0.44
 702.80  0.44
 703.50  0.44
 704.20  0.44
 704.90  0.44
 705.60  0.44
 706.30  0.44
 707.00  0.44
 707.70  0.44
 708.40  0.44
 709.10  0.44
 709.80  0.44
 710.50  0.44
 711.20  0.44
 711.90  0.44
 712.60  0.44
 713.30  0.44
 714.00  0.44
 714.70  0.44
 715.40  0.44
 716.10  0.44
 716.80  0.44
 717.50  0.44
 718.20  0.44
 718.90  0.44
 719.60  0.44
 720.30  0.44
 721.00  0.44
 721.70  0.44
 722.40  0.44
 723.10  0.44
 723.80  0.44
 724.50  0.44
 725.20  0.44
 725.90  0.44
 726.60  0.44
 727.30  0.44
 728.00  0.44
 728.70  0.44
 729.40  0.44
 730.10  0.44
 730.80  0.44
 731.50  0.44
 732.20  0.44
 732.90  0.44
 733.60  0.44
 734.30  0.44
 735.00  0.44
 735.70  0.44
 736.40  0.44
 737.10  0.44
 737.80  0.44
 738.50  0.44
 739.20  0.44
 739.90  0.44
 740.60  0.44
 741.30  0.44
 742.00  0.44
 742.70  0.44
 743.40  0.44
 744.10  0.44
 744.80  0.44
 745.50  0.44
 746.20  0.44
 746.90  0.44
 747.60  0.44
 748.30  0.44
 749.00  0.44
 749.70  0.44
 750.40  0.44
 751.10  0.44
 751.80  0.44
 752.50  0.44
 753.20  0.44
 753.90  0.44
 754.60  0.44
 755.30  0.44
 756.00  0.44
 756.70  0.44
 757.40  0.44
 758.10  0.44
 758.80  0.44
 759.50  0.44
 760.20  0.44
 760.90  0.44
 761.60  0.44
 762.30  0.44
 763.00  0.44
 763.70  0.44
 764.40  0.44
 765.10  0.44
 765.80  0.44
 766.50  0.44
 767.20  0.44
 767.90  0.44
 768.60  0.44
 769.30  0.44
 770.00  0.44
 770.70  0.44
 771.40  0.44
 772.10  0.44
 772.80  0.44
 773.50  0.44
 774.20  0.44
 774.90  0.44
 775.60  0.44
 776.30  0.44
 777.00  0.44
 777.70  0.44
 778.40  0.44
 779.10  0.44
 779.80  0.44
 780.50  0.44
 781.20  0.44
 781.90  0.44
 782.60  0.44
 783.30  0.44
 784.00  0.44
 784.70  0.44
 785.40  0.44
 786.10  0.44
 786.80  0.44
 787.50  0.44
 788.20  0.44
 788.90  0.44
 789.60  0.44
 790.30  0.44
 791.00  0.44
 791.70  0.44
 792.40  0.44
 793.10  0.44
 793.80  0.44
 794.50  0.44
 795.20  0.44
 795.90  0.44
 796.60  0.44
 797.30  0.44
 798.00  0.44
 798.70  0.44
 799.40  0.44
 800.10  0.44
 800.80  0.43
 801.50  0.43
 802.20  0.43
 802.90  0.43
 803.60  0.43
 804.30  0.43
 805.00  0.43
 805.70  0.43
 806.40  0.43
 807.10  0.43
 807.80  0.43
 808.50  0.43
 809.20  0.43
 809.90  0.43
 810.60  0.43
 811.30  0.43
 812.00  0.43
 812.70  0.43
 813.40  0.43
 814.10  0.43
 814.80  0.43
 815.50  0.43
 816.20  0.43
 816.90  0.43
 817.60  0.43
 818.30  0.43
 819.00  0.43
 819.70  0.43
 820.40  0.43
 821.10  0.43
 821.80  0.43
 822.50  0.43
 823.20  0.43
 823.90  0.43
 824.60  0.43
 825.30  0.43
 826.00  0.43
 826.70  0.43
 827.40  0.43
 828.10  0.43
 828.80  0.43
 829.50  0.43
 830.20  0.43
 830.90  0.43
 831.60  0.43
 832.30  0.43
 833.00  0.43
 833.70  0.43
 834.40  0.43
 835.10  0.43
 835.80  0.43
 836.50  0.43
 837.20  0.43
 837.90  0.43
 838.60  0.43
 839.30  0.43
 840.00  0.43
 840.70  0.43
 841.40  0.43
 842.10  0.43
 842.80  0.43
 843.50  0.43
 844.20  0.43
 844.90  0.43
 845.60  0.43
 846.30  0.43
 847.00  0.43
 847.70  0.43
 848.40  0.43
 849.10  0.43
 849.80  0.43
 850.50  0.43
 851.20  0.43
 851.90  0.43
 852.60  0.43
 853.30  0.43
 854.00  0.43
 854.70  0.43
 855.40  0.43
 856.10  0.43
 856.80  0.43
 857.50  0.43
 858.20  0.43
 858.90  0.43
 859.60  0.43
 860.30  0.43
 861.00  0.43
 861.70  0.43
 862.40  0.43
 863.10  0.43
 863.80  0.43
 864.50  0.43
 865.20  0.43
 865.90  0.43
 866.60  0.43
 867.30  0.43
 868.00  0.43
 868.70  0.43
 869.40  0.43
 870.10  0.43
 870.80  0.43
 871.50  0.43
 872.20  0.43
 872.90  0.43
 873.60  0.43
 874.30  0.43
 875.00  0.43
 875.70  0.43
 876.40  0.43
 877.10  0.43
 877.80  0.43
 878.50  0.43
 879.20  0.43
 879.90  0.43
 880.60  0.43
 881.30  0.43
 882.00  0.43
 882.70  0.43
 883.40  0.43
 884.10  0.43
 884.80  0.43
 885.50  0.43
 886.20  0.43
 886.90  0.43
 887.60  0.43
 888.30  0.43
 889.00  0.43
 889.70  0.43
 890.40  0.43
 891.10  0.43
 891.80  0.43
 892.50  0.43
 893.20  0.43
 893.90  0.43
 894.60  0.43
 895.30  0.43
 896.00  0.43
 896.70  0.43
 897.40  0.43
 898.10  0.43
 898.80  0.43
 899.50  0.43
 900.20  0.43
 900.90  0.43
 901.60  0.43
 902.30  0.43
 903.00  0.43
 903.70  0.43
 904.40  0.43
 905.10  0.43
 905.80  0.43
 906.50  0.43
 907.20  0.43
 907.90  0.43
 908.60  0.43
 909.30  0.43
 910.00  0.43
 910.70  0.43
 911.40  0.43
 912.10  0.43
 912.80  0.43
 913.50  0.43
 914.20  0.43
 914.90  0.43
 915.60  0.43
 916.30  0.43
 917.00  0.43
 917.70  0.43
 918.40  0.43
 919.10  0.43
 919.80  0.43
 920.50  0.43
 921.20  0.43
 921.90  0.43
 922.60  0.43
 923.30  0.43
 924.00  0.43
 924.70  0.43
 925.40  0.43
 926.10  0.43
 926.80  0.43
 927.50  0.43
 928.20  0.43
 928.90  0.43
 929.60  0.43
 930.30  0.43
 931.00  0.43
 931.70  0.43
 932.40  0.43
 933.10  0.43
 933.80  0.43
 934.50  0.43
 935.20  0.43
 935.90  0.43
 936.60  0.43
 937.30  0.43
 938.00  0.43
 938.70  0.43
 939.40  0.43
 940.10  0.43
 940.80  0.43
 941.50  0.43
 942.20  0.43
 942.90  0.43
 943.60  0.43
 944.30  0.43
 945.00  0.43
 945.70  0.43
 946.40  0.43
 947.10  0.43
 947.80  0.43
 948.50  0.43
 949.20  0.43
 949.90  0.43
 950.60  0.43
 951.30  0.43
 952.00  0.43
 952.70  0.43
 953.40  0.43
 954.10  0.43
 954.80  0.43
 955.50  0.43
 956.20  0.43
 956.90  0.43
 957.60  0.43
 958.30  0.43
 959.00  0.43
 959.70  0.43
 960.40  0.43
 961.10  0.43
 961.80  0.43
 962.50  0.43
 963.20  0.43
 963.90  0.43
 964.60  0.43
 965.30  0.43
 966.00  0.43
 966.70  0.43
 967.40  0.43
 968.10  0.43
 968.80  0.43
 969.50  0.43
 970.20  0.43
 970.90  0.43
 971.60  0.43
 972.30  0.43
 973.00  0.43
 973.70  0.43
 974.40  0.43
 975.10  0.43
 975.80  0.43
 976.50  0.43
 977.20  0.43
 977.90  0.43
 978.60  0.43
 979.30  0.43
 980.00  0.43
 980.70  0.43
 981.40  0.43
 982.10  0.43
 982.80  0.43
 983.50  0.43
 984.20  0.43
 984.90  0.43
 985.60  0.43
 986.30  0.43
 987.00  0.43
 987.70  0.43
 988.40  0.43
 989.10  0.43
 989.80  0.43
 990.50  0.43
 991.20  0.43
 991.90  0.43
 992.60  0.43
 993.30  0.43
 994.00  0.43
 994.70  0.43
 995.40  0.43
 996.10  0.43
 996.80  0.43
 997.50  0.43
 998.20  0.43
 998.90  0.43
 999.60  0.43
 1000.30  0.43
 1001.00  0.43
 1001.70  0.43
 1002.40  0.43
 1003.10  0.43
 1003.80  0.43
 1004.50  0.43
 1005.20  0.43
 1005.90  0.43
 1006.60  0.43
 1007.30  0.43
 1008.00  0.43
 1008.70  0.43
 1009.40  0.43
 1010.10  0.43
 1010.80  0.43
 1011.50  0.43
 1012.20  0.43
 1012.90  0.43
 1013.60  0.43
 1014.30  0.43
 1015.00  0.43
 1015.70  0.43
 1016.40  0.43
 1017.10  0.43
 1017.80  0.43
 1018.50  0.43
 1019.20  0.43
 1019.90  0.43
 1020.60  0.43
 1021.30  0.43
 1022.00  0.43
 1022.70  0.43
 1023.40  0.43
 1024.10  0.43
 1024.80  0.43
 1025.50  0.43
 1026.20  0.43
 1026.90  0.43
 1027.60  0.43
 1028.30  0.43
 1029.00  0.43
 1029.70  0.43
 1030.40  0.43
 1031.10  0.43
 1031.80  0.43
 1032.50  0.43
 1033.20  0.43
 1033.90  0.43
 1034.60  0.43
 1035.30  0.43
 1036.00  0.43
 1036.70  0.43
 1037.40  0.43
 1038.10  0.43
 1038.80  0.43
 1039.50  0.43
 1040.20  0.43
 1040.90  0.43
 1041.60  0.43
 1042.30  0.43
 1043.00  0.43
 1043.70  0.43
 1044.40  0.43
 1045.10  0.43
 1045.80  0.43
 1046.50  0.43
 1047.20  0.43
 1047.90  0.43
 1048.60  0.43
 1049.30  0.43
 1050.00  0.43
 1050.70  0.43
 1051.40  0.43
 1052.10  0.43
 1052.80  0.43
 1053.50  0.43
 1054.20  0.43
 1054.90  0.43
 1055.60  0.42
 1056.30  0.42
 1057.00  0.42
 1057.70  0.42
 1058.40  0.42
 1059.10  0.42
 1059.80  0.42
 1060.50  0.42
 1061.20  0.42
 1061.90  0.42
 1062.60  0.42
 1063.30  0.42
 1064.00  0.42
 1064.70  0.42
 1065.40  0.42
 1066.10  0.42
 1066.80  0.42
 1067.50  0.42
 1068.20  0.42
 1068.90  0.42
 1069.60  0.42
 1070.30  0.42
 1071.00  0.42
 1071.70  0.42
 1072.40  0.42
 1073.10  0.42
 1073.80  0.42
 1074.50  0.42
 1075.20  0.42
 1075.90  0.42
 1076.60  0.42
 1077.30  0.42
 1078.00  0.42
 1078.70  0.42
 1079.40  0.42
 1080.10  0.42
 1080.80  0.42
 1081.50  0.42
 1082.20  0.42
 1082.90  0.42
 1083.60  0.42
 1084.30  0.42
 1085.00  0.42
 1085.70  0.42
 1086.40  0.42
 1087.10  0.42
 1087.80  0.42
 1088.50  0.42
 1089.20  0.42
 1089.90  0.42
 1090.60  0.42
 1091.30  0.42
 1092.00  0.42
 1092.70  0.42
 1093.40  0.42
 1094.10  0.42
 1094.80  0.42
 1095.50  0.42
 1096.20  0.42
 1096.90  0.42
 1097.60  0.42
 1098.30  0.42
 1099.00  0.42
 1099.70  0.42
 1100.40  0.42
 1101.10  0.42
 1101.80  0.42
 1102.50  0.42
 1103.20  0.42
 1103.90  0.42
 1104.60  0.42
 1105.30  0.42
 1106.00  0.42
 1106.70  0.42
 1107.40  0.42
 1108.10  0.42
 1108.80  0.42
 1109.50  0.42
 1110.20  0.42
 1110.90  0.42
 1111.60  0.42
 1112.30  0.42
 1113.00  0.42
 1113.70  0.42
 1114.40  0.42
 1115.10  0.42
 1115.80  0.42
 1116.50  0.42
 1117.20  0.42
 1117.90  0.42
 1118.60  0.42
 1119.30  0.42
 1120.00  0.42
 1120.70  0.42
 1121.40  0.42
 1122.10  0.42
 1122.80  0.42
 1123.50  0.42
 1124.20  0.42
 1124.90  0.42
 1125.60  0.42
 1126.30  0.42
 1127.00  0.42
 1127.70  0.42
 1128.40  0.42
 1129.10  0.42
 1129.80  0.42
 1130.50  0.42
 1131.20  0.42
 1131.90  0.42
 1132.60  0.42
 1133.30  0.42
 1134.00  0.42
 1134.70  0.42
 1135.40  0.42
 1136.10  0.42
 1136.80  0.42
 1137.50  0.42
 1138.20  0.42
 1138.90  0.42
 1139.60  0.42
 1140.30  0.42
 1141.00  0.42
 1141.70  0.42
 1142.40  0.42
 1143.10  0.42
 1143.80  0.42
 1144.50  0.42
 1145.20  0.42
 1145.90  0.42
 1146.60  0.42
 1147.30  0.42
 1148.00  0.42
 1148.70  0.42
 1149.40  0.42
 1150.10  0.42
 1150.80  0.42
 1151.50  0.42
 1152.20  0.42
 1152.90  0.42
 1153.60  0.42
 1154.30  0.42
 1155.00  0.42
 1155.70  0.42
 1156.40  0.42
 1157.10  0.42
 1157.80  0.42
 1158.50  0.42
 1159.20  0.42
 1159.90  0.42
 1160.60  0.42
 1161.30  0.42
 1162.00  0.42
 1162.70  0.42
 1163.40  0.42
 1164.10  0.42
 1164.80  0.42
 1165.50  0.42
 1166.20  0.42
 1166.90  0.42
 1167.60  0.42
 1168.30  0.42
 1169.00  0.42
 1169.70  0.42
 1170.40  0.42
 1171.10  0.42
 1171.80  0.42
 1172.50  0.42
 1173.20  0.42
 1173.90  0.42
 1174.60  0.42
 1175.30  0.42
 1176.00  0.42
 1176.70  0.42
 1177.40  0.42
 1178.10  0.42
 1178.80  0.42
 1179.50  0.42
 1180.20  0.42
 1180.90  0.42
 1181.60  0.42
 1182.30  0.42
 1183.00  0.42
 1183.70  0.42
 1184.40  0.42
 1185.10  0.42
 1185.80  0.42
 1186.50  0.42
 1187.20  0.42
 1187.90  0.42
 1188.60  0.42
 1189.30  0.42
 1190.00  0.42
 1190.70  0.42
 1191.40  0.42
 1192.10  0.42
 1192.80  0.42
 1193.50  0.42
 1194.20  0.42
 1194.90  0.42
 1195.60  0.42
 1196.30  0.42
 1197.00  0.42
 1197.70  0.42
 1198.40  0.42
 1199.10  0.42
 1199.80  0.42
 1200.50  0.42
 1201.20  0.42
 1201.90  0.42
 1202.60  0.42
 1203.30  0.42
 1204.00  0.42
 1204.70  0.42
 1205.40  0.42
 1206.10  0.42
 1206.80  0.42
 1207.50  0.42
 1208.20  0.42
 1208.90  0.42
 1209.60  0.42
 1210.30  0.42
 1211.00  0.42
 1211.70  0.42
 1212.40  0.42
 1213.10  0.42
 1213.80  0.42
 1214.50  0.42
 1215.20  0.42
 1215.90  0.42
 1216.60  0.42
 1217.30  0.42
 1218.00  0.42
 1218.70  0.42
 1219.40  0.42
 1220.10  0.42
 1220.80  0.42
 1221.50  0.42
 1222.20  0.42
 1222.90  0.42
 1223.60  0.42
 1224.30  0.42
 1225.00  0.42
 1225.70  0.42
 1226.40  0.42
 1227.10  0.42
 1227.80  0.42
 1228.50  0.42
 1229.20  0.42
 1229.90  0.42
 1230.60  0.42
 1231.30  0.42
 1232.00  0.42
 1232.70  0.42
 1233.40  0.42
 1234.10  0.42
 1234.80  0.42
 1235.50  0.42
 1236.20  0.42
 1236.90  0.42
 1237.60  0.42
 1238.30  0.42
 1239.00  0.42
 1239.70  0.42
 1240.40  0.42
 1241.10  0.42
 1241.80  0.42
 1242.50  0.42
 1243.20  0.42
 1243.90  0.42
 1244.60  0.42
 1245.30  0.42
 1246.00  0.42
 1246.70  0.42
 1247.40  0.42
 1248.10  0.42
 1248.80  0.42
 1249.50  0.42
 1250.20  0.42
 1250.90  0.42
 1251.60  0.42
 1252.30  0.42
 1253.00  0.42
 1253.70  0.42
 1254.40  0.42
 1255.10  0.42
 1255.80  0.42
 1256.50  0.42
 1257.20  0.42
 1257.90  0.42
 1258.60  0.42
 1259.30  0.42
 1260.00  0.42
 1260.70  0.42
 1261.40  0.42
 1262.10  0.42
 1262.80  0.42
 1263.50  0.42
 1264.20  0.42
 1264.90  0.42
 1265.60  0.42
 1266.30  0.42
 1267.00  0.42
 1267.70  0.42
 1268.40  0.42
 1269.10  0.42
 1269.80  0.42
 1270.50  0.42
 1271.20  0.42
 1271.90  0.42
 1272.60  0.42
 1273.30  0.42
 1274.00  0.42
 1274.70  0.42
 1275.40  0.42
 1276.10  0.42
 1276.80  0.42
 1277.50  0.42
 1278.20  0.42
 1278.90  0.42
 1279.60  0.42
 1280.30  0.42
 1281.00  0.42
 1281.70  0.42
 1282.40  0.42
 1283.10  0.42
 1283.80  0.42
 1284.50  0.42
 1285.20  0.42
 1285.90  0.42
 1286.60  0.42
 1287.30  0.42
 1288.00  0.42
 1288.70  0.42
 1289.40  0.42
 1290.10  0.42
 1290.80  0.42
 1291.50  0.42
 1292.20  0.42
 1292.90  0.42
 1293.60  0.42
 1294.30  0.42
 1295.00  0.42
 1295.70  0.42
 1296.40  0.42
 1297.10  0.42
 1297.80  0.42
 1298.50  0.42
 1299.20  0.42
 1299.90  0.42
 1300.60  0.42
 1301.30  0.42
 1302.00  0.42
 1302.70  0.42
 1303.40  0.42
 1304.10  0.42
 1304.80  0.42
 1305.50  0.42
 1306.20  0.42
 1306.90  0.42
 1307.60  0.42
 1308.30  0.42
 1309.00  0.42
 1309.70  0.42
 1310.40  0.42
 1311.10  0.42
 1311.80  0.42
 1312.50  0.42
 1313.20  0.42
 1313.90  0.42
 1314.60  0.42
 1315.30  0.42
 1316.00  0.42
 1316.70  0.42
 1317.40  0.42
 1318.10  0.42
 1318.80  0.42
 1319.50  0.42
 1320.20  0.42
 1320.90  0.42
 1321.60  0.42
 1322.30  0.42
 1323.00  0.42
 1323.70  0.42
 1324.40  0.42
 1325.10  0.42
 1325.80  0.42
 1326.50  0.42
 1327.20  0.42
 1327.90  0.42
 1328.60  0.42
 1329.30  0.42
 1330.00  0.42
 1330.70  0.42
 1331.40  0.42
 1332.10  0.42
 1332.80  0.42
 1333.50  0.42
 1334.20  0.42
 1334.90  0.42
 1335.60  0.42
 1336.30  0.42
 1337.00  0.42
 1337.70  0.42
 1338.40  0.42
 1339.10  0.42
 1339.80  0.42
 1340.50  0.42
 1341.20  0.42
 1341.90  0.42
 1342.60  0.42
 1343.30  0.42
 1344.00  0.42
 1344.70  0.42
 1345.40  0.42
 1346.10  0.42
 1346.80  0.42
 1347.50  0.42
 1348.20  0.42
 1348.90  0.42
 1349.60  0.42
 1350.30  0.42
 1351.00  0.42
 1351.70  0.42
 1352.40  0.42
 1353.10  0.42
 1353.80  0.42
 1354.50  0.42
 1355.20  0.42
 1355.90  0.42
 1356.60  0.42
 1357.30  0.42
 1358.00  0.42
 1358.70  0.42
 1359.40  0.42
 1360.10  0.42
 1360.80  0.42
 1361.50  0.42
 1362.20  0.42
 1362.90  0.42
 1363.60  0.42
 1364.30  0.42
 1365.00  0.42
 1365.70  0.42
 1366.40  0.42
 1367.10  0.42
 1367.80  0.42
 1368.50  0.42
 1369.20  0.42
 1369.90  0.42
 1370.60  0.42
 1371.30  0.42
 1372.00  0.42
 1372.70  0.42
 1373.40  0.42
 1374.10  0.42
 1374.80  0.42
 1375.50  0.42
 1376.20  0.42
 1376.90  0.42
 1377.60  0.42
 1378.30  0.42
 1379.00  0.42
 1379.70  0.42
 1380.40  0.42
 1381.10  0.42
 1381.80  0.42
 1382.50  0.42
 1383.20  0.42
 1383.90  0.42
 1384.60  0.42
 1385.30  0.42
 1386.00  0.42
 1386.70  0.42
 1387.40  0.42
 1388.10  0.42
 1388.80  0.42
 1389.50  0.42
 1390.20  0.42
 1390.90  0.42
 1391.60  0.42
 1392.30  0.42
 1393.00  0.42
 1393.70  0.42
 1394.40  0.42
 1395.10  0.42
 1395.80  0.42
 1396.50  0.42
 1397.20  0.42
 1397.90  0.42
 1398.60  0.42
 1399.30  0.42
 1400.00  0.42
 1400.70  0.42
 1401.40  0.42
 1402.10  0.42
 1402.80  0.42
 1403.50  0.42
 1404.20  0.42
 1404.90  0.42
 1405.60  0.42
 1406.30  0.42
 1407.00  0.42
 1407.70  0.42
 1408.40  0.42
 1409.10  0.42
 1409.80  0.42
 1410.50  0.42
 1411.20  0.42
 1411.90  0.42
 1412.60  0.42
 1413.30  0.42
 1414.00  0.42
 1414.70  0.42
 1415.40  0.42
 1416.10  0.42
 1416.80  0.42
 1417.50  0.42
 1418.20  0.42
 1418.90  0.42
 1419.60  0.42
 1420.30  0.42
 1421.00  0.42
 1421.70  0.42
 1422.40  0.42
 1423.10  0.42
 1423.80  0.42
 1424.50  0.42
 1425.20  0.42
 1425.90  0.42
 1426.60  0.42
 1427.30  0.42
 1428.00  0.42
 1428.70  0.42
 1429.40  0.42
 1430.10  0.42
 1430.80  0.42
 1431.50  0.42
 1432.20  0.42
 1432.90  0.42
 1433.60  0.42
 1434.30  0.42
 1435.00  0.42
 1435.70  0.42
 1436.40  0.42
 1437.10  0.42
 1437.80  0.42
 1438.50  0.42
 1439.20  0.42
 1439.90  0.42
 1440.60  0.42
 1441.30  0.42
 1442.00  0.42
 1442.70  0.42
 1443.40  0.42
 1444.10  0.42
 1444.80  0.42
 1445.50  0.42
 1446.20  0.42
 1446.90  0.42
 1447.60  0.42
 1448.30  0.42
 1449.00  0.42
 1449.70  0.42
 1450.40  0.42
 1451.10  0.42
 1451.80  0.42
 1452.50  0.42
 1453.20  0.42
 1453.90  0.42
 1454.60  0.42
 1455.30  0.42
 1456.00  0.42
 1456.70  0.42
 1457.40  0.42
 1458.10  0.42
 1458.80  0.42
 1459.50  0.42
 1460.20  0.42
 1460.90  0.42
 1461.60  0.42
 1462.30  0.42
 1463.00  0.42
 1463.70  0.42
 1464.40  0.42
 1465.10  0.42
 1465.80  0.42
 1466.50  0.42
 1467.20  0.42
 1467.90  0.42
 1468.60  0.42
 1469.30  0.42
 1470.00  0.42
 1470.70  0.42
 1471.40  0.42
 1472.10  0.42
 1472.80  0.42
 1473.50  0.42
 1474.20  0.42
 1474.90  0.42
 1475.60  0.42
 1476.30  0.42
 1477.00  0.42
 1477.70  0.42
 1478.40  0.42
 1479.10  0.42
 1479.80  0.42
 1480.50  0.42
 1481.20  0.42
 1481.90  0.42
 1482.60  0.42
 1483.30  0.42
 1484.00  0.42
 1484.70  0.42
 1485.40  0.42
 1486.10  0.42
 1486.80  0.42
 1487.50  0.42
 1488.20  0.42
 1488.90  0.42
 1489.60  0.42
 1490.30  0.42
 1491.00  0.42
 1491.70  0.42
 1492.40  0.42
 1493.10  0.42
 1493.80  0.42
 1494.50  0.42
 1495.20  0.42
 1495.90  0.42
 1496.60  0.42
 1497.30  0.42
 1498.00  0.42
 1498.70  0.42
 1499.40  0.42
 1500.10  0.42
 1500.80  0.42
 1501.50  0.42
 1502.20  0.42
 1502.90  0.42
 1503.60  0.42
 1504.30  0.42
 1505.00  0.42
 1505.70  0.42
 1506.40  0.42
 1507.10  0.42
 1507.80  0.42
 1508.50  0.42
 1509.20  0.42
 1509.90  0.42
 1510.60  0.42
 1511.30  0.42
 1512.00  0.42
 1512.70  0.42
 1513.40  0.42
 1514.10  0.42
 1514.80  0.42
 1515.50  0.42
 1516.20  0.42
 1516.90  0.42
 1517.60  0.42
 1518.30  0.42
 1519.00  0.42
 1519.70  0.42
 1520.40  0.42
 1521.10  0.42
 1521.80  0.42
 1522.50  0.42
 1523.20  0.42
 1523.90  0.42
 1524.60  0.42
 1525.30  0.42
 1526.00  0.42
 1526.70  0.42
 1527.40  0.42
 1528.10  0.42
 1528.80  0.42
 1529.50  0.42
 1530.20  0.42
 1530.90  0.42
 1531.60  0.42
 1532.30  0.42
 1533.00  0.42
 1533.70  0.42
 1534.40  0.42
 1535.10  0.42
 1535.80  0.42
 1536.50  0.42
 1537.20  0.42
 1537.90  0.42
 1538.60  0.42
 1539.30  0.42
 1540.00  0.42
 1540.70  0.42
 1541.40  0.42
 1542.10  0.42
 1542.80  0.42
 1543.50  0.42
 1544.20  0.42
 1544.90  0.42
 1545.60  0.42
 1546.30  0.42
 1547.00  0.42
 1547.70  0.42
 1548.40  0.42
 1549.10  0.42
 1549.80  0.42
 1550.50  0.42
 1551.20  0.42
 1551.90  0.42
 1552.60  0.42
 1553.30  0.42
 1554.00  0.42
 1554.70  0.42
 1555.40  0.42
 1556.10  0.42
 1556.80  0.42
 1557.50  0.42
 1558.20  0.42
 1558.90  0.42
 1559.60  0.42
 1560.30  0.42
 1561.00  0.42
 1561.70  0.42
 1562.40  0.42
 1563.10  0.42
 1563.80  0.42
 1564.50  0.42
 1565.20  0.42
 1565.90  0.42
 1566.60  0.42
 1567.30  0.42
 1568.00  0.42
 1568.70  0.42
 1569.40  0.42
 1570.10  0.42
 1570.80  0.42
 1571.50  0.42
 1572.20  0.42
 1572.90  0.42
 1573.60  0.42
 1574.30  0.42
 1575.00  0.42
 1575.70  0.42
 1576.40  0.42
 1577.10  0.42
 1577.80  0.42
 1578.50  0.42
 1579.20  0.42
 1579.90  0.42
 1580.60  0.42
 1581.30  0.42
 1582.00  0.42
 1582.70  0.42
 1583.40  0.42
 1584.10  0.42
 1584.80  0.42
 1585.50  0.42
 1586.20  0.42
 1586.90  0.42
 1587.60  0.42
 1588.30  0.42
 1589.00  0.42
 1589.70  0.42
 1590.40  0.42
 1591.10  0.42
 1591.80  0.42
 1592.50  0.42
 1593.20  0.42
 1593.90  0.42
 1594.60  0.42
 1595.30  0.42
 1596.00  0.42
 1596.70  0.42
 1597.40  0.42
 1598.10  0.42
 1598.80  0.42
 1599.50  0.42
 1600.20  0.42
 1600.90  0.42
 1601.60  0.42
 1602.30  0.42
 1603.00  0.42
 1603.70  0.42
 1604.40  0.42
 1605.10  0.42
 1605.80  0.42
 1606.50  0.42
 1607.20  0.42
 1607.90  0.42
 1608.60  0.42
 1609.30  0.42
 1610.00  0.42
 1610.70  0.42
 1611.40  0.42
 1612.10  0.42
 1612.80  0.42
 1613.50  0.42
 1614.20  0.42
 1614.90  0.42
 1615.60  0.42
 1616.30  0.42
 1617.00  0.42
 1617.70  0.42
 1618.40  0.42
 1619.10  0.42
 1619.80  0.42
 1620.50  0.42
 1621.20  0.42
 1621.90  0.42
 1622.60  0.42
 1623.30  0.42
 1624.00  0.42
 1624.70  0.42
 1625.40  0.42
 1626.10  0.42
 1626.80  0.42
 1627.50  0.42
 1628.20  0.42
 1628.90  0.42
 1629.60  0.42
 1630.30  0.42
 1631.00  0.42
 1631.70  0.42
 1632.40  0.42
 1633.10  0.42
 1633.80  0.42
 1634.50  0.42
 1635.20  0.42
 1635.90  0.42
 1636.60  0.42
 1637.30  0.42
 1638.00  0.42
 1638.70  0.42
 1639.40  0.42
 1640.10  0.42
 1640.80  0.42
 1641.50  0.42
 1642.20  0.42
 1642.90  0.42
 1643.60  0.42
 1644.30  0.42
 1645.00  0.42
 1645.70  0.42
 1646.40  0.42
 1647.10  0.42
 1647.80  0.42
 1648.50  0.42
 1649.20  0.42
 1649.90  0.42
 1650.60  0.42
 1651.30  0.42
 1652.00  0.42
 1652.70  0.42
 1653.40  0.42
 1654.10  0.42
 1654.80  0.42
 1655.50  0.42
 1656.20  0.42
 1656.90  0.42
 1657.60  0.42
 1658.30  0.42
 1659.00  0.42
 1659.70  0.42
 1660.40  0.42
 1661.10  0.42
 1661.80  0.42
 1662.50  0.42
 1663.20  0.42
 1663.90  0.42
 1664.60  0.42
 1665.30  0.42
 1666.00  0.42
 1666.70  0.42
 1667.40  0.42
 1668.10  0.42
 1668.80  0.42
 1669.50  0.42
 1670.20  0.42
 1670.90  0.42
 1671.60  0.42
 1672.30  0.42
 1673.00  0.42
 1673.70  0.42
 1674.40  0.42
 1675.10  0.42
 1675.80  0.42
 1676.50  0.42
 1677.20  0.42
 1677.90  0.42
 1678.60  0.42
 1679.30  0.42
 1680.00  0.42
 1680.70  0.42
 1681.40  0.42
 1682.10  0.42
 1682.80  0.42
 1683.50  0.42
 1684.20  0.42
 1684.90  0.42
 1685.60  0.42
 1686.30  0.42
 1687.00  0.42
 1687.70  0.42
 1688.40  0.42
 1689.10  0.42
 1689.80  0.42
 1690.50  0.42
 1691.20  0.42
 1691.90  0.42
 1692.60  0.42
 1693.30  0.42
 1694.00  0.42
 1694.70  0.42
 1695.40  0.42
 1696.10  0.42
 1696.80  0.42
 1697.50  0.42
 1698.20  0.42
 1698.90  0.42
 1699.60  0.42
 1700.30  0.42
 1701.00  0.42
 1701.70  0.42
 1702.40  0.42
 1703.10  0.42
 1703.80  0.42
 1704.50  0.42
 1705.20  0.42
 1705.90  0.42
 1706.60  0.42
 1707.30  0.42
 1708.00  0.42
 1708.70  0.42
 1709.40  0.42
 1710.10  0.42
 1710.80  0.42
 1711.50  0.42
 1712.20  0.42
 1712.90  0.42
 1713.60  0.42
 1714.30  0.42
 1715.00  0.42
 1715.70  0.42
 1716.40  0.42
 1717.10  0.42
 1717.80  0.42
 1718.50  0.42
 1719.20  0.42
 1719.90  0.42
 1720.60  0.42
 1721.30  0.42
 1722.00  0.42
 1722.70  0.42
 1723.40  0.42
 1724.10  0.42
 1724.80  0.42
 1725.50  0.42
 1726.20  0.42
 1726.90  0.42
 1727.60  0.42
 1728.30  0.42
 1729.00  0.42
 1729.70  0.42
 1730.40  0.42
 1731.10  0.42
 1731.80  0.42
 1732.50  0.42
 1733.20  0.42
 1733.90  0.42
 1734.60  0.42
 1735.30  0.42
 1736.00  0.42
 1736.70  0.42
 1737.40  0.42
 1738.10  0.42
 1738.80  0.42
 1739.50  0.42
 1740.20  0.42
 1740.90  0.42
 1741.60  0.42
 1742.30  0.42
 1743.00  0.42
 1743.70  0.42
 1744.40  0.42
 1745.10  0.42
 1745.80  0.42
 1746.50  0.42
 1747.20  0.42
 1747.90  0.42
 1748.60  0.42
 1749.30  0.42
 1750.00  0.42
 1750.70  0.42
 1751.40  0.42
 1752.10  0.42
 1752.80  0.42
 1753.50  0.42
 1754.20  0.42
 1754.90  0.42
 1755.60  0.42
 1756.30  0.42
 1757.00  0.42
 1757.70  0.42
 1758.40  0.42
 1759.10  0.42
 1759.80  0.42
 1760.50  0.42
 1761.20  0.42
 1761.90  0.42
 1762.60  0.42
 1763.30  0.42
 1764.00  0.42
 1764.70  0.42
 1765.40  0.42
 1766.10  0.42
 1766.80  0.42
 1767.50  0.42
 1768.20  0.42
 1768.90  0.42
 1769.60  0.42
 1770.30  0.42
 1771.00  0.42
 1771.70  0.42
 1772.40  0.42
 1773.10  0.42
 1773.80  0.42
 1774.50  0.42
 1775.20  0.42
 1775.90  0.42
 1776.60  0.42
 1777.30  0.42
 1778.00  0.42
 1778.70  0.42
 1779.40  0.42
 1780.10  0.42
 1780.80  0.42
 1781.50  0.42
 1782.20  0.42
 1782.90  0.42
 1783.60  0.42
 1784.30  0.42
 1785.00  0.42
 1785.70  0.42
 1786.40  0.42
 1787.10  0.42
 1787.80  0.42
 1788.50  0.42
 1789.20  0.42
 1789.90  0.42
 1790.60  0.42
 1791.30  0.42
 1792.00  0.42
 1792.70  0.42
 1793.40  0.42
 1794.10  0.42
 1794.80  0.42
 1795.50  0.42
 1796.20  0.42
 1796.90  0.42
 1797.60  0.42
 1798.30  0.42
 1799.00  0.42
 1799.70  0.42
 1800.40  0.42
 1801.10  0.42
 1801.80  0.42
 1802.50  0.42
 1803.20  0.42
 1803.90  0.42
 1804.60  0.42
 1805.30  0.42
 1806.00  0.42
 1806.70  0.42
 1807.40  0.42
 1808.10  0.42
 1808.80  0.42
 1809.50  0.42
 1810.20  0.42
 1810.90  0.42
 1811.60  0.42
 1812.30  0.42
 1813.00  0.42
 1813.70  0.42
 1814.40  0.42
 1815.10  0.42
 1815.80  0.42
 1816.50  0.42
 1817.20  0.42
 1817.90  0.42
 1818.60  0.42
 1819.30  0.42
 1820.00  0.42
 1820.70  0.42
 1821.40  0.42
 1822.10  0.42
 1822.80  0.42
 1823.50  0.42
 1824.20  0.42
 1824.90  0.42
 1825.60  0.42
 1826.30  0.42
 1827.00  0.42
 1827.70  0.42
 1828.40  0.42
 1829.10  0.42
 1829.80  0.42
 1830.50  0.42
 1831.20  0.42
 1831.90  0.42
 1832.60  0.42
 1833.30  0.42
 1834.00  0.42
 1834.70  0.42
 1835.40  0.42
 1836.10  0.42
 1836.80  0.42
 1837.50  0.42
 1838.20  0.42
 1838.90  0.42
 1839.60  0.42
 1840.30  0.42
 1841.00  0.42
 1841.70  0.42
 1842.40  0.42
 1843.10  0.42
 1843.80  0.42
 1844.50  0.42
 1845.20  0.42
 1845.90  0.42
 1846.60  0.42
 1847.30  0.42
 1848.00  0.42
 1848.70  0.42
 1849.40  0.42
 1850.10  0.42
 1850.80  0.42
 1851.50  0.42
 1852.20  0.42
 1852.90  0.42
 1853.60  0.42
 1854.30  0.42
 1855.00  0.42
 1855.70  0.42
 1856.40  0.42
 1857.10  0.42
 1857.80  0.42
 1858.50  0.42
 1859.20  0.42
 1859.90  0.42
 1860.60  0.42
 1861.30  0.42
 1862.00  0.42
 1862.70  0.42
 1863.40  0.42
 1864.10  0.42
 1864.80  0.42
 1865.50  0.42
 1866.20  0.42
 1866.90  0.42
 1867.60  0.42
 1868.30  0.42
 1869.00  0.42
 1869.70  0.42
 1870.40  0.42
 1871.10  0.42
 1871.80  0.42
 1872.50  0.42
 1873.20  0.42
 1873.90  0.42
 1874.60  0.42
 1875.30  0.42
 1876.00  0.42
 1876.70  0.42
 1877.40  0.42
 1878.10  0.42
 1878.80  0.42
 1879.50  0.42
 1880.20  0.42
 1880.90  0.42
 1881.60  0.42
 1882.30  0.42
 1883.00  0.42
 1883.70  0.42
 1884.40  0.42
 1885.10  0.42
 1885.80  0.42
 1886.50  0.42
 1887.20  0.42
 1887.90  0.42
 1888.60  0.42
 1889.30  0.42
 1890.00  0.42
 1890.70  0.42
 1891.40  0.42
 1892.10  0.42
 1892.80  0.42
 1893.50  0.42
 1894.20  0.42
 1894.90  0.42
 1895.60  0.42
 1896.30  0.42
 1897.00  0.42
 1897.70  0.42
 1898.40  0.42
 1899.10  0.42
 1899.80  0.42
 1900.50  0.42
 1901.20  0.42
 1901.90  0.42
 1902.60  0.42
 1903.30  0.42
 1904.00  0.42
 1904.70  0.42
 1905.40  0.42
 1906.10  0.42
 1906.80  0.42
 1907.50  0.42
 1908.20  0.42
 1908.90  0.42
 1909.60  0.42
 1910.30  0.42
 1911.00  0.42
 1911.70  0.42
 1912.40  0.42
 1913.10  0.42
 1913.80  0.42
 1914.50  0.42
 1915.20  0.42
 1915.90  0.42
 1916.60  0.42
 1917.30  0.42
 1918.00  0.42
 1918.70  0.42
 1919.40  0.42
 1920.10  0.42
 1920.80  0.42
 1921.50  0.42
 1922.20  0.42
 1922.90  0.42
 1923.60  0.42
 1924.30  0.42
 1925.00  0.42
 1925.70  0.42
 1926.40  0.42
 1927.10  0.42
 1927.80  0.42
 1928.50  0.42
 1929.20  0.42
 1929.90  0.42
 1930.60  0.42
 1931.30  0.42
 1932.00  0.42
 1932.70  0.42
 1933.40  0.42
 1934.10  0.42
 1934.80  0.42
 1935.50  0.42
 1936.20  0.42
 1936.90  0.42
 1937.60  0.42
 1938.30  0.42
 1939.00  0.42
 1939.70  0.42
 1940.40  0.42
 1941.10  0.42
 1941.80  0.42
 1942.50  0.42
 1943.20  0.42
 1943.90  0.42
 1944.60  0.42
 1945.30  0.42
 1946.00  0.42
 1946.70  0.42
 1947.40  0.42
 1948.10  0.42
 1948.80  0.42
 1949.50  0.42
 1950.20  0.42
 1950.90  0.42
 1951.60  0.42
 1952.30  0.42
 1953.00  0.42
 1953.70  0.42
 1954.40  0.42
 1955.10  0.42
 1955.80  0.42
 1956.50  0.42
 1957.20  0.42
 1957.90  0.42
 1958.60  0.42
 1959.30  0.42
 1960.00  0.42
 1960.70  0.42
 1961.40  0.42
 1962.10  0.42
 1962.80  0.42
 1963.50  0.42
 1964.20  0.42
 1964.90  0.42
 1965.60  0.42
 1966.30  0.42
 1967.00  0.42
 1967.70  0.42
 1968.40  0.42
 1969.10  0.42
 1969.80  0.42
 1970.50  0.42
 1971.20  0.42
 1971.90  0.42
 1972.60  0.42
 1973.30  0.42
 1974.00  0.42
 1974.70  0.42
 1975.40  0.42
 1976.10  0.42
 1976.80  0.42
 1977.50  0.42
 1978.20  0.42
 1978.90  0.42
 1979.60  0.42
 1980.30  0.42
 1981.00  0.42
 1981.70  0.42
 1982.40  0.42
 1983.10  0.42
 1983.80  0.42
 1984.50  0.42
 1985.20  0.42
 1985.90  0.42
 1986.60  0.42
 1987.30  0.42
 1988.00  0.42
 1988.70  0.42
 1989.40  0.42
 1990.10  0.42
 1990.80  0.42
 1991.50  0.42
 1992.20  0.42
 1992.90  0.42
 1993.60  0.42
 1994.30  0.42
 1995.00  0.42
 1995.70  0.42
 1996.40  0.42
 1997.10  0.42
 1997.80  0.42
 1998.50  0.42
 1999.20  0.42
 1999.90  0.42
 2000.60  0.42
 2001.30  0.42
 2002.00  0.42
 2002.70  0.42
 2003.40  0.42
 2004.10  0.42
 2004.80  0.42
 2005.50  0.42
 2006.20  0.42
 2006.90  0.42
 2007.60  0.42
 2008.30  0.42
 2009.00  0.42
 2009.70  0.42
 2010.40  0.42
 2011.10  0.42
 2011.80  0.42
 2012.50  0.42
 2013.20  0.42
 2013.90  0.42
 2014.60  0.42
 2015.30  0.42
 2016.00  0.42
 2016.70  0.42
 2017.40  0.42
 2018.10  0.42
 2018.80  0.42
 2019.50  0.42
 2020.20  0.42
 2020.90  0.42
 2021.60  0.42
 2022.30  0.42
 2023.00  0.42
 2023.70  0.42
 2024.40  0.42
 2025.10  0.42
 2025.80  0.42
 2026.50  0.42
 2027.20  0.42
 2027.90  0.42
 2028.60  0.42
 2029.30  0.42
 2030.00  0.42
 2030.70  0.42
 2031.40  0.42
 2032.10  0.42
 2032.80  0.42
 2033.50  0.42
 2034.20  0.42
 2034.90  0.42
 2035.60  0.42
 2036.30  0.42
 2037.00  0.42
 2037.70  0.42
 2038.40  0.42
 2039.10  0.42
 2039.80  0.42
 2040.50  0.42
 2041.20  0.42
 2041.90  0.42
 2042.60  0.42
 2043.30  0.42
 2044.00  0.42
 2044.70  0.42
 2045.40  0.42
 2046.10  0.42
 2046.80  0.42
 2047.50  0.42
 2048.20  0.42
 2048.90  0.42
 2049.60  0.42
 2050.30  0.42
 2051.00  0.42
 2051.70  0.42
 2052.40  0.42
 2053.10  0.42
 2053.80  0.42
 2054.50  0.42
 2055.20  0.42
 2055.90  0.42
 2056.60  0.42
 2057.30  0.42
 2058.00  0.42
 2058.70  0.42
 2059.40  0.42
 2060.10  0.42
 2060.80  0.42
 2061.50  0.42
 2062.20  0.42
 2062.90  0.42
 2063.60  0.42
 2064.30  0.42
 2065.00  0.42
 2065.70  0.42
 2066.40  0.42
 2067.10  0.42
 2067.80  0.42
 2068.50  0.42
 2069.20  0.42
 2069.90  0.42
 2070.60  0.42
 2071.30  0.42
 2072.00  0.42
 2072.70  0.42
 2073.40  0.42
 2074.10  0.42
 2074.80  0.42
 2075.50  0.42
 2076.20  0.42
 2076.90  0.42
 2077.60  0.42
 2078.30  0.42
 2079.00  0.42
 2079.70  0.42
 2080.40  0.42
 2081.10  0.42
 2081.80  0.42
 2082.50  0.42
 2083.20  0.42
 2083.90  0.42
 2084.60  0.42
 2085.30  0.42
 2086.00  0.42
 2086.70  0.42
 2087.40  0.42
 2088.10  0.42
 2088.80  0.42
 2089.50  0.42
 2090.20  0.42
 2090.90  0.42
 2091.60  0.42
 2092.30  0.42
 2093.00  0.42
 2093.70  0.42
 2094.40  0.42
 2095.10  0.42
 2095.80  0.42
 2096.50  0.42
 2097.20  0.42
 2097.90  0.42
 2098.60  0.42
 2099.30  0.42
 2100.00  0.42
 2100.70  0.42
 2101.40  0.42
 2102.10  0.42
 2102.80  0.42
 2103.50  0.42
 2104.20  0.42
 2104.90  0.42
 2105.60  0.42
 2106.30  0.42
 2107.00  0.42
 2107.70  0.42
 2108.40  0.42
 2109.10  0.42
 2109.80  0.42
 2110.50  0.42
 2111.20  0.42
 2111.90  0.42
 2112.60  0.42
 2113.30  0.42
 2114.00  0.42
 2114.70  0.42
 2115.40  0.42
 2116.10  0.42
 2116.80  0.42
 2117.50  0.42
 2118.20  0.42
 2118.90  0.42
 2119.60  0.42
 2120.30  0.42
 2121.00  0.42
 2121.70  0.42
 2122.40  0.42
 2123.10  0.42
 2123.80  0.42
 2124.50  0.42
 2125.20  0.42
 2125.90  0.42
 2126.60  0.42
 2127.30  0.42
 2128.00  0.42
 2128.70  0.42
 2129.40  0.42
 2130.10  0.42
 2130.80  0.42
 2131.50  0.42
 2132.20  0.42
 2132.90  0.42
 2133.60  0.42
 2134.30  0.42
 2135.00  0.42
 2135.70  0.42
 2136.40  0.42
 2137.10  0.42
 2137.80  0.42
 2138.50  0.42
 2139.20  0.42
 2139.90  0.42
 2140.60  0.42
 2141.30  0.42
 2142.00  0.42
 2142.70  0.42
 2143.40  0.42
 2144.10  0.42
 2144.80  0.42
 2145.50  0.42
 2146.20  0.42
 2146.90  0.42
 2147.60  0.42
 2148.30  0.42
 2149.00  0.42
 2149.70  0.42
 2150.40  0.42
 2151.10  0.42
 2151.80  0.42
 2152.50  0.42
 2153.20  0.42
 2153.90  0.42
 2154.60  0.42
 2155.30  0.42
 2156.00  0.42
 2156.70  0.42
 2157.40  0.42
 2158.10  0.42
 2158.80  0.42
 2159.50  0.42
 2160.20  0.42
 2160.90  0.42
 2161.60  0.42
 2162.30  0.42
 2163.00  0.42
 2163.70  0.42
 2164.40  0.42
 2165.10  0.42
 2165.80  0.42
 2166.50  0.42
 2167.20  0.42
 2167.90  0.42
 2168.60  0.42
 2169.30  0.42
 2170.00  0.42
 2170.70  0.42
 2171.40  0.42
 2172.10  0.42
 2172.80  0.42
 2173.50  0.42
 2174.20  0.42
 2174.90  0.42
 2175.60  0.42
 2176.30  0.42
 2177.00  0.42
 2177.70  0.42
 2178.40  0.42
 2179.10  0.42
 2179.80  0.42
 2180.50  0.42
 2181.20  0.42
 2181.90  0.42
 2182.60  0.42
 2183.30  0.42
 2184.00  0.42
 2184.70  0.42
 2185.40  0.42
 2186.10  0.42
 2186.80  0.42
 2187.50  0.42
 2188.20  0.42
 2188.90  0.42
 2189.60  0.42
 2190.30  0.42
 2191.00  0.42
 2191.70  0.42
 2192.40  0.42
 2193.10  0.42
 2193.80  0.42
 2194.50  0.42
 2195.20  0.42
 2195.90  0.42
 2196.60  0.42
 2197.30  0.42
 2198.00  0.42
 2198.70  0.42
 2199.40  0.42
 2200.10  0.42
 2200.80  0.42
 2201.50  0.42
 2202.20  0.42
 2202.90  0.42
 2203.60  0.42
 2204.30  0.42
 2205.00  0.42
 2205.70  0.42
 2206.40  0.42
 2207.10  0.42
 2207.80  0.42
 2208.50  0.42
 2209.20  0.42
 2209.90  0.42
 2210.60  0.42
 2211.30  0.42
 2212.00  0.42
 2212.70  0.42
 2213.40  0.42
 2214.10  0.42
 2214.80  0.42
 2215.50  0.42
 2216.20  0.42
 2216.90  0.42
 2217.60  0.42
 2218.30  0.42
 2219.00  0.42
 2219.70  0.42
 2220.40  0.42
 2221.10  0.42
 2221.80  0.42
 2222.50  0.42
 2223.20  0.42
 2223.90  0.42
 2224.60  0.42
 2225.30  0.42
 2226.00  0.42
 2226.70  0.42
 2227.40  0.42
 2228.10  0.42
 2228.80  0.42
 2229.50  0.42
 2230.20  0.42
 2230.90  0.42
 2231.60  0.42
 2232.30  0.42
 2233.00  0.42
 2233.70  0.42
 2234.40  0.42
 2235.10  0.42
 2235.80  0.42
 2236.50  0.42
 2237.20  0.42
 2237.90  0.42
 2238.60  0.42
 2239.30  0.42
 2240.00  0.42
 2240.70  0.42
 2241.40  0.42
 2242.10  0.42
 2242.80  0.42
 2243.50  0.42
 2244.20  0.42
 2244.90  0.42
 2245.60  0.42
 2246.30  0.42
 2247.00  0.42
 2247.70  0.42
 2248.40  0.42
 2249.10  0.42
 2249.80  0.42
 2250.50  0.42
 2251.20  0.42
 2251.90  0.42
 2252.60  0.42
 2253.30  0.42
 2254.00  0.42
 2254.70  0.42
 2255.40  0.42
 2256.10  0.42
 2256.80  0.42
 2257.50  0.42
 2258.20  0.42
 2258.90  0.42
 2259.60  0.42
 2260.30  0.42
 2261.00  0.42
 2261.70  0.42
 2262.40  0.42
 2263.10  0.42
 2263.80  0.42
 2264.50  0.42
 2265.20  0.42
 2265.90  0.42
 2266.60  0.42
 2267.30  0.42
 2268.00  0.42
 2268.70  0.42
 2269.40  0.42
 2270.10  0.42
 2270.80  0.42
 2271.50  0.42
 2272.20  0.42
 2272.90  0.42
 2273.60  0.42
 2274.30  0.42
 2275.00  0.42
 2275.70  0.42
 2276.40  0.42
 2277.10  0.42
 2277.80  0.42
 2278.50  0.42
 2279.20  0.42
 2279.90  0.42
 2280.60  0.42
 2281.30  0.42
 2282.00  0.42
 2282.70  0.42
 2283.40  0.42
 2284.10  0.42
 2284.80  0.42
 2285.50  0.42
 2286.20  0.42
 2286.90  0.42
 2287.60  0.42
 2288.30  0.42
 2289.00  0.42
 2289.70  0.42
 2290.40  0.42
 2291.10  0.42
 2291.80  0.42
 2292.50  0.42
 2293.20  0.42
 2293.90  0.42
 2294.60  0.42
 2295.30  0.42
 2296.00  0.42
 2296.70  0.42
 2297.40  0.42
 2298.10  0.42
 2298.80  0.42
 2299.50  0.42
 2300.20  0.42
 2300.90  0.42
 2301.60  0.42
 2302.30  0.42
 2303.00  0.42
 2303.70  0.42
 2304.40  0.42
 2305.10  0.42
 2305.80  0.42
 2306.50  0.42
 2307.20  0.42
 2307.90  0.42
 2308.60  0.42
 2309.30  0.42
 2310.00  0.42
 2310.70  0.42
 2311.40  0.42
 2312.10  0.42
 2312.80  0.42
 2313.50  0.42
 2314.20  0.42
 2314.90  0.42
 2315.60  0.42
 2316.30  0.42
 2317.00  0.42
 2317.70  0.42
 2318.40  0.42
 2319.10  0.42
 2319.80  0.42
 2320.50  0.42
 2321.20  0.42
 2321.90  0.42
 2322.60  0.42
 2323.30  0.42
 2324.00  0.42
 2324.70  0.42
 2325.40  0.42
 2326.10  0.42
 2326.80  0.42
 2327.50  0.42
 2328.20  0.42
 2328.90  0.42
 2329.60  0.42
 2330.30  0.42
 2331.00  0.42
 2331.70  0.42
 2332.40  0.42
 2333.10  0.42
 2333.80  0.42
 2334.50  0.42
 2335.20  0.42
 2335.90  0.42
 2336.60  0.42
 2337.30  0.42
 2338.00  0.42
 2338.70  0.42
 2339.40  0.42
 2340.10  0.42
 2340.80  0.42
 2341.50  0.42
 2342.20  0.42
 2342.90  0.42
 2343.60  0.42
 2344.30  0.42
 2345.00  0.42
 2345.70  0.42
 2346.40  0.42
 2347.10  0.42
 2347.80  0.42
 2348.50  0.42
 2349.20  0.42
 2349.90  0.42
 2350.60  0.42
 2351.30  0.42
 2352.00  0.42
 2352.70  0.42
 2353.40  0.42
 2354.10  0.42
 2354.80  0.42
 2355.50  0.42
 2356.20  0.42
 2356.90  0.42
 2357.60  0.42
 2358.30  0.42
 2359.00  0.42
 2359.70  0.42
 2360.40  0.42
 2361.10  0.42
 2361.80  0.42
 2362.50  0.42
 2363.20  0.42
 2363.90  0.42
 2364.60  0.42
 2365.30  0.42
 2366.00  0.42
 2366.70  0.42
 2367.40  0.42
 2368.10  0.42
 2368.80  0.42
 2369.50  0.42
 2370.20  0.42
 2370.90  0.42
 2371.60  0.42
 2372.30  0.42
 2373.00  0.42
 2373.70  0.42
 2374.40  0.42
 2375.10  0.42
 2375.80  0.42
 2376.50  0.42
 2377.20  0.42
 2377.90  0.42
 2378.60  0.42
 2379.30  0.42
 2380.00  0.42
 2380.70  0.42
 2381.40  0.42
 2382.10  0.42
 2382.80  0.42
 2383.50  0.42
 2384.20  0.42
 2384.90  0.42
 2385.60  0.42
 2386.30  0.42
 2387.00  0.42
 2387.70  0.42
 2388.40  0.42
 2389.10  0.42
 2389.80  0.42
 2390.50  0.42
 2391.20  0.42
 2391.90  0.42
 2392.60  0.42
 2393.30  0.42
 2394.00  0.42
 2394.70  0.42
 2395.40  0.42
 2396.10  0.42
 2396.80  0.42
 2397.50  0.42
 2398.20  0.42
 2398.90  0.42
 2399.60  0.42
 2400.30  0.42
 2401.00  0.42
 2401.70  0.42
 2402.40  0.42
 2403.10  0.42
 2403.80  0.42
 2404.50  0.42
 2405.20  0.42
 2405.90  0.42
 2406.60  0.42
 2407.30  0.42
 2408.00  0.42
 2408.70  0.42
 2409.40  0.42
 2410.10  0.42
 2410.80  0.42
 2411.50  0.42
 2412.20  0.42
 2412.90  0.42
 2413.60  0.42
 2414.30  0.42
 2415.00  0.42
 2415.70  0.42
 2416.40  0.42
 2417.10  0.42
 2417.80  0.42
 2418.50  0.42
 2419.20  0.42
 2419.90  0.42
 2420.60  0.42
 2421.30  0.42
 2422.00  0.42
 2422.70  0.42
 2423.40  0.42
 2424.10  0.42
 2424.80  0.42
 2425.50  0.42
 2426.20  0.42
 2426.90  0.42
 2427.60  0.42
 2428.30  0.42
 2429.00  0.42
 2429.70  0.42
 2430.40  0.42
 2431.10  0.42
 2431.80  0.42
 2432.50  0.42
 2433.20  0.42
 2433.90  0.42
 2434.60  0.42
 2435.30  0.42
 2436.00  0.42
 2436.70  0.42
 2437.40  0.42
 2438.10  0.42
 2438.80  0.42
 2439.50  0.42
 2440.20  0.42
 2440.90  0.42
 2441.60  0.42
 2442.30  0.42
 2443.00  0.42
 2443.70  0.42
 2444.40  0.42
 2445.10  0.42
 2445.80  0.42
 2446.50  0.42
 2447.20  0.42
 2447.90  0.42
 2448.60  0.42
 2449.30  0.42
 2450.00  0.42
 2450.70  0.42
 2451.40  0.42
 2452.10  0.42
 2452.80  0.42
 2453.50  0.42
 2454.20  0.42
 2454.90  0.42
 2455.60  0.42
 2456.30  0.42
 2457.00  0.42
 2457.70  0.42
 2458.40  0.42
 2459.10  0.42
 2459.80  0.42
 2460.50  0.42
 2461.20  0.42
 2461.90  0.42
 2462.60  0.42
 2463.30  0.42
 2464.00  0.42
 2464.70  0.42
 2465.40  0.42
 2466.10  0.42
 2466.80  0.42
 2467.50  0.42
 2468.20  0.42
 2468.90  0.42
 2469.60  0.42
 2470.30  0.42
 2471.00  0.42
 2471.70  0.42
 2472.40  0.42
 2473.10  0.42
 2473.80  0.42
 2474.50  0.42
 2475.20  0.42
 2475.90  0.42
 2476.60  0.42
 2477.30  0.42
 2478.00  0.42
 2478.70  0.42
 2479.40  0.42
 2480.10  0.42
 2480.80  0.42
 2481.50  0.42
 2482.20  0.42
 2482.90  0.42
 2483.60  0.42
 2484.30  0.42
 2485.00  0.42
 2485.70  0.42
 2486.40  0.42
 2487.10  0.42
 2487.80  0.42
 2488.50  0.42
 2489.20  0.42
 2489.90  0.42
 2490.60  0.42
 2491.30  0.42
 2492.00  0.42
 2492.70  0.42
 2493.40  0.42
 2494.10  0.42
 2494.80  0.42
 2495.50  0.42
 2496.20  0.42
 2496.90  0.42
 2497.60  0.42
 2498.30  0.42
 2499.00  0.42
 2499.70  0.42
 2500.40  0.42
 2501.10  0.42
 2501.80  0.42
 2502.50  0.42
 2503.20  0.42
 2503.90  0.42
 2504.60  0.42
 2505.30  0.42
 2506.00  0.42
 2506.70  0.42
 2507.40  0.42
 2508.10  0.42
 2508.80  0.42
 2509.50  0.42
 2510.20  0.42
 2510.90  0.42
 2511.60  0.42
 2512.30  0.42
 2513.00  0.42
 2513.70  0.42
 2514.40  0.42
 2515.10  0.42
 2515.80  0.42
 2516.50  0.42
 2517.20  0.42
 2517.90  0.42
 2518.60  0.42
 2519.30  0.42
 2520.00  0.42
 2520.70  0.42
 2521.40  0.42
 2522.10  0.42
 2522.80  0.42
 2523.50  0.42
 2524.20  0.42
 2524.90  0.42
 2525.60  0.42
 2526.30  0.42
 2527.00  0.42
 2527.70  0.42
 2528.40  0.42
 2529.10  0.42
 2529.80  0.42
 2530.50  0.42
 2531.20  0.42
 2531.90  0.42
 2532.60  0.42
 2533.30  0.42
 2534.00  0.42
 2534.70  0.42
 2535.40  0.42
 2536.10  0.42
 2536.80  0.42
 2537.50  0.42
 2538.20  0.42
 2538.90  0.42
 2539.60  0.42
 2540.30  0.42
 2541.00  0.42
 2541.70  0.42
 2542.40  0.42
 2543.10  0.42
 2543.80  0.42
 2544.50  0.42
 2545.20  0.42
 2545.90  0.42
 2546.60  0.42
 2547.30  0.42
 2548.00  0.42
 2548.70  0.42
 2549.40  0.42
 2550.10  0.42
 2550.80  0.42
 2551.50  0.42
 2552.20  0.42
 2552.90  0.42
 2553.60  0.42
 2554.30  0.42
 2555.00  0.42
 2555.70  0.42
 2556.40  0.42
 2557.10  0.42
 2557.80  0.42
 2558.50  0.42
 2559.20  0.42
 2559.90  0.42
 2560.60  0.42
 2561.30  0.42
 2562.00  0.42
 2562.70  0.42
 2563.40  0.42
 2564.10  0.42
 2564.80  0.42
 2565.50  0.42
 2566.20  0.42
 2566.90  0.42
 2567.60  0.42
 2568.30  0.42
 2569.00  0.42
 2569.70  0.42
 2570.40  0.42
 2571.10  0.42
 2571.80  0.42
 2572.50  0.42
 2573.20  0.42
 2573.90  0.42
 2574.60  0.42
 2575.30  0.42
 2576.00  0.42
 2576.70  0.42
 2577.40  0.42
 2578.10  0.42
 2578.80  0.42
 2579.50  0.42
 2580.20  0.42
 2580.90  0.42
 2581.60  0.42
 2582.30  0.42
 2583.00  0.42
 2583.70  0.42
 2584.40  0.42
 2585.10  0.42
 2585.80  0.42
 2586.50  0.42
 2587.20  0.42
 2587.90  0.42
 2588.60  0.42
 2589.30  0.42
 2590.00  0.42
 2590.70  0.42
 2591.40  0.42
 2592.10  0.42
 2592.80  0.42
 2593.50  0.42
 2594.20  0.42
 2594.90  0.42
 2595.60  0.42
 2596.30  0.42
 2597.00  0.42
 2597.70  0.42
 2598.40  0.42
 2599.10  0.42
 2599.80  0.42
 2600.50  0.42
 2601.20  0.42
 2601.90  0.42
 2602.60  0.42
 2603.30  0.42
 2604.00  0.42
 2604.70  0.42
 2605.40  0.42
 2606.10  0.42
 2606.80  0.42
 2607.50  0.42
 2608.20  0.42
 2608.90  0.42
 2609.60  0.42
 2610.30  0.42
 2611.00  0.42
 2611.70  0.42
 2612.40  0.42
 2613.10  0.42
 2613.80  0.42
 2614.50  0.42
 2615.20  0.42
 2615.90  0.42
 2616.60  0.42
 2617.30  0.42
 2618.00  0.42
 2618.70  0.42
 2619.40  0.42
 2620.10  0.42
 2620.80  0.42
 2621.50  0.42
 2622.20  0.42
 2622.90  0.42
 2623.60  0.42
 2624.30  0.42
 2625.00  0.42
 2625.70  0.42
 2626.40  0.42
 2627.10  0.42
 2627.80  0.42
 2628.50  0.42
 2629.20  0.42
 2629.90  0.42
 2630.60  0.42
 2631.30  0.42
 2632.00  0.42
 2632.70  0.42
 2633.40  0.42
 2634.10  0.42
 2634.80  0.42
 2635.50  0.42
 2636.20  0.42
 2636.90  0.42
 2637.60  0.42
 2638.30  0.42
 2639.00  0.42
 2639.70  0.42
 2640.40  0.42
 2641.10  0.42
 2641.80  0.42
 2642.50  0.42
 2643.20  0.42
 2643.90  0.42
 2644.60  0.42
 2645.30  0.42
 2646.00  0.42
 2646.70  0.42
 2647.40  0.42
 2648.10  0.42
 2648.80  0.42
 2649.50  0.42
 2650.20  0.42
 2650.90  0.42
 2651.60  0.42
 2652.30  0.42
 2653.00  0.42
 2653.70  0.42
 2654.40  0.42
 2655.10  0.42
 2655.80  0.42
 2656.50  0.42
 2657.20  0.42
 2657.90  0.42
 2658.60  0.42
 2659.30  0.42
 2660.00  0.42
 2660.70  0.42
 2661.40  0.42
 2662.10  0.42
 2662.80  0.42
 2663.50  0.42
 2664.20  0.42
 2664.90  0.42
 2665.60  0.42
 2666.30  0.42
 2667.00  0.42
 2667.70  0.42
 2668.40  0.42
 2669.10  0.42
 2669.80  0.42
 2670.50  0.42
 2671.20  0.42
 2671.90  0.42
 2672.60  0.42
 2673.30  0.42
 2674.00  0.42
 2674.70  0.42
 2675.40  0.42
 2676.10  0.42
 2676.80  0.42
 2677.50  0.42
 2678.20  0.42
 2678.90  0.42
 2679.60  0.42
 2680.30  0.42
 2681.00  0.42
 2681.70  0.42
 2682.40  0.42
 2683.10  0.42
 2683.80  0.42
 2684.50  0.42
 2685.20  0.42
 2685.90  0.42
 2686.60  0.42
 2687.30  0.42
 2688.00  0.42
 2688.70  0.42
 2689.40  0.42
 2690.10  0.42
 2690.80  0.42
 2691.50  0.42
 2692.20  0.42
 2692.90  0.42
 2693.60  0.42
 2694.30  0.42
 2695.00  0.42
 2695.70  0.42
 2696.40  0.42
 2697.10  0.42
 2697.80  0.42
 2698.50  0.42
 2699.20  0.42
 2699.90  0.42
 2700.60  0.42
 2701.30  0.42
 2702.00  0.42
 2702.70  0.42
 2703.40  0.42
 2704.10  0.42
 2704.80  0.42
 2705.50  0.42
 2706.20  0.42
 2706.90  0.42
 2707.60  0.42
 2708.30  0.42
 2709.00  0.42
 2709.70  0.42
 2710.40  0.42
 2711.10  0.42
 2711.80  0.42
 2712.50  0.42
 2713.20  0.42
 2713.90  0.42
 2714.60  0.42
 2715.30  0.42
 2716.00  0.42
 2716.70  0.42
 2717.40  0.42
 2718.10  0.42
 2718.80  0.42
 2719.50  0.42
 2720.20  0.42
 2720.90  0.42
 2721.60  0.42
 2722.30  0.42
 2723.00  0.42
 2723.70  0.42
 2724.40  0.42
 2725.10  0.42
 2725.80  0.42
 2726.50  0.42
 2727.20  0.42
 2727.90  0.42
 2728.60  0.42
 2729.30  0.42
 2730.00  0.42
 2730.70  0.42
 2731.40  0.42
 2732.10  0.42
 2732.80  0.42
 2733.50  0.42
 2734.20  0.42
 2734.90  0.42
 2735.60  0.42
 2736.30  0.42
 2737.00  0.42
 2737.70  0.42
 2738.40  0.42
 2739.10  0.42
 2739.80  0.42
 2740.50  0.42
 2741.20  0.42
 2741.90  0.42
 2742.60  0.42
 2743.30  0.42
 2744.00  0.42
 2744.70  0.42
 2745.40  0.42
 2746.10  0.42
 2746.80  0.42
 2747.50  0.42
 2748.20  0.42
 2748.90  0.42
 2749.60  0.42
 2750.30  0.42
 2751.00  0.42
 2751.70  0.42
 2752.40  0.42
 2753.10  0.42
 2753.80  0.42
 2754.50  0.42
 2755.20  0.42
 2755.90  0.42
 2756.60  0.42
 2757.30  0.42
 2758.00  0.42
 2758.70  0.42
 2759.40  0.42
 2760.10  0.42
 2760.80  0.42
 2761.50  0.42
 2762.20  0.42
 2762.90  0.42
 2763.60  0.42
 2764.30  0.42
 2765.00  0.42
 2765.70  0.42
 2766.40  0.42
 2767.10  0.42
 2767.80  0.42
 2768.50  0.42
 2769.20  0.42
 2769.90  0.42
 2770.60  0.42
 2771.30  0.42
 2772.00  0.42
 2772.70  0.42
 2773.40  0.42
 2774.10  0.42
 2774.80  0.42
 2775.50  0.42
 2776.20  0.42
 2776.90  0.42
 2777.60  0.42
 2778.30  0.42
 2779.00  0.42
 2779.70  0.42
 2780.40  0.42
 2781.10  0.42
 2781.80  0.42
 2782.50  0.42
 2783.20  0.42
 2783.90  0.42
 2784.60  0.42
 2785.30  0.42
 2786.00  0.42
 2786.70  0.42
 2787.40  0.42
 2788.10  0.42
 2788.80  0.42
 2789.50  0.42
 2790.20  0.42
 2790.90  0.42
 2791.60  0.42
 2792.30  0.42
 2793.00  0.42
 2793.70  0.42
 2794.40  0.42
 2795.10  0.42
 2795.80  0.42
 2796.50  0.42
 2797.20  0.42
 2797.90  0.42
 2798.60  0.42
 2799.30  0.42
 2800.00  0.42
 2800.70  0.42
 2801.40  0.42
 2802.10  0.42
 2802.80  0.42
 2803.50  0.42
 2804.20  0.42
 2804.90  0.42
 2805.60  0.42
 2806.30  0.42
 2807.00  0.42
 2807.70  0.42
 2808.40  0.42
 2809.10  0.42
 2809.80  0.42
 2810.50  0.42
 2811.20  0.42
 2811.90  0.42
 2812.60  0.42
 2813.30  0.42
 2814.00  0.42
 2814.70  0.42
 2815.40  0.42
 2816.10  0.42
 2816.80  0.42
 2817.50  0.42
 2818.20  0.42
 2818.90  0.42
 2819.60  0.42
 2820.30  0.42
 2821.00  0.42
 2821.70  0.42
 2822.40  0.42
 2823.10  0.42
 2823.80  0.42
 2824.50  0.42
 2825.20  0.42
 2825.90  0.42
 2826.60  0.42
 2827.30  0.42
 2828.00  0.42
 2828.70  0.42
 2829.40  0.42
 2830.10  0.42
 2830.80  0.42
 2831.50  0.42
 2832.20  0.42
 2832.90  0.42
 2833.60  0.42
 2834.30  0.42
 2835.00  0.42
 2835.70  0.42
 2836.40  0.42
 2837.10  0.42
 2837.80  0.42
 2838.50  0.42
 2839.20  0.42
 2839.90  0.42
 2840.60  0.42
 2841.30  0.42
 2842.00  0.42
 2842.70  0.42
 2843.40  0.42
 2844.10  0.42
 2844.80  0.42
 2845.50  0.42
 2846.20  0.42
 2846.90  0.42
 2847.60  0.42
 2848.30  0.42
 2849.00  0.42
 2849.70  0.42
 2850.40  0.42
 2851.10  0.42
 2851.80  0.42
 2852.50  0.42
 2853.20  0.42
 2853.90  0.42
 2854.60  0.42
 2855.30  0.42
 2856.00  0.42
 2856.70  0.42
 2857.40  0.42
 2858.10  0.42
 2858.80  0.42
 2859.50  0.42
 2860.20  0.42
 2860.90  0.42
 2861.60  0.42
 2862.30  0.42
 2863.00  0.42
 2863.70  0.42
 2864.40  0.42
 2865.10  0.42
 2865.80  0.42
 2866.50  0.42
 2867.20  0.42
 2867.90  0.42
 2868.60  0.42
 2869.30  0.42
 2870.00  0.42
 2870.70  0.42
 2871.40  0.42
 2872.10  0.42
 2872.80  0.42
 2873.50  0.42
 2874.20  0.42
 2874.90  0.42
 2875.60  0.42
 2876.30  0.42
 2877.00  0.42
 2877.70  0.42
 2878.40  0.42
 2879.10  0.42
 2879.80  0.42
 2880.50  0.42
 2881.20  0.42
 2881.90  0.42
 2882.60  0.42
 2883.30  0.42
 2884.00  0.42
 2884.70  0.42
 2885.40  0.42
 2886.10  0.42
 2886.80  0.42
 2887.50  0.42
 2888.20  0.42
 2888.90  0.42
 2889.60  0.42
 2890.30  0.42
 2891.00  0.42
 2891.70  0.42
 2892.40  0.42
 2893.10  0.42
 2893.80  0.42
 2894.50  0.42
 2895.20  0.42
 2895.90  0.42
 2896.60  0.42
 2897.30  0.42
 2898.00  0.42
 2898.70  0.42
 2899.40  0.42
 2900.10  0.42
 2900.80  0.42
 2901.50  0.42
 2902.20  0.42
 2902.90  0.42
 2903.60  0.42
 2904.30  0.42
 2905.00  0.42
 2905.70  0.42
 2906.40  0.42
 2907.10  0.42
 2907.80  0.42
 2908.50  0.42
 2909.20  0.42
 2909.90  0.42
 2910.60  0.42
 2911.30  0.42
 2912.00  0.42
 2912.70  0.42
 2913.40  0.42
 2914.10  0.42
 2914.80  0.42
 2915.50  0.42
 2916.20  0.42
 2916.90  0.42
 2917.60  0.42
 2918.30  0.42
 2919.00  0.42
 2919.70  0.42
 2920.40  0.42
 2921.10  0.42
 2921.80  0.42
 2922.50  0.42
 2923.20  0.42
 2923.90  0.42
 2924.60  0.42
 2925.30  0.42
 2926.00  0.42
 2926.70  0.42
 2927.40  0.42
 2928.10  0.42
 2928.80  0.42
 2929.50  0.42
 2930.20  0.42
 2930.90  0.42
 2931.60  0.42
 2932.30  0.42
 2933.00  0.42
 2933.70  0.42
 2934.40  0.42
 2935.10  0.42
 2935.80  0.42
 2936.50  0.42
 2937.20  0.42
 2937.90  0.42
 2938.60  0.42
 2939.30  0.42
 2940.00  0.42
 2940.70  0.42
 2941.40  0.42
 2942.10  0.42
 2942.80  0.42
 2943.50  0.42
 2944.20  0.42
 2944.90  0.42
 2945.60  0.42
 2946.30  0.42
 2947.00  0.42
 2947.70  0.42
 2948.40  0.42
 2949.10  0.42
 2949.80  0.42
 2950.50  0.42
 2951.20  0.42
 2951.90  0.42
 2952.60  0.42
 2953.30  0.42
 2954.00  0.42
 2954.70  0.42
 2955.40  0.42
 2956.10  0.42
 2956.80  0.42
 2957.50  0.42
 2958.20  0.42
 2958.90  0.42
 2959.60  0.42
 2960.30  0.42
 2961.00  0.42
 2961.70  0.42
 2962.40  0.42
 2963.10  0.42
 2963.80  0.42
 2964.50  0.42
 2965.20  0.42
 2965.90  0.42
 2966.60  0.42
 2967.30  0.42
 2968.00  0.42
 2968.70  0.42
 2969.40  0.42
 2970.10  0.42
 2970.80  0.42
 2971.50  0.42
 2972.20  0.42
 2972.90  0.42
 2973.60  0.42
 2974.30  0.42
 2975.00  0.42
 2975.70  0.42
 2976.40  0.42
 2977.10  0.42
 2977.80  0.42
 2978.50  0.42
 2979.20  0.42
 2979.90  0.42
 2980.60  0.42
 2981.30  0.42
 2982.00  0.42
 2982.70  0.42
 2983.40  0.42
 2984.10  0.42
 2984.80  0.42
 2985.50  0.42
 2986.20  0.42
 2986.90  0.42
 2987.60  0.42
 2988.30  0.42
 2989.00  0.42
 2989.70  0.42
 2990.40  0.42
 2991.10  0.42
 2991.80  0.42
 2992.50  0.42
 2993.20  0.42
 2993.90  0.42
 2994.60  0.42
 2995.30  0.42
 2996.00  0.42
 2996.70  0.42
 2997.40  0.42
 2998.10  0.42
 2998.80  0.42
 2999.50  0.42
