#Navio B MarAd
#Manobra de Curva Giro
#
#Eta 
#
#temp      rot 
 0.00  1.00
 0.70  1.00
 1.40  1.00
 2.10  1.00
 2.80  1.00
 3.50  1.00
 4.20  1.00
 4.90  1.00
 5.60  1.00
 6.30  1.00
 7.00  1.00
 7.70  1.01
 8.40  1.01
 9.10  1.01
 9.80  1.01
 10.50  1.01
 11.20  1.01
 11.90  1.01
 12.60  1.01
 13.30  1.01
 14.00  1.01
 14.70  1.01
 15.40  1.01
 16.10  1.01
 16.80  1.01
 17.50  1.01
 18.20  1.01
 18.90  1.01
 19.60  1.02
 20.30  1.02
 21.00  1.02
 21.70  1.02
 22.40  1.02
 23.10  1.02
 23.80  1.02
 24.50  1.02
 25.20  1.02
 25.90  1.02
 26.60  1.02
 27.30  1.02
 28.00  1.02
 28.70  1.02
 29.40  1.03
 30.10  1.03
 30.80  1.03
 31.50  1.03
 32.20  1.03
 32.90  1.03
 33.60  1.03
 34.30  1.03
 35.00  1.03
 35.70  1.03
 36.40  1.03
 37.10  1.03
 37.80  1.03
 38.50  1.04
 39.20  1.04
 39.90  1.04
 40.60  1.04
 41.30  1.04
 42.00  1.04
 42.70  1.04
 43.40  1.04
 44.10  1.04
 44.80  1.04
 45.50  1.04
 46.20  1.05
 46.90  1.05
 47.60  1.05
 48.30  1.05
 49.00  1.05
 49.70  1.05
 50.40  1.05
 51.10  1.05
 51.80  1.05
 52.50  1.05
 53.20  1.06
 53.90  1.06
 54.60  1.06
 55.30  1.06
 56.00  1.06
 56.70  1.06
 57.40  1.06
 58.10  1.06
 58.80  1.06
 59.50  1.07
 60.20  1.07
 60.90  1.07
 61.60  1.07
 62.30  1.07
 63.00  1.07
 63.70  1.07
 64.40  1.08
 65.10  1.08
 65.80  1.08
 66.50  1.08
 67.20  1.08
 67.90  1.08
 68.60  1.08
 69.30  1.08
 70.00  1.09
 70.70  1.09
 71.40  1.09
 72.10  1.09
 72.80  1.09
 73.50  1.09
 74.20  1.10
 74.90  1.10
 75.60  1.10
 76.30  1.10
 77.00  1.10
 77.70  1.10
 78.40  1.10
 79.10  1.11
 79.80  1.11
 80.50  1.11
 81.20  1.11
 81.90  1.11
 82.60  1.12
 83.30  1.12
 84.00  1.12
 84.70  1.12
 85.40  1.12
 86.10  1.12
 86.80  1.13
 87.50  1.13
 88.20  1.13
 88.90  1.13
 89.60  1.13
 90.30  1.14
 91.00  1.14
 91.70  1.14
 92.40  1.14
 93.10  1.14
 93.80  1.15
 94.50  1.15
 95.20  1.15
 95.90  1.15
 96.60  1.15
 97.30  1.16
 98.00  1.16
 98.70  1.16
 99.40  1.16
 100.10  1.16
 100.80  1.17
 101.50  1.17
 102.20  1.17
 102.90  1.17
 103.60  1.18
 104.30  1.18
 105.00  1.18
 105.70  1.18
 106.40  1.19
 107.10  1.19
 107.80  1.19
 108.50  1.19
 109.20  1.19
 109.90  1.20
 110.60  1.20
 111.30  1.20
 112.00  1.20
 112.70  1.21
 113.40  1.21
 114.10  1.21
 114.80  1.21
 115.50  1.22
 116.20  1.22
 116.90  1.22
 117.60  1.23
 118.30  1.23
 119.00  1.23
 119.70  1.23
 120.40  1.24
 121.10  1.24
 121.80  1.24
 122.50  1.24
 123.20  1.25
 123.90  1.25
 124.60  1.25
 125.30  1.26
 126.00  1.26
 126.70  1.26
 127.40  1.26
 128.10  1.27
 128.80  1.27
 129.50  1.27
 130.20  1.28
 130.90  1.28
 131.60  1.28
 132.30  1.28
 133.00  1.29
 133.70  1.29
 134.40  1.29
 135.10  1.30
 135.80  1.30
 136.50  1.30
 137.20  1.31
 137.90  1.31
 138.60  1.31
 139.30  1.31
 140.00  1.32
 140.70  1.32
 141.40  1.32
 142.10  1.33
 142.80  1.33
 143.50  1.33
 144.20  1.34
 144.90  1.34
 145.60  1.34
 146.30  1.35
 147.00  1.35
 147.70  1.35
 148.40  1.36
 149.10  1.36
 149.80  1.36
 150.50  1.37
 151.20  1.37
 151.90  1.37
 152.60  1.38
 153.30  1.38
 154.00  1.38
 154.70  1.39
 155.40  1.39
 156.10  1.39
 156.80  1.40
 157.50  1.40
 158.20  1.40
 158.90  1.41
 159.60  1.41
 160.30  1.41
 161.00  1.42
 161.70  1.42
 162.40  1.42
 163.10  1.43
 163.80  1.43
 164.50  1.44
 165.20  1.44
 165.90  1.44
 166.60  1.45
 167.30  1.45
 168.00  1.45
 168.70  1.46
 169.40  1.46
 170.10  1.46
 170.80  1.47
 171.50  1.47
 172.20  1.48
 172.90  1.48
 173.60  1.48
 174.30  1.49
 175.00  1.49
 175.70  1.49
 176.40  1.50
 177.10  1.50
 177.80  1.51
 178.50  1.51
 179.20  1.51
 179.90  1.52
 180.60  1.52
 181.30  1.52
 182.00  1.53
 182.70  1.53
 183.40  1.54
 184.10  1.54
 184.80  1.54
 185.50  1.55
 186.20  1.55
 186.90  1.56
 187.60  1.56
 188.30  1.56
 189.00  1.57
 189.70  1.57
 190.40  1.58
 191.10  1.58
 191.80  1.58
 192.50  1.59
 193.20  1.59
 193.90  1.60
 194.60  1.60
 195.30  1.60
 196.00  1.61
 196.70  1.61
 197.40  1.62
 198.10  1.62
 198.80  1.62
 199.50  1.63
 200.20  1.63
 200.90  1.64
 201.60  1.64
 202.30  1.64
 203.00  1.65
 203.70  1.65
 204.40  1.66
 205.10  1.66
 205.80  1.66
 206.50  1.67
 207.20  1.67
 207.90  1.68
 208.60  1.68
 209.30  1.69
 210.00  1.69
 210.70  1.69
 211.40  1.70
 212.10  1.70
 212.80  1.71
 213.50  1.71
 214.20  1.71
 214.90  1.72
 215.60  1.72
 216.30  1.73
 217.00  1.73
 217.70  1.74
 218.40  1.74
 219.10  1.74
 219.80  1.75
 220.50  1.75
 221.20  1.76
 221.90  1.76
 222.60  1.77
 223.30  1.77
 224.00  1.77
 224.70  1.78
 225.40  1.78
 226.10  1.79
 226.80  1.79
 227.50  1.80
 228.20  1.80
 228.90  1.80
 229.60  1.81
 230.30  1.81
 231.00  1.82
 231.70  1.82
 232.40  1.83
 233.10  1.83
 233.80  1.83
 234.50  1.84
 235.20  1.84
 235.90  1.85
 236.60  1.85
 237.30  1.86
 238.00  1.86
 238.70  1.86
 239.40  1.87
 240.10  1.87
 240.80  1.88
 241.50  1.88
 242.20  1.89
 242.90  1.89
 243.60  1.90
 244.30  1.90
 245.00  1.90
 245.70  1.91
 246.40  1.91
 247.10  1.92
 247.80  1.92
 248.50  1.93
 249.20  1.93
 249.90  1.94
 250.60  1.94
 251.30  1.94
 252.00  1.95
 252.70  1.95
 253.40  1.96
 254.10  1.96
 254.80  1.97
 255.50  1.97
 256.20  1.98
 256.90  1.98
 257.60  1.98
 258.30  1.99
 259.00  1.99
 259.70  2.00
 260.40  2.00
 261.10  2.01
 261.80  2.01
 262.50  2.02
 263.20  2.02
 263.90  2.02
 264.60  2.03
 265.30  2.03
 266.00  2.04
 266.70  2.04
 267.40  2.05
 268.10  2.05
 268.80  2.06
 269.50  2.06
 270.20  2.06
 270.90  2.07
 271.60  2.07
 272.30  2.08
 273.00  2.08
 273.70  2.09
 274.40  2.09
 275.10  2.10
 275.80  2.10
 276.50  2.11
 277.20  2.11
 277.90  2.11
 278.60  2.12
 279.30  2.12
 280.00  2.13
 280.70  2.13
 281.40  2.14
 282.10  2.14
 282.80  2.15
 283.50  2.15
 284.20  2.15
 284.90  2.16
 285.60  2.16
 286.30  2.17
 287.00  2.17
 287.70  2.18
 288.40  2.18
 289.10  2.19
 289.80  2.19
 290.50  2.20
 291.20  2.20
 291.90  2.20
 292.60  2.21
 293.30  2.21
 294.00  2.22
 294.70  2.22
 295.40  2.23
 296.10  2.23
 296.80  2.24
 297.50  2.24
 298.20  2.24
 298.90  2.25
 299.60  2.25
 300.30  2.26
 301.00  2.26
 301.70  2.27
 302.40  2.27
 303.10  2.28
 303.80  2.28
 304.50  2.28
 305.20  2.29
 305.90  2.29
 306.60  2.30
 307.30  2.30
 308.00  2.31
 308.70  2.31
 309.40  2.32
 310.10  2.32
 310.80  2.32
 311.50  2.33
 312.20  2.33
 312.90  2.34
 313.60  2.34
 314.30  2.35
 315.00  2.35
 315.70  2.36
 316.40  2.36
 317.10  2.36
 317.80  2.37
 318.50  2.37
 319.20  2.38
 319.90  2.38
 320.60  2.39
 321.30  2.39
 322.00  2.39
 322.70  2.40
 323.40  2.40
 324.10  2.41
 324.80  2.41
 325.50  2.42
 326.20  2.42
 326.90  2.43
 327.60  2.43
 328.30  2.43
 329.00  2.44
 329.70  2.44
 330.40  2.45
 331.10  2.45
 331.80  2.46
 332.50  2.46
 333.20  2.46
 333.90  2.47
 334.60  2.47
 335.30  2.48
 336.00  2.48
 336.70  2.49
 337.40  2.49
 338.10  2.49
 338.80  2.50
 339.50  2.50
 340.20  2.51
 340.90  2.51
 341.60  2.52
 342.30  2.52
 343.00  2.52
 343.70  2.53
 344.40  2.53
 345.10  2.54
 345.80  2.54
 346.50  2.55
 347.20  2.55
 347.90  2.55
 348.60  2.56
 349.30  2.56
 350.00  2.57
 350.70  2.57
 351.40  2.58
 352.10  2.58
 352.80  2.58
 353.50  2.59
 354.20  2.59
 354.90  2.60
 355.60  2.60
 356.30  2.61
 357.00  2.61
 357.70  2.61
 358.40  2.62
 359.10  2.62
 359.80  2.63
 360.50  2.63
 361.20  2.63
 361.90  2.64
 362.60  2.64
 363.30  2.65
 364.00  2.65
 364.70  2.66
 365.40  2.66
 366.10  2.66
 366.80  2.67
 367.50  2.67
 368.20  2.68
 368.90  2.68
 369.60  2.68
 370.30  2.69
 371.00  2.69
 371.70  2.70
 372.40  2.70
 373.10  2.70
 373.80  2.71
 374.50  2.71
 375.20  2.72
 375.90  2.72
 376.60  2.72
 377.30  2.73
 378.00  2.73
 378.70  2.74
 379.40  2.74
 380.10  2.74
 380.80  2.75
 381.50  2.75
 382.20  2.76
 382.90  2.76
 383.60  2.76
 384.30  2.77
 385.00  2.77
 385.70  2.78
 386.40  2.78
 387.10  2.78
 387.80  2.79
 388.50  2.79
 389.20  2.80
 389.90  2.80
 390.60  2.80
 391.30  2.81
 392.00  2.81
 392.70  2.82
 393.40  2.82
 394.10  2.82
 394.80  2.83
 395.50  2.83
 396.20  2.84
 396.90  2.84
 397.60  2.84
 398.30  2.85
 399.00  2.85
 399.70  2.85
 400.40  2.86
 401.10  2.86
 401.80  2.87
 402.50  2.87
 403.20  2.87
 403.90  2.88
 404.60  2.88
 405.30  2.89
 406.00  2.89
 406.70  2.89
 407.40  2.90
 408.10  2.90
 408.80  2.90
 409.50  2.91
 410.20  2.91
 410.90  2.92
 411.60  2.92
 412.30  2.92
 413.00  2.93
 413.70  2.93
 414.40  2.93
 415.10  2.94
 415.80  2.94
 416.50  2.95
 417.20  2.95
 417.90  2.95
 418.60  2.96
 419.30  2.96
 420.00  2.96
 420.70  2.97
 421.40  2.97
 422.10  2.97
 422.80  2.98
 423.50  2.98
 424.20  2.99
 424.90  2.99
 425.60  2.99
 426.30  3.00
 427.00  3.00
 427.70  3.00
 428.40  3.01
 429.10  3.01
 429.80  3.01
 430.50  3.02
 431.20  3.02
 431.90  3.03
 432.60  3.03
 433.30  3.03
 434.00  3.04
 434.70  3.04
 435.40  3.04
 436.10  3.05
 436.80  3.05
 437.50  3.05
 438.20  3.06
 438.90  3.06
 439.60  3.06
 440.30  3.07
 441.00  3.07
 441.70  3.07
 442.40  3.08
 443.10  3.08
 443.80  3.09
 444.50  3.09
 445.20  3.09
 445.90  3.10
 446.60  3.10
 447.30  3.10
 448.00  3.11
 448.70  3.11
 449.40  3.11
 450.10  3.12
 450.80  3.12
 451.50  3.12
 452.20  3.13
 452.90  3.13
 453.60  3.13
 454.30  3.14
 455.00  3.14
 455.70  3.14
 456.40  3.15
 457.10  3.15
 457.80  3.15
 458.50  3.16
 459.20  3.16
 459.90  3.16
 460.60  3.17
 461.30  3.17
 462.00  3.17
 462.70  3.18
 463.40  3.18
 464.10  3.18
 464.80  3.19
 465.50  3.19
 466.20  3.19
 466.90  3.20
 467.60  3.20
 468.30  3.20
 469.00  3.21
 469.70  3.21
 470.40  3.21
 471.10  3.21
 471.80  3.22
 472.50  3.22
 473.20  3.22
 473.90  3.23
 474.60  3.23
 475.30  3.23
 476.00  3.24
 476.70  3.24
 477.40  3.24
 478.10  3.25
 478.80  3.25
 479.50  3.25
 480.20  3.26
 480.90  3.26
 481.60  3.26
 482.30  3.27
 483.00  3.27
 483.70  3.27
 484.40  3.27
 485.10  3.28
 485.80  3.28
 486.50  3.28
 487.20  3.29
 487.90  3.29
 488.60  3.29
 489.30  3.30
 490.00  3.30
 490.70  3.30
 491.40  3.31
 492.10  3.31
 492.80  3.31
 493.50  3.31
 494.20  3.32
 494.90  3.32
 495.60  3.32
 496.30  3.33
 497.00  3.33
 497.70  3.33
 498.40  3.33
 499.10  3.34
 499.80  3.34
 500.50  3.34
 501.20  3.35
 501.90  3.35
 502.60  3.35
 503.30  3.36
 504.00  3.36
 504.70  3.36
 505.40  3.36
 506.10  3.37
 506.80  3.37
 507.50  3.37
 508.20  3.38
 508.90  3.38
 509.60  3.38
 510.30  3.38
 511.00  3.39
 511.70  3.39
 512.40  3.39
 513.10  3.40
 513.80  3.40
 514.50  3.40
 515.20  3.40
 515.90  3.41
 516.60  3.41
 517.30  3.41
 518.00  3.42
 518.70  3.42
 519.40  3.42
 520.10  3.42
 520.80  3.43
 521.50  3.43
 522.20  3.43
 522.90  3.43
 523.60  3.44
 524.30  3.44
 525.00  3.44
 525.70  3.45
 526.40  3.45
 527.10  3.45
 527.80  3.45
 528.50  3.46
 529.20  3.46
 529.90  3.46
 530.60  3.46
 531.30  3.47
 532.00  3.47
 532.70  3.47
 533.40  3.47
 534.10  3.48
 534.80  3.48
 535.50  3.48
 536.20  3.49
 536.90  3.49
 537.60  3.49
 538.30  3.49
 539.00  3.50
 539.70  3.50
 540.40  3.50
 541.10  3.50
 541.80  3.51
 542.50  3.51
 543.20  3.51
 543.90  3.51
 544.60  3.52
 545.30  3.52
 546.00  3.52
 546.70  3.52
 547.40  3.53
 548.10  3.53
 548.80  3.53
 549.50  3.53
 550.20  3.54
 550.90  3.54
 551.60  3.54
 552.30  3.54
 553.00  3.55
 553.70  3.55
 554.40  3.55
 555.10  3.55
 555.80  3.56
 556.50  3.56
 557.20  3.56
 557.90  3.56
 558.60  3.57
 559.30  3.57
 560.00  3.57
 560.70  3.57
 561.40  3.58
 562.10  3.58
 562.80  3.58
 563.50  3.58
 564.20  3.58
 564.90  3.59
 565.60  3.59
 566.30  3.59
 567.00  3.59
 567.70  3.60
 568.40  3.60
 569.10  3.60
 569.80  3.60
 570.50  3.61
 571.20  3.61
 571.90  3.61
 572.60  3.61
 573.30  3.61
 574.00  3.62
 574.70  3.62
 575.40  3.62
 576.10  3.62
 576.80  3.63
 577.50  3.63
 578.20  3.63
 578.90  3.63
 579.60  3.64
 580.30  3.64
 581.00  3.64
 581.70  3.64
 582.40  3.64
 583.10  3.65
 583.80  3.65
 584.50  3.65
 585.20  3.65
 585.90  3.66
 586.60  3.66
 587.30  3.66
 588.00  3.66
 588.70  3.66
 589.40  3.67
 590.10  3.67
 590.80  3.67
 591.50  3.67
 592.20  3.67
 592.90  3.68
 593.60  3.68
 594.30  3.68
 595.00  3.68
 595.70  3.69
 596.40  3.69
 597.10  3.69
 597.80  3.69
 598.50  3.69
 599.20  3.70
 599.90  3.70
 600.60  3.70
 601.30  3.70
 602.00  3.70
 602.70  3.71
 603.40  3.71
 604.10  3.71
 604.80  3.71
 605.50  3.71
 606.20  3.72
 606.90  3.72
 607.60  3.72
 608.30  3.72
 609.00  3.72
 609.70  3.73
 610.40  3.73
 611.10  3.73
 611.80  3.73
 612.50  3.73
 613.20  3.74
 613.90  3.74
 614.60  3.74
 615.30  3.74
 616.00  3.74
 616.70  3.75
 617.40  3.75
 618.10  3.75
 618.80  3.75
 619.50  3.75
 620.20  3.76
 620.90  3.76
 621.60  3.76
 622.30  3.76
 623.00  3.76
 623.70  3.77
 624.40  3.77
 625.10  3.77
 625.80  3.77
 626.50  3.77
 627.20  3.78
 627.90  3.78
 628.60  3.78
 629.30  3.78
 630.00  3.78
 630.70  3.78
 631.40  3.79
 632.10  3.79
 632.80  3.79
 633.50  3.79
 634.20  3.79
 634.90  3.80
 635.60  3.80
 636.30  3.80
 637.00  3.80
 637.70  3.80
 638.40  3.80
 639.10  3.81
 639.80  3.81
 640.50  3.81
 641.20  3.81
 641.90  3.81
 642.60  3.82
 643.30  3.82
 644.00  3.82
 644.70  3.82
 645.40  3.82
 646.10  3.82
 646.80  3.83
 647.50  3.83
 648.20  3.83
 648.90  3.83
 649.60  3.83
 650.30  3.83
 651.00  3.84
 651.70  3.84
 652.40  3.84
 653.10  3.84
 653.80  3.84
 654.50  3.84
 655.20  3.85
 655.90  3.85
 656.60  3.85
 657.30  3.85
 658.00  3.85
 658.70  3.85
 659.40  3.86
 660.10  3.86
 660.80  3.86
 661.50  3.86
 662.20  3.86
 662.90  3.86
 663.60  3.87
 664.30  3.87
 665.00  3.87
 665.70  3.87
 666.40  3.87
 667.10  3.87
 667.80  3.88
 668.50  3.88
 669.20  3.88
 669.90  3.88
 670.60  3.88
 671.30  3.88
 672.00  3.89
 672.70  3.89
 673.40  3.89
 674.10  3.89
 674.80  3.89
 675.50  3.89
 676.20  3.89
 676.90  3.90
 677.60  3.90
 678.30  3.90
 679.00  3.90
 679.70  3.90
 680.40  3.90
 681.10  3.91
 681.80  3.91
 682.50  3.91
 683.20  3.91
 683.90  3.91
 684.60  3.91
 685.30  3.91
 686.00  3.92
 686.70  3.92
 687.40  3.92
 688.10  3.92
 688.80  3.92
 689.50  3.92
 690.20  3.92
 690.90  3.93
 691.60  3.93
 692.30  3.93
 693.00  3.93
 693.70  3.93
 694.40  3.93
 695.10  3.93
 695.80  3.94
 696.50  3.94
 697.20  3.94
 697.90  3.94
 698.60  3.94
 699.30  3.94
 700.00  3.94
 700.70  3.95
 701.40  3.95
 702.10  3.95
 702.80  3.95
 703.50  3.95
 704.20  3.95
 704.90  3.95
 705.60  3.96
 706.30  3.96
 707.00  3.96
 707.70  3.96
 708.40  3.96
 709.10  3.96
 709.80  3.96
 710.50  3.97
 711.20  3.97
 711.90  3.97
 712.60  3.97
 713.30  3.97
 714.00  3.97
 714.70  3.97
 715.40  3.97
 716.10  3.98
 716.80  3.98
 717.50  3.98
 718.20  3.98
 718.90  3.98
 719.60  3.98
 720.30  3.98
 721.00  3.99
 721.70  3.99
 722.40  3.99
 723.10  3.99
 723.80  3.99
 724.50  3.99
 725.20  3.99
 725.90  3.99
 726.60  4.00
 727.30  4.00
 728.00  4.00
 728.70  4.00
 729.40  4.00
 730.10  4.00
 730.80  4.00
 731.50  4.00
 732.20  4.01
 732.90  4.01
 733.60  4.01
 734.30  4.01
 735.00  4.01
 735.70  4.01
 736.40  4.01
 737.10  4.01
 737.80  4.02
 738.50  4.02
 739.20  4.02
 739.90  4.02
 740.60  4.02
 741.30  4.02
 742.00  4.02
 742.70  4.02
 743.40  4.02
 744.10  4.03
 744.80  4.03
 745.50  4.03
 746.20  4.03
 746.90  4.03
 747.60  4.03
 748.30  4.03
 749.00  4.03
 749.70  4.03
 750.40  4.04
 751.10  4.04
 751.80  4.04
 752.50  4.04
 753.20  4.04
 753.90  4.04
 754.60  4.04
 755.30  4.04
 756.00  4.05
 756.70  4.05
 757.40  4.05
 758.10  4.05
 758.80  4.05
 759.50  4.05
 760.20  4.05
 760.90  4.05
 761.60  4.05
 762.30  4.05
 763.00  4.06
 763.70  4.06
 764.40  4.06
 765.10  4.06
 765.80  4.06
 766.50  4.06
 767.20  4.06
 767.90  4.06
 768.60  4.06
 769.30  4.07
 770.00  4.07
 770.70  4.07
 771.40  4.07
 772.10  4.07
 772.80  4.07
 773.50  4.07
 774.20  4.07
 774.90  4.07
 775.60  4.07
 776.30  4.08
 777.00  4.08
 777.70  4.08
 778.40  4.08
 779.10  4.08
 779.80  4.08
 780.50  4.08
 781.20  4.08
 781.90  4.08
 782.60  4.08
 783.30  4.09
 784.00  4.09
 784.70  4.09
 785.40  4.09
 786.10  4.09
 786.80  4.09
 787.50  4.09
 788.20  4.09
 788.90  4.09
 789.60  4.09
 790.30  4.10
 791.00  4.10
 791.70  4.10
 792.40  4.10
 793.10  4.10
 793.80  4.10
 794.50  4.10
 795.20  4.10
 795.90  4.10
 796.60  4.10
 797.30  4.11
 798.00  4.11
 798.70  4.11
 799.40  4.11
 800.10  4.11
 800.80  4.11
 801.50  4.11
 802.20  4.11
 802.90  4.11
 803.60  4.11
 804.30  4.11
 805.00  4.12
 805.70  4.12
 806.40  4.12
 807.10  4.12
 807.80  4.12
 808.50  4.12
 809.20  4.12
 809.90  4.12
 810.60  4.12
 811.30  4.12
 812.00  4.12
 812.70  4.12
 813.40  4.13
 814.10  4.13
 814.80  4.13
 815.50  4.13
 816.20  4.13
 816.90  4.13
 817.60  4.13
 818.30  4.13
 819.00  4.13
 819.70  4.13
 820.40  4.13
 821.10  4.14
 821.80  4.14
 822.50  4.14
 823.20  4.14
 823.90  4.14
 824.60  4.14
 825.30  4.14
 826.00  4.14
 826.70  4.14
 827.40  4.14
 828.10  4.14
 828.80  4.14
 829.50  4.15
 830.20  4.15
 830.90  4.15
 831.60  4.15
 832.30  4.15
 833.00  4.15
 833.70  4.15
 834.40  4.15
 835.10  4.15
 835.80  4.15
 836.50  4.15
 837.20  4.15
 837.90  4.15
 838.60  4.16
 839.30  4.16
 840.00  4.16
 840.70  4.16
 841.40  4.16
 842.10  4.16
 842.80  4.16
 843.50  4.16
 844.20  4.16
 844.90  4.16
 845.60  4.16
 846.30  4.16
 847.00  4.16
 847.70  4.17
 848.40  4.17
 849.10  4.17
 849.80  4.17
 850.50  4.17
 851.20  4.17
 851.90  4.17
 852.60  4.17
 853.30  4.17
 854.00  4.17
 854.70  4.17
 855.40  4.17
 856.10  4.17
 856.80  4.17
 857.50  4.18
 858.20  4.18
 858.90  4.18
 859.60  4.18
 860.30  4.18
 861.00  4.18
 861.70  4.18
 862.40  4.18
 863.10  4.18
 863.80  4.18
 864.50  4.18
 865.20  4.18
 865.90  4.18
 866.60  4.18
 867.30  4.19
 868.00  4.19
 868.70  4.19
 869.40  4.19
 870.10  4.19
 870.80  4.19
 871.50  4.19
 872.20  4.19
 872.90  4.19
 873.60  4.19
 874.30  4.19
 875.00  4.19
 875.70  4.19
 876.40  4.19
 877.10  4.19
 877.80  4.20
 878.50  4.20
 879.20  4.20
 879.90  4.20
 880.60  4.20
 881.30  4.20
 882.00  4.20
 882.70  4.20
 883.40  4.20
 884.10  4.20
 884.80  4.20
 885.50  4.20
 886.20  4.20
 886.90  4.20
 887.60  4.20
 888.30  4.20
 889.00  4.21
 889.70  4.21
 890.40  4.21
 891.10  4.21
 891.80  4.21
 892.50  4.21
 893.20  4.21
 893.90  4.21
 894.60  4.21
 895.30  4.21
 896.00  4.21
 896.70  4.21
 897.40  4.21
 898.10  4.21
 898.80  4.21
 899.50  4.21
 900.20  4.21
 900.90  4.22
 901.60  4.22
 902.30  4.22
 903.00  4.22
 903.70  4.22
 904.40  4.22
 905.10  4.22
 905.80  4.22
 906.50  4.22
 907.20  4.22
 907.90  4.22
 908.60  4.22
 909.30  4.22
 910.00  4.22
 910.70  4.22
 911.40  4.22
 912.10  4.22
 912.80  4.23
 913.50  4.23
 914.20  4.23
 914.90  4.23
 915.60  4.23
 916.30  4.23
 917.00  4.23
 917.70  4.23
 918.40  4.23
 919.10  4.23
 919.80  4.23
 920.50  4.23
 921.20  4.23
 921.90  4.23
 922.60  4.23
 923.30  4.23
 924.00  4.23
 924.70  4.23
 925.40  4.23
 926.10  4.24
 926.80  4.24
 927.50  4.24
 928.20  4.24
 928.90  4.24
 929.60  4.24
 930.30  4.24
 931.00  4.24
 931.70  4.24
 932.40  4.24
 933.10  4.24
 933.80  4.24
 934.50  4.24
 935.20  4.24
 935.90  4.24
 936.60  4.24
 937.30  4.24
 938.00  4.24
 938.70  4.24
 939.40  4.25
 940.10  4.25
 940.80  4.25
 941.50  4.25
 942.20  4.25
 942.90  4.25
 943.60  4.25
 944.30  4.25
 945.00  4.25
 945.70  4.25
 946.40  4.25
 947.10  4.25
 947.80  4.25
 948.50  4.25
 949.20  4.25
 949.90  4.25
 950.60  4.25
 951.30  4.25
 952.00  4.25
 952.70  4.25
 953.40  4.25
 954.10  4.25
 954.80  4.26
 955.50  4.26
 956.20  4.26
 956.90  4.26
 957.60  4.26
 958.30  4.26
 959.00  4.26
 959.70  4.26
 960.40  4.26
 961.10  4.26
 961.80  4.26
 962.50  4.26
 963.20  4.26
 963.90  4.26
 964.60  4.26
 965.30  4.26
 966.00  4.26
 966.70  4.26
 967.40  4.26
 968.10  4.26
 968.80  4.26
 969.50  4.26
 970.20  4.27
 970.90  4.27
 971.60  4.27
 972.30  4.27
 973.00  4.27
 973.70  4.27
 974.40  4.27
 975.10  4.27
 975.80  4.27
 976.50  4.27
 977.20  4.27
 977.90  4.27
 978.60  4.27
 979.30  4.27
 980.00  4.27
 980.70  4.27
 981.40  4.27
 982.10  4.27
 982.80  4.27
 983.50  4.27
 984.20  4.27
 984.90  4.27
 985.60  4.27
 986.30  4.27
 987.00  4.27
 987.70  4.28
 988.40  4.28
 989.10  4.28
 989.80  4.28
 990.50  4.28
 991.20  4.28
 991.90  4.28
 992.60  4.28
 993.30  4.28
 994.00  4.28
 994.70  4.28
 995.40  4.28
 996.10  4.28
 996.80  4.28
 997.50  4.28
 998.20  4.28
 998.90  4.28
 999.60  4.28
 1000.30  4.28
 1001.00  4.28
 1001.70  4.28
 1002.40  4.28
 1003.10  4.28
 1003.80  4.28
 1004.50  4.28
 1005.20  4.28
 1005.90  4.29
 1006.60  4.29
 1007.30  4.29
 1008.00  4.29
 1008.70  4.29
 1009.40  4.29
 1010.10  4.29
 1010.80  4.29
 1011.50  4.29
 1012.20  4.29
 1012.90  4.29
 1013.60  4.29
 1014.30  4.29
 1015.00  4.29
 1015.70  4.29
 1016.40  4.29
 1017.10  4.29
 1017.80  4.29
 1018.50  4.29
 1019.20  4.29
 1019.90  4.29
 1020.60  4.29
 1021.30  4.29
 1022.00  4.29
 1022.70  4.29
 1023.40  4.29
 1024.10  4.29
 1024.80  4.29
 1025.50  4.29
 1026.20  4.30
 1026.90  4.30
 1027.60  4.30
 1028.30  4.30
 1029.00  4.30
 1029.70  4.30
 1030.40  4.30
 1031.10  4.30
 1031.80  4.30
 1032.50  4.30
 1033.20  4.30
 1033.90  4.30
 1034.60  4.30
 1035.30  4.30
 1036.00  4.30
 1036.70  4.30
 1037.40  4.30
 1038.10  4.30
 1038.80  4.30
 1039.50  4.30
 1040.20  4.30
 1040.90  4.30
 1041.60  4.30
 1042.30  4.30
 1043.00  4.30
 1043.70  4.30
 1044.40  4.30
 1045.10  4.30
 1045.80  4.30
 1046.50  4.30
 1047.20  4.30
 1047.90  4.30
 1048.60  4.30
 1049.30  4.31
 1050.00  4.31
 1050.70  4.31
 1051.40  4.31
 1052.10  4.31
 1052.80  4.31
 1053.50  4.31
 1054.20  4.31
 1054.90  4.31
 1055.60  4.31
 1056.30  4.31
 1057.00  4.31
 1057.70  4.31
 1058.40  4.31
 1059.10  4.31
 1059.80  4.31
 1060.50  4.31
 1061.20  4.31
 1061.90  4.31
 1062.60  4.31
 1063.30  4.31
 1064.00  4.31
 1064.70  4.31
 1065.40  4.31
 1066.10  4.31
 1066.80  4.31
 1067.50  4.31
 1068.20  4.31
 1068.90  4.31
 1069.60  4.31
 1070.30  4.31
 1071.00  4.31
 1071.70  4.31
 1072.40  4.31
 1073.10  4.31
 1073.80  4.31
 1074.50  4.32
 1075.20  4.32
 1075.90  4.32
 1076.60  4.32
 1077.30  4.32
 1078.00  4.32
 1078.70  4.32
 1079.40  4.32
 1080.10  4.32
 1080.80  4.32
 1081.50  4.32
 1082.20  4.32
 1082.90  4.32
 1083.60  4.32
 1084.30  4.32
 1085.00  4.32
 1085.70  4.32
 1086.40  4.32
 1087.10  4.32
 1087.80  4.32
 1088.50  4.32
 1089.20  4.32
 1089.90  4.32
 1090.60  4.32
 1091.30  4.32
 1092.00  4.32
 1092.70  4.32
 1093.40  4.32
 1094.10  4.32
 1094.80  4.32
 1095.50  4.32
 1096.20  4.32
 1096.90  4.32
 1097.60  4.32
 1098.30  4.32
 1099.00  4.32
 1099.70  4.32
 1100.40  4.32
 1101.10  4.32
 1101.80  4.32
 1102.50  4.32
 1103.20  4.33
 1103.90  4.33
 1104.60  4.33
 1105.30  4.33
 1106.00  4.33
 1106.70  4.33
 1107.40  4.33
 1108.10  4.33
 1108.80  4.33
 1109.50  4.33
 1110.20  4.33
 1110.90  4.33
 1111.60  4.33
 1112.30  4.33
 1113.00  4.33
 1113.70  4.33
 1114.40  4.33
 1115.10  4.33
 1115.80  4.33
 1116.50  4.33
 1117.20  4.33
 1117.90  4.33
 1118.60  4.33
 1119.30  4.33
 1120.00  4.33
 1120.70  4.33
 1121.40  4.33
 1122.10  4.33
 1122.80  4.33
 1123.50  4.33
 1124.20  4.33
 1124.90  4.33
 1125.60  4.33
 1126.30  4.33
 1127.00  4.33
 1127.70  4.33
 1128.40  4.33
 1129.10  4.33
 1129.80  4.33
 1130.50  4.33
 1131.20  4.33
 1131.90  4.33
 1132.60  4.33
 1133.30  4.33
 1134.00  4.33
 1134.70  4.33
 1135.40  4.33
 1136.10  4.33
 1136.80  4.34
 1137.50  4.34
 1138.20  4.34
 1138.90  4.34
 1139.60  4.34
 1140.30  4.34
 1141.00  4.34
 1141.70  4.34
 1142.40  4.34
 1143.10  4.34
 1143.80  4.34
 1144.50  4.34
 1145.20  4.34
 1145.90  4.34
 1146.60  4.34
 1147.30  4.34
 1148.00  4.34
 1148.70  4.34
 1149.40  4.34
 1150.10  4.34
 1150.80  4.34
 1151.50  4.34
 1152.20  4.34
 1152.90  4.34
 1153.60  4.34
 1154.30  4.34
 1155.00  4.34
 1155.70  4.34
 1156.40  4.34
 1157.10  4.34
 1157.80  4.34
 1158.50  4.34
 1159.20  4.34
 1159.90  4.34
 1160.60  4.34
 1161.30  4.34
 1162.00  4.34
 1162.70  4.34
 1163.40  4.34
 1164.10  4.34
 1164.80  4.34
 1165.50  4.34
 1166.20  4.34
 1166.90  4.34
 1167.60  4.34
 1168.30  4.34
 1169.00  4.34
 1169.70  4.34
 1170.40  4.34
 1171.10  4.34
 1171.80  4.34
 1172.50  4.34
 1173.20  4.34
 1173.90  4.34
 1174.60  4.34
 1175.30  4.34
 1176.00  4.34
 1176.70  4.35
 1177.40  4.35
 1178.10  4.35
 1178.80  4.35
 1179.50  4.35
 1180.20  4.35
 1180.90  4.35
 1181.60  4.35
 1182.30  4.35
 1183.00  4.35
 1183.70  4.35
 1184.40  4.35
 1185.10  4.35
 1185.80  4.35
 1186.50  4.35
 1187.20  4.35
 1187.90  4.35
 1188.60  4.35
 1189.30  4.35
 1190.00  4.35
 1190.70  4.35
 1191.40  4.35
 1192.10  4.35
 1192.80  4.35
 1193.50  4.35
 1194.20  4.35
 1194.90  4.35
 1195.60  4.35
 1196.30  4.35
 1197.00  4.35
 1197.70  4.35
 1198.40  4.35
 1199.10  4.35
 1199.80  4.35
 1200.50  4.35
 1201.20  4.35
 1201.90  4.35
 1202.60  4.35
 1203.30  4.35
 1204.00  4.35
 1204.70  4.35
 1205.40  4.35
 1206.10  4.35
 1206.80  4.35
 1207.50  4.35
 1208.20  4.35
 1208.90  4.35
 1209.60  4.35
 1210.30  4.35
 1211.00  4.35
 1211.70  4.35
 1212.40  4.35
 1213.10  4.35
 1213.80  4.35
 1214.50  4.35
 1215.20  4.35
 1215.90  4.35
 1216.60  4.35
 1217.30  4.35
 1218.00  4.35
 1218.70  4.35
 1219.40  4.35
 1220.10  4.35
 1220.80  4.35
 1221.50  4.35
 1222.20  4.35
 1222.90  4.35
 1223.60  4.35
 1224.30  4.35
 1225.00  4.35
 1225.70  4.35
 1226.40  4.36
 1227.10  4.36
 1227.80  4.36
 1228.50  4.36
 1229.20  4.36
 1229.90  4.36
 1230.60  4.36
 1231.30  4.36
 1232.00  4.36
 1232.70  4.36
 1233.40  4.36
 1234.10  4.36
 1234.80  4.36
 1235.50  4.36
 1236.20  4.36
 1236.90  4.36
 1237.60  4.36
 1238.30  4.36
 1239.00  4.36
 1239.70  4.36
 1240.40  4.36
 1241.10  4.36
 1241.80  4.36
 1242.50  4.36
 1243.20  4.36
 1243.90  4.36
 1244.60  4.36
 1245.30  4.36
 1246.00  4.36
 1246.70  4.36
 1247.40  4.36
 1248.10  4.36
 1248.80  4.36
 1249.50  4.36
 1250.20  4.36
 1250.90  4.36
 1251.60  4.36
 1252.30  4.36
 1253.00  4.36
 1253.70  4.36
 1254.40  4.36
 1255.10  4.36
 1255.80  4.36
 1256.50  4.36
 1257.20  4.36
 1257.90  4.36
 1258.60  4.36
 1259.30  4.36
 1260.00  4.36
 1260.70  4.36
 1261.40  4.36
 1262.10  4.36
 1262.80  4.36
 1263.50  4.36
 1264.20  4.36
 1264.90  4.36
 1265.60  4.36
 1266.30  4.36
 1267.00  4.36
 1267.70  4.36
 1268.40  4.36
 1269.10  4.36
 1269.80  4.36
 1270.50  4.36
 1271.20  4.36
 1271.90  4.36
 1272.60  4.36
 1273.30  4.36
 1274.00  4.36
 1274.70  4.36
 1275.40  4.36
 1276.10  4.36
 1276.80  4.36
 1277.50  4.36
 1278.20  4.36
 1278.90  4.36
 1279.60  4.36
 1280.30  4.36
 1281.00  4.36
 1281.70  4.36
 1282.40  4.36
 1283.10  4.36
 1283.80  4.36
 1284.50  4.36
 1285.20  4.36
 1285.90  4.36
 1286.60  4.36
 1287.30  4.36
 1288.00  4.36
 1288.70  4.36
 1289.40  4.36
 1290.10  4.36
 1290.80  4.36
 1291.50  4.36
 1292.20  4.37
 1292.90  4.37
 1293.60  4.37
 1294.30  4.37
 1295.00  4.37
 1295.70  4.37
 1296.40  4.37
 1297.10  4.37
 1297.80  4.37
 1298.50  4.37
 1299.20  4.37
 1299.90  4.37
 1300.60  4.37
 1301.30  4.37
 1302.00  4.37
 1302.70  4.37
 1303.40  4.37
 1304.10  4.37
 1304.80  4.37
 1305.50  4.37
 1306.20  4.37
 1306.90  4.37
 1307.60  4.37
 1308.30  4.37
 1309.00  4.37
 1309.70  4.37
 1310.40  4.37
 1311.10  4.37
 1311.80  4.37
 1312.50  4.37
 1313.20  4.37
 1313.90  4.37
 1314.60  4.37
 1315.30  4.37
 1316.00  4.37
 1316.70  4.37
 1317.40  4.37
 1318.10  4.37
 1318.80  4.37
 1319.50  4.37
 1320.20  4.37
 1320.90  4.37
 1321.60  4.37
 1322.30  4.37
 1323.00  4.37
 1323.70  4.37
 1324.40  4.37
 1325.10  4.37
 1325.80  4.37
 1326.50  4.37
 1327.20  4.37
 1327.90  4.37
 1328.60  4.37
 1329.30  4.37
 1330.00  4.37
 1330.70  4.37
 1331.40  4.37
 1332.10  4.37
 1332.80  4.37
 1333.50  4.37
 1334.20  4.37
 1334.90  4.37
 1335.60  4.37
 1336.30  4.37
 1337.00  4.37
 1337.70  4.37
 1338.40  4.37
 1339.10  4.37
 1339.80  4.37
 1340.50  4.37
 1341.20  4.37
 1341.90  4.37
 1342.60  4.37
 1343.30  4.37
 1344.00  4.37
 1344.70  4.37
 1345.40  4.37
 1346.10  4.37
 1346.80  4.37
 1347.50  4.37
 1348.20  4.37
 1348.90  4.37
 1349.60  4.37
 1350.30  4.37
 1351.00  4.37
 1351.70  4.37
 1352.40  4.37
 1353.10  4.37
 1353.80  4.37
 1354.50  4.37
 1355.20  4.37
 1355.90  4.37
 1356.60  4.37
 1357.30  4.37
 1358.00  4.37
 1358.70  4.37
 1359.40  4.37
 1360.10  4.37
 1360.80  4.37
 1361.50  4.37
 1362.20  4.37
 1362.90  4.37
 1363.60  4.37
 1364.30  4.37
 1365.00  4.37
 1365.70  4.37
 1366.40  4.37
 1367.10  4.37
 1367.80  4.37
 1368.50  4.37
 1369.20  4.37
 1369.90  4.37
 1370.60  4.37
 1371.30  4.37
 1372.00  4.37
 1372.70  4.37
 1373.40  4.37
 1374.10  4.37
 1374.80  4.37
 1375.50  4.37
 1376.20  4.37
 1376.90  4.37
 1377.60  4.37
 1378.30  4.37
 1379.00  4.37
 1379.70  4.37
 1380.40  4.37
 1381.10  4.37
 1381.80  4.37
 1382.50  4.37
 1383.20  4.37
 1383.90  4.37
 1384.60  4.37
 1385.30  4.37
 1386.00  4.37
 1386.70  4.37
 1387.40  4.37
 1388.10  4.37
 1388.80  4.37
 1389.50  4.37
 1390.20  4.37
 1390.90  4.37
 1391.60  4.38
 1392.30  4.38
 1393.00  4.38
 1393.70  4.38
 1394.40  4.38
 1395.10  4.38
 1395.80  4.38
 1396.50  4.38
 1397.20  4.38
 1397.90  4.38
 1398.60  4.38
 1399.30  4.38
 1400.00  4.38
 1400.70  4.38
 1401.40  4.38
 1402.10  4.38
 1402.80  4.38
 1403.50  4.38
 1404.20  4.38
 1404.90  4.38
 1405.60  4.38
 1406.30  4.38
 1407.00  4.38
 1407.70  4.38
 1408.40  4.38
 1409.10  4.38
 1409.80  4.38
 1410.50  4.38
 1411.20  4.38
 1411.90  4.38
 1412.60  4.38
 1413.30  4.38
 1414.00  4.38
 1414.70  4.38
 1415.40  4.38
 1416.10  4.38
 1416.80  4.38
 1417.50  4.38
 1418.20  4.38
 1418.90  4.38
 1419.60  4.38
 1420.30  4.38
 1421.00  4.38
 1421.70  4.38
 1422.40  4.38
 1423.10  4.38
 1423.80  4.38
 1424.50  4.38
 1425.20  4.38
 1425.90  4.38
 1426.60  4.38
 1427.30  4.38
 1428.00  4.38
 1428.70  4.38
 1429.40  4.38
 1430.10  4.38
 1430.80  4.38
 1431.50  4.38
 1432.20  4.38
 1432.90  4.38
 1433.60  4.38
 1434.30  4.38
 1435.00  4.38
 1435.70  4.38
 1436.40  4.38
 1437.10  4.38
 1437.80  4.38
 1438.50  4.38
 1439.20  4.38
 1439.90  4.38
 1440.60  4.38
 1441.30  4.38
 1442.00  4.38
 1442.70  4.38
 1443.40  4.38
 1444.10  4.38
 1444.80  4.38
 1445.50  4.38
 1446.20  4.38
 1446.90  4.38
 1447.60  4.38
 1448.30  4.38
 1449.00  4.38
 1449.70  4.38
 1450.40  4.38
 1451.10  4.38
 1451.80  4.38
 1452.50  4.38
 1453.20  4.38
 1453.90  4.38
 1454.60  4.38
 1455.30  4.38
 1456.00  4.38
 1456.70  4.38
 1457.40  4.38
 1458.10  4.38
 1458.80  4.38
 1459.50  4.38
 1460.20  4.38
 1460.90  4.38
 1461.60  4.38
 1462.30  4.38
 1463.00  4.38
 1463.70  4.38
 1464.40  4.38
 1465.10  4.38
 1465.80  4.38
 1466.50  4.38
 1467.20  4.38
 1467.90  4.38
 1468.60  4.38
 1469.30  4.38
 1470.00  4.38
 1470.70  4.38
 1471.40  4.38
 1472.10  4.38
 1472.80  4.38
 1473.50  4.38
 1474.20  4.38
 1474.90  4.38
 1475.60  4.38
 1476.30  4.38
 1477.00  4.38
 1477.70  4.38
 1478.40  4.38
 1479.10  4.38
 1479.80  4.38
 1480.50  4.38
 1481.20  4.38
 1481.90  4.38
 1482.60  4.38
 1483.30  4.38
 1484.00  4.38
 1484.70  4.38
 1485.40  4.38
 1486.10  4.38
 1486.80  4.38
 1487.50  4.38
 1488.20  4.38
 1488.90  4.38
 1489.60  4.38
 1490.30  4.38
 1491.00  4.38
 1491.70  4.38
 1492.40  4.38
 1493.10  4.38
 1493.80  4.38
 1494.50  4.38
 1495.20  4.38
 1495.90  4.38
 1496.60  4.38
 1497.30  4.38
 1498.00  4.38
 1498.70  4.38
 1499.40  4.38
 1500.10  4.38
 1500.80  4.38
 1501.50  4.38
 1502.20  4.38
 1502.90  4.38
 1503.60  4.38
 1504.30  4.38
 1505.00  4.38
 1505.70  4.38
 1506.40  4.38
 1507.10  4.38
 1507.80  4.38
 1508.50  4.38
 1509.20  4.38
 1509.90  4.38
 1510.60  4.38
 1511.30  4.38
 1512.00  4.38
 1512.70  4.38
 1513.40  4.38
 1514.10  4.38
 1514.80  4.38
 1515.50  4.38
 1516.20  4.38
 1516.90  4.38
 1517.60  4.38
 1518.30  4.38
 1519.00  4.38
 1519.70  4.38
 1520.40  4.38
 1521.10  4.38
 1521.80  4.38
 1522.50  4.38
 1523.20  4.38
 1523.90  4.38
 1524.60  4.38
 1525.30  4.38
 1526.00  4.38
 1526.70  4.38
 1527.40  4.38
 1528.10  4.38
 1528.80  4.38
 1529.50  4.38
 1530.20  4.38
 1530.90  4.38
 1531.60  4.38
 1532.30  4.38
 1533.00  4.38
 1533.70  4.38
 1534.40  4.38
 1535.10  4.38
 1535.80  4.38
 1536.50  4.38
 1537.20  4.38
 1537.90  4.38
 1538.60  4.38
 1539.30  4.38
 1540.00  4.38
 1540.70  4.38
 1541.40  4.38
 1542.10  4.38
 1542.80  4.38
 1543.50  4.38
 1544.20  4.38
 1544.90  4.38
 1545.60  4.38
 1546.30  4.38
 1547.00  4.38
 1547.70  4.38
 1548.40  4.38
 1549.10  4.38
 1549.80  4.38
 1550.50  4.38
 1551.20  4.38
 1551.90  4.38
 1552.60  4.38
 1553.30  4.38
 1554.00  4.38
 1554.70  4.38
 1555.40  4.38
 1556.10  4.38
 1556.80  4.38
 1557.50  4.38
 1558.20  4.38
 1558.90  4.38
 1559.60  4.38
 1560.30  4.38
 1561.00  4.38
 1561.70  4.38
 1562.40  4.38
 1563.10  4.38
 1563.80  4.38
 1564.50  4.38
 1565.20  4.38
 1565.90  4.38
 1566.60  4.38
 1567.30  4.38
 1568.00  4.38
 1568.70  4.38
 1569.40  4.38
 1570.10  4.38
 1570.80  4.38
 1571.50  4.38
 1572.20  4.38
 1572.90  4.38
 1573.60  4.38
 1574.30  4.38
 1575.00  4.38
 1575.70  4.38
 1576.40  4.38
 1577.10  4.38
 1577.80  4.38
 1578.50  4.38
 1579.20  4.38
 1579.90  4.38
 1580.60  4.38
 1581.30  4.38
 1582.00  4.38
 1582.70  4.38
 1583.40  4.38
 1584.10  4.38
 1584.80  4.38
 1585.50  4.38
 1586.20  4.38
 1586.90  4.38
 1587.60  4.38
 1588.30  4.38
 1589.00  4.38
 1589.70  4.38
 1590.40  4.38
 1591.10  4.38
 1591.80  4.38
 1592.50  4.38
 1593.20  4.38
 1593.90  4.38
 1594.60  4.38
 1595.30  4.38
 1596.00  4.38
 1596.70  4.38
 1597.40  4.38
 1598.10  4.38
 1598.80  4.38
 1599.50  4.38
 1600.20  4.38
 1600.90  4.39
 1601.60  4.39
 1602.30  4.39
 1603.00  4.39
 1603.70  4.39
 1604.40  4.39
 1605.10  4.39
 1605.80  4.39
 1606.50  4.39
 1607.20  4.39
 1607.90  4.39
 1608.60  4.39
 1609.30  4.39
 1610.00  4.39
 1610.70  4.39
 1611.40  4.39
 1612.10  4.39
 1612.80  4.39
 1613.50  4.39
 1614.20  4.39
 1614.90  4.39
 1615.60  4.39
 1616.30  4.39
 1617.00  4.39
 1617.70  4.39
 1618.40  4.39
 1619.10  4.39
 1619.80  4.39
 1620.50  4.39
 1621.20  4.39
 1621.90  4.39
 1622.60  4.39
 1623.30  4.39
 1624.00  4.39
 1624.70  4.39
 1625.40  4.39
 1626.10  4.39
 1626.80  4.39
 1627.50  4.39
 1628.20  4.39
 1628.90  4.39
 1629.60  4.39
 1630.30  4.39
 1631.00  4.39
 1631.70  4.39
 1632.40  4.39
 1633.10  4.39
 1633.80  4.39
 1634.50  4.39
 1635.20  4.39
 1635.90  4.39
 1636.60  4.39
 1637.30  4.39
 1638.00  4.39
 1638.70  4.39
 1639.40  4.39
 1640.10  4.39
 1640.80  4.39
 1641.50  4.39
 1642.20  4.39
 1642.90  4.39
 1643.60  4.39
 1644.30  4.39
 1645.00  4.39
 1645.70  4.39
 1646.40  4.39
 1647.10  4.39
 1647.80  4.39
 1648.50  4.39
 1649.20  4.39
 1649.90  4.39
 1650.60  4.39
 1651.30  4.39
 1652.00  4.39
 1652.70  4.39
 1653.40  4.39
 1654.10  4.39
 1654.80  4.39
 1655.50  4.39
 1656.20  4.39
 1656.90  4.39
 1657.60  4.39
 1658.30  4.39
 1659.00  4.39
 1659.70  4.39
 1660.40  4.39
 1661.10  4.39
 1661.80  4.39
 1662.50  4.39
 1663.20  4.39
 1663.90  4.39
 1664.60  4.39
 1665.30  4.39
 1666.00  4.39
 1666.70  4.39
 1667.40  4.39
 1668.10  4.39
 1668.80  4.39
 1669.50  4.39
 1670.20  4.39
 1670.90  4.39
 1671.60  4.39
 1672.30  4.39
 1673.00  4.39
 1673.70  4.39
 1674.40  4.39
 1675.10  4.39
 1675.80  4.39
 1676.50  4.39
 1677.20  4.39
 1677.90  4.39
 1678.60  4.39
 1679.30  4.39
 1680.00  4.39
 1680.70  4.39
 1681.40  4.39
 1682.10  4.39
 1682.80  4.39
 1683.50  4.39
 1684.20  4.39
 1684.90  4.39
 1685.60  4.39
 1686.30  4.39
 1687.00  4.39
 1687.70  4.39
 1688.40  4.39
 1689.10  4.39
 1689.80  4.39
 1690.50  4.39
 1691.20  4.39
 1691.90  4.39
 1692.60  4.39
 1693.30  4.39
 1694.00  4.39
 1694.70  4.39
 1695.40  4.39
 1696.10  4.39
 1696.80  4.39
 1697.50  4.39
 1698.20  4.39
 1698.90  4.39
 1699.60  4.39
 1700.30  4.39
 1701.00  4.39
 1701.70  4.39
 1702.40  4.39
 1703.10  4.39
 1703.80  4.39
 1704.50  4.39
 1705.20  4.39
 1705.90  4.39
 1706.60  4.39
 1707.30  4.39
 1708.00  4.39
 1708.70  4.39
 1709.40  4.39
 1710.10  4.39
 1710.80  4.39
 1711.50  4.39
 1712.20  4.39
 1712.90  4.39
 1713.60  4.39
 1714.30  4.39
 1715.00  4.39
 1715.70  4.39
 1716.40  4.39
 1717.10  4.39
 1717.80  4.39
 1718.50  4.39
 1719.20  4.39
 1719.90  4.39
 1720.60  4.39
 1721.30  4.39
 1722.00  4.39
 1722.70  4.39
 1723.40  4.39
 1724.10  4.39
 1724.80  4.39
 1725.50  4.39
 1726.20  4.39
 1726.90  4.39
 1727.60  4.39
 1728.30  4.39
 1729.00  4.39
 1729.70  4.39
 1730.40  4.39
 1731.10  4.39
 1731.80  4.39
 1732.50  4.39
 1733.20  4.39
 1733.90  4.39
 1734.60  4.39
 1735.30  4.39
 1736.00  4.39
 1736.70  4.39
 1737.40  4.39
 1738.10  4.39
 1738.80  4.39
 1739.50  4.39
 1740.20  4.39
 1740.90  4.39
 1741.60  4.39
 1742.30  4.39
 1743.00  4.39
 1743.70  4.39
 1744.40  4.39
 1745.10  4.39
 1745.80  4.39
 1746.50  4.39
 1747.20  4.39
 1747.90  4.39
 1748.60  4.39
 1749.30  4.39
 1750.00  4.39
 1750.70  4.39
 1751.40  4.39
 1752.10  4.39
 1752.80  4.39
 1753.50  4.39
 1754.20  4.39
 1754.90  4.39
 1755.60  4.39
 1756.30  4.39
 1757.00  4.39
 1757.70  4.39
 1758.40  4.39
 1759.10  4.39
 1759.80  4.39
 1760.50  4.39
 1761.20  4.39
 1761.90  4.39
 1762.60  4.39
 1763.30  4.39
 1764.00  4.39
 1764.70  4.39
 1765.40  4.39
 1766.10  4.39
 1766.80  4.39
 1767.50  4.39
 1768.20  4.39
 1768.90  4.39
 1769.60  4.39
 1770.30  4.39
 1771.00  4.39
 1771.70  4.39
 1772.40  4.39
 1773.10  4.39
 1773.80  4.39
 1774.50  4.39
 1775.20  4.39
 1775.90  4.39
 1776.60  4.39
 1777.30  4.39
 1778.00  4.39
 1778.70  4.39
 1779.40  4.39
 1780.10  4.39
 1780.80  4.39
 1781.50  4.39
 1782.20  4.39
 1782.90  4.39
 1783.60  4.39
 1784.30  4.39
 1785.00  4.39
 1785.70  4.39
 1786.40  4.39
 1787.10  4.39
 1787.80  4.39
 1788.50  4.39
 1789.20  4.39
 1789.90  4.39
 1790.60  4.39
 1791.30  4.39
 1792.00  4.39
 1792.70  4.39
 1793.40  4.39
 1794.10  4.39
 1794.80  4.39
 1795.50  4.39
 1796.20  4.39
 1796.90  4.39
 1797.60  4.39
 1798.30  4.39
 1799.00  4.39
 1799.70  4.39
 1800.40  4.39
 1801.10  4.39
 1801.80  4.39
 1802.50  4.39
 1803.20  4.39
 1803.90  4.39
 1804.60  4.39
 1805.30  4.39
 1806.00  4.39
 1806.70  4.39
 1807.40  4.39
 1808.10  4.39
 1808.80  4.39
 1809.50  4.39
 1810.20  4.39
 1810.90  4.39
 1811.60  4.39
 1812.30  4.39
 1813.00  4.39
 1813.70  4.39
 1814.40  4.39
 1815.10  4.39
 1815.80  4.39
 1816.50  4.39
 1817.20  4.39
 1817.90  4.39
 1818.60  4.39
 1819.30  4.39
 1820.00  4.39
 1820.70  4.39
 1821.40  4.39
 1822.10  4.39
 1822.80  4.39
 1823.50  4.39
 1824.20  4.39
 1824.90  4.39
 1825.60  4.39
 1826.30  4.39
 1827.00  4.39
 1827.70  4.39
 1828.40  4.39
 1829.10  4.39
 1829.80  4.39
 1830.50  4.39
 1831.20  4.39
 1831.90  4.39
 1832.60  4.39
 1833.30  4.39
 1834.00  4.39
 1834.70  4.39
 1835.40  4.39
 1836.10  4.39
 1836.80  4.39
 1837.50  4.39
 1838.20  4.39
 1838.90  4.39
 1839.60  4.39
 1840.30  4.39
 1841.00  4.39
 1841.70  4.39
 1842.40  4.39
 1843.10  4.39
 1843.80  4.39
 1844.50  4.39
 1845.20  4.39
 1845.90  4.39
 1846.60  4.39
 1847.30  4.39
 1848.00  4.39
 1848.70  4.39
 1849.40  4.39
 1850.10  4.39
 1850.80  4.39
 1851.50  4.39
 1852.20  4.39
 1852.90  4.39
 1853.60  4.39
 1854.30  4.39
 1855.00  4.39
 1855.70  4.39
 1856.40  4.39
 1857.10  4.39
 1857.80  4.39
 1858.50  4.39
 1859.20  4.39
 1859.90  4.39
 1860.60  4.39
 1861.30  4.39
 1862.00  4.39
 1862.70  4.39
 1863.40  4.39
 1864.10  4.39
 1864.80  4.39
 1865.50  4.39
 1866.20  4.39
 1866.90  4.39
 1867.60  4.39
 1868.30  4.39
 1869.00  4.39
 1869.70  4.39
 1870.40  4.39
 1871.10  4.39
 1871.80  4.39
 1872.50  4.39
 1873.20  4.39
 1873.90  4.39
 1874.60  4.39
 1875.30  4.39
 1876.00  4.39
 1876.70  4.39
 1877.40  4.39
 1878.10  4.39
 1878.80  4.39
 1879.50  4.39
 1880.20  4.39
 1880.90  4.39
 1881.60  4.39
 1882.30  4.39
 1883.00  4.39
 1883.70  4.39
 1884.40  4.39
 1885.10  4.39
 1885.80  4.39
 1886.50  4.39
 1887.20  4.39
 1887.90  4.39
 1888.60  4.39
 1889.30  4.39
 1890.00  4.39
 1890.70  4.39
 1891.40  4.39
 1892.10  4.39
 1892.80  4.39
 1893.50  4.39
 1894.20  4.39
 1894.90  4.39
 1895.60  4.39
 1896.30  4.39
 1897.00  4.39
 1897.70  4.39
 1898.40  4.39
 1899.10  4.39
 1899.80  4.39
 1900.50  4.39
 1901.20  4.39
 1901.90  4.39
 1902.60  4.39
 1903.30  4.39
 1904.00  4.39
 1904.70  4.39
 1905.40  4.39
 1906.10  4.39
 1906.80  4.39
 1907.50  4.39
 1908.20  4.39
 1908.90  4.39
 1909.60  4.39
 1910.30  4.39
 1911.00  4.39
 1911.70  4.39
 1912.40  4.39
 1913.10  4.39
 1913.80  4.39
 1914.50  4.39
 1915.20  4.39
 1915.90  4.39
 1916.60  4.39
 1917.30  4.39
 1918.00  4.39
 1918.70  4.39
 1919.40  4.39
 1920.10  4.39
 1920.80  4.39
 1921.50  4.39
 1922.20  4.39
 1922.90  4.39
 1923.60  4.39
 1924.30  4.39
 1925.00  4.39
 1925.70  4.39
 1926.40  4.39
 1927.10  4.39
 1927.80  4.39
 1928.50  4.39
 1929.20  4.39
 1929.90  4.39
 1930.60  4.39
 1931.30  4.39
 1932.00  4.39
 1932.70  4.39
 1933.40  4.39
 1934.10  4.39
 1934.80  4.39
 1935.50  4.39
 1936.20  4.39
 1936.90  4.39
 1937.60  4.39
 1938.30  4.39
 1939.00  4.39
 1939.70  4.39
 1940.40  4.39
 1941.10  4.39
 1941.80  4.39
 1942.50  4.39
 1943.20  4.39
 1943.90  4.39
 1944.60  4.39
 1945.30  4.39
 1946.00  4.39
 1946.70  4.39
 1947.40  4.39
 1948.10  4.39
 1948.80  4.39
 1949.50  4.39
 1950.20  4.39
 1950.90  4.39
 1951.60  4.39
 1952.30  4.39
 1953.00  4.39
 1953.70  4.39
 1954.40  4.39
 1955.10  4.39
 1955.80  4.39
 1956.50  4.39
 1957.20  4.39
 1957.90  4.39
 1958.60  4.39
 1959.30  4.39
 1960.00  4.39
 1960.70  4.39
 1961.40  4.39
 1962.10  4.39
 1962.80  4.39
 1963.50  4.39
 1964.20  4.39
 1964.90  4.39
 1965.60  4.39
 1966.30  4.39
 1967.00  4.39
 1967.70  4.39
 1968.40  4.39
 1969.10  4.39
 1969.80  4.39
 1970.50  4.39
 1971.20  4.39
 1971.90  4.39
 1972.60  4.39
 1973.30  4.39
 1974.00  4.39
 1974.70  4.39
 1975.40  4.39
 1976.10  4.39
 1976.80  4.39
 1977.50  4.39
 1978.20  4.39
 1978.90  4.39
 1979.60  4.39
 1980.30  4.39
 1981.00  4.39
 1981.70  4.39
 1982.40  4.39
 1983.10  4.39
 1983.80  4.39
 1984.50  4.39
 1985.20  4.39
 1985.90  4.39
 1986.60  4.39
 1987.30  4.39
 1988.00  4.39
 1988.70  4.39
 1989.40  4.39
 1990.10  4.39
 1990.80  4.39
 1991.50  4.39
 1992.20  4.39
 1992.90  4.39
 1993.60  4.39
 1994.30  4.39
 1995.00  4.39
 1995.70  4.39
 1996.40  4.39
 1997.10  4.39
 1997.80  4.39
 1998.50  4.39
 1999.20  4.39
 1999.90  4.39
 2000.60  4.39
 2001.30  4.39
 2002.00  4.39
 2002.70  4.39
 2003.40  4.39
 2004.10  4.39
 2004.80  4.39
 2005.50  4.39
 2006.20  4.39
 2006.90  4.39
 2007.60  4.39
 2008.30  4.39
 2009.00  4.39
 2009.70  4.39
 2010.40  4.39
 2011.10  4.39
 2011.80  4.39
 2012.50  4.39
 2013.20  4.39
 2013.90  4.39
 2014.60  4.39
 2015.30  4.39
 2016.00  4.39
 2016.70  4.39
 2017.40  4.39
 2018.10  4.39
 2018.80  4.39
 2019.50  4.39
 2020.20  4.39
 2020.90  4.39
 2021.60  4.39
 2022.30  4.39
 2023.00  4.39
 2023.70  4.39
 2024.40  4.39
 2025.10  4.39
 2025.80  4.39
 2026.50  4.39
 2027.20  4.39
 2027.90  4.39
 2028.60  4.39
 2029.30  4.39
 2030.00  4.39
 2030.70  4.39
 2031.40  4.39
 2032.10  4.39
 2032.80  4.39
 2033.50  4.39
 2034.20  4.39
 2034.90  4.39
 2035.60  4.39
 2036.30  4.39
 2037.00  4.39
 2037.70  4.39
 2038.40  4.39
 2039.10  4.39
 2039.80  4.39
 2040.50  4.39
 2041.20  4.39
 2041.90  4.39
 2042.60  4.39
 2043.30  4.39
 2044.00  4.39
 2044.70  4.39
 2045.40  4.39
 2046.10  4.39
 2046.80  4.39
 2047.50  4.39
 2048.20  4.39
 2048.90  4.39
 2049.60  4.39
 2050.30  4.39
 2051.00  4.39
 2051.70  4.39
 2052.40  4.39
 2053.10  4.39
 2053.80  4.39
 2054.50  4.39
 2055.20  4.39
 2055.90  4.39
 2056.60  4.39
 2057.30  4.39
 2058.00  4.39
 2058.70  4.39
 2059.40  4.39
 2060.10  4.39
 2060.80  4.39
 2061.50  4.39
 2062.20  4.39
 2062.90  4.39
 2063.60  4.39
 2064.30  4.39
 2065.00  4.39
 2065.70  4.39
 2066.40  4.39
 2067.10  4.39
 2067.80  4.39
 2068.50  4.39
 2069.20  4.39
 2069.90  4.39
 2070.60  4.39
 2071.30  4.39
 2072.00  4.39
 2072.70  4.39
 2073.40  4.39
 2074.10  4.39
 2074.80  4.39
 2075.50  4.39
 2076.20  4.39
 2076.90  4.39
 2077.60  4.39
 2078.30  4.39
 2079.00  4.39
 2079.70  4.39
 2080.40  4.39
 2081.10  4.39
 2081.80  4.39
 2082.50  4.39
 2083.20  4.39
 2083.90  4.39
 2084.60  4.39
 2085.30  4.39
 2086.00  4.39
 2086.70  4.39
 2087.40  4.39
 2088.10  4.39
 2088.80  4.39
 2089.50  4.39
 2090.20  4.39
 2090.90  4.39
 2091.60  4.39
 2092.30  4.39
 2093.00  4.39
 2093.70  4.39
 2094.40  4.39
 2095.10  4.39
 2095.80  4.39
 2096.50  4.39
 2097.20  4.39
 2097.90  4.39
 2098.60  4.39
 2099.30  4.39
 2100.00  4.39
 2100.70  4.39
 2101.40  4.39
 2102.10  4.39
 2102.80  4.39
 2103.50  4.39
 2104.20  4.39
 2104.90  4.39
 2105.60  4.39
 2106.30  4.39
 2107.00  4.39
 2107.70  4.39
 2108.40  4.39
 2109.10  4.39
 2109.80  4.39
 2110.50  4.39
 2111.20  4.39
 2111.90  4.39
 2112.60  4.39
 2113.30  4.39
 2114.00  4.39
 2114.70  4.39
 2115.40  4.39
 2116.10  4.39
 2116.80  4.39
 2117.50  4.39
 2118.20  4.39
 2118.90  4.39
 2119.60  4.39
 2120.30  4.39
 2121.00  4.39
 2121.70  4.39
 2122.40  4.39
 2123.10  4.39
 2123.80  4.39
 2124.50  4.39
 2125.20  4.39
 2125.90  4.39
 2126.60  4.39
 2127.30  4.39
 2128.00  4.39
 2128.70  4.39
 2129.40  4.39
 2130.10  4.39
 2130.80  4.39
 2131.50  4.39
 2132.20  4.39
 2132.90  4.39
 2133.60  4.39
 2134.30  4.39
 2135.00  4.39
 2135.70  4.39
 2136.40  4.39
 2137.10  4.39
 2137.80  4.39
 2138.50  4.39
 2139.20  4.39
 2139.90  4.39
 2140.60  4.39
 2141.30  4.39
 2142.00  4.39
 2142.70  4.39
 2143.40  4.39
 2144.10  4.39
 2144.80  4.39
 2145.50  4.39
 2146.20  4.39
 2146.90  4.39
 2147.60  4.39
 2148.30  4.39
 2149.00  4.39
 2149.70  4.39
 2150.40  4.39
 2151.10  4.39
 2151.80  4.39
 2152.50  4.39
 2153.20  4.39
 2153.90  4.39
 2154.60  4.39
 2155.30  4.39
 2156.00  4.39
 2156.70  4.39
 2157.40  4.39
 2158.10  4.39
 2158.80  4.39
 2159.50  4.39
 2160.20  4.39
 2160.90  4.39
 2161.60  4.39
 2162.30  4.39
 2163.00  4.39
 2163.70  4.39
 2164.40  4.39
 2165.10  4.39
 2165.80  4.39
 2166.50  4.39
 2167.20  4.39
 2167.90  4.39
 2168.60  4.39
 2169.30  4.39
 2170.00  4.39
 2170.70  4.39
 2171.40  4.39
 2172.10  4.39
 2172.80  4.39
 2173.50  4.39
 2174.20  4.39
 2174.90  4.39
 2175.60  4.39
 2176.30  4.39
 2177.00  4.39
 2177.70  4.39
 2178.40  4.39
 2179.10  4.39
 2179.80  4.39
 2180.50  4.39
 2181.20  4.39
 2181.90  4.39
 2182.60  4.39
 2183.30  4.39
 2184.00  4.39
 2184.70  4.39
 2185.40  4.39
 2186.10  4.39
 2186.80  4.39
 2187.50  4.39
 2188.20  4.39
 2188.90  4.39
 2189.60  4.39
 2190.30  4.39
 2191.00  4.39
 2191.70  4.39
 2192.40  4.39
 2193.10  4.39
 2193.80  4.39
 2194.50  4.39
 2195.20  4.39
 2195.90  4.39
 2196.60  4.39
 2197.30  4.39
 2198.00  4.39
 2198.70  4.39
 2199.40  4.39
 2200.10  4.39
 2200.80  4.39
 2201.50  4.39
 2202.20  4.39
 2202.90  4.39
 2203.60  4.39
 2204.30  4.39
 2205.00  4.39
 2205.70  4.39
 2206.40  4.39
 2207.10  4.39
 2207.80  4.39
 2208.50  4.39
 2209.20  4.39
 2209.90  4.39
 2210.60  4.39
 2211.30  4.39
 2212.00  4.39
 2212.70  4.39
 2213.40  4.39
 2214.10  4.39
 2214.80  4.39
 2215.50  4.39
 2216.20  4.39
 2216.90  4.39
 2217.60  4.39
 2218.30  4.39
 2219.00  4.39
 2219.70  4.39
 2220.40  4.39
 2221.10  4.39
 2221.80  4.39
 2222.50  4.39
 2223.20  4.39
 2223.90  4.39
 2224.60  4.39
 2225.30  4.39
 2226.00  4.39
 2226.70  4.39
 2227.40  4.39
 2228.10  4.39
 2228.80  4.39
 2229.50  4.39
 2230.20  4.39
 2230.90  4.39
 2231.60  4.39
 2232.30  4.39
 2233.00  4.39
 2233.70  4.39
 2234.40  4.39
 2235.10  4.39
 2235.80  4.39
 2236.50  4.39
 2237.20  4.39
 2237.90  4.39
 2238.60  4.39
 2239.30  4.39
 2240.00  4.39
 2240.70  4.39
 2241.40  4.39
 2242.10  4.39
 2242.80  4.39
 2243.50  4.39
 2244.20  4.39
 2244.90  4.39
 2245.60  4.39
 2246.30  4.39
 2247.00  4.39
 2247.70  4.39
 2248.40  4.39
 2249.10  4.39
 2249.80  4.39
 2250.50  4.39
 2251.20  4.39
 2251.90  4.39
 2252.60  4.39
 2253.30  4.39
 2254.00  4.39
 2254.70  4.39
 2255.40  4.39
 2256.10  4.39
 2256.80  4.39
 2257.50  4.39
 2258.20  4.39
 2258.90  4.39
 2259.60  4.39
 2260.30  4.39
 2261.00  4.39
 2261.70  4.39
 2262.40  4.39
 2263.10  4.39
 2263.80  4.39
 2264.50  4.39
 2265.20  4.39
 2265.90  4.39
 2266.60  4.39
 2267.30  4.39
 2268.00  4.39
 2268.70  4.39
 2269.40  4.39
 2270.10  4.39
 2270.80  4.39
 2271.50  4.39
 2272.20  4.39
 2272.90  4.39
 2273.60  4.39
 2274.30  4.39
 2275.00  4.39
 2275.70  4.39
 2276.40  4.39
 2277.10  4.39
 2277.80  4.39
 2278.50  4.39
 2279.20  4.39
 2279.90  4.39
 2280.60  4.39
 2281.30  4.39
 2282.00  4.39
 2282.70  4.39
 2283.40  4.39
 2284.10  4.39
 2284.80  4.39
 2285.50  4.39
 2286.20  4.39
 2286.90  4.39
 2287.60  4.39
 2288.30  4.39
 2289.00  4.39
 2289.70  4.39
 2290.40  4.39
 2291.10  4.39
 2291.80  4.39
 2292.50  4.39
 2293.20  4.39
 2293.90  4.39
 2294.60  4.39
 2295.30  4.39
 2296.00  4.39
 2296.70  4.39
 2297.40  4.39
 2298.10  4.39
 2298.80  4.39
 2299.50  4.39
 2300.20  4.39
 2300.90  4.39
 2301.60  4.39
 2302.30  4.39
 2303.00  4.39
 2303.70  4.39
 2304.40  4.39
 2305.10  4.39
 2305.80  4.39
 2306.50  4.39
 2307.20  4.39
 2307.90  4.39
 2308.60  4.39
 2309.30  4.39
 2310.00  4.39
 2310.70  4.39
 2311.40  4.39
 2312.10  4.39
 2312.80  4.39
 2313.50  4.39
 2314.20  4.39
 2314.90  4.39
 2315.60  4.39
 2316.30  4.39
 2317.00  4.39
 2317.70  4.39
 2318.40  4.39
 2319.10  4.39
 2319.80  4.39
 2320.50  4.39
 2321.20  4.39
 2321.90  4.39
 2322.60  4.39
 2323.30  4.39
 2324.00  4.39
 2324.70  4.39
 2325.40  4.39
 2326.10  4.39
 2326.80  4.39
 2327.50  4.39
 2328.20  4.39
 2328.90  4.39
 2329.60  4.39
 2330.30  4.39
 2331.00  4.39
 2331.70  4.39
 2332.40  4.39
 2333.10  4.39
 2333.80  4.39
 2334.50  4.39
 2335.20  4.39
 2335.90  4.39
 2336.60  4.39
 2337.30  4.39
 2338.00  4.39
 2338.70  4.39
 2339.40  4.39
 2340.10  4.39
 2340.80  4.39
 2341.50  4.39
 2342.20  4.39
 2342.90  4.39
 2343.60  4.39
 2344.30  4.39
 2345.00  4.39
 2345.70  4.39
 2346.40  4.39
 2347.10  4.39
 2347.80  4.39
 2348.50  4.39
 2349.20  4.39
 2349.90  4.39
 2350.60  4.39
 2351.30  4.39
 2352.00  4.39
 2352.70  4.39
 2353.40  4.39
 2354.10  4.39
 2354.80  4.39
 2355.50  4.39
 2356.20  4.39
 2356.90  4.39
 2357.60  4.39
 2358.30  4.39
 2359.00  4.39
 2359.70  4.39
 2360.40  4.39
 2361.10  4.39
 2361.80  4.39
 2362.50  4.39
 2363.20  4.39
 2363.90  4.39
 2364.60  4.39
 2365.30  4.39
 2366.00  4.39
 2366.70  4.39
 2367.40  4.39
 2368.10  4.39
 2368.80  4.39
 2369.50  4.39
 2370.20  4.39
 2370.90  4.39
 2371.60  4.39
 2372.30  4.39
 2373.00  4.39
 2373.70  4.39
 2374.40  4.39
 2375.10  4.39
 2375.80  4.39
 2376.50  4.39
 2377.20  4.39
 2377.90  4.39
 2378.60  4.39
 2379.30  4.39
 2380.00  4.39
 2380.70  4.39
 2381.40  4.39
 2382.10  4.39
 2382.80  4.39
 2383.50  4.39
 2384.20  4.39
 2384.90  4.39
 2385.60  4.39
 2386.30  4.39
 2387.00  4.39
 2387.70  4.39
 2388.40  4.39
 2389.10  4.39
 2389.80  4.39
 2390.50  4.39
 2391.20  4.39
 2391.90  4.39
 2392.60  4.39
 2393.30  4.39
 2394.00  4.39
 2394.70  4.39
 2395.40  4.39
 2396.10  4.39
 2396.80  4.39
 2397.50  4.39
 2398.20  4.39
 2398.90  4.39
 2399.60  4.39
 2400.30  4.39
 2401.00  4.39
 2401.70  4.39
 2402.40  4.39
 2403.10  4.39
 2403.80  4.39
 2404.50  4.39
 2405.20  4.39
 2405.90  4.39
 2406.60  4.39
 2407.30  4.39
 2408.00  4.39
 2408.70  4.39
 2409.40  4.39
 2410.10  4.39
 2410.80  4.39
 2411.50  4.39
 2412.20  4.39
 2412.90  4.39
 2413.60  4.39
 2414.30  4.39
 2415.00  4.39
 2415.70  4.39
 2416.40  4.39
 2417.10  4.39
 2417.80  4.39
 2418.50  4.39
 2419.20  4.39
 2419.90  4.39
 2420.60  4.39
 2421.30  4.39
 2422.00  4.39
 2422.70  4.39
 2423.40  4.39
 2424.10  4.39
 2424.80  4.39
 2425.50  4.39
 2426.20  4.39
 2426.90  4.39
 2427.60  4.39
 2428.30  4.39
 2429.00  4.39
 2429.70  4.39
 2430.40  4.39
 2431.10  4.39
 2431.80  4.39
 2432.50  4.39
 2433.20  4.39
 2433.90  4.39
 2434.60  4.39
 2435.30  4.39
 2436.00  4.39
 2436.70  4.39
 2437.40  4.39
 2438.10  4.39
 2438.80  4.39
 2439.50  4.39
 2440.20  4.39
 2440.90  4.39
 2441.60  4.39
 2442.30  4.39
 2443.00  4.39
 2443.70  4.39
 2444.40  4.39
 2445.10  4.39
 2445.80  4.39
 2446.50  4.39
 2447.20  4.39
 2447.90  4.39
 2448.60  4.39
 2449.30  4.39
 2450.00  4.39
 2450.70  4.39
 2451.40  4.39
 2452.10  4.39
 2452.80  4.39
 2453.50  4.39
 2454.20  4.39
 2454.90  4.39
 2455.60  4.39
 2456.30  4.39
 2457.00  4.39
 2457.70  4.39
 2458.40  4.39
 2459.10  4.39
 2459.80  4.39
 2460.50  4.39
 2461.20  4.39
 2461.90  4.39
 2462.60  4.39
 2463.30  4.39
 2464.00  4.39
 2464.70  4.39
 2465.40  4.39
 2466.10  4.39
 2466.80  4.39
 2467.50  4.39
 2468.20  4.39
 2468.90  4.39
 2469.60  4.39
 2470.30  4.39
 2471.00  4.39
 2471.70  4.39
 2472.40  4.39
 2473.10  4.39
 2473.80  4.39
 2474.50  4.39
 2475.20  4.39
 2475.90  4.39
 2476.60  4.39
 2477.30  4.39
 2478.00  4.39
 2478.70  4.39
 2479.40  4.39
 2480.10  4.39
 2480.80  4.39
 2481.50  4.39
 2482.20  4.39
 2482.90  4.39
 2483.60  4.39
 2484.30  4.39
 2485.00  4.39
 2485.70  4.39
 2486.40  4.39
 2487.10  4.39
 2487.80  4.39
 2488.50  4.39
 2489.20  4.39
 2489.90  4.39
 2490.60  4.39
 2491.30  4.39
 2492.00  4.39
 2492.70  4.39
 2493.40  4.39
 2494.10  4.39
 2494.80  4.39
 2495.50  4.39
 2496.20  4.39
 2496.90  4.39
 2497.60  4.39
 2498.30  4.39
 2499.00  4.39
 2499.70  4.39
 2500.40  4.39
 2501.10  4.39
 2501.80  4.39
 2502.50  4.39
 2503.20  4.39
 2503.90  4.39
 2504.60  4.39
 2505.30  4.39
 2506.00  4.39
 2506.70  4.39
 2507.40  4.39
 2508.10  4.39
 2508.80  4.39
 2509.50  4.39
 2510.20  4.39
 2510.90  4.39
 2511.60  4.39
 2512.30  4.39
 2513.00  4.39
 2513.70  4.39
 2514.40  4.39
 2515.10  4.39
 2515.80  4.39
 2516.50  4.39
 2517.20  4.39
 2517.90  4.39
 2518.60  4.39
 2519.30  4.39
 2520.00  4.39
 2520.70  4.39
 2521.40  4.39
 2522.10  4.39
 2522.80  4.39
 2523.50  4.39
 2524.20  4.39
 2524.90  4.39
 2525.60  4.39
 2526.30  4.39
 2527.00  4.39
 2527.70  4.39
 2528.40  4.39
 2529.10  4.39
 2529.80  4.39
 2530.50  4.39
 2531.20  4.39
 2531.90  4.39
 2532.60  4.39
 2533.30  4.39
 2534.00  4.39
 2534.70  4.39
 2535.40  4.39
 2536.10  4.39
 2536.80  4.39
 2537.50  4.39
 2538.20  4.39
 2538.90  4.39
 2539.60  4.39
 2540.30  4.39
 2541.00  4.39
 2541.70  4.39
 2542.40  4.39
 2543.10  4.39
 2543.80  4.39
 2544.50  4.39
 2545.20  4.39
 2545.90  4.39
 2546.60  4.39
 2547.30  4.39
 2548.00  4.39
 2548.70  4.39
 2549.40  4.39
 2550.10  4.39
 2550.80  4.39
 2551.50  4.39
 2552.20  4.39
 2552.90  4.39
 2553.60  4.39
 2554.30  4.39
 2555.00  4.39
 2555.70  4.39
 2556.40  4.39
 2557.10  4.39
 2557.80  4.39
 2558.50  4.39
 2559.20  4.39
 2559.90  4.39
 2560.60  4.39
 2561.30  4.39
 2562.00  4.39
 2562.70  4.39
 2563.40  4.39
 2564.10  4.39
 2564.80  4.39
 2565.50  4.39
 2566.20  4.39
 2566.90  4.39
 2567.60  4.39
 2568.30  4.39
 2569.00  4.39
 2569.70  4.39
 2570.40  4.39
 2571.10  4.39
 2571.80  4.39
 2572.50  4.39
 2573.20  4.39
 2573.90  4.39
 2574.60  4.39
 2575.30  4.39
 2576.00  4.39
 2576.70  4.39
 2577.40  4.39
 2578.10  4.39
 2578.80  4.39
 2579.50  4.39
 2580.20  4.39
 2580.90  4.39
 2581.60  4.39
 2582.30  4.39
 2583.00  4.39
 2583.70  4.39
 2584.40  4.39
 2585.10  4.39
 2585.80  4.39
 2586.50  4.39
 2587.20  4.39
 2587.90  4.39
 2588.60  4.39
 2589.30  4.39
 2590.00  4.39
 2590.70  4.39
 2591.40  4.39
 2592.10  4.39
 2592.80  4.39
 2593.50  4.39
 2594.20  4.39
 2594.90  4.39
 2595.60  4.39
 2596.30  4.39
 2597.00  4.39
 2597.70  4.39
 2598.40  4.39
 2599.10  4.39
 2599.80  4.39
 2600.50  4.39
 2601.20  4.39
 2601.90  4.39
 2602.60  4.39
 2603.30  4.39
 2604.00  4.39
 2604.70  4.39
 2605.40  4.39
 2606.10  4.39
 2606.80  4.39
 2607.50  4.39
 2608.20  4.39
 2608.90  4.39
 2609.60  4.39
 2610.30  4.39
 2611.00  4.39
 2611.70  4.39
 2612.40  4.39
 2613.10  4.39
 2613.80  4.39
 2614.50  4.39
 2615.20  4.39
 2615.90  4.39
 2616.60  4.39
 2617.30  4.39
 2618.00  4.39
 2618.70  4.39
 2619.40  4.39
 2620.10  4.39
 2620.80  4.39
 2621.50  4.39
 2622.20  4.39
 2622.90  4.39
 2623.60  4.39
 2624.30  4.39
 2625.00  4.39
 2625.70  4.39
 2626.40  4.39
 2627.10  4.39
 2627.80  4.39
 2628.50  4.39
 2629.20  4.39
 2629.90  4.39
 2630.60  4.39
 2631.30  4.39
 2632.00  4.39
 2632.70  4.39
 2633.40  4.39
 2634.10  4.39
 2634.80  4.39
 2635.50  4.39
 2636.20  4.39
 2636.90  4.39
 2637.60  4.39
 2638.30  4.39
 2639.00  4.39
 2639.70  4.39
 2640.40  4.39
 2641.10  4.39
 2641.80  4.39
 2642.50  4.39
 2643.20  4.39
 2643.90  4.39
 2644.60  4.39
 2645.30  4.39
 2646.00  4.39
 2646.70  4.39
 2647.40  4.39
 2648.10  4.39
 2648.80  4.39
 2649.50  4.39
 2650.20  4.39
 2650.90  4.39
 2651.60  4.39
 2652.30  4.39
 2653.00  4.39
 2653.70  4.39
 2654.40  4.39
 2655.10  4.39
 2655.80  4.39
 2656.50  4.39
 2657.20  4.39
 2657.90  4.39
 2658.60  4.39
 2659.30  4.39
 2660.00  4.39
 2660.70  4.39
 2661.40  4.39
 2662.10  4.39
 2662.80  4.39
 2663.50  4.39
 2664.20  4.39
 2664.90  4.39
 2665.60  4.39
 2666.30  4.39
 2667.00  4.39
 2667.70  4.39
 2668.40  4.39
 2669.10  4.39
 2669.80  4.39
 2670.50  4.39
 2671.20  4.39
 2671.90  4.39
 2672.60  4.39
 2673.30  4.39
 2674.00  4.39
 2674.70  4.39
 2675.40  4.39
 2676.10  4.39
 2676.80  4.39
 2677.50  4.39
 2678.20  4.39
 2678.90  4.39
 2679.60  4.39
 2680.30  4.39
 2681.00  4.39
 2681.70  4.39
 2682.40  4.39
 2683.10  4.39
 2683.80  4.39
 2684.50  4.39
 2685.20  4.39
 2685.90  4.39
 2686.60  4.39
 2687.30  4.39
 2688.00  4.39
 2688.70  4.39
 2689.40  4.39
 2690.10  4.39
 2690.80  4.39
 2691.50  4.39
 2692.20  4.39
 2692.90  4.39
 2693.60  4.39
 2694.30  4.39
 2695.00  4.39
 2695.70  4.39
 2696.40  4.39
 2697.10  4.39
 2697.80  4.39
 2698.50  4.39
 2699.20  4.39
 2699.90  4.39
 2700.60  4.39
 2701.30  4.39
 2702.00  4.39
 2702.70  4.39
 2703.40  4.39
 2704.10  4.39
 2704.80  4.39
 2705.50  4.39
 2706.20  4.39
 2706.90  4.39
 2707.60  4.39
 2708.30  4.39
 2709.00  4.39
 2709.70  4.39
 2710.40  4.39
 2711.10  4.39
 2711.80  4.39
 2712.50  4.39
 2713.20  4.39
 2713.90  4.39
 2714.60  4.39
 2715.30  4.39
 2716.00  4.39
 2716.70  4.39
 2717.40  4.39
 2718.10  4.39
 2718.80  4.39
 2719.50  4.39
 2720.20  4.39
 2720.90  4.39
 2721.60  4.39
 2722.30  4.39
 2723.00  4.39
 2723.70  4.39
 2724.40  4.39
 2725.10  4.39
 2725.80  4.39
 2726.50  4.39
 2727.20  4.39
 2727.90  4.39
 2728.60  4.39
 2729.30  4.39
 2730.00  4.39
 2730.70  4.39
 2731.40  4.39
 2732.10  4.39
 2732.80  4.39
 2733.50  4.39
 2734.20  4.39
 2734.90  4.39
 2735.60  4.39
 2736.30  4.39
 2737.00  4.39
 2737.70  4.39
 2738.40  4.39
 2739.10  4.39
 2739.80  4.39
 2740.50  4.39
 2741.20  4.39
 2741.90  4.39
 2742.60  4.39
 2743.30  4.39
 2744.00  4.39
 2744.70  4.39
 2745.40  4.39
 2746.10  4.39
 2746.80  4.39
 2747.50  4.39
 2748.20  4.39
 2748.90  4.39
 2749.60  4.39
 2750.30  4.39
 2751.00  4.39
 2751.70  4.39
 2752.40  4.39
 2753.10  4.39
 2753.80  4.39
 2754.50  4.39
 2755.20  4.39
 2755.90  4.39
 2756.60  4.39
 2757.30  4.39
 2758.00  4.39
 2758.70  4.39
 2759.40  4.39
 2760.10  4.39
 2760.80  4.39
 2761.50  4.39
 2762.20  4.39
 2762.90  4.39
 2763.60  4.39
 2764.30  4.39
 2765.00  4.39
 2765.70  4.39
 2766.40  4.39
 2767.10  4.39
 2767.80  4.39
 2768.50  4.39
 2769.20  4.39
 2769.90  4.39
 2770.60  4.39
 2771.30  4.39
 2772.00  4.39
 2772.70  4.39
 2773.40  4.39
 2774.10  4.39
 2774.80  4.39
 2775.50  4.39
 2776.20  4.39
 2776.90  4.39
 2777.60  4.39
 2778.30  4.39
 2779.00  4.39
 2779.70  4.39
 2780.40  4.39
 2781.10  4.39
 2781.80  4.39
 2782.50  4.39
 2783.20  4.39
 2783.90  4.39
 2784.60  4.39
 2785.30  4.39
 2786.00  4.39
 2786.70  4.39
 2787.40  4.39
 2788.10  4.39
 2788.80  4.39
 2789.50  4.39
 2790.20  4.39
 2790.90  4.39
 2791.60  4.39
 2792.30  4.39
 2793.00  4.39
 2793.70  4.39
 2794.40  4.39
 2795.10  4.39
 2795.80  4.39
 2796.50  4.39
 2797.20  4.39
 2797.90  4.39
 2798.60  4.39
 2799.30  4.39
 2800.00  4.39
 2800.70  4.39
 2801.40  4.39
 2802.10  4.39
 2802.80  4.39
 2803.50  4.39
 2804.20  4.39
 2804.90  4.39
 2805.60  4.39
 2806.30  4.39
 2807.00  4.39
 2807.70  4.39
 2808.40  4.39
 2809.10  4.39
 2809.80  4.39
 2810.50  4.39
 2811.20  4.39
 2811.90  4.39
 2812.60  4.39
 2813.30  4.39
 2814.00  4.39
 2814.70  4.39
 2815.40  4.39
 2816.10  4.39
 2816.80  4.39
 2817.50  4.39
 2818.20  4.39
 2818.90  4.39
 2819.60  4.39
 2820.30  4.39
 2821.00  4.39
 2821.70  4.39
 2822.40  4.39
 2823.10  4.39
 2823.80  4.39
 2824.50  4.39
 2825.20  4.39
 2825.90  4.39
 2826.60  4.39
 2827.30  4.39
 2828.00  4.39
 2828.70  4.39
 2829.40  4.39
 2830.10  4.39
 2830.80  4.39
 2831.50  4.39
 2832.20  4.39
 2832.90  4.39
 2833.60  4.39
 2834.30  4.39
 2835.00  4.39
 2835.70  4.39
 2836.40  4.39
 2837.10  4.39
 2837.80  4.39
 2838.50  4.39
 2839.20  4.39
 2839.90  4.39
 2840.60  4.39
 2841.30  4.39
 2842.00  4.39
 2842.70  4.39
 2843.40  4.39
 2844.10  4.39
 2844.80  4.39
 2845.50  4.39
 2846.20  4.39
 2846.90  4.39
 2847.60  4.39
 2848.30  4.39
 2849.00  4.39
 2849.70  4.39
 2850.40  4.39
 2851.10  4.39
 2851.80  4.39
 2852.50  4.39
 2853.20  4.39
 2853.90  4.39
 2854.60  4.39
 2855.30  4.39
 2856.00  4.39
 2856.70  4.39
 2857.40  4.39
 2858.10  4.39
 2858.80  4.39
 2859.50  4.39
 2860.20  4.39
 2860.90  4.39
 2861.60  4.39
 2862.30  4.39
 2863.00  4.39
 2863.70  4.39
 2864.40  4.39
 2865.10  4.39
 2865.80  4.39
 2866.50  4.39
 2867.20  4.39
 2867.90  4.39
 2868.60  4.39
 2869.30  4.39
 2870.00  4.39
 2870.70  4.39
 2871.40  4.39
 2872.10  4.39
 2872.80  4.39
 2873.50  4.39
 2874.20  4.39
 2874.90  4.39
 2875.60  4.39
 2876.30  4.39
 2877.00  4.39
 2877.70  4.39
 2878.40  4.39
 2879.10  4.39
 2879.80  4.39
 2880.50  4.39
 2881.20  4.39
 2881.90  4.39
 2882.60  4.39
 2883.30  4.39
 2884.00  4.39
 2884.70  4.39
 2885.40  4.39
 2886.10  4.39
 2886.80  4.39
 2887.50  4.39
 2888.20  4.39
 2888.90  4.39
 2889.60  4.39
 2890.30  4.39
 2891.00  4.39
 2891.70  4.39
 2892.40  4.39
 2893.10  4.39
 2893.80  4.39
 2894.50  4.39
 2895.20  4.39
 2895.90  4.39
 2896.60  4.39
 2897.30  4.39
 2898.00  4.39
 2898.70  4.39
 2899.40  4.39
 2900.10  4.39
 2900.80  4.39
 2901.50  4.39
 2902.20  4.39
 2902.90  4.39
 2903.60  4.39
 2904.30  4.39
 2905.00  4.39
 2905.70  4.39
 2906.40  4.39
 2907.10  4.39
 2907.80  4.39
 2908.50  4.39
 2909.20  4.39
 2909.90  4.39
 2910.60  4.39
 2911.30  4.39
 2912.00  4.39
 2912.70  4.39
 2913.40  4.39
 2914.10  4.39
 2914.80  4.39
 2915.50  4.39
 2916.20  4.39
 2916.90  4.39
 2917.60  4.39
 2918.30  4.39
 2919.00  4.39
 2919.70  4.39
 2920.40  4.39
 2921.10  4.39
 2921.80  4.39
 2922.50  4.39
 2923.20  4.39
 2923.90  4.39
 2924.60  4.39
 2925.30  4.39
 2926.00  4.39
 2926.70  4.39
 2927.40  4.39
 2928.10  4.39
 2928.80  4.39
 2929.50  4.39
 2930.20  4.39
 2930.90  4.39
 2931.60  4.39
 2932.30  4.39
 2933.00  4.39
 2933.70  4.39
 2934.40  4.39
 2935.10  4.39
 2935.80  4.39
 2936.50  4.39
 2937.20  4.39
 2937.90  4.39
 2938.60  4.39
 2939.30  4.39
 2940.00  4.39
 2940.70  4.39
 2941.40  4.39
 2942.10  4.39
 2942.80  4.39
 2943.50  4.39
 2944.20  4.39
 2944.90  4.39
 2945.60  4.39
 2946.30  4.39
 2947.00  4.39
 2947.70  4.39
 2948.40  4.39
 2949.10  4.39
 2949.80  4.39
 2950.50  4.39
 2951.20  4.39
 2951.90  4.39
 2952.60  4.39
 2953.30  4.39
 2954.00  4.39
 2954.70  4.39
 2955.40  4.39
 2956.10  4.39
 2956.80  4.39
 2957.50  4.39
 2958.20  4.39
 2958.90  4.39
 2959.60  4.39
 2960.30  4.39
 2961.00  4.39
 2961.70  4.39
 2962.40  4.39
 2963.10  4.39
 2963.80  4.39
 2964.50  4.39
 2965.20  4.39
 2965.90  4.39
 2966.60  4.39
 2967.30  4.39
 2968.00  4.39
 2968.70  4.39
 2969.40  4.39
 2970.10  4.39
 2970.80  4.39
 2971.50  4.39
 2972.20  4.39
 2972.90  4.39
 2973.60  4.39
 2974.30  4.39
 2975.00  4.39
 2975.70  4.39
 2976.40  4.39
 2977.10  4.39
 2977.80  4.39
 2978.50  4.39
 2979.20  4.39
 2979.90  4.39
 2980.60  4.39
 2981.30  4.39
 2982.00  4.39
 2982.70  4.39
 2983.40  4.39
 2984.10  4.39
 2984.80  4.39
 2985.50  4.39
 2986.20  4.39
 2986.90  4.39
 2987.60  4.39
 2988.30  4.39
 2989.00  4.39
 2989.70  4.39
 2990.40  4.39
 2991.10  4.39
 2991.80  4.39
 2992.50  4.39
 2993.20  4.39
 2993.90  4.39
 2994.60  4.39
 2995.30  4.39
 2996.00  4.39
 2996.70  4.39
 2997.40  4.39
 2998.10  4.39
 2998.80  4.39
 2999.50  4.39
