#Navio B MarAd
#Manobra de Curva Giro
#
#Eta 
#
#temp      rot 
 0.00  1.00
 0.70  1.00
 1.40  1.00
 2.10  1.00
 2.80  1.00
 3.50  1.00
 4.20  1.00
 4.90  1.00
 5.60  1.00
 6.30  1.00
 7.00  1.00
 7.70  1.00
 8.40  1.00
 9.10  1.00
 9.80  1.01
 10.50  1.01
 11.20  1.01
 11.90  1.01
 12.60  1.01
 13.30  1.01
 14.00  1.01
 14.70  1.01
 15.40  1.01
 16.10  1.01
 16.80  1.01
 17.50  1.01
 18.20  1.01
 18.90  1.01
 19.60  1.01
 20.30  1.01
 21.00  1.01
 21.70  1.01
 22.40  1.01
 23.10  1.01
 23.80  1.01
 24.50  1.02
 25.20  1.02
 25.90  1.02
 26.60  1.02
 27.30  1.02
 28.00  1.02
 28.70  1.02
 29.40  1.02
 30.10  1.02
 30.80  1.02
 31.50  1.02
 32.20  1.02
 32.90  1.02
 33.60  1.02
 34.30  1.02
 35.00  1.02
 35.70  1.02
 36.40  1.02
 37.10  1.03
 37.80  1.03
 38.50  1.03
 39.20  1.03
 39.90  1.03
 40.60  1.03
 41.30  1.03
 42.00  1.03
 42.70  1.03
 43.40  1.03
 44.10  1.03
 44.80  1.03
 45.50  1.03
 46.20  1.03
 46.90  1.03
 47.60  1.03
 48.30  1.04
 49.00  1.04
 49.70  1.04
 50.40  1.04
 51.10  1.04
 51.80  1.04
 52.50  1.04
 53.20  1.04
 53.90  1.04
 54.60  1.04
 55.30  1.04
 56.00  1.04
 56.70  1.04
 57.40  1.05
 58.10  1.05
 58.80  1.05
 59.50  1.05
 60.20  1.05
 60.90  1.05
 61.60  1.05
 62.30  1.05
 63.00  1.05
 63.70  1.05
 64.40  1.05
 65.10  1.05
 65.80  1.06
 66.50  1.06
 67.20  1.06
 67.90  1.06
 68.60  1.06
 69.30  1.06
 70.00  1.06
 70.70  1.06
 71.40  1.06
 72.10  1.06
 72.80  1.06
 73.50  1.07
 74.20  1.07
 74.90  1.07
 75.60  1.07
 76.30  1.07
 77.00  1.07
 77.70  1.07
 78.40  1.07
 79.10  1.07
 79.80  1.08
 80.50  1.08
 81.20  1.08
 81.90  1.08
 82.60  1.08
 83.30  1.08
 84.00  1.08
 84.70  1.08
 85.40  1.08
 86.10  1.09
 86.80  1.09
 87.50  1.09
 88.20  1.09
 88.90  1.09
 89.60  1.09
 90.30  1.09
 91.00  1.09
 91.70  1.10
 92.40  1.10
 93.10  1.10
 93.80  1.10
 94.50  1.10
 95.20  1.10
 95.90  1.10
 96.60  1.11
 97.30  1.11
 98.00  1.11
 98.70  1.11
 99.40  1.11
 100.10  1.11
 100.80  1.11
 101.50  1.12
 102.20  1.12
 102.90  1.12
 103.60  1.12
 104.30  1.12
 105.00  1.12
 105.70  1.12
 106.40  1.13
 107.10  1.13
 107.80  1.13
 108.50  1.13
 109.20  1.13
 109.90  1.13
 110.60  1.14
 111.30  1.14
 112.00  1.14
 112.70  1.14
 113.40  1.14
 114.10  1.14
 114.80  1.14
 115.50  1.15
 116.20  1.15
 116.90  1.15
 117.60  1.15
 118.30  1.15
 119.00  1.15
 119.70  1.16
 120.40  1.16
 121.10  1.16
 121.80  1.16
 122.50  1.16
 123.20  1.17
 123.90  1.17
 124.60  1.17
 125.30  1.17
 126.00  1.17
 126.70  1.17
 127.40  1.18
 128.10  1.18
 128.80  1.18
 129.50  1.18
 130.20  1.18
 130.90  1.19
 131.60  1.19
 132.30  1.19
 133.00  1.19
 133.70  1.19
 134.40  1.20
 135.10  1.20
 135.80  1.20
 136.50  1.20
 137.20  1.20
 137.90  1.21
 138.60  1.21
 139.30  1.21
 140.00  1.21
 140.70  1.21
 141.40  1.22
 142.10  1.22
 142.80  1.22
 143.50  1.22
 144.20  1.22
 144.90  1.23
 145.60  1.23
 146.30  1.23
 147.00  1.23
 147.70  1.23
 148.40  1.24
 149.10  1.24
 149.80  1.24
 150.50  1.24
 151.20  1.24
 151.90  1.25
 152.60  1.25
 153.30  1.25
 154.00  1.25
 154.70  1.26
 155.40  1.26
 156.10  1.26
 156.80  1.26
 157.50  1.26
 158.20  1.27
 158.90  1.27
 159.60  1.27
 160.30  1.27
 161.00  1.28
 161.70  1.28
 162.40  1.28
 163.10  1.28
 163.80  1.29
 164.50  1.29
 165.20  1.29
 165.90  1.29
 166.60  1.29
 167.30  1.30
 168.00  1.30
 168.70  1.30
 169.40  1.30
 170.10  1.31
 170.80  1.31
 171.50  1.31
 172.20  1.31
 172.90  1.32
 173.60  1.32
 174.30  1.32
 175.00  1.32
 175.70  1.33
 176.40  1.33
 177.10  1.33
 177.80  1.33
 178.50  1.34
 179.20  1.34
 179.90  1.34
 180.60  1.34
 181.30  1.35
 182.00  1.35
 182.70  1.35
 183.40  1.35
 184.10  1.36
 184.80  1.36
 185.50  1.36
 186.20  1.36
 186.90  1.37
 187.60  1.37
 188.30  1.37
 189.00  1.37
 189.70  1.38
 190.40  1.38
 191.10  1.38
 191.80  1.38
 192.50  1.39
 193.20  1.39
 193.90  1.39
 194.60  1.39
 195.30  1.40
 196.00  1.40
 196.70  1.40
 197.40  1.40
 198.10  1.41
 198.80  1.41
 199.50  1.41
 200.20  1.41
 200.90  1.42
 201.60  1.42
 202.30  1.42
 203.00  1.43
 203.70  1.43
 204.40  1.43
 205.10  1.43
 205.80  1.44
 206.50  1.44
 207.20  1.44
 207.90  1.44
 208.60  1.45
 209.30  1.45
 210.00  1.45
 210.70  1.45
 211.40  1.46
 212.10  1.46
 212.80  1.46
 213.50  1.47
 214.20  1.47
 214.90  1.47
 215.60  1.47
 216.30  1.48
 217.00  1.48
 217.70  1.48
 218.40  1.48
 219.10  1.49
 219.80  1.49
 220.50  1.49
 221.20  1.50
 221.90  1.50
 222.60  1.50
 223.30  1.50
 224.00  1.51
 224.70  1.51
 225.40  1.51
 226.10  1.52
 226.80  1.52
 227.50  1.52
 228.20  1.52
 228.90  1.53
 229.60  1.53
 230.30  1.53
 231.00  1.53
 231.70  1.54
 232.40  1.54
 233.10  1.54
 233.80  1.55
 234.50  1.55
 235.20  1.55
 235.90  1.55
 236.60  1.56
 237.30  1.56
 238.00  1.56
 238.70  1.57
 239.40  1.57
 240.10  1.57
 240.80  1.57
 241.50  1.58
 242.20  1.58
 242.90  1.58
 243.60  1.59
 244.30  1.59
 245.00  1.59
 245.70  1.59
 246.40  1.60
 247.10  1.60
 247.80  1.60
 248.50  1.60
 249.20  1.61
 249.90  1.61
 250.60  1.61
 251.30  1.62
 252.00  1.62
 252.70  1.62
 253.40  1.62
 254.10  1.63
 254.80  1.63
 255.50  1.63
 256.20  1.64
 256.90  1.64
 257.60  1.64
 258.30  1.64
 259.00  1.65
 259.70  1.65
 260.40  1.65
 261.10  1.66
 261.80  1.66
 262.50  1.66
 263.20  1.66
 263.90  1.67
 264.60  1.67
 265.30  1.67
 266.00  1.68
 266.70  1.68
 267.40  1.68
 268.10  1.68
 268.80  1.69
 269.50  1.69
 270.20  1.69
 270.90  1.70
 271.60  1.70
 272.30  1.70
 273.00  1.70
 273.70  1.71
 274.40  1.71
 275.10  1.71
 275.80  1.72
 276.50  1.72
 277.20  1.72
 277.90  1.72
 278.60  1.73
 279.30  1.73
 280.00  1.73
 280.70  1.74
 281.40  1.74
 282.10  1.74
 282.80  1.74
 283.50  1.75
 284.20  1.75
 284.90  1.75
 285.60  1.76
 286.30  1.76
 287.00  1.76
 287.70  1.76
 288.40  1.77
 289.10  1.77
 289.80  1.77
 290.50  1.78
 291.20  1.78
 291.90  1.78
 292.60  1.78
 293.30  1.79
 294.00  1.79
 294.70  1.79
 295.40  1.80
 296.10  1.80
 296.80  1.80
 297.50  1.80
 298.20  1.81
 298.90  1.81
 299.60  1.81
 300.30  1.82
 301.00  1.82
 301.70  1.82
 302.40  1.82
 303.10  1.83
 303.80  1.83
 304.50  1.83
 305.20  1.84
 305.90  1.84
 306.60  1.84
 307.30  1.84
 308.00  1.85
 308.70  1.85
 309.40  1.85
 310.10  1.86
 310.80  1.86
 311.50  1.86
 312.20  1.86
 312.90  1.87
 313.60  1.87
 314.30  1.87
 315.00  1.88
 315.70  1.88
 316.40  1.88
 317.10  1.88
 317.80  1.89
 318.50  1.89
 319.20  1.89
 319.90  1.89
 320.60  1.90
 321.30  1.90
 322.00  1.90
 322.70  1.91
 323.40  1.91
 324.10  1.91
 324.80  1.91
 325.50  1.92
 326.20  1.92
 326.90  1.92
 327.60  1.93
 328.30  1.93
 329.00  1.93
 329.70  1.93
 330.40  1.94
 331.10  1.94
 331.80  1.94
 332.50  1.94
 333.20  1.95
 333.90  1.95
 334.60  1.95
 335.30  1.96
 336.00  1.96
 336.70  1.96
 337.40  1.96
 338.10  1.97
 338.80  1.97
 339.50  1.97
 340.20  1.98
 340.90  1.98
 341.60  1.98
 342.30  1.98
 343.00  1.99
 343.70  1.99
 344.40  1.99
 345.10  1.99
 345.80  2.00
 346.50  2.00
 347.20  2.00
 347.90  2.01
 348.60  2.01
 349.30  2.01
 350.00  2.01
 350.70  2.02
 351.40  2.02
 352.10  2.02
 352.80  2.02
 353.50  2.03
 354.20  2.03
 354.90  2.03
 355.60  2.04
 356.30  2.04
 357.00  2.04
 357.70  2.04
 358.40  2.05
 359.10  2.05
 359.80  2.05
 360.50  2.05
 361.20  2.06
 361.90  2.06
 362.60  2.06
 363.30  2.07
 364.00  2.07
 364.70  2.07
 365.40  2.07
 366.10  2.08
 366.80  2.08
 367.50  2.08
 368.20  2.08
 368.90  2.09
 369.60  2.09
 370.30  2.09
 371.00  2.09
 371.70  2.10
 372.40  2.10
 373.10  2.10
 373.80  2.11
 374.50  2.11
 375.20  2.11
 375.90  2.11
 376.60  2.12
 377.30  2.12
 378.00  2.12
 378.70  2.12
 379.40  2.13
 380.10  2.13
 380.80  2.13
 381.50  2.13
 382.20  2.14
 382.90  2.14
 383.60  2.14
 384.30  2.14
 385.00  2.15
 385.70  2.15
 386.40  2.15
 387.10  2.15
 387.80  2.16
 388.50  2.16
 389.20  2.16
 389.90  2.17
 390.60  2.17
 391.30  2.17
 392.00  2.17
 392.70  2.18
 393.40  2.18
 394.10  2.18
 394.80  2.18
 395.50  2.19
 396.20  2.19
 396.90  2.19
 397.60  2.19
 398.30  2.20
 399.00  2.20
 399.70  2.20
 400.40  2.20
 401.10  2.21
 401.80  2.21
 402.50  2.21
 403.20  2.21
 403.90  2.22
 404.60  2.22
 405.30  2.22
 406.00  2.22
 406.70  2.23
 407.40  2.23
 408.10  2.23
 408.80  2.23
 409.50  2.24
 410.20  2.24
 410.90  2.24
 411.60  2.24
 412.30  2.25
 413.00  2.25
 413.70  2.25
 414.40  2.25
 415.10  2.26
 415.80  2.26
 416.50  2.26
 417.20  2.26
 417.90  2.27
 418.60  2.27
 419.30  2.27
 420.00  2.27
 420.70  2.28
 421.40  2.28
 422.10  2.28
 422.80  2.28
 423.50  2.28
 424.20  2.29
 424.90  2.29
 425.60  2.29
 426.30  2.29
 427.00  2.30
 427.70  2.30
 428.40  2.30
 429.10  2.30
 429.80  2.31
 430.50  2.31
 431.20  2.31
 431.90  2.31
 432.60  2.32
 433.30  2.32
 434.00  2.32
 434.70  2.32
 435.40  2.32
 436.10  2.33
 436.80  2.33
 437.50  2.33
 438.20  2.33
 438.90  2.34
 439.60  2.34
 440.30  2.34
 441.00  2.34
 441.70  2.35
 442.40  2.35
 443.10  2.35
 443.80  2.35
 444.50  2.36
 445.20  2.36
 445.90  2.36
 446.60  2.36
 447.30  2.36
 448.00  2.37
 448.70  2.37
 449.40  2.37
 450.10  2.37
 450.80  2.38
 451.50  2.38
 452.20  2.38
 452.90  2.38
 453.60  2.38
 454.30  2.39
 455.00  2.39
 455.70  2.39
 456.40  2.39
 457.10  2.40
 457.80  2.40
 458.50  2.40
 459.20  2.40
 459.90  2.40
 460.60  2.41
 461.30  2.41
 462.00  2.41
 462.70  2.41
 463.40  2.42
 464.10  2.42
 464.80  2.42
 465.50  2.42
 466.20  2.42
 466.90  2.43
 467.60  2.43
 468.30  2.43
 469.00  2.43
 469.70  2.44
 470.40  2.44
 471.10  2.44
 471.80  2.44
 472.50  2.44
 473.20  2.45
 473.90  2.45
 474.60  2.45
 475.30  2.45
 476.00  2.45
 476.70  2.46
 477.40  2.46
 478.10  2.46
 478.80  2.46
 479.50  2.46
 480.20  2.47
 480.90  2.47
 481.60  2.47
 482.30  2.47
 483.00  2.48
 483.70  2.48
 484.40  2.48
 485.10  2.48
 485.80  2.48
 486.50  2.49
 487.20  2.49
 487.90  2.49
 488.60  2.49
 489.30  2.49
 490.00  2.50
 490.70  2.50
 491.40  2.50
 492.10  2.50
 492.80  2.50
 493.50  2.51
 494.20  2.51
 494.90  2.51
 495.60  2.51
 496.30  2.51
 497.00  2.52
 497.70  2.52
 498.40  2.52
 499.10  2.52
 499.80  2.52
 500.50  2.53
 501.20  2.53
 501.90  2.53
 502.60  2.53
 503.30  2.53
 504.00  2.54
 504.70  2.54
 505.40  2.54
 506.10  2.54
 506.80  2.54
 507.50  2.55
 508.20  2.55
 508.90  2.55
 509.60  2.55
 510.30  2.55
 511.00  2.56
 511.70  2.56
 512.40  2.56
 513.10  2.56
 513.80  2.56
 514.50  2.57
 515.20  2.57
 515.90  2.57
 516.60  2.57
 517.30  2.57
 518.00  2.57
 518.70  2.58
 519.40  2.58
 520.10  2.58
 520.80  2.58
 521.50  2.58
 522.20  2.59
 522.90  2.59
 523.60  2.59
 524.30  2.59
 525.00  2.59
 525.70  2.60
 526.40  2.60
 527.10  2.60
 527.80  2.60
 528.50  2.60
 529.20  2.60
 529.90  2.61
 530.60  2.61
 531.30  2.61
 532.00  2.61
 532.70  2.61
 533.40  2.62
 534.10  2.62
 534.80  2.62
 535.50  2.62
 536.20  2.62
 536.90  2.62
 537.60  2.63
 538.30  2.63
 539.00  2.63
 539.70  2.63
 540.40  2.63
 541.10  2.63
 541.80  2.64
 542.50  2.64
 543.20  2.64
 543.90  2.64
 544.60  2.64
 545.30  2.65
 546.00  2.65
 546.70  2.65
 547.40  2.65
 548.10  2.65
 548.80  2.65
 549.50  2.66
 550.20  2.66
 550.90  2.66
 551.60  2.66
 552.30  2.66
 553.00  2.66
 553.70  2.67
 554.40  2.67
 555.10  2.67
 555.80  2.67
 556.50  2.67
 557.20  2.67
 557.90  2.68
 558.60  2.68
 559.30  2.68
 560.00  2.68
 560.70  2.68
 561.40  2.68
 562.10  2.69
 562.80  2.69
 563.50  2.69
 564.20  2.69
 564.90  2.69
 565.60  2.69
 566.30  2.70
 567.00  2.70
 567.70  2.70
 568.40  2.70
 569.10  2.70
 569.80  2.70
 570.50  2.71
 571.20  2.71
 571.90  2.71
 572.60  2.71
 573.30  2.71
 574.00  2.71
 574.70  2.72
 575.40  2.72
 576.10  2.72
 576.80  2.72
 577.50  2.72
 578.20  2.72
 578.90  2.73
 579.60  2.73
 580.30  2.73
 581.00  2.73
 581.70  2.73
 582.40  2.73
 583.10  2.73
 583.80  2.74
 584.50  2.74
 585.20  2.74
 585.90  2.74
 586.60  2.74
 587.30  2.74
 588.00  2.75
 588.70  2.75
 589.40  2.75
 590.10  2.75
 590.80  2.75
 591.50  2.75
 592.20  2.75
 592.90  2.76
 593.60  2.76
 594.30  2.76
 595.00  2.76
 595.70  2.76
 596.40  2.76
 597.10  2.77
 597.80  2.77
 598.50  2.77
 599.20  2.77
 599.90  2.77
 600.60  2.77
 601.30  2.77
 602.00  2.78
 602.70  2.78
 603.40  2.78
 604.10  2.78
 604.80  2.78
 605.50  2.78
 606.20  2.78
 606.90  2.79
 607.60  2.79
 608.30  2.79
 609.00  2.79
 609.70  2.79
 610.40  2.79
 611.10  2.79
 611.80  2.80
 612.50  2.80
 613.20  2.80
 613.90  2.80
 614.60  2.80
 615.30  2.80
 616.00  2.80
 616.70  2.81
 617.40  2.81
 618.10  2.81
 618.80  2.81
 619.50  2.81
 620.20  2.81
 620.90  2.81
 621.60  2.82
 622.30  2.82
 623.00  2.82
 623.70  2.82
 624.40  2.82
 625.10  2.82
 625.80  2.82
 626.50  2.82
 627.20  2.83
 627.90  2.83
 628.60  2.83
 629.30  2.83
 630.00  2.83
 630.70  2.83
 631.40  2.83
 632.10  2.84
 632.80  2.84
 633.50  2.84
 634.20  2.84
 634.90  2.84
 635.60  2.84
 636.30  2.84
 637.00  2.84
 637.70  2.85
 638.40  2.85
 639.10  2.85
 639.80  2.85
 640.50  2.85
 641.20  2.85
 641.90  2.85
 642.60  2.86
 643.30  2.86
 644.00  2.86
 644.70  2.86
 645.40  2.86
 646.10  2.86
 646.80  2.86
 647.50  2.86
 648.20  2.87
 648.90  2.87
 649.60  2.87
 650.30  2.87
 651.00  2.87
 651.70  2.87
 652.40  2.87
 653.10  2.87
 653.80  2.88
 654.50  2.88
 655.20  2.88
 655.90  2.88
 656.60  2.88
 657.30  2.88
 658.00  2.88
 658.70  2.88
 659.40  2.89
 660.10  2.89
 660.80  2.89
 661.50  2.89
 662.20  2.89
 662.90  2.89
 663.60  2.89
 664.30  2.89
 665.00  2.89
 665.70  2.90
 666.40  2.90
 667.10  2.90
 667.80  2.90
 668.50  2.90
 669.20  2.90
 669.90  2.90
 670.60  2.90
 671.30  2.91
 672.00  2.91
 672.70  2.91
 673.40  2.91
 674.10  2.91
 674.80  2.91
 675.50  2.91
 676.20  2.91
 676.90  2.91
 677.60  2.92
 678.30  2.92
 679.00  2.92
 679.70  2.92
 680.40  2.92
 681.10  2.92
 681.80  2.92
 682.50  2.92
 683.20  2.93
 683.90  2.93
 684.60  2.93
 685.30  2.93
 686.00  2.93
 686.70  2.93
 687.40  2.93
 688.10  2.93
 688.80  2.93
 689.50  2.94
 690.20  2.94
 690.90  2.94
 691.60  2.94
 692.30  2.94
 693.00  2.94
 693.70  2.94
 694.40  2.94
 695.10  2.94
 695.80  2.94
 696.50  2.95
 697.20  2.95
 697.90  2.95
 698.60  2.95
 699.30  2.95
 700.00  2.95
 700.70  2.95
 701.40  2.95
 702.10  2.95
 702.80  2.96
 703.50  2.96
 704.20  2.96
 704.90  2.96
 705.60  2.96
 706.30  2.96
 707.00  2.96
 707.70  2.96
 708.40  2.96
 709.10  2.96
 709.80  2.97
 710.50  2.97
 711.20  2.97
 711.90  2.97
 712.60  2.97
 713.30  2.97
 714.00  2.97
 714.70  2.97
 715.40  2.97
 716.10  2.97
 716.80  2.98
 717.50  2.98
 718.20  2.98
 718.90  2.98
 719.60  2.98
 720.30  2.98
 721.00  2.98
 721.70  2.98
 722.40  2.98
 723.10  2.98
 723.80  2.99
 724.50  2.99
 725.20  2.99
 725.90  2.99
 726.60  2.99
 727.30  2.99
 728.00  2.99
 728.70  2.99
 729.40  2.99
 730.10  2.99
 730.80  3.00
 731.50  3.00
 732.20  3.00
 732.90  3.00
 733.60  3.00
 734.30  3.00
 735.00  3.00
 735.70  3.00
 736.40  3.00
 737.10  3.00
 737.80  3.00
 738.50  3.01
 739.20  3.01
 739.90  3.01
 740.60  3.01
 741.30  3.01
 742.00  3.01
 742.70  3.01
 743.40  3.01
 744.10  3.01
 744.80  3.01
 745.50  3.01
 746.20  3.02
 746.90  3.02
 747.60  3.02
 748.30  3.02
 749.00  3.02
 749.70  3.02
 750.40  3.02
 751.10  3.02
 751.80  3.02
 752.50  3.02
 753.20  3.02
 753.90  3.03
 754.60  3.03
 755.30  3.03
 756.00  3.03
 756.70  3.03
 757.40  3.03
 758.10  3.03
 758.80  3.03
 759.50  3.03
 760.20  3.03
 760.90  3.03
 761.60  3.03
 762.30  3.04
 763.00  3.04
 763.70  3.04
 764.40  3.04
 765.10  3.04
 765.80  3.04
 766.50  3.04
 767.20  3.04
 767.90  3.04
 768.60  3.04
 769.30  3.04
 770.00  3.04
 770.70  3.05
 771.40  3.05
 772.10  3.05
 772.80  3.05
 773.50  3.05
 774.20  3.05
 774.90  3.05
 775.60  3.05
 776.30  3.05
 777.00  3.05
 777.70  3.05
 778.40  3.05
 779.10  3.06
 779.80  3.06
 780.50  3.06
 781.20  3.06
 781.90  3.06
 782.60  3.06
 783.30  3.06
 784.00  3.06
 784.70  3.06
 785.40  3.06
 786.10  3.06
 786.80  3.06
 787.50  3.06
 788.20  3.07
 788.90  3.07
 789.60  3.07
 790.30  3.07
 791.00  3.07
 791.70  3.07
 792.40  3.07
 793.10  3.07
 793.80  3.07
 794.50  3.07
 795.20  3.07
 795.90  3.07
 796.60  3.07
 797.30  3.08
 798.00  3.08
 798.70  3.08
 799.40  3.08
 800.10  3.08
 800.80  3.08
 801.50  3.08
 802.20  3.08
 802.90  3.08
 803.60  3.08
 804.30  3.08
 805.00  3.08
 805.70  3.08
 806.40  3.08
 807.10  3.09
 807.80  3.09
 808.50  3.09
 809.20  3.09
 809.90  3.09
 810.60  3.09
 811.30  3.09
 812.00  3.09
 812.70  3.09
 813.40  3.09
 814.10  3.09
 814.80  3.09
 815.50  3.09
 816.20  3.09
 816.90  3.10
 817.60  3.10
 818.30  3.10
 819.00  3.10
 819.70  3.10
 820.40  3.10
 821.10  3.10
 821.80  3.10
 822.50  3.10
 823.20  3.10
 823.90  3.10
 824.60  3.10
 825.30  3.10
 826.00  3.10
 826.70  3.11
 827.40  3.11
 828.10  3.11
 828.80  3.11
 829.50  3.11
 830.20  3.11
 830.90  3.11
 831.60  3.11
 832.30  3.11
 833.00  3.11
 833.70  3.11
 834.40  3.11
 835.10  3.11
 835.80  3.11
 836.50  3.11
 837.20  3.11
 837.90  3.12
 838.60  3.12
 839.30  3.12
 840.00  3.12
 840.70  3.12
 841.40  3.12
 842.10  3.12
 842.80  3.12
 843.50  3.12
 844.20  3.12
 844.90  3.12
 845.60  3.12
 846.30  3.12
 847.00  3.12
 847.70  3.12
 848.40  3.12
 849.10  3.13
 849.80  3.13
 850.50  3.13
 851.20  3.13
 851.90  3.13
 852.60  3.13
 853.30  3.13
 854.00  3.13
 854.70  3.13
 855.40  3.13
 856.10  3.13
 856.80  3.13
 857.50  3.13
 858.20  3.13
 858.90  3.13
 859.60  3.13
 860.30  3.14
 861.00  3.14
 861.70  3.14
 862.40  3.14
 863.10  3.14
 863.80  3.14
 864.50  3.14
 865.20  3.14
 865.90  3.14
 866.60  3.14
 867.30  3.14
 868.00  3.14
 868.70  3.14
 869.40  3.14
 870.10  3.14
 870.80  3.14
 871.50  3.14
 872.20  3.15
 872.90  3.15
 873.60  3.15
 874.30  3.15
 875.00  3.15
 875.70  3.15
 876.40  3.15
 877.10  3.15
 877.80  3.15
 878.50  3.15
 879.20  3.15
 879.90  3.15
 880.60  3.15
 881.30  3.15
 882.00  3.15
 882.70  3.15
 883.40  3.15
 884.10  3.15
 884.80  3.15
 885.50  3.16
 886.20  3.16
 886.90  3.16
 887.60  3.16
 888.30  3.16
 889.00  3.16
 889.70  3.16
 890.40  3.16
 891.10  3.16
 891.80  3.16
 892.50  3.16
 893.20  3.16
 893.90  3.16
 894.60  3.16
 895.30  3.16
 896.00  3.16
 896.70  3.16
 897.40  3.16
 898.10  3.16
 898.80  3.17
 899.50  3.17
 900.20  3.17
 900.90  3.17
 901.60  3.17
 902.30  3.17
 903.00  3.17
 903.70  3.17
 904.40  3.17
 905.10  3.17
 905.80  3.17
 906.50  3.17
 907.20  3.17
 907.90  3.17
 908.60  3.17
 909.30  3.17
 910.00  3.17
 910.70  3.17
 911.40  3.17
 912.10  3.17
 912.80  3.18
 913.50  3.18
 914.20  3.18
 914.90  3.18
 915.60  3.18
 916.30  3.18
 917.00  3.18
 917.70  3.18
 918.40  3.18
 919.10  3.18
 919.80  3.18
 920.50  3.18
 921.20  3.18
 921.90  3.18
 922.60  3.18
 923.30  3.18
 924.00  3.18
 924.70  3.18
 925.40  3.18
 926.10  3.18
 926.80  3.18
 927.50  3.19
 928.20  3.19
 928.90  3.19
 929.60  3.19
 930.30  3.19
 931.00  3.19
 931.70  3.19
 932.40  3.19
 933.10  3.19
 933.80  3.19
 934.50  3.19
 935.20  3.19
 935.90  3.19
 936.60  3.19
 937.30  3.19
 938.00  3.19
 938.70  3.19
 939.40  3.19
 940.10  3.19
 940.80  3.19
 941.50  3.19
 942.20  3.19
 942.90  3.19
 943.60  3.20
 944.30  3.20
 945.00  3.20
 945.70  3.20
 946.40  3.20
 947.10  3.20
 947.80  3.20
 948.50  3.20
 949.20  3.20
 949.90  3.20
 950.60  3.20
 951.30  3.20
 952.00  3.20
 952.70  3.20
 953.40  3.20
 954.10  3.20
 954.80  3.20
 955.50  3.20
 956.20  3.20
 956.90  3.20
 957.60  3.20
 958.30  3.20
 959.00  3.20
 959.70  3.20
 960.40  3.21
 961.10  3.21
 961.80  3.21
 962.50  3.21
 963.20  3.21
 963.90  3.21
 964.60  3.21
 965.30  3.21
 966.00  3.21
 966.70  3.21
 967.40  3.21
 968.10  3.21
 968.80  3.21
 969.50  3.21
 970.20  3.21
 970.90  3.21
 971.60  3.21
 972.30  3.21
 973.00  3.21
 973.70  3.21
 974.40  3.21
 975.10  3.21
 975.80  3.21
 976.50  3.21
 977.20  3.21
 977.90  3.21
 978.60  3.22
 979.30  3.22
 980.00  3.22
 980.70  3.22
 981.40  3.22
 982.10  3.22
 982.80  3.22
 983.50  3.22
 984.20  3.22
 984.90  3.22
 985.60  3.22
 986.30  3.22
 987.00  3.22
 987.70  3.22
 988.40  3.22
 989.10  3.22
 989.80  3.22
 990.50  3.22
 991.20  3.22
 991.90  3.22
 992.60  3.22
 993.30  3.22
 994.00  3.22
 994.70  3.22
 995.40  3.22
 996.10  3.22
 996.80  3.22
 997.50  3.22
 998.20  3.23
 998.90  3.23
 999.60  3.23
 1000.30  3.23
 1001.00  3.23
 1001.70  3.23
 1002.40  3.23
 1003.10  3.23
 1003.80  3.23
 1004.50  3.23
 1005.20  3.23
 1005.90  3.23
 1006.60  3.23
 1007.30  3.23
 1008.00  3.23
 1008.70  3.23
 1009.40  3.23
 1010.10  3.23
 1010.80  3.23
 1011.50  3.23
 1012.20  3.23
 1012.90  3.23
 1013.60  3.23
 1014.30  3.23
 1015.00  3.23
 1015.70  3.23
 1016.40  3.23
 1017.10  3.23
 1017.80  3.23
 1018.50  3.23
 1019.20  3.24
 1019.90  3.24
 1020.60  3.24
 1021.30  3.24
 1022.00  3.24
 1022.70  3.24
 1023.40  3.24
 1024.10  3.24
 1024.80  3.24
 1025.50  3.24
 1026.20  3.24
 1026.90  3.24
 1027.60  3.24
 1028.30  3.24
 1029.00  3.24
 1029.70  3.24
 1030.40  3.24
 1031.10  3.24
 1031.80  3.24
 1032.50  3.24
 1033.20  3.24
 1033.90  3.24
 1034.60  3.24
 1035.30  3.24
 1036.00  3.24
 1036.70  3.24
 1037.40  3.24
 1038.10  3.24
 1038.80  3.24
 1039.50  3.24
 1040.20  3.24
 1040.90  3.24
 1041.60  3.24
 1042.30  3.25
 1043.00  3.25
 1043.70  3.25
 1044.40  3.25
 1045.10  3.25
 1045.80  3.25
 1046.50  3.25
 1047.20  3.25
 1047.90  3.25
 1048.60  3.25
 1049.30  3.25
 1050.00  3.25
 1050.70  3.25
 1051.40  3.25
 1052.10  3.25
 1052.80  3.25
 1053.50  3.25
 1054.20  3.25
 1054.90  3.25
 1055.60  3.25
 1056.30  3.25
 1057.00  3.25
 1057.70  3.25
 1058.40  3.25
 1059.10  3.25
 1059.80  3.25
 1060.50  3.25
 1061.20  3.25
 1061.90  3.25
 1062.60  3.25
 1063.30  3.25
 1064.00  3.25
 1064.70  3.25
 1065.40  3.25
 1066.10  3.25
 1066.80  3.25
 1067.50  3.26
 1068.20  3.26
 1068.90  3.26
 1069.60  3.26
 1070.30  3.26
 1071.00  3.26
 1071.70  3.26
 1072.40  3.26
 1073.10  3.26
 1073.80  3.26
 1074.50  3.26
 1075.20  3.26
 1075.90  3.26
 1076.60  3.26
 1077.30  3.26
 1078.00  3.26
 1078.70  3.26
 1079.40  3.26
 1080.10  3.26
 1080.80  3.26
 1081.50  3.26
 1082.20  3.26
 1082.90  3.26
 1083.60  3.26
 1084.30  3.26
 1085.00  3.26
 1085.70  3.26
 1086.40  3.26
 1087.10  3.26
 1087.80  3.26
 1088.50  3.26
 1089.20  3.26
 1089.90  3.26
 1090.60  3.26
 1091.30  3.26
 1092.00  3.26
 1092.70  3.26
 1093.40  3.26
 1094.10  3.26
 1094.80  3.26
 1095.50  3.26
 1096.20  3.27
 1096.90  3.27
 1097.60  3.27
 1098.30  3.27
 1099.00  3.27
 1099.70  3.27
 1100.40  3.27
 1101.10  3.27
 1101.80  3.27
 1102.50  3.27
 1103.20  3.27
 1103.90  3.27
 1104.60  3.27
 1105.30  3.27
 1106.00  3.27
 1106.70  3.27
 1107.40  3.27
 1108.10  3.27
 1108.80  3.27
 1109.50  3.27
 1110.20  3.27
 1110.90  3.27
 1111.60  3.27
 1112.30  3.27
 1113.00  3.27
 1113.70  3.27
 1114.40  3.27
 1115.10  3.27
 1115.80  3.27
 1116.50  3.27
 1117.20  3.27
 1117.90  3.27
 1118.60  3.27
 1119.30  3.27
 1120.00  3.27
 1120.70  3.27
 1121.40  3.27
 1122.10  3.27
 1122.80  3.27
 1123.50  3.27
 1124.20  3.27
 1124.90  3.27
 1125.60  3.27
 1126.30  3.27
 1127.00  3.27
 1127.70  3.28
 1128.40  3.28
 1129.10  3.28
 1129.80  3.28
 1130.50  3.28
 1131.20  3.28
 1131.90  3.28
 1132.60  3.28
 1133.30  3.28
 1134.00  3.28
 1134.70  3.28
 1135.40  3.28
 1136.10  3.28
 1136.80  3.28
 1137.50  3.28
 1138.20  3.28
 1138.90  3.28
 1139.60  3.28
 1140.30  3.28
 1141.00  3.28
 1141.70  3.28
 1142.40  3.28
 1143.10  3.28
 1143.80  3.28
 1144.50  3.28
 1145.20  3.28
 1145.90  3.28
 1146.60  3.28
 1147.30  3.28
 1148.00  3.28
 1148.70  3.28
 1149.40  3.28
 1150.10  3.28
 1150.80  3.28
 1151.50  3.28
 1152.20  3.28
 1152.90  3.28
 1153.60  3.28
 1154.30  3.28
 1155.00  3.28
 1155.70  3.28
 1156.40  3.28
 1157.10  3.28
 1157.80  3.28
 1158.50  3.28
 1159.20  3.28
 1159.90  3.28
 1160.60  3.28
 1161.30  3.28
 1162.00  3.28
 1162.70  3.28
 1163.40  3.28
 1164.10  3.28
 1164.80  3.29
 1165.50  3.29
 1166.20  3.29
 1166.90  3.29
 1167.60  3.29
 1168.30  3.29
 1169.00  3.29
 1169.70  3.29
 1170.40  3.29
 1171.10  3.29
 1171.80  3.29
 1172.50  3.29
 1173.20  3.29
 1173.90  3.29
 1174.60  3.29
 1175.30  3.29
 1176.00  3.29
 1176.70  3.29
 1177.40  3.29
 1178.10  3.29
 1178.80  3.29
 1179.50  3.29
 1180.20  3.29
 1180.90  3.29
 1181.60  3.29
 1182.30  3.29
 1183.00  3.29
 1183.70  3.29
 1184.40  3.29
 1185.10  3.29
 1185.80  3.29
 1186.50  3.29
 1187.20  3.29
 1187.90  3.29
 1188.60  3.29
 1189.30  3.29
 1190.00  3.29
 1190.70  3.29
 1191.40  3.29
 1192.10  3.29
 1192.80  3.29
 1193.50  3.29
 1194.20  3.29
 1194.90  3.29
 1195.60  3.29
 1196.30  3.29
 1197.00  3.29
 1197.70  3.29
 1198.40  3.29
 1199.10  3.29
 1199.80  3.29
 1200.50  3.29
 1201.20  3.29
 1201.90  3.29
 1202.60  3.29
 1203.30  3.29
 1204.00  3.29
 1204.70  3.29
 1205.40  3.29
 1206.10  3.29
 1206.80  3.29
 1207.50  3.30
 1208.20  3.30
 1208.90  3.30
 1209.60  3.30
 1210.30  3.30
 1211.00  3.30
 1211.70  3.30
 1212.40  3.30
 1213.10  3.30
 1213.80  3.30
 1214.50  3.30
 1215.20  3.30
 1215.90  3.30
 1216.60  3.30
 1217.30  3.30
 1218.00  3.30
 1218.70  3.30
 1219.40  3.30
 1220.10  3.30
 1220.80  3.30
 1221.50  3.30
 1222.20  3.30
 1222.90  3.30
 1223.60  3.30
 1224.30  3.30
 1225.00  3.30
 1225.70  3.30
 1226.40  3.30
 1227.10  3.30
 1227.80  3.30
 1228.50  3.30
 1229.20  3.30
 1229.90  3.30
 1230.60  3.30
 1231.30  3.30
 1232.00  3.30
 1232.70  3.30
 1233.40  3.30
 1234.10  3.30
 1234.80  3.30
 1235.50  3.30
 1236.20  3.30
 1236.90  3.30
 1237.60  3.30
 1238.30  3.30
 1239.00  3.30
 1239.70  3.30
 1240.40  3.30
 1241.10  3.30
 1241.80  3.30
 1242.50  3.30
 1243.20  3.30
 1243.90  3.30
 1244.60  3.30
 1245.30  3.30
 1246.00  3.30
 1246.70  3.30
 1247.40  3.30
 1248.10  3.30
 1248.80  3.30
 1249.50  3.30
 1250.20  3.30
 1250.90  3.30
 1251.60  3.30
 1252.30  3.30
 1253.00  3.30
 1253.70  3.30
 1254.40  3.30
 1255.10  3.30
 1255.80  3.30
 1256.50  3.30
 1257.20  3.30
 1257.90  3.30
 1258.60  3.30
 1259.30  3.30
 1260.00  3.31
 1260.70  3.31
 1261.40  3.31
 1262.10  3.31
 1262.80  3.31
 1263.50  3.31
 1264.20  3.31
 1264.90  3.31
 1265.60  3.31
 1266.30  3.31
 1267.00  3.31
 1267.70  3.31
 1268.40  3.31
 1269.10  3.31
 1269.80  3.31
 1270.50  3.31
 1271.20  3.31
 1271.90  3.31
 1272.60  3.31
 1273.30  3.31
 1274.00  3.31
 1274.70  3.31
 1275.40  3.31
 1276.10  3.31
 1276.80  3.31
 1277.50  3.31
 1278.20  3.31
 1278.90  3.31
 1279.60  3.31
 1280.30  3.31
 1281.00  3.31
 1281.70  3.31
 1282.40  3.31
 1283.10  3.31
 1283.80  3.31
 1284.50  3.31
 1285.20  3.31
 1285.90  3.31
 1286.60  3.31
 1287.30  3.31
 1288.00  3.31
 1288.70  3.31
 1289.40  3.31
 1290.10  3.31
 1290.80  3.31
 1291.50  3.31
 1292.20  3.31
 1292.90  3.31
 1293.60  3.31
 1294.30  3.31
 1295.00  3.31
 1295.70  3.31
 1296.40  3.31
 1297.10  3.31
 1297.80  3.31
 1298.50  3.31
 1299.20  3.31
 1299.90  3.31
 1300.60  3.31
 1301.30  3.31
 1302.00  3.31
 1302.70  3.31
 1303.40  3.31
 1304.10  3.31
 1304.80  3.31
 1305.50  3.31
 1306.20  3.31
 1306.90  3.31
 1307.60  3.31
 1308.30  3.31
 1309.00  3.31
 1309.70  3.31
 1310.40  3.31
 1311.10  3.31
 1311.80  3.31
 1312.50  3.31
 1313.20  3.31
 1313.90  3.31
 1314.60  3.31
 1315.30  3.31
 1316.00  3.31
 1316.70  3.31
 1317.40  3.31
 1318.10  3.31
 1318.80  3.31
 1319.50  3.31
 1320.20  3.31
 1320.90  3.31
 1321.60  3.31
 1322.30  3.31
 1323.00  3.31
 1323.70  3.31
 1324.40  3.31
 1325.10  3.31
 1325.80  3.31
 1326.50  3.31
 1327.20  3.32
 1327.90  3.32
 1328.60  3.32
 1329.30  3.32
 1330.00  3.32
 1330.70  3.32
 1331.40  3.32
 1332.10  3.32
 1332.80  3.32
 1333.50  3.32
 1334.20  3.32
 1334.90  3.32
 1335.60  3.32
 1336.30  3.32
 1337.00  3.32
 1337.70  3.32
 1338.40  3.32
 1339.10  3.32
 1339.80  3.32
 1340.50  3.32
 1341.20  3.32
 1341.90  3.32
 1342.60  3.32
 1343.30  3.32
 1344.00  3.32
 1344.70  3.32
 1345.40  3.32
 1346.10  3.32
 1346.80  3.32
 1347.50  3.32
 1348.20  3.32
 1348.90  3.32
 1349.60  3.32
 1350.30  3.32
 1351.00  3.32
 1351.70  3.32
 1352.40  3.32
 1353.10  3.32
 1353.80  3.32
 1354.50  3.32
 1355.20  3.32
 1355.90  3.32
 1356.60  3.32
 1357.30  3.32
 1358.00  3.32
 1358.70  3.32
 1359.40  3.32
 1360.10  3.32
 1360.80  3.32
 1361.50  3.32
 1362.20  3.32
 1362.90  3.32
 1363.60  3.32
 1364.30  3.32
 1365.00  3.32
 1365.70  3.32
 1366.40  3.32
 1367.10  3.32
 1367.80  3.32
 1368.50  3.32
 1369.20  3.32
 1369.90  3.32
 1370.60  3.32
 1371.30  3.32
 1372.00  3.32
 1372.70  3.32
 1373.40  3.32
 1374.10  3.32
 1374.80  3.32
 1375.50  3.32
 1376.20  3.32
 1376.90  3.32
 1377.60  3.32
 1378.30  3.32
 1379.00  3.32
 1379.70  3.32
 1380.40  3.32
 1381.10  3.32
 1381.80  3.32
 1382.50  3.32
 1383.20  3.32
 1383.90  3.32
 1384.60  3.32
 1385.30  3.32
 1386.00  3.32
 1386.70  3.32
 1387.40  3.32
 1388.10  3.32
 1388.80  3.32
 1389.50  3.32
 1390.20  3.32
 1390.90  3.32
 1391.60  3.32
 1392.30  3.32
 1393.00  3.32
 1393.70  3.32
 1394.40  3.32
 1395.10  3.32
 1395.80  3.32
 1396.50  3.32
 1397.20  3.32
 1397.90  3.32
 1398.60  3.32
 1399.30  3.32
 1400.00  3.32
 1400.70  3.32
 1401.40  3.32
 1402.10  3.32
 1402.80  3.32
 1403.50  3.32
 1404.20  3.32
 1404.90  3.32
 1405.60  3.32
 1406.30  3.32
 1407.00  3.32
 1407.70  3.32
 1408.40  3.32
 1409.10  3.32
 1409.80  3.32
 1410.50  3.32
 1411.20  3.32
 1411.90  3.32
 1412.60  3.32
 1413.30  3.32
 1414.00  3.32
 1414.70  3.32
 1415.40  3.32
 1416.10  3.32
 1416.80  3.32
 1417.50  3.32
 1418.20  3.32
 1418.90  3.32
 1419.60  3.32
 1420.30  3.33
 1421.00  3.33
 1421.70  3.33
 1422.40  3.33
 1423.10  3.33
 1423.80  3.33
 1424.50  3.33
 1425.20  3.33
 1425.90  3.33
 1426.60  3.33
 1427.30  3.33
 1428.00  3.33
 1428.70  3.33
 1429.40  3.33
 1430.10  3.33
 1430.80  3.33
 1431.50  3.33
 1432.20  3.33
 1432.90  3.33
 1433.60  3.33
 1434.30  3.33
 1435.00  3.33
 1435.70  3.33
 1436.40  3.33
 1437.10  3.33
 1437.80  3.33
 1438.50  3.33
 1439.20  3.33
 1439.90  3.33
 1440.60  3.33
 1441.30  3.33
 1442.00  3.33
 1442.70  3.33
 1443.40  3.33
 1444.10  3.33
 1444.80  3.33
 1445.50  3.33
 1446.20  3.33
 1446.90  3.33
 1447.60  3.33
 1448.30  3.33
 1449.00  3.33
 1449.70  3.33
 1450.40  3.33
 1451.10  3.33
 1451.80  3.33
 1452.50  3.33
 1453.20  3.33
 1453.90  3.33
 1454.60  3.33
 1455.30  3.33
 1456.00  3.33
 1456.70  3.33
 1457.40  3.33
 1458.10  3.33
 1458.80  3.33
 1459.50  3.33
 1460.20  3.33
 1460.90  3.33
 1461.60  3.33
 1462.30  3.33
 1463.00  3.33
 1463.70  3.33
 1464.40  3.33
 1465.10  3.33
 1465.80  3.33
 1466.50  3.33
 1467.20  3.33
 1467.90  3.33
 1468.60  3.33
 1469.30  3.33
 1470.00  3.33
 1470.70  3.33
 1471.40  3.33
 1472.10  3.33
 1472.80  3.33
 1473.50  3.33
 1474.20  3.33
 1474.90  3.33
 1475.60  3.33
 1476.30  3.33
 1477.00  3.33
 1477.70  3.33
 1478.40  3.33
 1479.10  3.33
 1479.80  3.33
 1480.50  3.33
 1481.20  3.33
 1481.90  3.33
 1482.60  3.33
 1483.30  3.33
 1484.00  3.33
 1484.70  3.33
 1485.40  3.33
 1486.10  3.33
 1486.80  3.33
 1487.50  3.33
 1488.20  3.33
 1488.90  3.33
 1489.60  3.33
 1490.30  3.33
 1491.00  3.33
 1491.70  3.33
 1492.40  3.33
 1493.10  3.33
 1493.80  3.33
 1494.50  3.33
 1495.20  3.33
 1495.90  3.33
 1496.60  3.33
 1497.30  3.33
 1498.00  3.33
 1498.70  3.33
 1499.40  3.33
 1500.10  3.33
 1500.80  3.33
 1501.50  3.33
 1502.20  3.33
 1502.90  3.33
 1503.60  3.33
 1504.30  3.33
 1505.00  3.33
 1505.70  3.33
 1506.40  3.33
 1507.10  3.33
 1507.80  3.33
 1508.50  3.33
 1509.20  3.33
 1509.90  3.33
 1510.60  3.33
 1511.30  3.33
 1512.00  3.33
 1512.70  3.33
 1513.40  3.33
 1514.10  3.33
 1514.80  3.33
 1515.50  3.33
 1516.20  3.33
 1516.90  3.33
 1517.60  3.33
 1518.30  3.33
 1519.00  3.33
 1519.70  3.33
 1520.40  3.33
 1521.10  3.33
 1521.80  3.33
 1522.50  3.33
 1523.20  3.33
 1523.90  3.33
 1524.60  3.33
 1525.30  3.33
 1526.00  3.33
 1526.70  3.33
 1527.40  3.33
 1528.10  3.33
 1528.80  3.33
 1529.50  3.33
 1530.20  3.33
 1530.90  3.33
 1531.60  3.33
 1532.30  3.33
 1533.00  3.33
 1533.70  3.33
 1534.40  3.33
 1535.10  3.33
 1535.80  3.33
 1536.50  3.33
 1537.20  3.33
 1537.90  3.33
 1538.60  3.33
 1539.30  3.33
 1540.00  3.33
 1540.70  3.33
 1541.40  3.33
 1542.10  3.33
 1542.80  3.33
 1543.50  3.33
 1544.20  3.33
 1544.90  3.33
 1545.60  3.33
 1546.30  3.33
 1547.00  3.33
 1547.70  3.33
 1548.40  3.33
 1549.10  3.33
 1549.80  3.33
 1550.50  3.33
 1551.20  3.33
 1551.90  3.33
 1552.60  3.33
 1553.30  3.33
 1554.00  3.33
 1554.70  3.33
 1555.40  3.33
 1556.10  3.33
 1556.80  3.33
 1557.50  3.33
 1558.20  3.33
 1558.90  3.33
 1559.60  3.33
 1560.30  3.33
 1561.00  3.33
 1561.70  3.33
 1562.40  3.33
 1563.10  3.33
 1563.80  3.33
 1564.50  3.33
 1565.20  3.33
 1565.90  3.33
 1566.60  3.33
 1567.30  3.33
 1568.00  3.33
 1568.70  3.33
 1569.40  3.33
 1570.10  3.33
 1570.80  3.33
 1571.50  3.33
 1572.20  3.33
 1572.90  3.33
 1573.60  3.33
 1574.30  3.34
 1575.00  3.34
 1575.70  3.34
 1576.40  3.34
 1577.10  3.34
 1577.80  3.34
 1578.50  3.34
 1579.20  3.34
 1579.90  3.34
 1580.60  3.34
 1581.30  3.34
 1582.00  3.34
 1582.70  3.34
 1583.40  3.34
 1584.10  3.34
 1584.80  3.34
 1585.50  3.34
 1586.20  3.34
 1586.90  3.34
 1587.60  3.34
 1588.30  3.34
 1589.00  3.34
 1589.70  3.34
 1590.40  3.34
 1591.10  3.34
 1591.80  3.34
 1592.50  3.34
 1593.20  3.34
 1593.90  3.34
 1594.60  3.34
 1595.30  3.34
 1596.00  3.34
 1596.70  3.34
 1597.40  3.34
 1598.10  3.34
 1598.80  3.34
 1599.50  3.34
 1600.20  3.34
 1600.90  3.34
 1601.60  3.34
 1602.30  3.34
 1603.00  3.34
 1603.70  3.34
 1604.40  3.34
 1605.10  3.34
 1605.80  3.34
 1606.50  3.34
 1607.20  3.34
 1607.90  3.34
 1608.60  3.34
 1609.30  3.34
 1610.00  3.34
 1610.70  3.34
 1611.40  3.34
 1612.10  3.34
 1612.80  3.34
 1613.50  3.34
 1614.20  3.34
 1614.90  3.34
 1615.60  3.34
 1616.30  3.34
 1617.00  3.34
 1617.70  3.34
 1618.40  3.34
 1619.10  3.34
 1619.80  3.34
 1620.50  3.34
 1621.20  3.34
 1621.90  3.34
 1622.60  3.34
 1623.30  3.34
 1624.00  3.34
 1624.70  3.34
 1625.40  3.34
 1626.10  3.34
 1626.80  3.34
 1627.50  3.34
 1628.20  3.34
 1628.90  3.34
 1629.60  3.34
 1630.30  3.34
 1631.00  3.34
 1631.70  3.34
 1632.40  3.34
 1633.10  3.34
 1633.80  3.34
 1634.50  3.34
 1635.20  3.34
 1635.90  3.34
 1636.60  3.34
 1637.30  3.34
 1638.00  3.34
 1638.70  3.34
 1639.40  3.34
 1640.10  3.34
 1640.80  3.34
 1641.50  3.34
 1642.20  3.34
 1642.90  3.34
 1643.60  3.34
 1644.30  3.34
 1645.00  3.34
 1645.70  3.34
 1646.40  3.34
 1647.10  3.34
 1647.80  3.34
 1648.50  3.34
 1649.20  3.34
 1649.90  3.34
 1650.60  3.34
 1651.30  3.34
 1652.00  3.34
 1652.70  3.34
 1653.40  3.34
 1654.10  3.34
 1654.80  3.34
 1655.50  3.34
 1656.20  3.34
 1656.90  3.34
 1657.60  3.34
 1658.30  3.34
 1659.00  3.34
 1659.70  3.34
 1660.40  3.34
 1661.10  3.34
 1661.80  3.34
 1662.50  3.34
 1663.20  3.34
 1663.90  3.34
 1664.60  3.34
 1665.30  3.34
 1666.00  3.34
 1666.70  3.34
 1667.40  3.34
 1668.10  3.34
 1668.80  3.34
 1669.50  3.34
 1670.20  3.34
 1670.90  3.34
 1671.60  3.34
 1672.30  3.34
 1673.00  3.34
 1673.70  3.34
 1674.40  3.34
 1675.10  3.34
 1675.80  3.34
 1676.50  3.34
 1677.20  3.34
 1677.90  3.34
 1678.60  3.34
 1679.30  3.34
 1680.00  3.34
 1680.70  3.34
 1681.40  3.34
 1682.10  3.34
 1682.80  3.34
 1683.50  3.34
 1684.20  3.34
 1684.90  3.34
 1685.60  3.34
 1686.30  3.34
 1687.00  3.34
 1687.70  3.34
 1688.40  3.34
 1689.10  3.34
 1689.80  3.34
 1690.50  3.34
 1691.20  3.34
 1691.90  3.34
 1692.60  3.34
 1693.30  3.34
 1694.00  3.34
 1694.70  3.34
 1695.40  3.34
 1696.10  3.34
 1696.80  3.34
 1697.50  3.34
 1698.20  3.34
 1698.90  3.34
 1699.60  3.34
 1700.30  3.34
 1701.00  3.34
 1701.70  3.34
 1702.40  3.34
 1703.10  3.34
 1703.80  3.34
 1704.50  3.34
 1705.20  3.34
 1705.90  3.34
 1706.60  3.34
 1707.30  3.34
 1708.00  3.34
 1708.70  3.34
 1709.40  3.34
 1710.10  3.34
 1710.80  3.34
 1711.50  3.34
 1712.20  3.34
 1712.90  3.34
 1713.60  3.34
 1714.30  3.34
 1715.00  3.34
 1715.70  3.34
 1716.40  3.34
 1717.10  3.34
 1717.80  3.34
 1718.50  3.34
 1719.20  3.34
 1719.90  3.34
 1720.60  3.34
 1721.30  3.34
 1722.00  3.34
 1722.70  3.34
 1723.40  3.34
 1724.10  3.34
 1724.80  3.34
 1725.50  3.34
 1726.20  3.34
 1726.90  3.34
 1727.60  3.34
 1728.30  3.34
 1729.00  3.34
 1729.70  3.34
 1730.40  3.34
 1731.10  3.34
 1731.80  3.34
 1732.50  3.34
 1733.20  3.34
 1733.90  3.34
 1734.60  3.34
 1735.30  3.34
 1736.00  3.34
 1736.70  3.34
 1737.40  3.34
 1738.10  3.34
 1738.80  3.34
 1739.50  3.34
 1740.20  3.34
 1740.90  3.34
 1741.60  3.34
 1742.30  3.34
 1743.00  3.34
 1743.70  3.34
 1744.40  3.34
 1745.10  3.34
 1745.80  3.34
 1746.50  3.34
 1747.20  3.34
 1747.90  3.34
 1748.60  3.34
 1749.30  3.34
 1750.00  3.34
 1750.70  3.34
 1751.40  3.34
 1752.10  3.34
 1752.80  3.34
 1753.50  3.34
 1754.20  3.34
 1754.90  3.34
 1755.60  3.34
 1756.30  3.34
 1757.00  3.34
 1757.70  3.34
 1758.40  3.34
 1759.10  3.34
 1759.80  3.34
 1760.50  3.34
 1761.20  3.34
 1761.90  3.34
 1762.60  3.34
 1763.30  3.34
 1764.00  3.34
 1764.70  3.34
 1765.40  3.34
 1766.10  3.34
 1766.80  3.34
 1767.50  3.34
 1768.20  3.34
 1768.90  3.34
 1769.60  3.34
 1770.30  3.34
 1771.00  3.34
 1771.70  3.34
 1772.40  3.34
 1773.10  3.34
 1773.80  3.34
 1774.50  3.34
 1775.20  3.34
 1775.90  3.34
 1776.60  3.34
 1777.30  3.34
 1778.00  3.34
 1778.70  3.34
 1779.40  3.34
 1780.10  3.34
 1780.80  3.34
 1781.50  3.34
 1782.20  3.34
 1782.90  3.34
 1783.60  3.34
 1784.30  3.34
 1785.00  3.34
 1785.70  3.34
 1786.40  3.34
 1787.10  3.34
 1787.80  3.34
 1788.50  3.34
 1789.20  3.34
 1789.90  3.34
 1790.60  3.34
 1791.30  3.34
 1792.00  3.34
 1792.70  3.34
 1793.40  3.34
 1794.10  3.34
 1794.80  3.34
 1795.50  3.34
 1796.20  3.34
 1796.90  3.34
 1797.60  3.34
 1798.30  3.34
 1799.00  3.34
 1799.70  3.34
 1800.40  3.34
 1801.10  3.34
 1801.80  3.34
 1802.50  3.34
 1803.20  3.34
 1803.90  3.34
 1804.60  3.34
 1805.30  3.34
 1806.00  3.34
 1806.70  3.34
 1807.40  3.34
 1808.10  3.34
 1808.80  3.34
 1809.50  3.34
 1810.20  3.34
 1810.90  3.34
 1811.60  3.34
 1812.30  3.34
 1813.00  3.34
 1813.70  3.34
 1814.40  3.34
 1815.10  3.34
 1815.80  3.34
 1816.50  3.34
 1817.20  3.34
 1817.90  3.34
 1818.60  3.34
 1819.30  3.34
 1820.00  3.34
 1820.70  3.34
 1821.40  3.34
 1822.10  3.34
 1822.80  3.34
 1823.50  3.34
 1824.20  3.34
 1824.90  3.34
 1825.60  3.34
 1826.30  3.34
 1827.00  3.34
 1827.70  3.34
 1828.40  3.34
 1829.10  3.34
 1829.80  3.34
 1830.50  3.34
 1831.20  3.34
 1831.90  3.34
 1832.60  3.34
 1833.30  3.34
 1834.00  3.34
 1834.70  3.34
 1835.40  3.34
 1836.10  3.34
 1836.80  3.34
 1837.50  3.34
 1838.20  3.34
 1838.90  3.34
 1839.60  3.34
 1840.30  3.34
 1841.00  3.34
 1841.70  3.34
 1842.40  3.34
 1843.10  3.34
 1843.80  3.34
 1844.50  3.34
 1845.20  3.34
 1845.90  3.34
 1846.60  3.34
 1847.30  3.34
 1848.00  3.34
 1848.70  3.34
 1849.40  3.34
 1850.10  3.34
 1850.80  3.34
 1851.50  3.34
 1852.20  3.34
 1852.90  3.34
 1853.60  3.34
 1854.30  3.34
 1855.00  3.34
 1855.70  3.34
 1856.40  3.34
 1857.10  3.34
 1857.80  3.34
 1858.50  3.34
 1859.20  3.34
 1859.90  3.34
 1860.60  3.34
 1861.30  3.34
 1862.00  3.34
 1862.70  3.34
 1863.40  3.34
 1864.10  3.34
 1864.80  3.34
 1865.50  3.34
 1866.20  3.34
 1866.90  3.34
 1867.60  3.34
 1868.30  3.34
 1869.00  3.34
 1869.70  3.34
 1870.40  3.34
 1871.10  3.34
 1871.80  3.34
 1872.50  3.34
 1873.20  3.34
 1873.90  3.34
 1874.60  3.34
 1875.30  3.34
 1876.00  3.34
 1876.70  3.34
 1877.40  3.34
 1878.10  3.34
 1878.80  3.34
 1879.50  3.34
 1880.20  3.34
 1880.90  3.34
 1881.60  3.34
 1882.30  3.34
 1883.00  3.34
 1883.70  3.34
 1884.40  3.34
 1885.10  3.34
 1885.80  3.34
 1886.50  3.34
 1887.20  3.34
 1887.90  3.34
 1888.60  3.34
 1889.30  3.34
 1890.00  3.34
 1890.70  3.34
 1891.40  3.34
 1892.10  3.34
 1892.80  3.34
 1893.50  3.34
 1894.20  3.34
 1894.90  3.34
 1895.60  3.34
 1896.30  3.34
 1897.00  3.34
 1897.70  3.34
 1898.40  3.34
 1899.10  3.34
 1899.80  3.34
 1900.50  3.34
 1901.20  3.34
 1901.90  3.34
 1902.60  3.34
 1903.30  3.34
 1904.00  3.34
 1904.70  3.34
 1905.40  3.34
 1906.10  3.34
 1906.80  3.34
 1907.50  3.34
 1908.20  3.34
 1908.90  3.34
 1909.60  3.34
 1910.30  3.34
 1911.00  3.34
 1911.70  3.34
 1912.40  3.34
 1913.10  3.34
 1913.80  3.34
 1914.50  3.34
 1915.20  3.34
 1915.90  3.34
 1916.60  3.34
 1917.30  3.34
 1918.00  3.34
 1918.70  3.34
 1919.40  3.34
 1920.10  3.34
 1920.80  3.34
 1921.50  3.34
 1922.20  3.34
 1922.90  3.34
 1923.60  3.34
 1924.30  3.34
 1925.00  3.34
 1925.70  3.34
 1926.40  3.34
 1927.10  3.34
 1927.80  3.34
 1928.50  3.34
 1929.20  3.34
 1929.90  3.34
 1930.60  3.34
 1931.30  3.34
 1932.00  3.34
 1932.70  3.34
 1933.40  3.34
 1934.10  3.34
 1934.80  3.34
 1935.50  3.34
 1936.20  3.34
 1936.90  3.34
 1937.60  3.34
 1938.30  3.34
 1939.00  3.34
 1939.70  3.34
 1940.40  3.34
 1941.10  3.34
 1941.80  3.34
 1942.50  3.34
 1943.20  3.34
 1943.90  3.34
 1944.60  3.34
 1945.30  3.34
 1946.00  3.34
 1946.70  3.34
 1947.40  3.34
 1948.10  3.34
 1948.80  3.34
 1949.50  3.34
 1950.20  3.34
 1950.90  3.34
 1951.60  3.34
 1952.30  3.34
 1953.00  3.34
 1953.70  3.34
 1954.40  3.34
 1955.10  3.34
 1955.80  3.34
 1956.50  3.34
 1957.20  3.34
 1957.90  3.34
 1958.60  3.34
 1959.30  3.34
 1960.00  3.34
 1960.70  3.34
 1961.40  3.34
 1962.10  3.34
 1962.80  3.34
 1963.50  3.34
 1964.20  3.34
 1964.90  3.34
 1965.60  3.34
 1966.30  3.34
 1967.00  3.34
 1967.70  3.34
 1968.40  3.34
 1969.10  3.34
 1969.80  3.34
 1970.50  3.34
 1971.20  3.34
 1971.90  3.34
 1972.60  3.34
 1973.30  3.34
 1974.00  3.34
 1974.70  3.34
 1975.40  3.34
 1976.10  3.34
 1976.80  3.34
 1977.50  3.34
 1978.20  3.34
 1978.90  3.34
 1979.60  3.34
 1980.30  3.34
 1981.00  3.34
 1981.70  3.34
 1982.40  3.34
 1983.10  3.34
 1983.80  3.34
 1984.50  3.34
 1985.20  3.34
 1985.90  3.34
 1986.60  3.34
 1987.30  3.34
 1988.00  3.34
 1988.70  3.34
 1989.40  3.34
 1990.10  3.34
 1990.80  3.34
 1991.50  3.34
 1992.20  3.34
 1992.90  3.34
 1993.60  3.34
 1994.30  3.34
 1995.00  3.34
 1995.70  3.34
 1996.40  3.34
 1997.10  3.34
 1997.80  3.34
 1998.50  3.34
 1999.20  3.34
 1999.90  3.34
 2000.60  3.34
 2001.30  3.34
 2002.00  3.34
 2002.70  3.34
 2003.40  3.34
 2004.10  3.34
 2004.80  3.34
 2005.50  3.34
 2006.20  3.34
 2006.90  3.34
 2007.60  3.34
 2008.30  3.34
 2009.00  3.34
 2009.70  3.34
 2010.40  3.34
 2011.10  3.34
 2011.80  3.34
 2012.50  3.34
 2013.20  3.34
 2013.90  3.34
 2014.60  3.34
 2015.30  3.34
 2016.00  3.34
 2016.70  3.34
 2017.40  3.34
 2018.10  3.34
 2018.80  3.34
 2019.50  3.34
 2020.20  3.34
 2020.90  3.34
 2021.60  3.34
 2022.30  3.34
 2023.00  3.34
 2023.70  3.34
 2024.40  3.34
 2025.10  3.34
 2025.80  3.34
 2026.50  3.34
 2027.20  3.34
 2027.90  3.34
 2028.60  3.34
 2029.30  3.34
 2030.00  3.34
 2030.70  3.34
 2031.40  3.34
 2032.10  3.34
 2032.80  3.34
 2033.50  3.34
 2034.20  3.34
 2034.90  3.34
 2035.60  3.34
 2036.30  3.34
 2037.00  3.34
 2037.70  3.34
 2038.40  3.34
 2039.10  3.34
 2039.80  3.34
 2040.50  3.34
 2041.20  3.34
 2041.90  3.34
 2042.60  3.34
 2043.30  3.34
 2044.00  3.34
 2044.70  3.34
 2045.40  3.34
 2046.10  3.34
 2046.80  3.34
 2047.50  3.34
 2048.20  3.34
 2048.90  3.34
 2049.60  3.34
 2050.30  3.34
 2051.00  3.34
 2051.70  3.34
 2052.40  3.34
 2053.10  3.34
 2053.80  3.34
 2054.50  3.34
 2055.20  3.34
 2055.90  3.34
 2056.60  3.34
 2057.30  3.34
 2058.00  3.34
 2058.70  3.34
 2059.40  3.34
 2060.10  3.34
 2060.80  3.34
 2061.50  3.34
 2062.20  3.34
 2062.90  3.34
 2063.60  3.34
 2064.30  3.34
 2065.00  3.34
 2065.70  3.34
 2066.40  3.34
 2067.10  3.34
 2067.80  3.34
 2068.50  3.34
 2069.20  3.34
 2069.90  3.34
 2070.60  3.34
 2071.30  3.34
 2072.00  3.34
 2072.70  3.34
 2073.40  3.34
 2074.10  3.34
 2074.80  3.34
 2075.50  3.34
 2076.20  3.34
 2076.90  3.34
 2077.60  3.34
 2078.30  3.34
 2079.00  3.34
 2079.70  3.34
 2080.40  3.34
 2081.10  3.34
 2081.80  3.34
 2082.50  3.34
 2083.20  3.34
 2083.90  3.34
 2084.60  3.34
 2085.30  3.34
 2086.00  3.34
 2086.70  3.34
 2087.40  3.34
 2088.10  3.34
 2088.80  3.34
 2089.50  3.34
 2090.20  3.34
 2090.90  3.34
 2091.60  3.34
 2092.30  3.34
 2093.00  3.34
 2093.70  3.34
 2094.40  3.34
 2095.10  3.34
 2095.80  3.34
 2096.50  3.34
 2097.20  3.34
 2097.90  3.34
 2098.60  3.34
 2099.30  3.34
 2100.00  3.34
 2100.70  3.34
 2101.40  3.34
 2102.10  3.34
 2102.80  3.34
 2103.50  3.34
 2104.20  3.34
 2104.90  3.34
 2105.60  3.34
 2106.30  3.34
 2107.00  3.34
 2107.70  3.34
 2108.40  3.34
 2109.10  3.34
 2109.80  3.34
 2110.50  3.34
 2111.20  3.34
 2111.90  3.34
 2112.60  3.34
 2113.30  3.34
 2114.00  3.34
 2114.70  3.34
 2115.40  3.34
 2116.10  3.34
 2116.80  3.34
 2117.50  3.34
 2118.20  3.34
 2118.90  3.34
 2119.60  3.34
 2120.30  3.34
 2121.00  3.34
 2121.70  3.34
 2122.40  3.34
 2123.10  3.34
 2123.80  3.34
 2124.50  3.34
 2125.20  3.34
 2125.90  3.34
 2126.60  3.34
 2127.30  3.34
 2128.00  3.34
 2128.70  3.34
 2129.40  3.34
 2130.10  3.34
 2130.80  3.34
 2131.50  3.34
 2132.20  3.34
 2132.90  3.34
 2133.60  3.34
 2134.30  3.34
 2135.00  3.34
 2135.70  3.34
 2136.40  3.34
 2137.10  3.34
 2137.80  3.34
 2138.50  3.34
 2139.20  3.34
 2139.90  3.34
 2140.60  3.34
 2141.30  3.34
 2142.00  3.34
 2142.70  3.34
 2143.40  3.34
 2144.10  3.34
 2144.80  3.34
 2145.50  3.34
 2146.20  3.34
 2146.90  3.34
 2147.60  3.34
 2148.30  3.34
 2149.00  3.34
 2149.70  3.34
 2150.40  3.34
 2151.10  3.34
 2151.80  3.34
 2152.50  3.34
 2153.20  3.34
 2153.90  3.34
 2154.60  3.34
 2155.30  3.34
 2156.00  3.34
 2156.70  3.34
 2157.40  3.34
 2158.10  3.35
 2158.80  3.35
 2159.50  3.35
 2160.20  3.35
 2160.90  3.35
 2161.60  3.35
 2162.30  3.35
 2163.00  3.35
 2163.70  3.35
 2164.40  3.35
 2165.10  3.35
 2165.80  3.35
 2166.50  3.35
 2167.20  3.35
 2167.90  3.35
 2168.60  3.35
 2169.30  3.35
 2170.00  3.35
 2170.70  3.35
 2171.40  3.35
 2172.10  3.35
 2172.80  3.35
 2173.50  3.35
 2174.20  3.35
 2174.90  3.35
 2175.60  3.35
 2176.30  3.35
 2177.00  3.35
 2177.70  3.35
 2178.40  3.35
 2179.10  3.35
 2179.80  3.35
 2180.50  3.35
 2181.20  3.35
 2181.90  3.35
 2182.60  3.35
 2183.30  3.35
 2184.00  3.35
 2184.70  3.35
 2185.40  3.35
 2186.10  3.35
 2186.80  3.35
 2187.50  3.35
 2188.20  3.35
 2188.90  3.35
 2189.60  3.35
 2190.30  3.35
 2191.00  3.35
 2191.70  3.35
 2192.40  3.35
 2193.10  3.35
 2193.80  3.35
 2194.50  3.35
 2195.20  3.35
 2195.90  3.35
 2196.60  3.35
 2197.30  3.35
 2198.00  3.35
 2198.70  3.35
 2199.40  3.35
 2200.10  3.35
 2200.80  3.35
 2201.50  3.35
 2202.20  3.35
 2202.90  3.35
 2203.60  3.35
 2204.30  3.35
 2205.00  3.35
 2205.70  3.35
 2206.40  3.35
 2207.10  3.35
 2207.80  3.35
 2208.50  3.35
 2209.20  3.35
 2209.90  3.35
 2210.60  3.35
 2211.30  3.35
 2212.00  3.35
 2212.70  3.35
 2213.40  3.35
 2214.10  3.35
 2214.80  3.35
 2215.50  3.35
 2216.20  3.35
 2216.90  3.35
 2217.60  3.35
 2218.30  3.35
 2219.00  3.35
 2219.70  3.35
 2220.40  3.35
 2221.10  3.35
 2221.80  3.35
 2222.50  3.35
 2223.20  3.35
 2223.90  3.35
 2224.60  3.35
 2225.30  3.35
 2226.00  3.35
 2226.70  3.35
 2227.40  3.35
 2228.10  3.35
 2228.80  3.35
 2229.50  3.35
 2230.20  3.35
 2230.90  3.35
 2231.60  3.35
 2232.30  3.35
 2233.00  3.35
 2233.70  3.35
 2234.40  3.35
 2235.10  3.35
 2235.80  3.35
 2236.50  3.35
 2237.20  3.35
 2237.90  3.35
 2238.60  3.35
 2239.30  3.35
 2240.00  3.35
 2240.70  3.35
 2241.40  3.35
 2242.10  3.35
 2242.80  3.35
 2243.50  3.35
 2244.20  3.35
 2244.90  3.35
 2245.60  3.35
 2246.30  3.35
 2247.00  3.35
 2247.70  3.35
 2248.40  3.35
 2249.10  3.35
 2249.80  3.35
 2250.50  3.35
 2251.20  3.35
 2251.90  3.35
 2252.60  3.35
 2253.30  3.35
 2254.00  3.35
 2254.70  3.35
 2255.40  3.35
 2256.10  3.35
 2256.80  3.35
 2257.50  3.35
 2258.20  3.35
 2258.90  3.35
 2259.60  3.35
 2260.30  3.35
 2261.00  3.35
 2261.70  3.35
 2262.40  3.35
 2263.10  3.35
 2263.80  3.35
 2264.50  3.35
 2265.20  3.35
 2265.90  3.35
 2266.60  3.35
 2267.30  3.35
 2268.00  3.35
 2268.70  3.35
 2269.40  3.35
 2270.10  3.35
 2270.80  3.35
 2271.50  3.35
 2272.20  3.35
 2272.90  3.35
 2273.60  3.35
 2274.30  3.35
 2275.00  3.35
 2275.70  3.35
 2276.40  3.35
 2277.10  3.35
 2277.80  3.35
 2278.50  3.35
 2279.20  3.35
 2279.90  3.35
 2280.60  3.35
 2281.30  3.35
 2282.00  3.35
 2282.70  3.35
 2283.40  3.35
 2284.10  3.35
 2284.80  3.35
 2285.50  3.35
 2286.20  3.35
 2286.90  3.35
 2287.60  3.35
 2288.30  3.35
 2289.00  3.35
 2289.70  3.35
 2290.40  3.35
 2291.10  3.35
 2291.80  3.35
 2292.50  3.35
 2293.20  3.35
 2293.90  3.35
 2294.60  3.35
 2295.30  3.35
 2296.00  3.35
 2296.70  3.35
 2297.40  3.35
 2298.10  3.35
 2298.80  3.35
 2299.50  3.35
 2300.20  3.35
 2300.90  3.35
 2301.60  3.35
 2302.30  3.35
 2303.00  3.35
 2303.70  3.35
 2304.40  3.35
 2305.10  3.35
 2305.80  3.35
 2306.50  3.35
 2307.20  3.35
 2307.90  3.35
 2308.60  3.35
 2309.30  3.35
 2310.00  3.35
 2310.70  3.35
 2311.40  3.35
 2312.10  3.35
 2312.80  3.35
 2313.50  3.35
 2314.20  3.35
 2314.90  3.35
 2315.60  3.35
 2316.30  3.35
 2317.00  3.35
 2317.70  3.35
 2318.40  3.35
 2319.10  3.35
 2319.80  3.35
 2320.50  3.35
 2321.20  3.35
 2321.90  3.35
 2322.60  3.35
 2323.30  3.35
 2324.00  3.35
 2324.70  3.35
 2325.40  3.35
 2326.10  3.35
 2326.80  3.35
 2327.50  3.35
 2328.20  3.35
 2328.90  3.35
 2329.60  3.35
 2330.30  3.35
 2331.00  3.35
 2331.70  3.35
 2332.40  3.35
 2333.10  3.35
 2333.80  3.35
 2334.50  3.35
 2335.20  3.35
 2335.90  3.35
 2336.60  3.35
 2337.30  3.35
 2338.00  3.35
 2338.70  3.35
 2339.40  3.35
 2340.10  3.35
 2340.80  3.35
 2341.50  3.35
 2342.20  3.35
 2342.90  3.35
 2343.60  3.35
 2344.30  3.35
 2345.00  3.35
 2345.70  3.35
 2346.40  3.35
 2347.10  3.35
 2347.80  3.35
 2348.50  3.35
 2349.20  3.35
 2349.90  3.35
 2350.60  3.35
 2351.30  3.35
 2352.00  3.35
 2352.70  3.35
 2353.40  3.35
 2354.10  3.35
 2354.80  3.35
 2355.50  3.35
 2356.20  3.35
 2356.90  3.35
 2357.60  3.35
 2358.30  3.35
 2359.00  3.35
 2359.70  3.35
 2360.40  3.35
 2361.10  3.35
 2361.80  3.35
 2362.50  3.35
 2363.20  3.35
 2363.90  3.35
 2364.60  3.35
 2365.30  3.35
 2366.00  3.35
 2366.70  3.35
 2367.40  3.35
 2368.10  3.35
 2368.80  3.35
 2369.50  3.35
 2370.20  3.35
 2370.90  3.35
 2371.60  3.35
 2372.30  3.35
 2373.00  3.35
 2373.70  3.35
 2374.40  3.35
 2375.10  3.35
 2375.80  3.35
 2376.50  3.35
 2377.20  3.35
 2377.90  3.35
 2378.60  3.35
 2379.30  3.35
 2380.00  3.35
 2380.70  3.35
 2381.40  3.35
 2382.10  3.35
 2382.80  3.35
 2383.50  3.35
 2384.20  3.35
 2384.90  3.35
 2385.60  3.35
 2386.30  3.35
 2387.00  3.35
 2387.70  3.35
 2388.40  3.35
 2389.10  3.35
 2389.80  3.35
 2390.50  3.35
 2391.20  3.35
 2391.90  3.35
 2392.60  3.35
 2393.30  3.35
 2394.00  3.35
 2394.70  3.35
 2395.40  3.35
 2396.10  3.35
 2396.80  3.35
 2397.50  3.35
 2398.20  3.35
 2398.90  3.35
 2399.60  3.35
 2400.30  3.35
 2401.00  3.35
 2401.70  3.35
 2402.40  3.35
 2403.10  3.35
 2403.80  3.35
 2404.50  3.35
 2405.20  3.35
 2405.90  3.35
 2406.60  3.35
 2407.30  3.35
 2408.00  3.35
 2408.70  3.35
 2409.40  3.35
 2410.10  3.35
 2410.80  3.35
 2411.50  3.35
 2412.20  3.35
 2412.90  3.35
 2413.60  3.35
 2414.30  3.35
 2415.00  3.35
 2415.70  3.35
 2416.40  3.35
 2417.10  3.35
 2417.80  3.35
 2418.50  3.35
 2419.20  3.35
 2419.90  3.35
 2420.60  3.35
 2421.30  3.35
 2422.00  3.35
 2422.70  3.35
 2423.40  3.35
 2424.10  3.35
 2424.80  3.35
 2425.50  3.35
 2426.20  3.35
 2426.90  3.35
 2427.60  3.35
 2428.30  3.35
 2429.00  3.35
 2429.70  3.35
 2430.40  3.35
 2431.10  3.35
 2431.80  3.35
 2432.50  3.35
 2433.20  3.35
 2433.90  3.35
 2434.60  3.35
 2435.30  3.35
 2436.00  3.35
 2436.70  3.35
 2437.40  3.35
 2438.10  3.35
 2438.80  3.35
 2439.50  3.35
 2440.20  3.35
 2440.90  3.35
 2441.60  3.35
 2442.30  3.35
 2443.00  3.35
 2443.70  3.35
 2444.40  3.35
 2445.10  3.35
 2445.80  3.35
 2446.50  3.35
 2447.20  3.35
 2447.90  3.35
 2448.60  3.35
 2449.30  3.35
 2450.00  3.35
 2450.70  3.35
 2451.40  3.35
 2452.10  3.35
 2452.80  3.35
 2453.50  3.35
 2454.20  3.35
 2454.90  3.35
 2455.60  3.35
 2456.30  3.35
 2457.00  3.35
 2457.70  3.35
 2458.40  3.35
 2459.10  3.35
 2459.80  3.35
 2460.50  3.35
 2461.20  3.35
 2461.90  3.35
 2462.60  3.35
 2463.30  3.35
 2464.00  3.35
 2464.70  3.35
 2465.40  3.35
 2466.10  3.35
 2466.80  3.35
 2467.50  3.35
 2468.20  3.35
 2468.90  3.35
 2469.60  3.35
 2470.30  3.35
 2471.00  3.35
 2471.70  3.35
 2472.40  3.35
 2473.10  3.35
 2473.80  3.35
 2474.50  3.35
 2475.20  3.35
 2475.90  3.35
 2476.60  3.35
 2477.30  3.35
 2478.00  3.35
 2478.70  3.35
 2479.40  3.35
 2480.10  3.35
 2480.80  3.35
 2481.50  3.35
 2482.20  3.35
 2482.90  3.35
 2483.60  3.35
 2484.30  3.35
 2485.00  3.35
 2485.70  3.35
 2486.40  3.35
 2487.10  3.35
 2487.80  3.35
 2488.50  3.35
 2489.20  3.35
 2489.90  3.35
 2490.60  3.35
 2491.30  3.35
 2492.00  3.35
 2492.70  3.35
 2493.40  3.35
 2494.10  3.35
 2494.80  3.35
 2495.50  3.35
 2496.20  3.35
 2496.90  3.35
 2497.60  3.35
 2498.30  3.35
 2499.00  3.35
 2499.70  3.35
 2500.40  3.35
 2501.10  3.35
 2501.80  3.35
 2502.50  3.35
 2503.20  3.35
 2503.90  3.35
 2504.60  3.35
 2505.30  3.35
 2506.00  3.35
 2506.70  3.35
 2507.40  3.35
 2508.10  3.35
 2508.80  3.35
 2509.50  3.35
 2510.20  3.35
 2510.90  3.35
 2511.60  3.35
 2512.30  3.35
 2513.00  3.35
 2513.70  3.35
 2514.40  3.35
 2515.10  3.35
 2515.80  3.35
 2516.50  3.35
 2517.20  3.35
 2517.90  3.35
 2518.60  3.35
 2519.30  3.35
 2520.00  3.35
 2520.70  3.35
 2521.40  3.35
 2522.10  3.35
 2522.80  3.35
 2523.50  3.35
 2524.20  3.35
 2524.90  3.35
 2525.60  3.35
 2526.30  3.35
 2527.00  3.35
 2527.70  3.35
 2528.40  3.35
 2529.10  3.35
 2529.80  3.35
 2530.50  3.35
 2531.20  3.35
 2531.90  3.35
 2532.60  3.35
 2533.30  3.35
 2534.00  3.35
 2534.70  3.35
 2535.40  3.35
 2536.10  3.35
 2536.80  3.35
 2537.50  3.35
 2538.20  3.35
 2538.90  3.35
 2539.60  3.35
 2540.30  3.35
 2541.00  3.35
 2541.70  3.35
 2542.40  3.35
 2543.10  3.35
 2543.80  3.35
 2544.50  3.35
 2545.20  3.35
 2545.90  3.35
 2546.60  3.35
 2547.30  3.35
 2548.00  3.35
 2548.70  3.35
 2549.40  3.35
 2550.10  3.35
 2550.80  3.35
 2551.50  3.35
 2552.20  3.35
 2552.90  3.35
 2553.60  3.35
 2554.30  3.35
 2555.00  3.35
 2555.70  3.35
 2556.40  3.35
 2557.10  3.35
 2557.80  3.35
 2558.50  3.35
 2559.20  3.35
 2559.90  3.35
 2560.60  3.35
 2561.30  3.35
 2562.00  3.35
 2562.70  3.35
 2563.40  3.35
 2564.10  3.35
 2564.80  3.35
 2565.50  3.35
 2566.20  3.35
 2566.90  3.35
 2567.60  3.35
 2568.30  3.35
 2569.00  3.35
 2569.70  3.35
 2570.40  3.35
 2571.10  3.35
 2571.80  3.35
 2572.50  3.35
 2573.20  3.35
 2573.90  3.35
 2574.60  3.35
 2575.30  3.35
 2576.00  3.35
 2576.70  3.35
 2577.40  3.35
 2578.10  3.35
 2578.80  3.35
 2579.50  3.35
 2580.20  3.35
 2580.90  3.35
 2581.60  3.35
 2582.30  3.35
 2583.00  3.35
 2583.70  3.35
 2584.40  3.35
 2585.10  3.35
 2585.80  3.35
 2586.50  3.35
 2587.20  3.35
 2587.90  3.35
 2588.60  3.35
 2589.30  3.35
 2590.00  3.35
 2590.70  3.35
 2591.40  3.35
 2592.10  3.35
 2592.80  3.35
 2593.50  3.35
 2594.20  3.35
 2594.90  3.35
 2595.60  3.35
 2596.30  3.35
 2597.00  3.35
 2597.70  3.35
 2598.40  3.35
 2599.10  3.35
 2599.80  3.35
 2600.50  3.35
 2601.20  3.35
 2601.90  3.35
 2602.60  3.35
 2603.30  3.35
 2604.00  3.35
 2604.70  3.35
 2605.40  3.35
 2606.10  3.35
 2606.80  3.35
 2607.50  3.35
 2608.20  3.35
 2608.90  3.35
 2609.60  3.35
 2610.30  3.35
 2611.00  3.35
 2611.70  3.35
 2612.40  3.35
 2613.10  3.35
 2613.80  3.35
 2614.50  3.35
 2615.20  3.35
 2615.90  3.35
 2616.60  3.35
 2617.30  3.35
 2618.00  3.35
 2618.70  3.35
 2619.40  3.35
 2620.10  3.35
 2620.80  3.35
 2621.50  3.35
 2622.20  3.35
 2622.90  3.35
 2623.60  3.35
 2624.30  3.35
 2625.00  3.35
 2625.70  3.35
 2626.40  3.35
 2627.10  3.35
 2627.80  3.35
 2628.50  3.35
 2629.20  3.35
 2629.90  3.35
 2630.60  3.35
 2631.30  3.35
 2632.00  3.35
 2632.70  3.35
 2633.40  3.35
 2634.10  3.35
 2634.80  3.35
 2635.50  3.35
 2636.20  3.35
 2636.90  3.35
 2637.60  3.35
 2638.30  3.35
 2639.00  3.35
 2639.70  3.35
 2640.40  3.35
 2641.10  3.35
 2641.80  3.35
 2642.50  3.35
 2643.20  3.35
 2643.90  3.35
 2644.60  3.35
 2645.30  3.35
 2646.00  3.35
 2646.70  3.35
 2647.40  3.35
 2648.10  3.35
 2648.80  3.35
 2649.50  3.35
 2650.20  3.35
 2650.90  3.35
 2651.60  3.35
 2652.30  3.35
 2653.00  3.35
 2653.70  3.35
 2654.40  3.35
 2655.10  3.35
 2655.80  3.35
 2656.50  3.35
 2657.20  3.35
 2657.90  3.35
 2658.60  3.35
 2659.30  3.35
 2660.00  3.35
 2660.70  3.35
 2661.40  3.35
 2662.10  3.35
 2662.80  3.35
 2663.50  3.35
 2664.20  3.35
 2664.90  3.35
 2665.60  3.35
 2666.30  3.35
 2667.00  3.35
 2667.70  3.35
 2668.40  3.35
 2669.10  3.35
 2669.80  3.35
 2670.50  3.35
 2671.20  3.35
 2671.90  3.35
 2672.60  3.35
 2673.30  3.35
 2674.00  3.35
 2674.70  3.35
 2675.40  3.35
 2676.10  3.35
 2676.80  3.35
 2677.50  3.35
 2678.20  3.35
 2678.90  3.35
 2679.60  3.35
 2680.30  3.35
 2681.00  3.35
 2681.70  3.35
 2682.40  3.35
 2683.10  3.35
 2683.80  3.35
 2684.50  3.35
 2685.20  3.35
 2685.90  3.35
 2686.60  3.35
 2687.30  3.35
 2688.00  3.35
 2688.70  3.35
 2689.40  3.35
 2690.10  3.35
 2690.80  3.35
 2691.50  3.35
 2692.20  3.35
 2692.90  3.35
 2693.60  3.35
 2694.30  3.35
 2695.00  3.35
 2695.70  3.35
 2696.40  3.35
 2697.10  3.35
 2697.80  3.35
 2698.50  3.35
 2699.20  3.35
 2699.90  3.35
 2700.60  3.35
 2701.30  3.35
 2702.00  3.35
 2702.70  3.35
 2703.40  3.35
 2704.10  3.35
 2704.80  3.35
 2705.50  3.35
 2706.20  3.35
 2706.90  3.35
 2707.60  3.35
 2708.30  3.35
 2709.00  3.35
 2709.70  3.35
 2710.40  3.35
 2711.10  3.35
 2711.80  3.35
 2712.50  3.35
 2713.20  3.35
 2713.90  3.35
 2714.60  3.35
 2715.30  3.35
 2716.00  3.35
 2716.70  3.35
 2717.40  3.35
 2718.10  3.35
 2718.80  3.35
 2719.50  3.35
 2720.20  3.35
 2720.90  3.35
 2721.60  3.35
 2722.30  3.35
 2723.00  3.35
 2723.70  3.35
 2724.40  3.35
 2725.10  3.35
 2725.80  3.35
 2726.50  3.35
 2727.20  3.35
 2727.90  3.35
 2728.60  3.35
 2729.30  3.35
 2730.00  3.35
 2730.70  3.35
 2731.40  3.35
 2732.10  3.35
 2732.80  3.35
 2733.50  3.35
 2734.20  3.35
 2734.90  3.35
 2735.60  3.35
 2736.30  3.35
 2737.00  3.35
 2737.70  3.35
 2738.40  3.35
 2739.10  3.35
 2739.80  3.35
 2740.50  3.35
 2741.20  3.35
 2741.90  3.35
 2742.60  3.35
 2743.30  3.35
 2744.00  3.35
 2744.70  3.35
 2745.40  3.35
 2746.10  3.35
 2746.80  3.35
 2747.50  3.35
 2748.20  3.35
 2748.90  3.35
 2749.60  3.35
 2750.30  3.35
 2751.00  3.35
 2751.70  3.35
 2752.40  3.35
 2753.10  3.35
 2753.80  3.35
 2754.50  3.35
 2755.20  3.35
 2755.90  3.35
 2756.60  3.35
 2757.30  3.35
 2758.00  3.35
 2758.70  3.35
 2759.40  3.35
 2760.10  3.35
 2760.80  3.35
 2761.50  3.35
 2762.20  3.35
 2762.90  3.35
 2763.60  3.35
 2764.30  3.35
 2765.00  3.35
 2765.70  3.35
 2766.40  3.35
 2767.10  3.35
 2767.80  3.35
 2768.50  3.35
 2769.20  3.35
 2769.90  3.35
 2770.60  3.35
 2771.30  3.35
 2772.00  3.35
 2772.70  3.35
 2773.40  3.35
 2774.10  3.35
 2774.80  3.35
 2775.50  3.35
 2776.20  3.35
 2776.90  3.35
 2777.60  3.35
 2778.30  3.35
 2779.00  3.35
 2779.70  3.35
 2780.40  3.35
 2781.10  3.35
 2781.80  3.35
 2782.50  3.35
 2783.20  3.35
 2783.90  3.35
 2784.60  3.35
 2785.30  3.35
 2786.00  3.35
 2786.70  3.35
 2787.40  3.35
 2788.10  3.35
 2788.80  3.35
 2789.50  3.35
 2790.20  3.35
 2790.90  3.35
 2791.60  3.35
 2792.30  3.35
 2793.00  3.35
 2793.70  3.35
 2794.40  3.35
 2795.10  3.35
 2795.80  3.35
 2796.50  3.35
 2797.20  3.35
 2797.90  3.35
 2798.60  3.35
 2799.30  3.35
 2800.00  3.35
 2800.70  3.35
 2801.40  3.35
 2802.10  3.35
 2802.80  3.35
 2803.50  3.35
 2804.20  3.35
 2804.90  3.35
 2805.60  3.35
 2806.30  3.35
 2807.00  3.35
 2807.70  3.35
 2808.40  3.35
 2809.10  3.35
 2809.80  3.35
 2810.50  3.35
 2811.20  3.35
 2811.90  3.35
 2812.60  3.35
 2813.30  3.35
 2814.00  3.35
 2814.70  3.35
 2815.40  3.35
 2816.10  3.35
 2816.80  3.35
 2817.50  3.35
 2818.20  3.35
 2818.90  3.35
 2819.60  3.35
 2820.30  3.35
 2821.00  3.35
 2821.70  3.35
 2822.40  3.35
 2823.10  3.35
 2823.80  3.35
 2824.50  3.35
 2825.20  3.35
 2825.90  3.35
 2826.60  3.35
 2827.30  3.35
 2828.00  3.35
 2828.70  3.35
 2829.40  3.35
 2830.10  3.35
 2830.80  3.35
 2831.50  3.35
 2832.20  3.35
 2832.90  3.35
 2833.60  3.35
 2834.30  3.35
 2835.00  3.35
 2835.70  3.35
 2836.40  3.35
 2837.10  3.35
 2837.80  3.35
 2838.50  3.35
 2839.20  3.35
 2839.90  3.35
 2840.60  3.35
 2841.30  3.35
 2842.00  3.35
 2842.70  3.35
 2843.40  3.35
 2844.10  3.35
 2844.80  3.35
 2845.50  3.35
 2846.20  3.35
 2846.90  3.35
 2847.60  3.35
 2848.30  3.35
 2849.00  3.35
 2849.70  3.35
 2850.40  3.35
 2851.10  3.35
 2851.80  3.35
 2852.50  3.35
 2853.20  3.35
 2853.90  3.35
 2854.60  3.35
 2855.30  3.35
 2856.00  3.35
 2856.70  3.35
 2857.40  3.35
 2858.10  3.35
 2858.80  3.35
 2859.50  3.35
 2860.20  3.35
 2860.90  3.35
 2861.60  3.35
 2862.30  3.35
 2863.00  3.35
 2863.70  3.35
 2864.40  3.35
 2865.10  3.35
 2865.80  3.35
 2866.50  3.35
 2867.20  3.35
 2867.90  3.35
 2868.60  3.35
 2869.30  3.35
 2870.00  3.35
 2870.70  3.35
 2871.40  3.35
 2872.10  3.35
 2872.80  3.35
 2873.50  3.35
 2874.20  3.35
 2874.90  3.35
 2875.60  3.35
 2876.30  3.35
 2877.00  3.35
 2877.70  3.35
 2878.40  3.35
 2879.10  3.35
 2879.80  3.35
 2880.50  3.35
 2881.20  3.35
 2881.90  3.35
 2882.60  3.35
 2883.30  3.35
 2884.00  3.35
 2884.70  3.35
 2885.40  3.35
 2886.10  3.35
 2886.80  3.35
 2887.50  3.35
 2888.20  3.35
 2888.90  3.35
 2889.60  3.35
 2890.30  3.35
 2891.00  3.35
 2891.70  3.35
 2892.40  3.35
 2893.10  3.35
 2893.80  3.35
 2894.50  3.35
 2895.20  3.35
 2895.90  3.35
 2896.60  3.35
 2897.30  3.35
 2898.00  3.35
 2898.70  3.35
 2899.40  3.35
 2900.10  3.35
 2900.80  3.35
 2901.50  3.35
 2902.20  3.35
 2902.90  3.35
 2903.60  3.35
 2904.30  3.35
 2905.00  3.35
 2905.70  3.35
 2906.40  3.35
 2907.10  3.35
 2907.80  3.35
 2908.50  3.35
 2909.20  3.35
 2909.90  3.35
 2910.60  3.35
 2911.30  3.35
 2912.00  3.35
 2912.70  3.35
 2913.40  3.35
 2914.10  3.35
 2914.80  3.35
 2915.50  3.35
 2916.20  3.35
 2916.90  3.35
 2917.60  3.35
 2918.30  3.35
 2919.00  3.35
 2919.70  3.35
 2920.40  3.35
 2921.10  3.35
 2921.80  3.35
 2922.50  3.35
 2923.20  3.35
 2923.90  3.35
 2924.60  3.35
 2925.30  3.35
 2926.00  3.35
 2926.70  3.35
 2927.40  3.35
 2928.10  3.35
 2928.80  3.35
 2929.50  3.35
 2930.20  3.35
 2930.90  3.35
 2931.60  3.35
 2932.30  3.35
 2933.00  3.35
 2933.70  3.35
 2934.40  3.35
 2935.10  3.35
 2935.80  3.35
 2936.50  3.35
 2937.20  3.35
 2937.90  3.35
 2938.60  3.35
 2939.30  3.35
 2940.00  3.35
 2940.70  3.35
 2941.40  3.35
 2942.10  3.35
 2942.80  3.35
 2943.50  3.35
 2944.20  3.35
 2944.90  3.35
 2945.60  3.35
 2946.30  3.35
 2947.00  3.35
 2947.70  3.35
 2948.40  3.35
 2949.10  3.35
 2949.80  3.35
 2950.50  3.35
 2951.20  3.35
 2951.90  3.35
 2952.60  3.35
 2953.30  3.35
 2954.00  3.35
 2954.70  3.35
 2955.40  3.35
 2956.10  3.35
 2956.80  3.35
 2957.50  3.35
 2958.20  3.35
 2958.90  3.35
 2959.60  3.35
 2960.30  3.35
 2961.00  3.35
 2961.70  3.35
 2962.40  3.35
 2963.10  3.35
 2963.80  3.35
 2964.50  3.35
 2965.20  3.35
 2965.90  3.35
 2966.60  3.35
 2967.30  3.35
 2968.00  3.35
 2968.70  3.35
 2969.40  3.35
 2970.10  3.35
 2970.80  3.35
 2971.50  3.35
 2972.20  3.35
 2972.90  3.35
 2973.60  3.35
 2974.30  3.35
 2975.00  3.35
 2975.70  3.35
 2976.40  3.35
 2977.10  3.35
 2977.80  3.35
 2978.50  3.35
 2979.20  3.35
 2979.90  3.35
 2980.60  3.35
 2981.30  3.35
 2982.00  3.35
 2982.70  3.35
 2983.40  3.35
 2984.10  3.35
 2984.80  3.35
 2985.50  3.35
 2986.20  3.35
 2986.90  3.35
 2987.60  3.35
 2988.30  3.35
 2989.00  3.35
 2989.70  3.35
 2990.40  3.35
 2991.10  3.35
 2991.80  3.35
 2992.50  3.35
 2993.20  3.35
 2993.90  3.35
 2994.60  3.35
 2995.30  3.35
 2996.00  3.35
 2996.70  3.35
 2997.40  3.35
 2998.10  3.35
 2998.80  3.35
 2999.50  3.35
