#Navio B MarAd
#Manobra de Curva Giro
#
#Beta 
#
#temp      rot 
 0.00  -0.00
 0.70  -0.00
 1.40  -0.00
 2.10  0.00
 2.80  0.00
 3.50  0.00
 4.20  0.00
 4.90  0.00
 5.60  0.00
 6.30  0.01
 7.00  0.01
 7.70  0.01
 8.40  0.01
 9.10  0.01
 9.80  0.01
 10.50  0.01
 11.20  0.01
 11.90  0.01
 12.60  0.01
 13.30  0.01
 14.00  0.01
 14.70  0.02
 15.40  0.02
 16.10  0.02
 16.80  0.02
 17.50  0.02
 18.20  0.02
 18.90  0.02
 19.60  0.02
 20.30  0.02
 21.00  0.02
 21.70  0.03
 22.40  0.03
 23.10  0.03
 23.80  0.03
 24.50  0.03
 25.20  0.03
 25.90  0.03
 26.60  0.03
 27.30  0.03
 28.00  0.04
 28.70  0.04
 29.40  0.04
 30.10  0.04
 30.80  0.04
 31.50  0.04
 32.20  0.04
 32.90  0.04
 33.60  0.04
 34.30  0.05
 35.00  0.05
 35.70  0.05
 36.40  0.05
 37.10  0.05
 37.80  0.05
 38.50  0.05
 39.20  0.05
 39.90  0.06
 40.60  0.06
 41.30  0.06
 42.00  0.06
 42.70  0.06
 43.40  0.06
 44.10  0.06
 44.80  0.06
 45.50  0.06
 46.20  0.07
 46.90  0.07
 47.60  0.07
 48.30  0.07
 49.00  0.07
 49.70  0.07
 50.40  0.07
 51.10  0.07
 51.80  0.08
 52.50  0.08
 53.20  0.08
 53.90  0.08
 54.60  0.08
 55.30  0.08
 56.00  0.08
 56.70  0.08
 57.40  0.09
 58.10  0.09
 58.80  0.09
 59.50  0.09
 60.20  0.09
 60.90  0.09
 61.60  0.09
 62.30  0.09
 63.00  0.10
 63.70  0.10
 64.40  0.10
 65.10  0.10
 65.80  0.10
 66.50  0.10
 67.20  0.10
 67.90  0.11
 68.60  0.11
 69.30  0.11
 70.00  0.11
 70.70  0.11
 71.40  0.11
 72.10  0.11
 72.80  0.11
 73.50  0.11
 74.20  0.12
 74.90  0.12
 75.60  0.12
 76.30  0.12
 77.00  0.12
 77.70  0.12
 78.40  0.12
 79.10  0.12
 79.80  0.13
 80.50  0.13
 81.20  0.13
 81.90  0.13
 82.60  0.13
 83.30  0.13
 84.00  0.13
 84.70  0.13
 85.40  0.14
 86.10  0.14
 86.80  0.14
 87.50  0.14
 88.20  0.14
 88.90  0.14
 89.60  0.14
 90.30  0.14
 91.00  0.14
 91.70  0.15
 92.40  0.15
 93.10  0.15
 93.80  0.15
 94.50  0.15
 95.20  0.15
 95.90  0.15
 96.60  0.15
 97.30  0.16
 98.00  0.16
 98.70  0.16
 99.40  0.16
 100.10  0.16
 100.80  0.16
 101.50  0.16
 102.20  0.16
 102.90  0.16
 103.60  0.17
 104.30  0.17
 105.00  0.17
 105.70  0.17
 106.40  0.17
 107.10  0.17
 107.80  0.17
 108.50  0.17
 109.20  0.17
 109.90  0.17
 110.60  0.18
 111.30  0.18
 112.00  0.18
 112.70  0.18
 113.40  0.18
 114.10  0.18
 114.80  0.18
 115.50  0.18
 116.20  0.18
 116.90  0.19
 117.60  0.19
 118.30  0.19
 119.00  0.19
 119.70  0.19
 120.40  0.19
 121.10  0.19
 121.80  0.19
 122.50  0.19
 123.20  0.19
 123.90  0.19
 124.60  0.20
 125.30  0.20
 126.00  0.20
 126.70  0.20
 127.40  0.20
 128.10  0.20
 128.80  0.20
 129.50  0.20
 130.20  0.20
 130.90  0.20
 131.60  0.20
 132.30  0.21
 133.00  0.21
 133.70  0.21
 134.40  0.21
 135.10  0.21
 135.80  0.21
 136.50  0.21
 137.20  0.21
 137.90  0.21
 138.60  0.21
 139.30  0.21
 140.00  0.22
 140.70  0.22
 141.40  0.22
 142.10  0.22
 142.80  0.22
 143.50  0.22
 144.20  0.22
 144.90  0.22
 145.60  0.22
 146.30  0.22
 147.00  0.22
 147.70  0.22
 148.40  0.23
 149.10  0.23
 149.80  0.23
 150.50  0.23
 151.20  0.23
 151.90  0.23
 152.60  0.23
 153.30  0.23
 154.00  0.23
 154.70  0.23
 155.40  0.23
 156.10  0.23
 156.80  0.23
 157.50  0.24
 158.20  0.24
 158.90  0.24
 159.60  0.24
 160.30  0.24
 161.00  0.24
 161.70  0.24
 162.40  0.24
 163.10  0.24
 163.80  0.24
 164.50  0.24
 165.20  0.24
 165.90  0.24
 166.60  0.24
 167.30  0.24
 168.00  0.25
 168.70  0.25
 169.40  0.25
 170.10  0.25
 170.80  0.25
 171.50  0.25
 172.20  0.25
 172.90  0.25
 173.60  0.25
 174.30  0.25
 175.00  0.25
 175.70  0.25
 176.40  0.25
 177.10  0.25
 177.80  0.25
 178.50  0.25
 179.20  0.26
 179.90  0.26
 180.60  0.26
 181.30  0.26
 182.00  0.26
 182.70  0.26
 183.40  0.26
 184.10  0.26
 184.80  0.26
 185.50  0.26
 186.20  0.26
 186.90  0.26
 187.60  0.26
 188.30  0.26
 189.00  0.26
 189.70  0.26
 190.40  0.26
 191.10  0.27
 191.80  0.27
 192.50  0.27
 193.20  0.27
 193.90  0.27
 194.60  0.27
 195.30  0.27
 196.00  0.27
 196.70  0.27
 197.40  0.27
 198.10  0.27
 198.80  0.27
 199.50  0.27
 200.20  0.27
 200.90  0.27
 201.60  0.27
 202.30  0.27
 203.00  0.27
 203.70  0.27
 204.40  0.27
 205.10  0.28
 205.80  0.28
 206.50  0.28
 207.20  0.28
 207.90  0.28
 208.60  0.28
 209.30  0.28
 210.00  0.28
 210.70  0.28
 211.40  0.28
 212.10  0.28
 212.80  0.28
 213.50  0.28
 214.20  0.28
 214.90  0.28
 215.60  0.28
 216.30  0.28
 217.00  0.28
 217.70  0.28
 218.40  0.28
 219.10  0.28
 219.80  0.28
 220.50  0.28
 221.20  0.29
 221.90  0.29
 222.60  0.29
 223.30  0.29
 224.00  0.29
 224.70  0.29
 225.40  0.29
 226.10  0.29
 226.80  0.29
 227.50  0.29
 228.20  0.29
 228.90  0.29
 229.60  0.29
 230.30  0.29
 231.00  0.29
 231.70  0.29
 232.40  0.29
 233.10  0.29
 233.80  0.29
 234.50  0.29
 235.20  0.29
 235.90  0.29
 236.60  0.29
 237.30  0.29
 238.00  0.29
 238.70  0.29
 239.40  0.29
 240.10  0.29
 240.80  0.30
 241.50  0.30
 242.20  0.30
 242.90  0.30
 243.60  0.30
 244.30  0.30
 245.00  0.30
 245.70  0.30
 246.40  0.30
 247.10  0.30
 247.80  0.30
 248.50  0.30
 249.20  0.30
 249.90  0.30
 250.60  0.30
 251.30  0.30
 252.00  0.30
 252.70  0.30
 253.40  0.30
 254.10  0.30
 254.80  0.30
 255.50  0.30
 256.20  0.30
 256.90  0.30
 257.60  0.30
 258.30  0.30
 259.00  0.30
 259.70  0.30
 260.40  0.30
 261.10  0.30
 261.80  0.30
 262.50  0.30
 263.20  0.30
 263.90  0.30
 264.60  0.31
 265.30  0.31
 266.00  0.31
 266.70  0.31
 267.40  0.31
 268.10  0.31
 268.80  0.31
 269.50  0.31
 270.20  0.31
 270.90  0.31
 271.60  0.31
 272.30  0.31
 273.00  0.31
 273.70  0.31
 274.40  0.31
 275.10  0.31
 275.80  0.31
 276.50  0.31
 277.20  0.31
 277.90  0.31
 278.60  0.31
 279.30  0.31
 280.00  0.31
 280.70  0.31
 281.40  0.31
 282.10  0.31
 282.80  0.31
 283.50  0.31
 284.20  0.31
 284.90  0.31
 285.60  0.31
 286.30  0.31
 287.00  0.31
 287.70  0.31
 288.40  0.31
 289.10  0.31
 289.80  0.31
 290.50  0.31
 291.20  0.31
 291.90  0.31
 292.60  0.31
 293.30  0.31
 294.00  0.31
 294.70  0.31
 295.40  0.31
 296.10  0.31
 296.80  0.31
 297.50  0.31
 298.20  0.32
 298.90  0.32
 299.60  0.32
 300.30  0.32
 301.00  0.32
 301.70  0.32
 302.40  0.32
 303.10  0.32
 303.80  0.32
 304.50  0.32
 305.20  0.32
 305.90  0.32
 306.60  0.32
 307.30  0.32
 308.00  0.32
 308.70  0.32
 309.40  0.32
 310.10  0.32
 310.80  0.32
 311.50  0.32
 312.20  0.32
 312.90  0.32
 313.60  0.32
 314.30  0.32
 315.00  0.32
 315.70  0.32
 316.40  0.32
 317.10  0.32
 317.80  0.32
 318.50  0.32
 319.20  0.32
 319.90  0.32
 320.60  0.32
 321.30  0.32
 322.00  0.32
 322.70  0.32
 323.40  0.32
 324.10  0.32
 324.80  0.32
 325.50  0.32
 326.20  0.32
 326.90  0.32
 327.60  0.32
 328.30  0.32
 329.00  0.32
 329.70  0.32
 330.40  0.32
 331.10  0.32
 331.80  0.32
 332.50  0.32
 333.20  0.32
 333.90  0.32
 334.60  0.32
 335.30  0.32
 336.00  0.32
 336.70  0.32
 337.40  0.32
 338.10  0.32
 338.80  0.32
 339.50  0.32
 340.20  0.32
 340.90  0.32
 341.60  0.32
 342.30  0.32
 343.00  0.32
 343.70  0.32
 344.40  0.32
 345.10  0.32
 345.80  0.32
 346.50  0.32
 347.20  0.32
 347.90  0.32
 348.60  0.32
 349.30  0.32
 350.00  0.32
 350.70  0.32
 351.40  0.32
 352.10  0.32
 352.80  0.32
 353.50  0.32
 354.20  0.32
 354.90  0.33
 355.60  0.33
 356.30  0.33
 357.00  0.33
 357.70  0.33
 358.40  0.33
 359.10  0.33
 359.80  0.33
 360.50  0.33
 361.20  0.33
 361.90  0.33
 362.60  0.33
 363.30  0.33
 364.00  0.33
 364.70  0.33
 365.40  0.33
 366.10  0.33
 366.80  0.33
 367.50  0.33
 368.20  0.33
 368.90  0.33
 369.60  0.33
 370.30  0.33
 371.00  0.33
 371.70  0.33
 372.40  0.33
 373.10  0.33
 373.80  0.33
 374.50  0.33
 375.20  0.33
 375.90  0.33
 376.60  0.33
 377.30  0.33
 378.00  0.33
 378.70  0.33
 379.40  0.33
 380.10  0.33
 380.80  0.33
 381.50  0.33
 382.20  0.33
 382.90  0.33
 383.60  0.33
 384.30  0.33
 385.00  0.33
 385.70  0.33
 386.40  0.33
 387.10  0.33
 387.80  0.33
 388.50  0.33
 389.20  0.33
 389.90  0.33
 390.60  0.33
 391.30  0.33
 392.00  0.33
 392.70  0.33
 393.40  0.33
 394.10  0.33
 394.80  0.33
 395.50  0.33
 396.20  0.33
 396.90  0.33
 397.60  0.33
 398.30  0.33
 399.00  0.33
 399.70  0.33
 400.40  0.33
 401.10  0.33
 401.80  0.33
 402.50  0.33
 403.20  0.33
 403.90  0.33
 404.60  0.33
 405.30  0.33
 406.00  0.33
 406.70  0.33
 407.40  0.33
 408.10  0.33
 408.80  0.33
 409.50  0.33
 410.20  0.33
 410.90  0.33
 411.60  0.33
 412.30  0.33
 413.00  0.33
 413.70  0.33
 414.40  0.33
 415.10  0.33
 415.80  0.33
 416.50  0.33
 417.20  0.33
 417.90  0.33
 418.60  0.33
 419.30  0.33
 420.00  0.33
 420.70  0.33
 421.40  0.33
 422.10  0.33
 422.80  0.33
 423.50  0.33
 424.20  0.33
 424.90  0.33
 425.60  0.33
 426.30  0.33
 427.00  0.33
 427.70  0.33
 428.40  0.33
 429.10  0.33
 429.80  0.33
 430.50  0.33
 431.20  0.33
 431.90  0.33
 432.60  0.33
 433.30  0.33
 434.00  0.33
 434.70  0.33
 435.40  0.33
 436.10  0.33
 436.80  0.33
 437.50  0.33
 438.20  0.33
 438.90  0.33
 439.60  0.33
 440.30  0.33
 441.00  0.33
 441.70  0.33
 442.40  0.33
 443.10  0.33
 443.80  0.33
 444.50  0.33
 445.20  0.33
 445.90  0.33
 446.60  0.33
 447.30  0.33
 448.00  0.33
 448.70  0.33
 449.40  0.33
 450.10  0.33
 450.80  0.33
 451.50  0.33
 452.20  0.33
 452.90  0.33
 453.60  0.33
 454.30  0.33
 455.00  0.33
 455.70  0.33
 456.40  0.33
 457.10  0.33
 457.80  0.33
 458.50  0.33
 459.20  0.33
 459.90  0.33
 460.60  0.33
 461.30  0.33
 462.00  0.33
 462.70  0.33
 463.40  0.33
 464.10  0.33
 464.80  0.33
 465.50  0.33
 466.20  0.33
 466.90  0.33
 467.60  0.33
 468.30  0.33
 469.00  0.33
 469.70  0.33
 470.40  0.33
 471.10  0.33
 471.80  0.33
 472.50  0.33
 473.20  0.33
 473.90  0.33
 474.60  0.33
 475.30  0.33
 476.00  0.33
 476.70  0.33
 477.40  0.33
 478.10  0.33
 478.80  0.33
 479.50  0.33
 480.20  0.33
 480.90  0.33
 481.60  0.33
 482.30  0.33
 483.00  0.33
 483.70  0.33
 484.40  0.33
 485.10  0.33
 485.80  0.33
 486.50  0.33
 487.20  0.33
 487.90  0.33
 488.60  0.33
 489.30  0.33
 490.00  0.33
 490.70  0.33
 491.40  0.33
 492.10  0.33
 492.80  0.33
 493.50  0.33
 494.20  0.33
 494.90  0.33
 495.60  0.33
 496.30  0.33
 497.00  0.33
 497.70  0.33
 498.40  0.33
 499.10  0.33
 499.80  0.33
 500.50  0.33
 501.20  0.33
 501.90  0.33
 502.60  0.33
 503.30  0.33
 504.00  0.33
 504.70  0.33
 505.40  0.33
 506.10  0.33
 506.80  0.33
 507.50  0.33
 508.20  0.33
 508.90  0.33
 509.60  0.33
 510.30  0.33
 511.00  0.33
 511.70  0.33
 512.40  0.33
 513.10  0.33
 513.80  0.33
 514.50  0.33
 515.20  0.33
 515.90  0.33
 516.60  0.33
 517.30  0.33
 518.00  0.33
 518.70  0.33
 519.40  0.33
 520.10  0.33
 520.80  0.33
 521.50  0.33
 522.20  0.33
 522.90  0.33
 523.60  0.33
 524.30  0.33
 525.00  0.33
 525.70  0.33
 526.40  0.33
 527.10  0.33
 527.80  0.33
 528.50  0.33
 529.20  0.33
 529.90  0.33
 530.60  0.33
 531.30  0.33
 532.00  0.33
 532.70  0.33
 533.40  0.33
 534.10  0.33
 534.80  0.33
 535.50  0.33
 536.20  0.33
 536.90  0.33
 537.60  0.33
 538.30  0.33
 539.00  0.33
 539.70  0.33
 540.40  0.33
 541.10  0.33
 541.80  0.33
 542.50  0.33
 543.20  0.33
 543.90  0.33
 544.60  0.33
 545.30  0.33
 546.00  0.33
 546.70  0.33
 547.40  0.33
 548.10  0.33
 548.80  0.33
 549.50  0.33
 550.20  0.33
 550.90  0.33
 551.60  0.33
 552.30  0.33
 553.00  0.33
 553.70  0.33
 554.40  0.33
 555.10  0.33
 555.80  0.33
 556.50  0.33
 557.20  0.33
 557.90  0.33
 558.60  0.33
 559.30  0.33
 560.00  0.33
 560.70  0.33
 561.40  0.33
 562.10  0.33
 562.80  0.33
 563.50  0.33
 564.20  0.33
 564.90  0.33
 565.60  0.33
 566.30  0.33
 567.00  0.33
 567.70  0.33
 568.40  0.33
 569.10  0.33
 569.80  0.33
 570.50  0.33
 571.20  0.33
 571.90  0.33
 572.60  0.33
 573.30  0.33
 574.00  0.33
 574.70  0.33
 575.40  0.33
 576.10  0.33
 576.80  0.33
 577.50  0.33
 578.20  0.33
 578.90  0.33
 579.60  0.33
 580.30  0.33
 581.00  0.33
 581.70  0.33
 582.40  0.33
 583.10  0.33
 583.80  0.33
 584.50  0.33
 585.20  0.33
 585.90  0.33
 586.60  0.33
 587.30  0.33
 588.00  0.33
 588.70  0.33
 589.40  0.33
 590.10  0.33
 590.80  0.33
 591.50  0.33
 592.20  0.33
 592.90  0.33
 593.60  0.33
 594.30  0.33
 595.00  0.32
 595.70  0.32
 596.40  0.32
 597.10  0.32
 597.80  0.32
 598.50  0.32
 599.20  0.32
 599.90  0.32
 600.60  0.32
 601.30  0.32
 602.00  0.32
 602.70  0.32
 603.40  0.32
 604.10  0.32
 604.80  0.32
 605.50  0.32
 606.20  0.32
 606.90  0.32
 607.60  0.32
 608.30  0.32
 609.00  0.32
 609.70  0.32
 610.40  0.32
 611.10  0.32
 611.80  0.32
 612.50  0.32
 613.20  0.32
 613.90  0.32
 614.60  0.32
 615.30  0.32
 616.00  0.32
 616.70  0.32
 617.40  0.32
 618.10  0.32
 618.80  0.32
 619.50  0.32
 620.20  0.32
 620.90  0.32
 621.60  0.32
 622.30  0.32
 623.00  0.32
 623.70  0.32
 624.40  0.32
 625.10  0.32
 625.80  0.32
 626.50  0.32
 627.20  0.32
 627.90  0.32
 628.60  0.32
 629.30  0.32
 630.00  0.32
 630.70  0.32
 631.40  0.32
 632.10  0.32
 632.80  0.32
 633.50  0.32
 634.20  0.32
 634.90  0.32
 635.60  0.32
 636.30  0.32
 637.00  0.32
 637.70  0.32
 638.40  0.32
 639.10  0.32
 639.80  0.32
 640.50  0.32
 641.20  0.32
 641.90  0.32
 642.60  0.32
 643.30  0.32
 644.00  0.32
 644.70  0.32
 645.40  0.32
 646.10  0.32
 646.80  0.32
 647.50  0.32
 648.20  0.32
 648.90  0.32
 649.60  0.32
 650.30  0.32
 651.00  0.32
 651.70  0.32
 652.40  0.32
 653.10  0.32
 653.80  0.32
 654.50  0.32
 655.20  0.32
 655.90  0.32
 656.60  0.32
 657.30  0.32
 658.00  0.32
 658.70  0.32
 659.40  0.32
 660.10  0.32
 660.80  0.32
 661.50  0.32
 662.20  0.32
 662.90  0.32
 663.60  0.32
 664.30  0.32
 665.00  0.32
 665.70  0.32
 666.40  0.32
 667.10  0.32
 667.80  0.32
 668.50  0.32
 669.20  0.32
 669.90  0.32
 670.60  0.32
 671.30  0.32
 672.00  0.32
 672.70  0.32
 673.40  0.32
 674.10  0.32
 674.80  0.32
 675.50  0.32
 676.20  0.32
 676.90  0.32
 677.60  0.32
 678.30  0.32
 679.00  0.32
 679.70  0.32
 680.40  0.32
 681.10  0.32
 681.80  0.32
 682.50  0.32
 683.20  0.32
 683.90  0.32
 684.60  0.32
 685.30  0.32
 686.00  0.32
 686.70  0.32
 687.40  0.32
 688.10  0.32
 688.80  0.32
 689.50  0.32
 690.20  0.32
 690.90  0.32
 691.60  0.32
 692.30  0.32
 693.00  0.32
 693.70  0.32
 694.40  0.32
 695.10  0.32
 695.80  0.32
 696.50  0.32
 697.20  0.32
 697.90  0.32
 698.60  0.32
 699.30  0.32
 700.00  0.32
 700.70  0.32
 701.40  0.32
 702.10  0.32
 702.80  0.32
 703.50  0.32
 704.20  0.32
 704.90  0.32
 705.60  0.32
 706.30  0.32
 707.00  0.32
 707.70  0.32
 708.40  0.32
 709.10  0.32
 709.80  0.32
 710.50  0.32
 711.20  0.32
 711.90  0.32
 712.60  0.32
 713.30  0.32
 714.00  0.32
 714.70  0.32
 715.40  0.32
 716.10  0.32
 716.80  0.32
 717.50  0.32
 718.20  0.32
 718.90  0.32
 719.60  0.32
 720.30  0.32
 721.00  0.32
 721.70  0.32
 722.40  0.32
 723.10  0.32
 723.80  0.32
 724.50  0.32
 725.20  0.32
 725.90  0.32
 726.60  0.32
 727.30  0.32
 728.00  0.32
 728.70  0.32
 729.40  0.32
 730.10  0.32
 730.80  0.32
 731.50  0.32
 732.20  0.32
 732.90  0.32
 733.60  0.32
 734.30  0.32
 735.00  0.32
 735.70  0.32
 736.40  0.32
 737.10  0.32
 737.80  0.32
 738.50  0.32
 739.20  0.32
 739.90  0.32
 740.60  0.32
 741.30  0.32
 742.00  0.32
 742.70  0.32
 743.40  0.32
 744.10  0.32
 744.80  0.32
 745.50  0.32
 746.20  0.32
 746.90  0.32
 747.60  0.32
 748.30  0.32
 749.00  0.32
 749.70  0.32
 750.40  0.32
 751.10  0.32
 751.80  0.32
 752.50  0.32
 753.20  0.32
 753.90  0.32
 754.60  0.32
 755.30  0.32
 756.00  0.32
 756.70  0.32
 757.40  0.32
 758.10  0.32
 758.80  0.32
 759.50  0.32
 760.20  0.32
 760.90  0.32
 761.60  0.32
 762.30  0.32
 763.00  0.32
 763.70  0.32
 764.40  0.32
 765.10  0.32
 765.80  0.32
 766.50  0.32
 767.20  0.32
 767.90  0.32
 768.60  0.32
 769.30  0.32
 770.00  0.32
 770.70  0.32
 771.40  0.31
 772.10  0.31
 772.80  0.31
 773.50  0.31
 774.20  0.31
 774.90  0.31
 775.60  0.31
 776.30  0.31
 777.00  0.31
 777.70  0.31
 778.40  0.31
 779.10  0.31
 779.80  0.31
 780.50  0.31
 781.20  0.31
 781.90  0.31
 782.60  0.31
 783.30  0.31
 784.00  0.31
 784.70  0.31
 785.40  0.31
 786.10  0.31
 786.80  0.31
 787.50  0.31
 788.20  0.31
 788.90  0.31
 789.60  0.31
 790.30  0.31
 791.00  0.31
 791.70  0.31
 792.40  0.31
 793.10  0.31
 793.80  0.31
 794.50  0.31
 795.20  0.31
 795.90  0.31
 796.60  0.31
 797.30  0.31
 798.00  0.31
 798.70  0.31
 799.40  0.31
 800.10  0.31
 800.80  0.31
 801.50  0.31
 802.20  0.31
 802.90  0.31
 803.60  0.31
 804.30  0.31
 805.00  0.31
 805.70  0.31
 806.40  0.31
 807.10  0.31
 807.80  0.31
 808.50  0.31
 809.20  0.31
 809.90  0.31
 810.60  0.31
 811.30  0.31
 812.00  0.31
 812.70  0.31
 813.40  0.31
 814.10  0.31
 814.80  0.31
 815.50  0.31
 816.20  0.31
 816.90  0.31
 817.60  0.31
 818.30  0.31
 819.00  0.31
 819.70  0.31
 820.40  0.31
 821.10  0.31
 821.80  0.31
 822.50  0.31
 823.20  0.31
 823.90  0.31
 824.60  0.31
 825.30  0.31
 826.00  0.31
 826.70  0.31
 827.40  0.31
 828.10  0.31
 828.80  0.31
 829.50  0.31
 830.20  0.31
 830.90  0.31
 831.60  0.31
 832.30  0.31
 833.00  0.31
 833.70  0.31
 834.40  0.31
 835.10  0.31
 835.80  0.31
 836.50  0.31
 837.20  0.31
 837.90  0.31
 838.60  0.31
 839.30  0.31
 840.00  0.31
 840.70  0.31
 841.40  0.31
 842.10  0.31
 842.80  0.31
 843.50  0.31
 844.20  0.31
 844.90  0.31
 845.60  0.31
 846.30  0.31
 847.00  0.31
 847.70  0.31
 848.40  0.31
 849.10  0.31
 849.80  0.31
 850.50  0.31
 851.20  0.31
 851.90  0.31
 852.60  0.31
 853.30  0.31
 854.00  0.31
 854.70  0.31
 855.40  0.31
 856.10  0.31
 856.80  0.31
 857.50  0.31
 858.20  0.31
 858.90  0.31
 859.60  0.31
 860.30  0.31
 861.00  0.31
 861.70  0.31
 862.40  0.31
 863.10  0.31
 863.80  0.31
 864.50  0.31
 865.20  0.31
 865.90  0.31
 866.60  0.31
 867.30  0.31
 868.00  0.31
 868.70  0.31
 869.40  0.31
 870.10  0.31
 870.80  0.31
 871.50  0.31
 872.20  0.31
 872.90  0.31
 873.60  0.31
 874.30  0.31
 875.00  0.31
 875.70  0.31
 876.40  0.31
 877.10  0.31
 877.80  0.31
 878.50  0.31
 879.20  0.31
 879.90  0.31
 880.60  0.31
 881.30  0.31
 882.00  0.31
 882.70  0.31
 883.40  0.31
 884.10  0.31
 884.80  0.31
 885.50  0.31
 886.20  0.31
 886.90  0.31
 887.60  0.31
 888.30  0.31
 889.00  0.31
 889.70  0.31
 890.40  0.31
 891.10  0.31
 891.80  0.31
 892.50  0.31
 893.20  0.31
 893.90  0.31
 894.60  0.31
 895.30  0.31
 896.00  0.31
 896.70  0.31
 897.40  0.31
 898.10  0.31
 898.80  0.31
 899.50  0.31
 900.20  0.31
 900.90  0.31
 901.60  0.31
 902.30  0.31
 903.00  0.31
 903.70  0.31
 904.40  0.31
 905.10  0.31
 905.80  0.31
 906.50  0.31
 907.20  0.31
 907.90  0.31
 908.60  0.31
 909.30  0.31
 910.00  0.31
 910.70  0.31
 911.40  0.31
 912.10  0.31
 912.80  0.31
 913.50  0.31
 914.20  0.31
 914.90  0.31
 915.60  0.31
 916.30  0.31
 917.00  0.31
 917.70  0.31
 918.40  0.31
 919.10  0.31
 919.80  0.31
 920.50  0.31
 921.20  0.31
 921.90  0.31
 922.60  0.31
 923.30  0.31
 924.00  0.31
 924.70  0.31
 925.40  0.31
 926.10  0.31
 926.80  0.31
 927.50  0.31
 928.20  0.31
 928.90  0.31
 929.60  0.31
 930.30  0.31
 931.00  0.31
 931.70  0.31
 932.40  0.31
 933.10  0.31
 933.80  0.31
 934.50  0.31
 935.20  0.31
 935.90  0.31
 936.60  0.31
 937.30  0.31
 938.00  0.31
 938.70  0.31
 939.40  0.31
 940.10  0.31
 940.80  0.31
 941.50  0.31
 942.20  0.31
 942.90  0.31
 943.60  0.31
 944.30  0.31
 945.00  0.31
 945.70  0.31
 946.40  0.31
 947.10  0.31
 947.80  0.31
 948.50  0.31
 949.20  0.31
 949.90  0.31
 950.60  0.31
 951.30  0.31
 952.00  0.31
 952.70  0.31
 953.40  0.31
 954.10  0.31
 954.80  0.31
 955.50  0.31
 956.20  0.31
 956.90  0.31
 957.60  0.31
 958.30  0.31
 959.00  0.31
 959.70  0.31
 960.40  0.31
 961.10  0.31
 961.80  0.31
 962.50  0.31
 963.20  0.31
 963.90  0.31
 964.60  0.31
 965.30  0.31
 966.00  0.31
 966.70  0.31
 967.40  0.31
 968.10  0.31
 968.80  0.31
 969.50  0.31
 970.20  0.31
 970.90  0.31
 971.60  0.31
 972.30  0.31
 973.00  0.31
 973.70  0.31
 974.40  0.31
 975.10  0.31
 975.80  0.31
 976.50  0.31
 977.20  0.31
 977.90  0.31
 978.60  0.31
 979.30  0.31
 980.00  0.31
 980.70  0.31
 981.40  0.31
 982.10  0.31
 982.80  0.31
 983.50  0.31
 984.20  0.31
 984.90  0.31
 985.60  0.31
 986.30  0.31
 987.00  0.31
 987.70  0.31
 988.40  0.31
 989.10  0.31
 989.80  0.31
 990.50  0.31
 991.20  0.31
 991.90  0.31
 992.60  0.31
 993.30  0.31
 994.00  0.31
 994.70  0.31
 995.40  0.31
 996.10  0.31
 996.80  0.31
 997.50  0.31
 998.20  0.31
 998.90  0.31
 999.60  0.31
 1000.30  0.31
 1001.00  0.31
 1001.70  0.31
 1002.40  0.31
 1003.10  0.31
 1003.80  0.31
 1004.50  0.31
 1005.20  0.31
 1005.90  0.31
 1006.60  0.31
 1007.30  0.31
 1008.00  0.31
 1008.70  0.31
 1009.40  0.31
 1010.10  0.31
 1010.80  0.31
 1011.50  0.31
 1012.20  0.31
 1012.90  0.31
 1013.60  0.31
 1014.30  0.31
 1015.00  0.31
 1015.70  0.31
 1016.40  0.31
 1017.10  0.31
 1017.80  0.31
 1018.50  0.31
 1019.20  0.31
 1019.90  0.31
 1020.60  0.31
 1021.30  0.31
 1022.00  0.30
 1022.70  0.30
 1023.40  0.30
 1024.10  0.30
 1024.80  0.30
 1025.50  0.30
 1026.20  0.30
 1026.90  0.30
 1027.60  0.30
 1028.30  0.30
 1029.00  0.30
 1029.70  0.30
 1030.40  0.30
 1031.10  0.30
 1031.80  0.30
 1032.50  0.30
 1033.20  0.30
 1033.90  0.30
 1034.60  0.30
 1035.30  0.30
 1036.00  0.30
 1036.70  0.30
 1037.40  0.30
 1038.10  0.30
 1038.80  0.30
 1039.50  0.30
 1040.20  0.30
 1040.90  0.30
 1041.60  0.30
 1042.30  0.30
 1043.00  0.30
 1043.70  0.30
 1044.40  0.30
 1045.10  0.30
 1045.80  0.30
 1046.50  0.30
 1047.20  0.30
 1047.90  0.30
 1048.60  0.30
 1049.30  0.30
 1050.00  0.30
 1050.70  0.30
 1051.40  0.30
 1052.10  0.30
 1052.80  0.30
 1053.50  0.30
 1054.20  0.30
 1054.90  0.30
 1055.60  0.30
 1056.30  0.30
 1057.00  0.30
 1057.70  0.30
 1058.40  0.30
 1059.10  0.30
 1059.80  0.30
 1060.50  0.30
 1061.20  0.30
 1061.90  0.30
 1062.60  0.30
 1063.30  0.30
 1064.00  0.30
 1064.70  0.30
 1065.40  0.30
 1066.10  0.30
 1066.80  0.30
 1067.50  0.30
 1068.20  0.30
 1068.90  0.30
 1069.60  0.30
 1070.30  0.30
 1071.00  0.30
 1071.70  0.30
 1072.40  0.30
 1073.10  0.30
 1073.80  0.30
 1074.50  0.30
 1075.20  0.30
 1075.90  0.30
 1076.60  0.30
 1077.30  0.30
 1078.00  0.30
 1078.70  0.30
 1079.40  0.30
 1080.10  0.30
 1080.80  0.30
 1081.50  0.30
 1082.20  0.30
 1082.90  0.30
 1083.60  0.30
 1084.30  0.30
 1085.00  0.30
 1085.70  0.30
 1086.40  0.30
 1087.10  0.30
 1087.80  0.30
 1088.50  0.30
 1089.20  0.30
 1089.90  0.30
 1090.60  0.30
 1091.30  0.30
 1092.00  0.30
 1092.70  0.30
 1093.40  0.30
 1094.10  0.30
 1094.80  0.30
 1095.50  0.30
 1096.20  0.30
 1096.90  0.30
 1097.60  0.30
 1098.30  0.30
 1099.00  0.30
 1099.70  0.30
 1100.40  0.30
 1101.10  0.30
 1101.80  0.30
 1102.50  0.30
 1103.20  0.30
 1103.90  0.30
 1104.60  0.30
 1105.30  0.30
 1106.00  0.30
 1106.70  0.30
 1107.40  0.30
 1108.10  0.30
 1108.80  0.30
 1109.50  0.30
 1110.20  0.30
 1110.90  0.30
 1111.60  0.30
 1112.30  0.30
 1113.00  0.30
 1113.70  0.30
 1114.40  0.30
 1115.10  0.30
 1115.80  0.30
 1116.50  0.30
 1117.20  0.30
 1117.90  0.30
 1118.60  0.30
 1119.30  0.30
 1120.00  0.30
 1120.70  0.30
 1121.40  0.30
 1122.10  0.30
 1122.80  0.30
 1123.50  0.30
 1124.20  0.30
 1124.90  0.30
 1125.60  0.30
 1126.30  0.30
 1127.00  0.30
 1127.70  0.30
 1128.40  0.30
 1129.10  0.30
 1129.80  0.30
 1130.50  0.30
 1131.20  0.30
 1131.90  0.30
 1132.60  0.30
 1133.30  0.30
 1134.00  0.30
 1134.70  0.30
 1135.40  0.30
 1136.10  0.30
 1136.80  0.30
 1137.50  0.30
 1138.20  0.30
 1138.90  0.30
 1139.60  0.30
 1140.30  0.30
 1141.00  0.30
 1141.70  0.30
 1142.40  0.30
 1143.10  0.30
 1143.80  0.30
 1144.50  0.30
 1145.20  0.30
 1145.90  0.30
 1146.60  0.30
 1147.30  0.30
 1148.00  0.30
 1148.70  0.30
 1149.40  0.30
 1150.10  0.30
 1150.80  0.30
 1151.50  0.30
 1152.20  0.30
 1152.90  0.30
 1153.60  0.30
 1154.30  0.30
 1155.00  0.30
 1155.70  0.30
 1156.40  0.30
 1157.10  0.30
 1157.80  0.30
 1158.50  0.30
 1159.20  0.30
 1159.90  0.30
 1160.60  0.30
 1161.30  0.30
 1162.00  0.30
 1162.70  0.30
 1163.40  0.30
 1164.10  0.30
 1164.80  0.30
 1165.50  0.30
 1166.20  0.30
 1166.90  0.30
 1167.60  0.30
 1168.30  0.30
 1169.00  0.30
 1169.70  0.30
 1170.40  0.30
 1171.10  0.30
 1171.80  0.30
 1172.50  0.30
 1173.20  0.30
 1173.90  0.30
 1174.60  0.30
 1175.30  0.30
 1176.00  0.30
 1176.70  0.30
 1177.40  0.30
 1178.10  0.30
 1178.80  0.30
 1179.50  0.30
 1180.20  0.30
 1180.90  0.30
 1181.60  0.30
 1182.30  0.30
 1183.00  0.30
 1183.70  0.30
 1184.40  0.30
 1185.10  0.30
 1185.80  0.30
 1186.50  0.30
 1187.20  0.30
 1187.90  0.30
 1188.60  0.30
 1189.30  0.30
 1190.00  0.30
 1190.70  0.30
 1191.40  0.30
 1192.10  0.30
 1192.80  0.30
 1193.50  0.30
 1194.20  0.30
 1194.90  0.30
 1195.60  0.30
 1196.30  0.30
 1197.00  0.30
 1197.70  0.30
 1198.40  0.30
 1199.10  0.30
 1199.80  0.30
 1200.50  0.30
 1201.20  0.30
 1201.90  0.30
 1202.60  0.30
 1203.30  0.30
 1204.00  0.30
 1204.70  0.30
 1205.40  0.30
 1206.10  0.30
 1206.80  0.30
 1207.50  0.30
 1208.20  0.30
 1208.90  0.30
 1209.60  0.30
 1210.30  0.30
 1211.00  0.30
 1211.70  0.30
 1212.40  0.30
 1213.10  0.30
 1213.80  0.30
 1214.50  0.30
 1215.20  0.30
 1215.90  0.30
 1216.60  0.30
 1217.30  0.30
 1218.00  0.30
 1218.70  0.30
 1219.40  0.30
 1220.10  0.30
 1220.80  0.30
 1221.50  0.30
 1222.20  0.30
 1222.90  0.30
 1223.60  0.30
 1224.30  0.30
 1225.00  0.30
 1225.70  0.30
 1226.40  0.30
 1227.10  0.30
 1227.80  0.30
 1228.50  0.30
 1229.20  0.30
 1229.90  0.30
 1230.60  0.30
 1231.30  0.30
 1232.00  0.30
 1232.70  0.30
 1233.40  0.30
 1234.10  0.30
 1234.80  0.30
 1235.50  0.30
 1236.20  0.30
 1236.90  0.30
 1237.60  0.30
 1238.30  0.30
 1239.00  0.30
 1239.70  0.30
 1240.40  0.30
 1241.10  0.30
 1241.80  0.30
 1242.50  0.30
 1243.20  0.30
 1243.90  0.30
 1244.60  0.30
 1245.30  0.30
 1246.00  0.30
 1246.70  0.30
 1247.40  0.30
 1248.10  0.30
 1248.80  0.30
 1249.50  0.30
 1250.20  0.30
 1250.90  0.30
 1251.60  0.30
 1252.30  0.30
 1253.00  0.30
 1253.70  0.30
 1254.40  0.30
 1255.10  0.30
 1255.80  0.30
 1256.50  0.30
 1257.20  0.30
 1257.90  0.30
 1258.60  0.30
 1259.30  0.30
 1260.00  0.30
 1260.70  0.30
 1261.40  0.30
 1262.10  0.30
 1262.80  0.30
 1263.50  0.30
 1264.20  0.30
 1264.90  0.30
 1265.60  0.30
 1266.30  0.30
 1267.00  0.30
 1267.70  0.30
 1268.40  0.30
 1269.10  0.30
 1269.80  0.30
 1270.50  0.30
 1271.20  0.30
 1271.90  0.30
 1272.60  0.30
 1273.30  0.30
 1274.00  0.30
 1274.70  0.30
 1275.40  0.30
 1276.10  0.30
 1276.80  0.30
 1277.50  0.30
 1278.20  0.30
 1278.90  0.30
 1279.60  0.30
 1280.30  0.30
 1281.00  0.30
 1281.70  0.30
 1282.40  0.30
 1283.10  0.30
 1283.80  0.30
 1284.50  0.30
 1285.20  0.30
 1285.90  0.30
 1286.60  0.30
 1287.30  0.30
 1288.00  0.30
 1288.70  0.30
 1289.40  0.30
 1290.10  0.30
 1290.80  0.30
 1291.50  0.30
 1292.20  0.30
 1292.90  0.30
 1293.60  0.30
 1294.30  0.30
 1295.00  0.30
 1295.70  0.30
 1296.40  0.30
 1297.10  0.30
 1297.80  0.30
 1298.50  0.30
 1299.20  0.30
 1299.90  0.30
 1300.60  0.30
 1301.30  0.30
 1302.00  0.30
 1302.70  0.30
 1303.40  0.30
 1304.10  0.30
 1304.80  0.30
 1305.50  0.30
 1306.20  0.30
 1306.90  0.30
 1307.60  0.30
 1308.30  0.30
 1309.00  0.30
 1309.70  0.30
 1310.40  0.30
 1311.10  0.30
 1311.80  0.30
 1312.50  0.30
 1313.20  0.30
 1313.90  0.30
 1314.60  0.30
 1315.30  0.30
 1316.00  0.30
 1316.70  0.30
 1317.40  0.30
 1318.10  0.30
 1318.80  0.30
 1319.50  0.30
 1320.20  0.30
 1320.90  0.30
 1321.60  0.30
 1322.30  0.30
 1323.00  0.30
 1323.70  0.30
 1324.40  0.30
 1325.10  0.30
 1325.80  0.30
 1326.50  0.30
 1327.20  0.30
 1327.90  0.30
 1328.60  0.30
 1329.30  0.30
 1330.00  0.30
 1330.70  0.30
 1331.40  0.30
 1332.10  0.30
 1332.80  0.30
 1333.50  0.30
 1334.20  0.30
 1334.90  0.30
 1335.60  0.30
 1336.30  0.30
 1337.00  0.30
 1337.70  0.30
 1338.40  0.30
 1339.10  0.30
 1339.80  0.30
 1340.50  0.30
 1341.20  0.30
 1341.90  0.30
 1342.60  0.30
 1343.30  0.30
 1344.00  0.30
 1344.70  0.30
 1345.40  0.30
 1346.10  0.30
 1346.80  0.30
 1347.50  0.30
 1348.20  0.30
 1348.90  0.30
 1349.60  0.30
 1350.30  0.30
 1351.00  0.30
 1351.70  0.30
 1352.40  0.30
 1353.10  0.30
 1353.80  0.30
 1354.50  0.30
 1355.20  0.30
 1355.90  0.30
 1356.60  0.30
 1357.30  0.30
 1358.00  0.30
 1358.70  0.30
 1359.40  0.30
 1360.10  0.30
 1360.80  0.30
 1361.50  0.30
 1362.20  0.30
 1362.90  0.30
 1363.60  0.30
 1364.30  0.30
 1365.00  0.30
 1365.70  0.30
 1366.40  0.30
 1367.10  0.30
 1367.80  0.30
 1368.50  0.30
 1369.20  0.30
 1369.90  0.30
 1370.60  0.30
 1371.30  0.30
 1372.00  0.30
 1372.70  0.30
 1373.40  0.30
 1374.10  0.30
 1374.80  0.30
 1375.50  0.30
 1376.20  0.30
 1376.90  0.30
 1377.60  0.30
 1378.30  0.30
 1379.00  0.30
 1379.70  0.30
 1380.40  0.30
 1381.10  0.30
 1381.80  0.30
 1382.50  0.30
 1383.20  0.30
 1383.90  0.30
 1384.60  0.30
 1385.30  0.30
 1386.00  0.30
 1386.70  0.30
 1387.40  0.30
 1388.10  0.30
 1388.80  0.30
 1389.50  0.30
 1390.20  0.30
 1390.90  0.30
 1391.60  0.30
 1392.30  0.30
 1393.00  0.30
 1393.70  0.30
 1394.40  0.30
 1395.10  0.30
 1395.80  0.30
 1396.50  0.30
 1397.20  0.30
 1397.90  0.30
 1398.60  0.30
 1399.30  0.30
 1400.00  0.30
 1400.70  0.30
 1401.40  0.30
 1402.10  0.30
 1402.80  0.30
 1403.50  0.30
 1404.20  0.30
 1404.90  0.30
 1405.60  0.30
 1406.30  0.30
 1407.00  0.30
 1407.70  0.30
 1408.40  0.30
 1409.10  0.30
 1409.80  0.30
 1410.50  0.30
 1411.20  0.30
 1411.90  0.30
 1412.60  0.30
 1413.30  0.30
 1414.00  0.30
 1414.70  0.30
 1415.40  0.30
 1416.10  0.30
 1416.80  0.30
 1417.50  0.30
 1418.20  0.30
 1418.90  0.30
 1419.60  0.30
 1420.30  0.30
 1421.00  0.30
 1421.70  0.30
 1422.40  0.30
 1423.10  0.30
 1423.80  0.30
 1424.50  0.30
 1425.20  0.30
 1425.90  0.30
 1426.60  0.30
 1427.30  0.30
 1428.00  0.30
 1428.70  0.30
 1429.40  0.30
 1430.10  0.30
 1430.80  0.30
 1431.50  0.30
 1432.20  0.30
 1432.90  0.30
 1433.60  0.30
 1434.30  0.30
 1435.00  0.30
 1435.70  0.30
 1436.40  0.30
 1437.10  0.30
 1437.80  0.30
 1438.50  0.30
 1439.20  0.30
 1439.90  0.30
 1440.60  0.30
 1441.30  0.30
 1442.00  0.30
 1442.70  0.30
 1443.40  0.30
 1444.10  0.30
 1444.80  0.30
 1445.50  0.30
 1446.20  0.30
 1446.90  0.30
 1447.60  0.30
 1448.30  0.30
 1449.00  0.30
 1449.70  0.30
 1450.40  0.30
 1451.10  0.30
 1451.80  0.30
 1452.50  0.30
 1453.20  0.30
 1453.90  0.30
 1454.60  0.30
 1455.30  0.30
 1456.00  0.30
 1456.70  0.30
 1457.40  0.30
 1458.10  0.30
 1458.80  0.30
 1459.50  0.30
 1460.20  0.30
 1460.90  0.30
 1461.60  0.30
 1462.30  0.30
 1463.00  0.30
 1463.70  0.30
 1464.40  0.30
 1465.10  0.30
 1465.80  0.30
 1466.50  0.30
 1467.20  0.30
 1467.90  0.30
 1468.60  0.30
 1469.30  0.30
 1470.00  0.30
 1470.70  0.30
 1471.40  0.30
 1472.10  0.30
 1472.80  0.30
 1473.50  0.30
 1474.20  0.30
 1474.90  0.30
 1475.60  0.30
 1476.30  0.30
 1477.00  0.30
 1477.70  0.30
 1478.40  0.30
 1479.10  0.30
 1479.80  0.30
 1480.50  0.30
 1481.20  0.30
 1481.90  0.30
 1482.60  0.30
 1483.30  0.30
 1484.00  0.30
 1484.70  0.30
 1485.40  0.30
 1486.10  0.30
 1486.80  0.30
 1487.50  0.30
 1488.20  0.30
 1488.90  0.30
 1489.60  0.30
 1490.30  0.30
 1491.00  0.30
 1491.70  0.30
 1492.40  0.30
 1493.10  0.30
 1493.80  0.30
 1494.50  0.30
 1495.20  0.30
 1495.90  0.30
 1496.60  0.30
 1497.30  0.30
 1498.00  0.30
 1498.70  0.30
 1499.40  0.30
 1500.10  0.30
 1500.80  0.30
 1501.50  0.30
 1502.20  0.30
 1502.90  0.30
 1503.60  0.30
 1504.30  0.30
 1505.00  0.30
 1505.70  0.30
 1506.40  0.30
 1507.10  0.30
 1507.80  0.30
 1508.50  0.30
 1509.20  0.30
 1509.90  0.30
 1510.60  0.30
 1511.30  0.30
 1512.00  0.30
 1512.70  0.30
 1513.40  0.30
 1514.10  0.30
 1514.80  0.30
 1515.50  0.30
 1516.20  0.30
 1516.90  0.30
 1517.60  0.30
 1518.30  0.30
 1519.00  0.30
 1519.70  0.30
 1520.40  0.30
 1521.10  0.30
 1521.80  0.30
 1522.50  0.30
 1523.20  0.30
 1523.90  0.30
 1524.60  0.30
 1525.30  0.30
 1526.00  0.30
 1526.70  0.30
 1527.40  0.30
 1528.10  0.30
 1528.80  0.30
 1529.50  0.30
 1530.20  0.30
 1530.90  0.30
 1531.60  0.30
 1532.30  0.30
 1533.00  0.30
 1533.70  0.30
 1534.40  0.30
 1535.10  0.30
 1535.80  0.30
 1536.50  0.30
 1537.20  0.30
 1537.90  0.30
 1538.60  0.30
 1539.30  0.30
 1540.00  0.30
 1540.70  0.30
 1541.40  0.30
 1542.10  0.30
 1542.80  0.30
 1543.50  0.30
 1544.20  0.30
 1544.90  0.30
 1545.60  0.30
 1546.30  0.30
 1547.00  0.30
 1547.70  0.30
 1548.40  0.30
 1549.10  0.30
 1549.80  0.30
 1550.50  0.30
 1551.20  0.30
 1551.90  0.30
 1552.60  0.30
 1553.30  0.30
 1554.00  0.30
 1554.70  0.30
 1555.40  0.30
 1556.10  0.30
 1556.80  0.30
 1557.50  0.30
 1558.20  0.30
 1558.90  0.30
 1559.60  0.30
 1560.30  0.30
 1561.00  0.30
 1561.70  0.30
 1562.40  0.30
 1563.10  0.30
 1563.80  0.30
 1564.50  0.30
 1565.20  0.30
 1565.90  0.30
 1566.60  0.30
 1567.30  0.30
 1568.00  0.30
 1568.70  0.30
 1569.40  0.30
 1570.10  0.30
 1570.80  0.30
 1571.50  0.30
 1572.20  0.30
 1572.90  0.30
 1573.60  0.30
 1574.30  0.30
 1575.00  0.30
 1575.70  0.30
 1576.40  0.30
 1577.10  0.30
 1577.80  0.30
 1578.50  0.30
 1579.20  0.30
 1579.90  0.30
 1580.60  0.30
 1581.30  0.30
 1582.00  0.30
 1582.70  0.30
 1583.40  0.30
 1584.10  0.30
 1584.80  0.30
 1585.50  0.30
 1586.20  0.30
 1586.90  0.30
 1587.60  0.30
 1588.30  0.30
 1589.00  0.30
 1589.70  0.30
 1590.40  0.30
 1591.10  0.30
 1591.80  0.30
 1592.50  0.30
 1593.20  0.30
 1593.90  0.30
 1594.60  0.30
 1595.30  0.30
 1596.00  0.30
 1596.70  0.30
 1597.40  0.30
 1598.10  0.30
 1598.80  0.30
 1599.50  0.30
 1600.20  0.30
 1600.90  0.30
 1601.60  0.30
 1602.30  0.30
 1603.00  0.30
 1603.70  0.30
 1604.40  0.30
 1605.10  0.30
 1605.80  0.30
 1606.50  0.30
 1607.20  0.30
 1607.90  0.30
 1608.60  0.30
 1609.30  0.30
 1610.00  0.30
 1610.70  0.30
 1611.40  0.30
 1612.10  0.30
 1612.80  0.30
 1613.50  0.30
 1614.20  0.30
 1614.90  0.30
 1615.60  0.30
 1616.30  0.30
 1617.00  0.30
 1617.70  0.30
 1618.40  0.30
 1619.10  0.30
 1619.80  0.30
 1620.50  0.30
 1621.20  0.30
 1621.90  0.30
 1622.60  0.30
 1623.30  0.30
 1624.00  0.30
 1624.70  0.30
 1625.40  0.30
 1626.10  0.30
 1626.80  0.30
 1627.50  0.30
 1628.20  0.30
 1628.90  0.30
 1629.60  0.30
 1630.30  0.30
 1631.00  0.30
 1631.70  0.30
 1632.40  0.30
 1633.10  0.30
 1633.80  0.30
 1634.50  0.30
 1635.20  0.30
 1635.90  0.30
 1636.60  0.30
 1637.30  0.30
 1638.00  0.30
 1638.70  0.30
 1639.40  0.30
 1640.10  0.30
 1640.80  0.30
 1641.50  0.30
 1642.20  0.30
 1642.90  0.30
 1643.60  0.30
 1644.30  0.30
 1645.00  0.30
 1645.70  0.30
 1646.40  0.30
 1647.10  0.30
 1647.80  0.30
 1648.50  0.30
 1649.20  0.30
 1649.90  0.30
 1650.60  0.30
 1651.30  0.30
 1652.00  0.30
 1652.70  0.30
 1653.40  0.30
 1654.10  0.30
 1654.80  0.30
 1655.50  0.30
 1656.20  0.30
 1656.90  0.30
 1657.60  0.30
 1658.30  0.30
 1659.00  0.30
 1659.70  0.30
 1660.40  0.30
 1661.10  0.30
 1661.80  0.30
 1662.50  0.30
 1663.20  0.30
 1663.90  0.30
 1664.60  0.30
 1665.30  0.30
 1666.00  0.30
 1666.70  0.30
 1667.40  0.30
 1668.10  0.30
 1668.80  0.30
 1669.50  0.30
 1670.20  0.30
 1670.90  0.30
 1671.60  0.30
 1672.30  0.30
 1673.00  0.30
 1673.70  0.30
 1674.40  0.30
 1675.10  0.30
 1675.80  0.30
 1676.50  0.30
 1677.20  0.30
 1677.90  0.30
 1678.60  0.30
 1679.30  0.30
 1680.00  0.30
 1680.70  0.30
 1681.40  0.30
 1682.10  0.30
 1682.80  0.30
 1683.50  0.30
 1684.20  0.30
 1684.90  0.30
 1685.60  0.30
 1686.30  0.30
 1687.00  0.30
 1687.70  0.30
 1688.40  0.30
 1689.10  0.30
 1689.80  0.30
 1690.50  0.30
 1691.20  0.30
 1691.90  0.30
 1692.60  0.30
 1693.30  0.30
 1694.00  0.30
 1694.70  0.30
 1695.40  0.30
 1696.10  0.30
 1696.80  0.30
 1697.50  0.30
 1698.20  0.30
 1698.90  0.30
 1699.60  0.30
 1700.30  0.30
 1701.00  0.30
 1701.70  0.30
 1702.40  0.30
 1703.10  0.30
 1703.80  0.30
 1704.50  0.30
 1705.20  0.30
 1705.90  0.30
 1706.60  0.30
 1707.30  0.30
 1708.00  0.30
 1708.70  0.30
 1709.40  0.30
 1710.10  0.30
 1710.80  0.30
 1711.50  0.30
 1712.20  0.30
 1712.90  0.30
 1713.60  0.30
 1714.30  0.30
 1715.00  0.30
 1715.70  0.30
 1716.40  0.30
 1717.10  0.30
 1717.80  0.30
 1718.50  0.30
 1719.20  0.30
 1719.90  0.30
 1720.60  0.30
 1721.30  0.30
 1722.00  0.30
 1722.70  0.30
 1723.40  0.30
 1724.10  0.30
 1724.80  0.30
 1725.50  0.30
 1726.20  0.30
 1726.90  0.30
 1727.60  0.30
 1728.30  0.30
 1729.00  0.30
 1729.70  0.30
 1730.40  0.30
 1731.10  0.30
 1731.80  0.30
 1732.50  0.30
 1733.20  0.30
 1733.90  0.30
 1734.60  0.30
 1735.30  0.30
 1736.00  0.30
 1736.70  0.30
 1737.40  0.30
 1738.10  0.30
 1738.80  0.30
 1739.50  0.30
 1740.20  0.30
 1740.90  0.30
 1741.60  0.30
 1742.30  0.30
 1743.00  0.30
 1743.70  0.30
 1744.40  0.30
 1745.10  0.30
 1745.80  0.30
 1746.50  0.30
 1747.20  0.30
 1747.90  0.30
 1748.60  0.30
 1749.30  0.30
 1750.00  0.30
 1750.70  0.30
 1751.40  0.30
 1752.10  0.30
 1752.80  0.30
 1753.50  0.30
 1754.20  0.30
 1754.90  0.30
 1755.60  0.30
 1756.30  0.30
 1757.00  0.30
 1757.70  0.30
 1758.40  0.30
 1759.10  0.30
 1759.80  0.30
 1760.50  0.30
 1761.20  0.30
 1761.90  0.30
 1762.60  0.30
 1763.30  0.30
 1764.00  0.30
 1764.70  0.30
 1765.40  0.30
 1766.10  0.30
 1766.80  0.30
 1767.50  0.30
 1768.20  0.30
 1768.90  0.30
 1769.60  0.30
 1770.30  0.30
 1771.00  0.30
 1771.70  0.30
 1772.40  0.30
 1773.10  0.30
 1773.80  0.30
 1774.50  0.30
 1775.20  0.30
 1775.90  0.30
 1776.60  0.30
 1777.30  0.30
 1778.00  0.30
 1778.70  0.30
 1779.40  0.30
 1780.10  0.30
 1780.80  0.30
 1781.50  0.30
 1782.20  0.30
 1782.90  0.30
 1783.60  0.30
 1784.30  0.30
 1785.00  0.30
 1785.70  0.30
 1786.40  0.30
 1787.10  0.30
 1787.80  0.30
 1788.50  0.30
 1789.20  0.30
 1789.90  0.30
 1790.60  0.30
 1791.30  0.30
 1792.00  0.30
 1792.70  0.30
 1793.40  0.30
 1794.10  0.30
 1794.80  0.30
 1795.50  0.30
 1796.20  0.30
 1796.90  0.30
 1797.60  0.30
 1798.30  0.30
 1799.00  0.30
 1799.70  0.30
 1800.40  0.30
 1801.10  0.30
 1801.80  0.30
 1802.50  0.30
 1803.20  0.30
 1803.90  0.30
 1804.60  0.30
 1805.30  0.30
 1806.00  0.30
 1806.70  0.30
 1807.40  0.30
 1808.10  0.30
 1808.80  0.30
 1809.50  0.30
 1810.20  0.30
 1810.90  0.30
 1811.60  0.30
 1812.30  0.30
 1813.00  0.30
 1813.70  0.30
 1814.40  0.30
 1815.10  0.30
 1815.80  0.30
 1816.50  0.30
 1817.20  0.30
 1817.90  0.30
 1818.60  0.30
 1819.30  0.30
 1820.00  0.30
 1820.70  0.30
 1821.40  0.30
 1822.10  0.30
 1822.80  0.30
 1823.50  0.30
 1824.20  0.30
 1824.90  0.30
 1825.60  0.30
 1826.30  0.30
 1827.00  0.30
 1827.70  0.30
 1828.40  0.30
 1829.10  0.30
 1829.80  0.30
 1830.50  0.30
 1831.20  0.30
 1831.90  0.30
 1832.60  0.30
 1833.30  0.30
 1834.00  0.30
 1834.70  0.30
 1835.40  0.30
 1836.10  0.30
 1836.80  0.30
 1837.50  0.30
 1838.20  0.30
 1838.90  0.30
 1839.60  0.30
 1840.30  0.30
 1841.00  0.30
 1841.70  0.30
 1842.40  0.30
 1843.10  0.30
 1843.80  0.30
 1844.50  0.30
 1845.20  0.30
 1845.90  0.30
 1846.60  0.30
 1847.30  0.30
 1848.00  0.30
 1848.70  0.30
 1849.40  0.30
 1850.10  0.30
 1850.80  0.30
 1851.50  0.30
 1852.20  0.30
 1852.90  0.30
 1853.60  0.30
 1854.30  0.30
 1855.00  0.30
 1855.70  0.30
 1856.40  0.30
 1857.10  0.30
 1857.80  0.30
 1858.50  0.30
 1859.20  0.30
 1859.90  0.30
 1860.60  0.30
 1861.30  0.30
 1862.00  0.30
 1862.70  0.30
 1863.40  0.30
 1864.10  0.30
 1864.80  0.30
 1865.50  0.30
 1866.20  0.30
 1866.90  0.30
 1867.60  0.30
 1868.30  0.30
 1869.00  0.30
 1869.70  0.30
 1870.40  0.30
 1871.10  0.30
 1871.80  0.30
 1872.50  0.30
 1873.20  0.30
 1873.90  0.30
 1874.60  0.30
 1875.30  0.30
 1876.00  0.30
 1876.70  0.30
 1877.40  0.30
 1878.10  0.30
 1878.80  0.30
 1879.50  0.30
 1880.20  0.30
 1880.90  0.30
 1881.60  0.30
 1882.30  0.30
 1883.00  0.30
 1883.70  0.30
 1884.40  0.30
 1885.10  0.30
 1885.80  0.30
 1886.50  0.30
 1887.20  0.30
 1887.90  0.30
 1888.60  0.30
 1889.30  0.30
 1890.00  0.30
 1890.70  0.30
 1891.40  0.30
 1892.10  0.30
 1892.80  0.30
 1893.50  0.30
 1894.20  0.30
 1894.90  0.30
 1895.60  0.30
 1896.30  0.30
 1897.00  0.30
 1897.70  0.30
 1898.40  0.30
 1899.10  0.30
 1899.80  0.30
 1900.50  0.30
 1901.20  0.30
 1901.90  0.30
 1902.60  0.30
 1903.30  0.30
 1904.00  0.30
 1904.70  0.30
 1905.40  0.30
 1906.10  0.30
 1906.80  0.30
 1907.50  0.30
 1908.20  0.30
 1908.90  0.30
 1909.60  0.30
 1910.30  0.30
 1911.00  0.30
 1911.70  0.30
 1912.40  0.30
 1913.10  0.30
 1913.80  0.30
 1914.50  0.30
 1915.20  0.30
 1915.90  0.30
 1916.60  0.30
 1917.30  0.30
 1918.00  0.30
 1918.70  0.30
 1919.40  0.30
 1920.10  0.30
 1920.80  0.30
 1921.50  0.30
 1922.20  0.30
 1922.90  0.30
 1923.60  0.30
 1924.30  0.30
 1925.00  0.30
 1925.70  0.30
 1926.40  0.30
 1927.10  0.30
 1927.80  0.30
 1928.50  0.30
 1929.20  0.30
 1929.90  0.30
 1930.60  0.30
 1931.30  0.30
 1932.00  0.30
 1932.70  0.30
 1933.40  0.30
 1934.10  0.30
 1934.80  0.30
 1935.50  0.30
 1936.20  0.30
 1936.90  0.30
 1937.60  0.30
 1938.30  0.30
 1939.00  0.30
 1939.70  0.30
 1940.40  0.30
 1941.10  0.30
 1941.80  0.30
 1942.50  0.30
 1943.20  0.30
 1943.90  0.30
 1944.60  0.30
 1945.30  0.30
 1946.00  0.30
 1946.70  0.30
 1947.40  0.30
 1948.10  0.30
 1948.80  0.30
 1949.50  0.30
 1950.20  0.30
 1950.90  0.30
 1951.60  0.30
 1952.30  0.30
 1953.00  0.30
 1953.70  0.30
 1954.40  0.30
 1955.10  0.30
 1955.80  0.30
 1956.50  0.30
 1957.20  0.30
 1957.90  0.30
 1958.60  0.30
 1959.30  0.30
 1960.00  0.30
 1960.70  0.30
 1961.40  0.30
 1962.10  0.30
 1962.80  0.30
 1963.50  0.30
 1964.20  0.30
 1964.90  0.30
 1965.60  0.30
 1966.30  0.30
 1967.00  0.30
 1967.70  0.30
 1968.40  0.30
 1969.10  0.30
 1969.80  0.30
 1970.50  0.30
 1971.20  0.30
 1971.90  0.30
 1972.60  0.30
 1973.30  0.30
 1974.00  0.30
 1974.70  0.30
 1975.40  0.30
 1976.10  0.30
 1976.80  0.30
 1977.50  0.30
 1978.20  0.30
 1978.90  0.30
 1979.60  0.30
 1980.30  0.30
 1981.00  0.30
 1981.70  0.30
 1982.40  0.30
 1983.10  0.30
 1983.80  0.30
 1984.50  0.30
 1985.20  0.30
 1985.90  0.30
 1986.60  0.30
 1987.30  0.30
 1988.00  0.30
 1988.70  0.30
 1989.40  0.30
 1990.10  0.30
 1990.80  0.30
 1991.50  0.30
 1992.20  0.30
 1992.90  0.30
 1993.60  0.30
 1994.30  0.30
 1995.00  0.30
 1995.70  0.30
 1996.40  0.30
 1997.10  0.30
 1997.80  0.30
 1998.50  0.30
 1999.20  0.30
 1999.90  0.30
 2000.60  0.30
 2001.30  0.30
 2002.00  0.30
 2002.70  0.30
 2003.40  0.30
 2004.10  0.30
 2004.80  0.30
 2005.50  0.30
 2006.20  0.30
 2006.90  0.30
 2007.60  0.30
 2008.30  0.30
 2009.00  0.30
 2009.70  0.30
 2010.40  0.30
 2011.10  0.30
 2011.80  0.30
 2012.50  0.30
 2013.20  0.30
 2013.90  0.30
 2014.60  0.30
 2015.30  0.30
 2016.00  0.30
 2016.70  0.30
 2017.40  0.30
 2018.10  0.30
 2018.80  0.30
 2019.50  0.30
 2020.20  0.30
 2020.90  0.30
 2021.60  0.30
 2022.30  0.30
 2023.00  0.30
 2023.70  0.30
 2024.40  0.30
 2025.10  0.30
 2025.80  0.30
 2026.50  0.30
 2027.20  0.30
 2027.90  0.30
 2028.60  0.30
 2029.30  0.30
 2030.00  0.30
 2030.70  0.30
 2031.40  0.30
 2032.10  0.30
 2032.80  0.30
 2033.50  0.30
 2034.20  0.30
 2034.90  0.30
 2035.60  0.30
 2036.30  0.30
 2037.00  0.30
 2037.70  0.30
 2038.40  0.30
 2039.10  0.30
 2039.80  0.30
 2040.50  0.30
 2041.20  0.30
 2041.90  0.30
 2042.60  0.30
 2043.30  0.30
 2044.00  0.30
 2044.70  0.30
 2045.40  0.30
 2046.10  0.30
 2046.80  0.30
 2047.50  0.30
 2048.20  0.30
 2048.90  0.30
 2049.60  0.30
 2050.30  0.30
 2051.00  0.30
 2051.70  0.30
 2052.40  0.30
 2053.10  0.30
 2053.80  0.30
 2054.50  0.30
 2055.20  0.30
 2055.90  0.30
 2056.60  0.30
 2057.30  0.30
 2058.00  0.30
 2058.70  0.30
 2059.40  0.30
 2060.10  0.30
 2060.80  0.30
 2061.50  0.30
 2062.20  0.30
 2062.90  0.30
 2063.60  0.30
 2064.30  0.30
 2065.00  0.30
 2065.70  0.30
 2066.40  0.30
 2067.10  0.30
 2067.80  0.30
 2068.50  0.30
 2069.20  0.30
 2069.90  0.30
 2070.60  0.30
 2071.30  0.30
 2072.00  0.30
 2072.70  0.30
 2073.40  0.30
 2074.10  0.30
 2074.80  0.30
 2075.50  0.30
 2076.20  0.30
 2076.90  0.30
 2077.60  0.30
 2078.30  0.30
 2079.00  0.30
 2079.70  0.30
 2080.40  0.30
 2081.10  0.30
 2081.80  0.30
 2082.50  0.30
 2083.20  0.30
 2083.90  0.30
 2084.60  0.30
 2085.30  0.30
 2086.00  0.30
 2086.70  0.30
 2087.40  0.30
 2088.10  0.30
 2088.80  0.30
 2089.50  0.30
 2090.20  0.30
 2090.90  0.30
 2091.60  0.30
 2092.30  0.30
 2093.00  0.30
 2093.70  0.30
 2094.40  0.30
 2095.10  0.30
 2095.80  0.30
 2096.50  0.30
 2097.20  0.30
 2097.90  0.30
 2098.60  0.30
 2099.30  0.30
 2100.00  0.30
 2100.70  0.30
 2101.40  0.30
 2102.10  0.30
 2102.80  0.30
 2103.50  0.30
 2104.20  0.30
 2104.90  0.30
 2105.60  0.30
 2106.30  0.30
 2107.00  0.30
 2107.70  0.30
 2108.40  0.30
 2109.10  0.30
 2109.80  0.30
 2110.50  0.30
 2111.20  0.30
 2111.90  0.30
 2112.60  0.30
 2113.30  0.30
 2114.00  0.30
 2114.70  0.30
 2115.40  0.30
 2116.10  0.30
 2116.80  0.30
 2117.50  0.30
 2118.20  0.30
 2118.90  0.30
 2119.60  0.30
 2120.30  0.30
 2121.00  0.30
 2121.70  0.30
 2122.40  0.30
 2123.10  0.30
 2123.80  0.30
 2124.50  0.30
 2125.20  0.30
 2125.90  0.30
 2126.60  0.30
 2127.30  0.30
 2128.00  0.30
 2128.70  0.30
 2129.40  0.30
 2130.10  0.30
 2130.80  0.30
 2131.50  0.30
 2132.20  0.30
 2132.90  0.30
 2133.60  0.30
 2134.30  0.30
 2135.00  0.30
 2135.70  0.30
 2136.40  0.30
 2137.10  0.30
 2137.80  0.30
 2138.50  0.30
 2139.20  0.30
 2139.90  0.30
 2140.60  0.30
 2141.30  0.30
 2142.00  0.30
 2142.70  0.30
 2143.40  0.30
 2144.10  0.30
 2144.80  0.30
 2145.50  0.30
 2146.20  0.30
 2146.90  0.30
 2147.60  0.30
 2148.30  0.30
 2149.00  0.30
 2149.70  0.30
 2150.40  0.30
 2151.10  0.30
 2151.80  0.30
 2152.50  0.30
 2153.20  0.30
 2153.90  0.30
 2154.60  0.30
 2155.30  0.30
 2156.00  0.30
 2156.70  0.30
 2157.40  0.30
 2158.10  0.30
 2158.80  0.30
 2159.50  0.30
 2160.20  0.30
 2160.90  0.30
 2161.60  0.30
 2162.30  0.30
 2163.00  0.30
 2163.70  0.30
 2164.40  0.30
 2165.10  0.30
 2165.80  0.30
 2166.50  0.30
 2167.20  0.30
 2167.90  0.30
 2168.60  0.30
 2169.30  0.30
 2170.00  0.30
 2170.70  0.30
 2171.40  0.30
 2172.10  0.30
 2172.80  0.30
 2173.50  0.30
 2174.20  0.30
 2174.90  0.30
 2175.60  0.30
 2176.30  0.30
 2177.00  0.30
 2177.70  0.30
 2178.40  0.30
 2179.10  0.30
 2179.80  0.30
 2180.50  0.30
 2181.20  0.30
 2181.90  0.30
 2182.60  0.30
 2183.30  0.30
 2184.00  0.30
 2184.70  0.30
 2185.40  0.30
 2186.10  0.30
 2186.80  0.30
 2187.50  0.30
 2188.20  0.30
 2188.90  0.30
 2189.60  0.30
 2190.30  0.30
 2191.00  0.30
 2191.70  0.30
 2192.40  0.30
 2193.10  0.30
 2193.80  0.30
 2194.50  0.30
 2195.20  0.30
 2195.90  0.30
 2196.60  0.30
 2197.30  0.30
 2198.00  0.30
 2198.70  0.30
 2199.40  0.30
 2200.10  0.30
 2200.80  0.30
 2201.50  0.30
 2202.20  0.30
 2202.90  0.30
 2203.60  0.30
 2204.30  0.30
 2205.00  0.30
 2205.70  0.30
 2206.40  0.30
 2207.10  0.30
 2207.80  0.30
 2208.50  0.30
 2209.20  0.30
 2209.90  0.30
 2210.60  0.30
 2211.30  0.30
 2212.00  0.30
 2212.70  0.30
 2213.40  0.30
 2214.10  0.30
 2214.80  0.30
 2215.50  0.30
 2216.20  0.30
 2216.90  0.30
 2217.60  0.30
 2218.30  0.30
 2219.00  0.30
 2219.70  0.30
 2220.40  0.30
 2221.10  0.30
 2221.80  0.30
 2222.50  0.30
 2223.20  0.30
 2223.90  0.30
 2224.60  0.30
 2225.30  0.30
 2226.00  0.30
 2226.70  0.30
 2227.40  0.30
 2228.10  0.30
 2228.80  0.30
 2229.50  0.30
 2230.20  0.30
 2230.90  0.30
 2231.60  0.30
 2232.30  0.30
 2233.00  0.30
 2233.70  0.30
 2234.40  0.30
 2235.10  0.30
 2235.80  0.30
 2236.50  0.30
 2237.20  0.30
 2237.90  0.30
 2238.60  0.30
 2239.30  0.30
 2240.00  0.30
 2240.70  0.30
 2241.40  0.30
 2242.10  0.30
 2242.80  0.30
 2243.50  0.30
 2244.20  0.30
 2244.90  0.30
 2245.60  0.30
 2246.30  0.30
 2247.00  0.30
 2247.70  0.30
 2248.40  0.30
 2249.10  0.30
 2249.80  0.30
 2250.50  0.30
 2251.20  0.30
 2251.90  0.30
 2252.60  0.30
 2253.30  0.30
 2254.00  0.30
 2254.70  0.30
 2255.40  0.30
 2256.10  0.30
 2256.80  0.30
 2257.50  0.30
 2258.20  0.30
 2258.90  0.30
 2259.60  0.30
 2260.30  0.30
 2261.00  0.30
 2261.70  0.30
 2262.40  0.30
 2263.10  0.30
 2263.80  0.30
 2264.50  0.30
 2265.20  0.30
 2265.90  0.30
 2266.60  0.30
 2267.30  0.30
 2268.00  0.30
 2268.70  0.30
 2269.40  0.30
 2270.10  0.30
 2270.80  0.30
 2271.50  0.30
 2272.20  0.30
 2272.90  0.30
 2273.60  0.30
 2274.30  0.30
 2275.00  0.30
 2275.70  0.30
 2276.40  0.30
 2277.10  0.30
 2277.80  0.30
 2278.50  0.30
 2279.20  0.30
 2279.90  0.30
 2280.60  0.30
 2281.30  0.30
 2282.00  0.30
 2282.70  0.30
 2283.40  0.30
 2284.10  0.30
 2284.80  0.30
 2285.50  0.30
 2286.20  0.30
 2286.90  0.30
 2287.60  0.30
 2288.30  0.30
 2289.00  0.30
 2289.70  0.30
 2290.40  0.30
 2291.10  0.30
 2291.80  0.30
 2292.50  0.30
 2293.20  0.30
 2293.90  0.30
 2294.60  0.30
 2295.30  0.30
 2296.00  0.30
 2296.70  0.30
 2297.40  0.30
 2298.10  0.30
 2298.80  0.30
 2299.50  0.30
 2300.20  0.30
 2300.90  0.30
 2301.60  0.30
 2302.30  0.30
 2303.00  0.30
 2303.70  0.30
 2304.40  0.30
 2305.10  0.30
 2305.80  0.30
 2306.50  0.30
 2307.20  0.30
 2307.90  0.30
 2308.60  0.30
 2309.30  0.30
 2310.00  0.30
 2310.70  0.30
 2311.40  0.30
 2312.10  0.30
 2312.80  0.30
 2313.50  0.30
 2314.20  0.30
 2314.90  0.30
 2315.60  0.30
 2316.30  0.30
 2317.00  0.30
 2317.70  0.30
 2318.40  0.30
 2319.10  0.30
 2319.80  0.30
 2320.50  0.30
 2321.20  0.30
 2321.90  0.30
 2322.60  0.30
 2323.30  0.30
 2324.00  0.30
 2324.70  0.30
 2325.40  0.30
 2326.10  0.30
 2326.80  0.30
 2327.50  0.30
 2328.20  0.30
 2328.90  0.30
 2329.60  0.30
 2330.30  0.30
 2331.00  0.30
 2331.70  0.30
 2332.40  0.30
 2333.10  0.30
 2333.80  0.30
 2334.50  0.30
 2335.20  0.30
 2335.90  0.30
 2336.60  0.30
 2337.30  0.30
 2338.00  0.30
 2338.70  0.30
 2339.40  0.30
 2340.10  0.30
 2340.80  0.30
 2341.50  0.30
 2342.20  0.30
 2342.90  0.30
 2343.60  0.30
 2344.30  0.30
 2345.00  0.30
 2345.70  0.30
 2346.40  0.30
 2347.10  0.30
 2347.80  0.30
 2348.50  0.30
 2349.20  0.30
 2349.90  0.30
 2350.60  0.30
 2351.30  0.30
 2352.00  0.30
 2352.70  0.30
 2353.40  0.30
 2354.10  0.30
 2354.80  0.30
 2355.50  0.30
 2356.20  0.30
 2356.90  0.30
 2357.60  0.30
 2358.30  0.30
 2359.00  0.30
 2359.70  0.30
 2360.40  0.30
 2361.10  0.30
 2361.80  0.30
 2362.50  0.30
 2363.20  0.30
 2363.90  0.30
 2364.60  0.30
 2365.30  0.30
 2366.00  0.30
 2366.70  0.30
 2367.40  0.30
 2368.10  0.30
 2368.80  0.30
 2369.50  0.30
 2370.20  0.30
 2370.90  0.30
 2371.60  0.30
 2372.30  0.30
 2373.00  0.30
 2373.70  0.30
 2374.40  0.30
 2375.10  0.30
 2375.80  0.30
 2376.50  0.30
 2377.20  0.30
 2377.90  0.30
 2378.60  0.30
 2379.30  0.30
 2380.00  0.30
 2380.70  0.30
 2381.40  0.30
 2382.10  0.30
 2382.80  0.30
 2383.50  0.30
 2384.20  0.30
 2384.90  0.30
 2385.60  0.30
 2386.30  0.30
 2387.00  0.30
 2387.70  0.30
 2388.40  0.30
 2389.10  0.30
 2389.80  0.30
 2390.50  0.30
 2391.20  0.30
 2391.90  0.30
 2392.60  0.30
 2393.30  0.30
 2394.00  0.30
 2394.70  0.30
 2395.40  0.30
 2396.10  0.30
 2396.80  0.30
 2397.50  0.30
 2398.20  0.30
 2398.90  0.30
 2399.60  0.30
 2400.30  0.30
 2401.00  0.30
 2401.70  0.30
 2402.40  0.30
 2403.10  0.30
 2403.80  0.30
 2404.50  0.30
 2405.20  0.30
 2405.90  0.30
 2406.60  0.30
 2407.30  0.30
 2408.00  0.30
 2408.70  0.30
 2409.40  0.30
 2410.10  0.30
 2410.80  0.30
 2411.50  0.30
 2412.20  0.30
 2412.90  0.30
 2413.60  0.30
 2414.30  0.30
 2415.00  0.30
 2415.70  0.30
 2416.40  0.30
 2417.10  0.30
 2417.80  0.30
 2418.50  0.30
 2419.20  0.30
 2419.90  0.30
 2420.60  0.30
 2421.30  0.30
 2422.00  0.30
 2422.70  0.30
 2423.40  0.30
 2424.10  0.30
 2424.80  0.30
 2425.50  0.30
 2426.20  0.30
 2426.90  0.30
 2427.60  0.30
 2428.30  0.30
 2429.00  0.30
 2429.70  0.30
 2430.40  0.30
 2431.10  0.30
 2431.80  0.30
 2432.50  0.30
 2433.20  0.30
 2433.90  0.30
 2434.60  0.30
 2435.30  0.30
 2436.00  0.30
 2436.70  0.30
 2437.40  0.30
 2438.10  0.30
 2438.80  0.30
 2439.50  0.30
 2440.20  0.30
 2440.90  0.30
 2441.60  0.30
 2442.30  0.30
 2443.00  0.30
 2443.70  0.30
 2444.40  0.30
 2445.10  0.30
 2445.80  0.30
 2446.50  0.30
 2447.20  0.30
 2447.90  0.30
 2448.60  0.30
 2449.30  0.30
 2450.00  0.30
 2450.70  0.30
 2451.40  0.30
 2452.10  0.30
 2452.80  0.30
 2453.50  0.30
 2454.20  0.30
 2454.90  0.30
 2455.60  0.30
 2456.30  0.30
 2457.00  0.30
 2457.70  0.30
 2458.40  0.30
 2459.10  0.30
 2459.80  0.30
 2460.50  0.30
 2461.20  0.30
 2461.90  0.30
 2462.60  0.30
 2463.30  0.30
 2464.00  0.30
 2464.70  0.30
 2465.40  0.30
 2466.10  0.30
 2466.80  0.30
 2467.50  0.30
 2468.20  0.30
 2468.90  0.30
 2469.60  0.30
 2470.30  0.30
 2471.00  0.30
 2471.70  0.30
 2472.40  0.30
 2473.10  0.30
 2473.80  0.30
 2474.50  0.30
 2475.20  0.30
 2475.90  0.30
 2476.60  0.30
 2477.30  0.30
 2478.00  0.30
 2478.70  0.30
 2479.40  0.30
 2480.10  0.30
 2480.80  0.30
 2481.50  0.30
 2482.20  0.30
 2482.90  0.30
 2483.60  0.30
 2484.30  0.30
 2485.00  0.30
 2485.70  0.30
 2486.40  0.30
 2487.10  0.30
 2487.80  0.30
 2488.50  0.30
 2489.20  0.30
 2489.90  0.30
 2490.60  0.30
 2491.30  0.30
 2492.00  0.30
 2492.70  0.30
 2493.40  0.30
 2494.10  0.30
 2494.80  0.30
 2495.50  0.30
 2496.20  0.30
 2496.90  0.30
 2497.60  0.30
 2498.30  0.30
 2499.00  0.30
 2499.70  0.30
 2500.40  0.30
 2501.10  0.30
 2501.80  0.30
 2502.50  0.30
 2503.20  0.30
 2503.90  0.30
 2504.60  0.30
 2505.30  0.30
 2506.00  0.30
 2506.70  0.30
 2507.40  0.30
 2508.10  0.30
 2508.80  0.30
 2509.50  0.30
 2510.20  0.30
 2510.90  0.30
 2511.60  0.30
 2512.30  0.30
 2513.00  0.30
 2513.70  0.30
 2514.40  0.30
 2515.10  0.30
 2515.80  0.30
 2516.50  0.30
 2517.20  0.30
 2517.90  0.30
 2518.60  0.30
 2519.30  0.30
 2520.00  0.30
 2520.70  0.30
 2521.40  0.30
 2522.10  0.30
 2522.80  0.30
 2523.50  0.30
 2524.20  0.30
 2524.90  0.30
 2525.60  0.30
 2526.30  0.30
 2527.00  0.30
 2527.70  0.30
 2528.40  0.30
 2529.10  0.30
 2529.80  0.30
 2530.50  0.30
 2531.20  0.30
 2531.90  0.30
 2532.60  0.30
 2533.30  0.30
 2534.00  0.30
 2534.70  0.30
 2535.40  0.30
 2536.10  0.30
 2536.80  0.30
 2537.50  0.30
 2538.20  0.30
 2538.90  0.30
 2539.60  0.30
 2540.30  0.30
 2541.00  0.30
 2541.70  0.30
 2542.40  0.30
 2543.10  0.30
 2543.80  0.30
 2544.50  0.30
 2545.20  0.30
 2545.90  0.30
 2546.60  0.30
 2547.30  0.30
 2548.00  0.30
 2548.70  0.30
 2549.40  0.30
 2550.10  0.30
 2550.80  0.30
 2551.50  0.30
 2552.20  0.30
 2552.90  0.30
 2553.60  0.30
 2554.30  0.30
 2555.00  0.30
 2555.70  0.30
 2556.40  0.30
 2557.10  0.30
 2557.80  0.30
 2558.50  0.30
 2559.20  0.30
 2559.90  0.30
 2560.60  0.30
 2561.30  0.30
 2562.00  0.30
 2562.70  0.30
 2563.40  0.30
 2564.10  0.30
 2564.80  0.30
 2565.50  0.30
 2566.20  0.30
 2566.90  0.30
 2567.60  0.30
 2568.30  0.30
 2569.00  0.30
 2569.70  0.30
 2570.40  0.30
 2571.10  0.30
 2571.80  0.30
 2572.50  0.30
 2573.20  0.30
 2573.90  0.30
 2574.60  0.30
 2575.30  0.30
 2576.00  0.30
 2576.70  0.30
 2577.40  0.30
 2578.10  0.30
 2578.80  0.30
 2579.50  0.30
 2580.20  0.30
 2580.90  0.30
 2581.60  0.30
 2582.30  0.30
 2583.00  0.30
 2583.70  0.30
 2584.40  0.30
 2585.10  0.30
 2585.80  0.30
 2586.50  0.30
 2587.20  0.30
 2587.90  0.30
 2588.60  0.30
 2589.30  0.30
 2590.00  0.30
 2590.70  0.30
 2591.40  0.30
 2592.10  0.30
 2592.80  0.30
 2593.50  0.30
 2594.20  0.30
 2594.90  0.30
 2595.60  0.30
 2596.30  0.30
 2597.00  0.30
 2597.70  0.30
 2598.40  0.30
 2599.10  0.30
 2599.80  0.30
 2600.50  0.30
 2601.20  0.30
 2601.90  0.30
 2602.60  0.30
 2603.30  0.30
 2604.00  0.30
 2604.70  0.30
 2605.40  0.30
 2606.10  0.30
 2606.80  0.30
 2607.50  0.30
 2608.20  0.30
 2608.90  0.30
 2609.60  0.30
 2610.30  0.30
 2611.00  0.30
 2611.70  0.30
 2612.40  0.30
 2613.10  0.30
 2613.80  0.30
 2614.50  0.30
 2615.20  0.30
 2615.90  0.30
 2616.60  0.30
 2617.30  0.30
 2618.00  0.30
 2618.70  0.30
 2619.40  0.30
 2620.10  0.30
 2620.80  0.30
 2621.50  0.30
 2622.20  0.30
 2622.90  0.30
 2623.60  0.30
 2624.30  0.30
 2625.00  0.30
 2625.70  0.30
 2626.40  0.30
 2627.10  0.30
 2627.80  0.30
 2628.50  0.30
 2629.20  0.30
 2629.90  0.30
 2630.60  0.30
 2631.30  0.30
 2632.00  0.30
 2632.70  0.30
 2633.40  0.30
 2634.10  0.30
 2634.80  0.30
 2635.50  0.30
 2636.20  0.30
 2636.90  0.30
 2637.60  0.30
 2638.30  0.30
 2639.00  0.30
 2639.70  0.30
 2640.40  0.30
 2641.10  0.30
 2641.80  0.30
 2642.50  0.30
 2643.20  0.30
 2643.90  0.30
 2644.60  0.30
 2645.30  0.30
 2646.00  0.30
 2646.70  0.30
 2647.40  0.30
 2648.10  0.30
 2648.80  0.30
 2649.50  0.30
 2650.20  0.30
 2650.90  0.30
 2651.60  0.30
 2652.30  0.30
 2653.00  0.30
 2653.70  0.30
 2654.40  0.30
 2655.10  0.30
 2655.80  0.30
 2656.50  0.30
 2657.20  0.30
 2657.90  0.30
 2658.60  0.30
 2659.30  0.30
 2660.00  0.30
 2660.70  0.30
 2661.40  0.30
 2662.10  0.30
 2662.80  0.30
 2663.50  0.30
 2664.20  0.30
 2664.90  0.30
 2665.60  0.30
 2666.30  0.30
 2667.00  0.30
 2667.70  0.30
 2668.40  0.30
 2669.10  0.30
 2669.80  0.30
 2670.50  0.30
 2671.20  0.30
 2671.90  0.30
 2672.60  0.30
 2673.30  0.30
 2674.00  0.30
 2674.70  0.30
 2675.40  0.30
 2676.10  0.30
 2676.80  0.30
 2677.50  0.30
 2678.20  0.30
 2678.90  0.30
 2679.60  0.30
 2680.30  0.30
 2681.00  0.30
 2681.70  0.30
 2682.40  0.30
 2683.10  0.30
 2683.80  0.30
 2684.50  0.30
 2685.20  0.30
 2685.90  0.30
 2686.60  0.30
 2687.30  0.30
 2688.00  0.30
 2688.70  0.30
 2689.40  0.30
 2690.10  0.30
 2690.80  0.30
 2691.50  0.30
 2692.20  0.30
 2692.90  0.30
 2693.60  0.30
 2694.30  0.30
 2695.00  0.30
 2695.70  0.30
 2696.40  0.30
 2697.10  0.30
 2697.80  0.30
 2698.50  0.30
 2699.20  0.30
 2699.90  0.30
 2700.60  0.30
 2701.30  0.30
 2702.00  0.30
 2702.70  0.30
 2703.40  0.30
 2704.10  0.30
 2704.80  0.30
 2705.50  0.30
 2706.20  0.30
 2706.90  0.30
 2707.60  0.30
 2708.30  0.30
 2709.00  0.30
 2709.70  0.30
 2710.40  0.30
 2711.10  0.30
 2711.80  0.30
 2712.50  0.30
 2713.20  0.30
 2713.90  0.30
 2714.60  0.30
 2715.30  0.30
 2716.00  0.30
 2716.70  0.30
 2717.40  0.30
 2718.10  0.30
 2718.80  0.30
 2719.50  0.30
 2720.20  0.30
 2720.90  0.30
 2721.60  0.30
 2722.30  0.30
 2723.00  0.30
 2723.70  0.30
 2724.40  0.30
 2725.10  0.30
 2725.80  0.30
 2726.50  0.30
 2727.20  0.30
 2727.90  0.30
 2728.60  0.30
 2729.30  0.30
 2730.00  0.30
 2730.70  0.30
 2731.40  0.30
 2732.10  0.30
 2732.80  0.30
 2733.50  0.30
 2734.20  0.30
 2734.90  0.30
 2735.60  0.30
 2736.30  0.30
 2737.00  0.30
 2737.70  0.30
 2738.40  0.30
 2739.10  0.30
 2739.80  0.30
 2740.50  0.30
 2741.20  0.30
 2741.90  0.30
 2742.60  0.30
 2743.30  0.30
 2744.00  0.30
 2744.70  0.30
 2745.40  0.30
 2746.10  0.30
 2746.80  0.30
 2747.50  0.30
 2748.20  0.30
 2748.90  0.30
 2749.60  0.30
 2750.30  0.30
 2751.00  0.30
 2751.70  0.30
 2752.40  0.30
 2753.10  0.30
 2753.80  0.30
 2754.50  0.30
 2755.20  0.30
 2755.90  0.30
 2756.60  0.30
 2757.30  0.30
 2758.00  0.30
 2758.70  0.30
 2759.40  0.30
 2760.10  0.30
 2760.80  0.30
 2761.50  0.30
 2762.20  0.30
 2762.90  0.30
 2763.60  0.30
 2764.30  0.30
 2765.00  0.30
 2765.70  0.30
 2766.40  0.30
 2767.10  0.30
 2767.80  0.30
 2768.50  0.30
 2769.20  0.30
 2769.90  0.30
 2770.60  0.30
 2771.30  0.30
 2772.00  0.30
 2772.70  0.30
 2773.40  0.30
 2774.10  0.30
 2774.80  0.30
 2775.50  0.30
 2776.20  0.30
 2776.90  0.30
 2777.60  0.30
 2778.30  0.30
 2779.00  0.30
 2779.70  0.30
 2780.40  0.30
 2781.10  0.30
 2781.80  0.30
 2782.50  0.30
 2783.20  0.30
 2783.90  0.30
 2784.60  0.30
 2785.30  0.30
 2786.00  0.30
 2786.70  0.30
 2787.40  0.30
 2788.10  0.30
 2788.80  0.30
 2789.50  0.30
 2790.20  0.30
 2790.90  0.30
 2791.60  0.30
 2792.30  0.30
 2793.00  0.30
 2793.70  0.30
 2794.40  0.30
 2795.10  0.30
 2795.80  0.30
 2796.50  0.30
 2797.20  0.30
 2797.90  0.30
 2798.60  0.30
 2799.30  0.30
 2800.00  0.30
 2800.70  0.30
 2801.40  0.30
 2802.10  0.30
 2802.80  0.30
 2803.50  0.30
 2804.20  0.30
 2804.90  0.30
 2805.60  0.30
 2806.30  0.30
 2807.00  0.30
 2807.70  0.30
 2808.40  0.30
 2809.10  0.30
 2809.80  0.30
 2810.50  0.30
 2811.20  0.30
 2811.90  0.30
 2812.60  0.30
 2813.30  0.30
 2814.00  0.30
 2814.70  0.30
 2815.40  0.30
 2816.10  0.30
 2816.80  0.30
 2817.50  0.30
 2818.20  0.30
 2818.90  0.30
 2819.60  0.30
 2820.30  0.30
 2821.00  0.30
 2821.70  0.30
 2822.40  0.30
 2823.10  0.30
 2823.80  0.30
 2824.50  0.30
 2825.20  0.30
 2825.90  0.30
 2826.60  0.30
 2827.30  0.30
 2828.00  0.30
 2828.70  0.30
 2829.40  0.30
 2830.10  0.30
 2830.80  0.30
 2831.50  0.30
 2832.20  0.30
 2832.90  0.30
 2833.60  0.30
 2834.30  0.30
 2835.00  0.30
 2835.70  0.30
 2836.40  0.30
 2837.10  0.30
 2837.80  0.30
 2838.50  0.30
 2839.20  0.30
 2839.90  0.30
 2840.60  0.30
 2841.30  0.30
 2842.00  0.30
 2842.70  0.30
 2843.40  0.30
 2844.10  0.30
 2844.80  0.30
 2845.50  0.30
 2846.20  0.30
 2846.90  0.30
 2847.60  0.30
 2848.30  0.30
 2849.00  0.30
 2849.70  0.30
 2850.40  0.30
 2851.10  0.30
 2851.80  0.30
 2852.50  0.30
 2853.20  0.30
 2853.90  0.30
 2854.60  0.30
 2855.30  0.30
 2856.00  0.30
 2856.70  0.30
 2857.40  0.30
 2858.10  0.30
 2858.80  0.30
 2859.50  0.30
 2860.20  0.30
 2860.90  0.30
 2861.60  0.30
 2862.30  0.30
 2863.00  0.30
 2863.70  0.30
 2864.40  0.30
 2865.10  0.30
 2865.80  0.30
 2866.50  0.30
 2867.20  0.30
 2867.90  0.30
 2868.60  0.30
 2869.30  0.30
 2870.00  0.30
 2870.70  0.30
 2871.40  0.30
 2872.10  0.30
 2872.80  0.30
 2873.50  0.30
 2874.20  0.30
 2874.90  0.30
 2875.60  0.30
 2876.30  0.30
 2877.00  0.30
 2877.70  0.30
 2878.40  0.30
 2879.10  0.30
 2879.80  0.30
 2880.50  0.30
 2881.20  0.30
 2881.90  0.30
 2882.60  0.30
 2883.30  0.30
 2884.00  0.30
 2884.70  0.30
 2885.40  0.30
 2886.10  0.30
 2886.80  0.30
 2887.50  0.30
 2888.20  0.30
 2888.90  0.30
 2889.60  0.30
 2890.30  0.30
 2891.00  0.30
 2891.70  0.30
 2892.40  0.30
 2893.10  0.30
 2893.80  0.30
 2894.50  0.30
 2895.20  0.30
 2895.90  0.30
 2896.60  0.30
 2897.30  0.30
 2898.00  0.30
 2898.70  0.30
 2899.40  0.30
 2900.10  0.30
 2900.80  0.30
 2901.50  0.30
 2902.20  0.30
 2902.90  0.30
 2903.60  0.30
 2904.30  0.30
 2905.00  0.30
 2905.70  0.30
 2906.40  0.30
 2907.10  0.30
 2907.80  0.30
 2908.50  0.30
 2909.20  0.30
 2909.90  0.30
 2910.60  0.30
 2911.30  0.30
 2912.00  0.30
 2912.70  0.30
 2913.40  0.30
 2914.10  0.30
 2914.80  0.30
 2915.50  0.30
 2916.20  0.30
 2916.90  0.30
 2917.60  0.30
 2918.30  0.30
 2919.00  0.30
 2919.70  0.30
 2920.40  0.30
 2921.10  0.30
 2921.80  0.30
 2922.50  0.30
 2923.20  0.30
 2923.90  0.30
 2924.60  0.30
 2925.30  0.30
 2926.00  0.30
 2926.70  0.30
 2927.40  0.30
 2928.10  0.30
 2928.80  0.30
 2929.50  0.30
 2930.20  0.30
 2930.90  0.30
 2931.60  0.30
 2932.30  0.30
 2933.00  0.30
 2933.70  0.30
 2934.40  0.30
 2935.10  0.30
 2935.80  0.30
 2936.50  0.30
 2937.20  0.30
 2937.90  0.30
 2938.60  0.30
 2939.30  0.30
 2940.00  0.30
 2940.70  0.30
 2941.40  0.30
 2942.10  0.30
 2942.80  0.30
 2943.50  0.30
 2944.20  0.30
 2944.90  0.30
 2945.60  0.30
 2946.30  0.30
 2947.00  0.30
 2947.70  0.30
 2948.40  0.30
 2949.10  0.30
 2949.80  0.30
 2950.50  0.30
 2951.20  0.30
 2951.90  0.30
 2952.60  0.30
 2953.30  0.30
 2954.00  0.30
 2954.70  0.30
 2955.40  0.30
 2956.10  0.30
 2956.80  0.30
 2957.50  0.30
 2958.20  0.30
 2958.90  0.30
 2959.60  0.30
 2960.30  0.30
 2961.00  0.30
 2961.70  0.30
 2962.40  0.30
 2963.10  0.30
 2963.80  0.30
 2964.50  0.30
 2965.20  0.30
 2965.90  0.30
 2966.60  0.30
 2967.30  0.30
 2968.00  0.30
 2968.70  0.30
 2969.40  0.30
 2970.10  0.30
 2970.80  0.30
 2971.50  0.30
 2972.20  0.30
 2972.90  0.30
 2973.60  0.30
 2974.30  0.30
 2975.00  0.30
 2975.70  0.30
 2976.40  0.30
 2977.10  0.30
 2977.80  0.30
 2978.50  0.30
 2979.20  0.30
 2979.90  0.30
 2980.60  0.30
 2981.30  0.30
 2982.00  0.30
 2982.70  0.30
 2983.40  0.30
 2984.10  0.30
 2984.80  0.30
 2985.50  0.30
 2986.20  0.30
 2986.90  0.30
 2987.60  0.30
 2988.30  0.30
 2989.00  0.30
 2989.70  0.30
 2990.40  0.30
 2991.10  0.30
 2991.80  0.30
 2992.50  0.30
 2993.20  0.30
 2993.90  0.30
 2994.60  0.30
 2995.30  0.30
 2996.00  0.30
 2996.70  0.30
 2997.40  0.30
 2998.10  0.30
 2998.80  0.30
 2999.50  0.30
