#Navio B MarAd
#Manobra de Curva Giro
#
#Eta 
#
#temp      rot 
 0.00  1.00
 0.70  1.00
 1.40  1.00
 2.10  1.00
 2.80  1.00
 3.50  1.00
 4.20  1.00
 4.90  1.00
 5.60  1.00
 6.30  1.00
 7.00  1.00
 7.70  1.00
 8.40  1.00
 9.10  1.00
 9.80  1.01
 10.50  1.01
 11.20  1.01
 11.90  1.01
 12.60  1.01
 13.30  1.01
 14.00  1.01
 14.70  1.01
 15.40  1.01
 16.10  1.01
 16.80  1.01
 17.50  1.01
 18.20  1.01
 18.90  1.01
 19.60  1.01
 20.30  1.01
 21.00  1.01
 21.70  1.01
 22.40  1.01
 23.10  1.01
 23.80  1.01
 24.50  1.02
 25.20  1.02
 25.90  1.02
 26.60  1.02
 27.30  1.02
 28.00  1.02
 28.70  1.02
 29.40  1.02
 30.10  1.02
 30.80  1.02
 31.50  1.02
 32.20  1.02
 32.90  1.02
 33.60  1.02
 34.30  1.02
 35.00  1.02
 35.70  1.02
 36.40  1.02
 37.10  1.03
 37.80  1.03
 38.50  1.03
 39.20  1.03
 39.90  1.03
 40.60  1.03
 41.30  1.03
 42.00  1.03
 42.70  1.03
 43.40  1.03
 44.10  1.03
 44.80  1.03
 45.50  1.03
 46.20  1.03
 46.90  1.03
 47.60  1.03
 48.30  1.04
 49.00  1.04
 49.70  1.04
 50.40  1.04
 51.10  1.04
 51.80  1.04
 52.50  1.04
 53.20  1.04
 53.90  1.04
 54.60  1.04
 55.30  1.04
 56.00  1.04
 56.70  1.04
 57.40  1.04
 58.10  1.05
 58.80  1.05
 59.50  1.05
 60.20  1.05
 60.90  1.05
 61.60  1.05
 62.30  1.05
 63.00  1.05
 63.70  1.05
 64.40  1.05
 65.10  1.05
 65.80  1.06
 66.50  1.06
 67.20  1.06
 67.90  1.06
 68.60  1.06
 69.30  1.06
 70.00  1.06
 70.70  1.06
 71.40  1.06
 72.10  1.06
 72.80  1.06
 73.50  1.07
 74.20  1.07
 74.90  1.07
 75.60  1.07
 76.30  1.07
 77.00  1.07
 77.70  1.07
 78.40  1.07
 79.10  1.07
 79.80  1.08
 80.50  1.08
 81.20  1.08
 81.90  1.08
 82.60  1.08
 83.30  1.08
 84.00  1.08
 84.70  1.08
 85.40  1.08
 86.10  1.09
 86.80  1.09
 87.50  1.09
 88.20  1.09
 88.90  1.09
 89.60  1.09
 90.30  1.09
 91.00  1.09
 91.70  1.10
 92.40  1.10
 93.10  1.10
 93.80  1.10
 94.50  1.10
 95.20  1.10
 95.90  1.10
 96.60  1.11
 97.30  1.11
 98.00  1.11
 98.70  1.11
 99.40  1.11
 100.10  1.11
 100.80  1.11
 101.50  1.12
 102.20  1.12
 102.90  1.12
 103.60  1.12
 104.30  1.12
 105.00  1.12
 105.70  1.12
 106.40  1.13
 107.10  1.13
 107.80  1.13
 108.50  1.13
 109.20  1.13
 109.90  1.13
 110.60  1.14
 111.30  1.14
 112.00  1.14
 112.70  1.14
 113.40  1.14
 114.10  1.14
 114.80  1.14
 115.50  1.15
 116.20  1.15
 116.90  1.15
 117.60  1.15
 118.30  1.15
 119.00  1.16
 119.70  1.16
 120.40  1.16
 121.10  1.16
 121.80  1.16
 122.50  1.16
 123.20  1.17
 123.90  1.17
 124.60  1.17
 125.30  1.17
 126.00  1.17
 126.70  1.17
 127.40  1.18
 128.10  1.18
 128.80  1.18
 129.50  1.18
 130.20  1.18
 130.90  1.19
 131.60  1.19
 132.30  1.19
 133.00  1.19
 133.70  1.19
 134.40  1.20
 135.10  1.20
 135.80  1.20
 136.50  1.20
 137.20  1.20
 137.90  1.21
 138.60  1.21
 139.30  1.21
 140.00  1.21
 140.70  1.21
 141.40  1.22
 142.10  1.22
 142.80  1.22
 143.50  1.22
 144.20  1.22
 144.90  1.23
 145.60  1.23
 146.30  1.23
 147.00  1.23
 147.70  1.24
 148.40  1.24
 149.10  1.24
 149.80  1.24
 150.50  1.24
 151.20  1.25
 151.90  1.25
 152.60  1.25
 153.30  1.25
 154.00  1.25
 154.70  1.26
 155.40  1.26
 156.10  1.26
 156.80  1.26
 157.50  1.27
 158.20  1.27
 158.90  1.27
 159.60  1.27
 160.30  1.28
 161.00  1.28
 161.70  1.28
 162.40  1.28
 163.10  1.28
 163.80  1.29
 164.50  1.29
 165.20  1.29
 165.90  1.29
 166.60  1.30
 167.30  1.30
 168.00  1.30
 168.70  1.30
 169.40  1.31
 170.10  1.31
 170.80  1.31
 171.50  1.31
 172.20  1.32
 172.90  1.32
 173.60  1.32
 174.30  1.32
 175.00  1.33
 175.70  1.33
 176.40  1.33
 177.10  1.33
 177.80  1.34
 178.50  1.34
 179.20  1.34
 179.90  1.34
 180.60  1.35
 181.30  1.35
 182.00  1.35
 182.70  1.35
 183.40  1.36
 184.10  1.36
 184.80  1.36
 185.50  1.36
 186.20  1.37
 186.90  1.37
 187.60  1.37
 188.30  1.37
 189.00  1.38
 189.70  1.38
 190.40  1.38
 191.10  1.38
 191.80  1.39
 192.50  1.39
 193.20  1.39
 193.90  1.39
 194.60  1.40
 195.30  1.40
 196.00  1.40
 196.70  1.40
 197.40  1.41
 198.10  1.41
 198.80  1.41
 199.50  1.42
 200.20  1.42
 200.90  1.42
 201.60  1.42
 202.30  1.43
 203.00  1.43
 203.70  1.43
 204.40  1.43
 205.10  1.44
 205.80  1.44
 206.50  1.44
 207.20  1.45
 207.90  1.45
 208.60  1.45
 209.30  1.45
 210.00  1.46
 210.70  1.46
 211.40  1.46
 212.10  1.46
 212.80  1.47
 213.50  1.47
 214.20  1.47
 214.90  1.48
 215.60  1.48
 216.30  1.48
 217.00  1.48
 217.70  1.49
 218.40  1.49
 219.10  1.49
 219.80  1.49
 220.50  1.50
 221.20  1.50
 221.90  1.50
 222.60  1.51
 223.30  1.51
 224.00  1.51
 224.70  1.51
 225.40  1.52
 226.10  1.52
 226.80  1.52
 227.50  1.53
 228.20  1.53
 228.90  1.53
 229.60  1.53
 230.30  1.54
 231.00  1.54
 231.70  1.54
 232.40  1.55
 233.10  1.55
 233.80  1.55
 234.50  1.55
 235.20  1.56
 235.90  1.56
 236.60  1.56
 237.30  1.57
 238.00  1.57
 238.70  1.57
 239.40  1.57
 240.10  1.58
 240.80  1.58
 241.50  1.58
 242.20  1.59
 242.90  1.59
 243.60  1.59
 244.30  1.59
 245.00  1.60
 245.70  1.60
 246.40  1.60
 247.10  1.61
 247.80  1.61
 248.50  1.61
 249.20  1.61
 249.90  1.62
 250.60  1.62
 251.30  1.62
 252.00  1.63
 252.70  1.63
 253.40  1.63
 254.10  1.63
 254.80  1.64
 255.50  1.64
 256.20  1.64
 256.90  1.65
 257.60  1.65
 258.30  1.65
 259.00  1.65
 259.70  1.66
 260.40  1.66
 261.10  1.66
 261.80  1.67
 262.50  1.67
 263.20  1.67
 263.90  1.68
 264.60  1.68
 265.30  1.68
 266.00  1.68
 266.70  1.69
 267.40  1.69
 268.10  1.69
 268.80  1.70
 269.50  1.70
 270.20  1.70
 270.90  1.70
 271.60  1.71
 272.30  1.71
 273.00  1.71
 273.70  1.72
 274.40  1.72
 275.10  1.72
 275.80  1.72
 276.50  1.73
 277.20  1.73
 277.90  1.73
 278.60  1.74
 279.30  1.74
 280.00  1.74
 280.70  1.74
 281.40  1.75
 282.10  1.75
 282.80  1.75
 283.50  1.76
 284.20  1.76
 284.90  1.76
 285.60  1.77
 286.30  1.77
 287.00  1.77
 287.70  1.77
 288.40  1.78
 289.10  1.78
 289.80  1.78
 290.50  1.79
 291.20  1.79
 291.90  1.79
 292.60  1.79
 293.30  1.80
 294.00  1.80
 294.70  1.80
 295.40  1.81
 296.10  1.81
 296.80  1.81
 297.50  1.81
 298.20  1.82
 298.90  1.82
 299.60  1.82
 300.30  1.83
 301.00  1.83
 301.70  1.83
 302.40  1.83
 303.10  1.84
 303.80  1.84
 304.50  1.84
 305.20  1.85
 305.90  1.85
 306.60  1.85
 307.30  1.85
 308.00  1.86
 308.70  1.86
 309.40  1.86
 310.10  1.87
 310.80  1.87
 311.50  1.87
 312.20  1.87
 312.90  1.88
 313.60  1.88
 314.30  1.88
 315.00  1.89
 315.70  1.89
 316.40  1.89
 317.10  1.89
 317.80  1.90
 318.50  1.90
 319.20  1.90
 319.90  1.91
 320.60  1.91
 321.30  1.91
 322.00  1.91
 322.70  1.92
 323.40  1.92
 324.10  1.92
 324.80  1.93
 325.50  1.93
 326.20  1.93
 326.90  1.93
 327.60  1.94
 328.30  1.94
 329.00  1.94
 329.70  1.95
 330.40  1.95
 331.10  1.95
 331.80  1.95
 332.50  1.96
 333.20  1.96
 333.90  1.96
 334.60  1.97
 335.30  1.97
 336.00  1.97
 336.70  1.97
 337.40  1.98
 338.10  1.98
 338.80  1.98
 339.50  1.98
 340.20  1.99
 340.90  1.99
 341.60  1.99
 342.30  2.00
 343.00  2.00
 343.70  2.00
 344.40  2.00
 345.10  2.01
 345.80  2.01
 346.50  2.01
 347.20  2.02
 347.90  2.02
 348.60  2.02
 349.30  2.02
 350.00  2.03
 350.70  2.03
 351.40  2.03
 352.10  2.03
 352.80  2.04
 353.50  2.04
 354.20  2.04
 354.90  2.05
 355.60  2.05
 356.30  2.05
 357.00  2.05
 357.70  2.06
 358.40  2.06
 359.10  2.06
 359.80  2.06
 360.50  2.07
 361.20  2.07
 361.90  2.07
 362.60  2.08
 363.30  2.08
 364.00  2.08
 364.70  2.08
 365.40  2.09
 366.10  2.09
 366.80  2.09
 367.50  2.09
 368.20  2.10
 368.90  2.10
 369.60  2.10
 370.30  2.11
 371.00  2.11
 371.70  2.11
 372.40  2.11
 373.10  2.12
 373.80  2.12
 374.50  2.12
 375.20  2.12
 375.90  2.13
 376.60  2.13
 377.30  2.13
 378.00  2.13
 378.70  2.14
 379.40  2.14
 380.10  2.14
 380.80  2.15
 381.50  2.15
 382.20  2.15
 382.90  2.15
 383.60  2.16
 384.30  2.16
 385.00  2.16
 385.70  2.16
 386.40  2.17
 387.10  2.17
 387.80  2.17
 388.50  2.17
 389.20  2.18
 389.90  2.18
 390.60  2.18
 391.30  2.18
 392.00  2.19
 392.70  2.19
 393.40  2.19
 394.10  2.19
 394.80  2.20
 395.50  2.20
 396.20  2.20
 396.90  2.20
 397.60  2.21
 398.30  2.21
 399.00  2.21
 399.70  2.21
 400.40  2.22
 401.10  2.22
 401.80  2.22
 402.50  2.22
 403.20  2.23
 403.90  2.23
 404.60  2.23
 405.30  2.24
 406.00  2.24
 406.70  2.24
 407.40  2.24
 408.10  2.25
 408.80  2.25
 409.50  2.25
 410.20  2.25
 410.90  2.25
 411.60  2.26
 412.30  2.26
 413.00  2.26
 413.70  2.26
 414.40  2.27
 415.10  2.27
 415.80  2.27
 416.50  2.27
 417.20  2.28
 417.90  2.28
 418.60  2.28
 419.30  2.28
 420.00  2.29
 420.70  2.29
 421.40  2.29
 422.10  2.29
 422.80  2.30
 423.50  2.30
 424.20  2.30
 424.90  2.30
 425.60  2.31
 426.30  2.31
 427.00  2.31
 427.70  2.31
 428.40  2.32
 429.10  2.32
 429.80  2.32
 430.50  2.32
 431.20  2.32
 431.90  2.33
 432.60  2.33
 433.30  2.33
 434.00  2.33
 434.70  2.34
 435.40  2.34
 436.10  2.34
 436.80  2.34
 437.50  2.35
 438.20  2.35
 438.90  2.35
 439.60  2.35
 440.30  2.36
 441.00  2.36
 441.70  2.36
 442.40  2.36
 443.10  2.36
 443.80  2.37
 444.50  2.37
 445.20  2.37
 445.90  2.37
 446.60  2.38
 447.30  2.38
 448.00  2.38
 448.70  2.38
 449.40  2.38
 450.10  2.39
 450.80  2.39
 451.50  2.39
 452.20  2.39
 452.90  2.40
 453.60  2.40
 454.30  2.40
 455.00  2.40
 455.70  2.40
 456.40  2.41
 457.10  2.41
 457.80  2.41
 458.50  2.41
 459.20  2.42
 459.90  2.42
 460.60  2.42
 461.30  2.42
 462.00  2.42
 462.70  2.43
 463.40  2.43
 464.10  2.43
 464.80  2.43
 465.50  2.44
 466.20  2.44
 466.90  2.44
 467.60  2.44
 468.30  2.44
 469.00  2.45
 469.70  2.45
 470.40  2.45
 471.10  2.45
 471.80  2.45
 472.50  2.46
 473.20  2.46
 473.90  2.46
 474.60  2.46
 475.30  2.47
 476.00  2.47
 476.70  2.47
 477.40  2.47
 478.10  2.47
 478.80  2.48
 479.50  2.48
 480.20  2.48
 480.90  2.48
 481.60  2.48
 482.30  2.49
 483.00  2.49
 483.70  2.49
 484.40  2.49
 485.10  2.49
 485.80  2.50
 486.50  2.50
 487.20  2.50
 487.90  2.50
 488.60  2.50
 489.30  2.51
 490.00  2.51
 490.70  2.51
 491.40  2.51
 492.10  2.51
 492.80  2.52
 493.50  2.52
 494.20  2.52
 494.90  2.52
 495.60  2.52
 496.30  2.53
 497.00  2.53
 497.70  2.53
 498.40  2.53
 499.10  2.53
 499.80  2.54
 500.50  2.54
 501.20  2.54
 501.90  2.54
 502.60  2.54
 503.30  2.55
 504.00  2.55
 504.70  2.55
 505.40  2.55
 506.10  2.55
 506.80  2.56
 507.50  2.56
 508.20  2.56
 508.90  2.56
 509.60  2.56
 510.30  2.57
 511.00  2.57
 511.70  2.57
 512.40  2.57
 513.10  2.57
 513.80  2.57
 514.50  2.58
 515.20  2.58
 515.90  2.58
 516.60  2.58
 517.30  2.58
 518.00  2.59
 518.70  2.59
 519.40  2.59
 520.10  2.59
 520.80  2.59
 521.50  2.60
 522.20  2.60
 522.90  2.60
 523.60  2.60
 524.30  2.60
 525.00  2.60
 525.70  2.61
 526.40  2.61
 527.10  2.61
 527.80  2.61
 528.50  2.61
 529.20  2.62
 529.90  2.62
 530.60  2.62
 531.30  2.62
 532.00  2.62
 532.70  2.62
 533.40  2.63
 534.10  2.63
 534.80  2.63
 535.50  2.63
 536.20  2.63
 536.90  2.63
 537.60  2.64
 538.30  2.64
 539.00  2.64
 539.70  2.64
 540.40  2.64
 541.10  2.65
 541.80  2.65
 542.50  2.65
 543.20  2.65
 543.90  2.65
 544.60  2.65
 545.30  2.66
 546.00  2.66
 546.70  2.66
 547.40  2.66
 548.10  2.66
 548.80  2.66
 549.50  2.67
 550.20  2.67
 550.90  2.67
 551.60  2.67
 552.30  2.67
 553.00  2.67
 553.70  2.68
 554.40  2.68
 555.10  2.68
 555.80  2.68
 556.50  2.68
 557.20  2.68
 557.90  2.69
 558.60  2.69
 559.30  2.69
 560.00  2.69
 560.70  2.69
 561.40  2.69
 562.10  2.70
 562.80  2.70
 563.50  2.70
 564.20  2.70
 564.90  2.70
 565.60  2.70
 566.30  2.71
 567.00  2.71
 567.70  2.71
 568.40  2.71
 569.10  2.71
 569.80  2.71
 570.50  2.71
 571.20  2.72
 571.90  2.72
 572.60  2.72
 573.30  2.72
 574.00  2.72
 574.70  2.72
 575.40  2.73
 576.10  2.73
 576.80  2.73
 577.50  2.73
 578.20  2.73
 578.90  2.73
 579.60  2.73
 580.30  2.74
 581.00  2.74
 581.70  2.74
 582.40  2.74
 583.10  2.74
 583.80  2.74
 584.50  2.75
 585.20  2.75
 585.90  2.75
 586.60  2.75
 587.30  2.75
 588.00  2.75
 588.70  2.75
 589.40  2.76
 590.10  2.76
 590.80  2.76
 591.50  2.76
 592.20  2.76
 592.90  2.76
 593.60  2.76
 594.30  2.77
 595.00  2.77
 595.70  2.77
 596.40  2.77
 597.10  2.77
 597.80  2.77
 598.50  2.77
 599.20  2.78
 599.90  2.78
 600.60  2.78
 601.30  2.78
 602.00  2.78
 602.70  2.78
 603.40  2.78
 604.10  2.79
 604.80  2.79
 605.50  2.79
 606.20  2.79
 606.90  2.79
 607.60  2.79
 608.30  2.79
 609.00  2.80
 609.70  2.80
 610.40  2.80
 611.10  2.80
 611.80  2.80
 612.50  2.80
 613.20  2.80
 613.90  2.81
 614.60  2.81
 615.30  2.81
 616.00  2.81
 616.70  2.81
 617.40  2.81
 618.10  2.81
 618.80  2.82
 619.50  2.82
 620.20  2.82
 620.90  2.82
 621.60  2.82
 622.30  2.82
 623.00  2.82
 623.70  2.82
 624.40  2.83
 625.10  2.83
 625.80  2.83
 626.50  2.83
 627.20  2.83
 627.90  2.83
 628.60  2.83
 629.30  2.83
 630.00  2.84
 630.70  2.84
 631.40  2.84
 632.10  2.84
 632.80  2.84
 633.50  2.84
 634.20  2.84
 634.90  2.85
 635.60  2.85
 636.30  2.85
 637.00  2.85
 637.70  2.85
 638.40  2.85
 639.10  2.85
 639.80  2.85
 640.50  2.86
 641.20  2.86
 641.90  2.86
 642.60  2.86
 643.30  2.86
 644.00  2.86
 644.70  2.86
 645.40  2.86
 646.10  2.87
 646.80  2.87
 647.50  2.87
 648.20  2.87
 648.90  2.87
 649.60  2.87
 650.30  2.87
 651.00  2.87
 651.70  2.87
 652.40  2.88
 653.10  2.88
 653.80  2.88
 654.50  2.88
 655.20  2.88
 655.90  2.88
 656.60  2.88
 657.30  2.88
 658.00  2.89
 658.70  2.89
 659.40  2.89
 660.10  2.89
 660.80  2.89
 661.50  2.89
 662.20  2.89
 662.90  2.89
 663.60  2.89
 664.30  2.90
 665.00  2.90
 665.70  2.90
 666.40  2.90
 667.10  2.90
 667.80  2.90
 668.50  2.90
 669.20  2.90
 669.90  2.90
 670.60  2.91
 671.30  2.91
 672.00  2.91
 672.70  2.91
 673.40  2.91
 674.10  2.91
 674.80  2.91
 675.50  2.91
 676.20  2.91
 676.90  2.92
 677.60  2.92
 678.30  2.92
 679.00  2.92
 679.70  2.92
 680.40  2.92
 681.10  2.92
 681.80  2.92
 682.50  2.92
 683.20  2.93
 683.90  2.93
 684.60  2.93
 685.30  2.93
 686.00  2.93
 686.70  2.93
 687.40  2.93
 688.10  2.93
 688.80  2.93
 689.50  2.93
 690.20  2.94
 690.90  2.94
 691.60  2.94
 692.30  2.94
 693.00  2.94
 693.70  2.94
 694.40  2.94
 695.10  2.94
 695.80  2.94
 696.50  2.95
 697.20  2.95
 697.90  2.95
 698.60  2.95
 699.30  2.95
 700.00  2.95
 700.70  2.95
 701.40  2.95
 702.10  2.95
 702.80  2.95
 703.50  2.96
 704.20  2.96
 704.90  2.96
 705.60  2.96
 706.30  2.96
 707.00  2.96
 707.70  2.96
 708.40  2.96
 709.10  2.96
 709.80  2.96
 710.50  2.97
 711.20  2.97
 711.90  2.97
 712.60  2.97
 713.30  2.97
 714.00  2.97
 714.70  2.97
 715.40  2.97
 716.10  2.97
 716.80  2.97
 717.50  2.97
 718.20  2.98
 718.90  2.98
 719.60  2.98
 720.30  2.98
 721.00  2.98
 721.70  2.98
 722.40  2.98
 723.10  2.98
 723.80  2.98
 724.50  2.98
 725.20  2.98
 725.90  2.99
 726.60  2.99
 727.30  2.99
 728.00  2.99
 728.70  2.99
 729.40  2.99
 730.10  2.99
 730.80  2.99
 731.50  2.99
 732.20  2.99
 732.90  2.99
 733.60  3.00
 734.30  3.00
 735.00  3.00
 735.70  3.00
 736.40  3.00
 737.10  3.00
 737.80  3.00
 738.50  3.00
 739.20  3.00
 739.90  3.00
 740.60  3.00
 741.30  3.01
 742.00  3.01
 742.70  3.01
 743.40  3.01
 744.10  3.01
 744.80  3.01
 745.50  3.01
 746.20  3.01
 746.90  3.01
 747.60  3.01
 748.30  3.01
 749.00  3.01
 749.70  3.02
 750.40  3.02
 751.10  3.02
 751.80  3.02
 752.50  3.02
 753.20  3.02
 753.90  3.02
 754.60  3.02
 755.30  3.02
 756.00  3.02
 756.70  3.02
 757.40  3.02
 758.10  3.03
 758.80  3.03
 759.50  3.03
 760.20  3.03
 760.90  3.03
 761.60  3.03
 762.30  3.03
 763.00  3.03
 763.70  3.03
 764.40  3.03
 765.10  3.03
 765.80  3.03
 766.50  3.03
 767.20  3.04
 767.90  3.04
 768.60  3.04
 769.30  3.04
 770.00  3.04
 770.70  3.04
 771.40  3.04
 772.10  3.04
 772.80  3.04
 773.50  3.04
 774.20  3.04
 774.90  3.04
 775.60  3.04
 776.30  3.05
 777.00  3.05
 777.70  3.05
 778.40  3.05
 779.10  3.05
 779.80  3.05
 780.50  3.05
 781.20  3.05
 781.90  3.05
 782.60  3.05
 783.30  3.05
 784.00  3.05
 784.70  3.05
 785.40  3.05
 786.10  3.06
 786.80  3.06
 787.50  3.06
 788.20  3.06
 788.90  3.06
 789.60  3.06
 790.30  3.06
 791.00  3.06
 791.70  3.06
 792.40  3.06
 793.10  3.06
 793.80  3.06
 794.50  3.06
 795.20  3.06
 795.90  3.07
 796.60  3.07
 797.30  3.07
 798.00  3.07
 798.70  3.07
 799.40  3.07
 800.10  3.07
 800.80  3.07
 801.50  3.07
 802.20  3.07
 802.90  3.07
 803.60  3.07
 804.30  3.07
 805.00  3.07
 805.70  3.08
 806.40  3.08
 807.10  3.08
 807.80  3.08
 808.50  3.08
 809.20  3.08
 809.90  3.08
 810.60  3.08
 811.30  3.08
 812.00  3.08
 812.70  3.08
 813.40  3.08
 814.10  3.08
 814.80  3.08
 815.50  3.08
 816.20  3.08
 816.90  3.09
 817.60  3.09
 818.30  3.09
 819.00  3.09
 819.70  3.09
 820.40  3.09
 821.10  3.09
 821.80  3.09
 822.50  3.09
 823.20  3.09
 823.90  3.09
 824.60  3.09
 825.30  3.09
 826.00  3.09
 826.70  3.09
 827.40  3.10
 828.10  3.10
 828.80  3.10
 829.50  3.10
 830.20  3.10
 830.90  3.10
 831.60  3.10
 832.30  3.10
 833.00  3.10
 833.70  3.10
 834.40  3.10
 835.10  3.10
 835.80  3.10
 836.50  3.10
 837.20  3.10
 837.90  3.10
 838.60  3.10
 839.30  3.11
 840.00  3.11
 840.70  3.11
 841.40  3.11
 842.10  3.11
 842.80  3.11
 843.50  3.11
 844.20  3.11
 844.90  3.11
 845.60  3.11
 846.30  3.11
 847.00  3.11
 847.70  3.11
 848.40  3.11
 849.10  3.11
 849.80  3.11
 850.50  3.11
 851.20  3.12
 851.90  3.12
 852.60  3.12
 853.30  3.12
 854.00  3.12
 854.70  3.12
 855.40  3.12
 856.10  3.12
 856.80  3.12
 857.50  3.12
 858.20  3.12
 858.90  3.12
 859.60  3.12
 860.30  3.12
 861.00  3.12
 861.70  3.12
 862.40  3.12
 863.10  3.12
 863.80  3.12
 864.50  3.13
 865.20  3.13
 865.90  3.13
 866.60  3.13
 867.30  3.13
 868.00  3.13
 868.70  3.13
 869.40  3.13
 870.10  3.13
 870.80  3.13
 871.50  3.13
 872.20  3.13
 872.90  3.13
 873.60  3.13
 874.30  3.13
 875.00  3.13
 875.70  3.13
 876.40  3.13
 877.10  3.13
 877.80  3.14
 878.50  3.14
 879.20  3.14
 879.90  3.14
 880.60  3.14
 881.30  3.14
 882.00  3.14
 882.70  3.14
 883.40  3.14
 884.10  3.14
 884.80  3.14
 885.50  3.14
 886.20  3.14
 886.90  3.14
 887.60  3.14
 888.30  3.14
 889.00  3.14
 889.70  3.14
 890.40  3.14
 891.10  3.14
 891.80  3.15
 892.50  3.15
 893.20  3.15
 893.90  3.15
 894.60  3.15
 895.30  3.15
 896.00  3.15
 896.70  3.15
 897.40  3.15
 898.10  3.15
 898.80  3.15
 899.50  3.15
 900.20  3.15
 900.90  3.15
 901.60  3.15
 902.30  3.15
 903.00  3.15
 903.70  3.15
 904.40  3.15
 905.10  3.15
 905.80  3.15
 906.50  3.15
 907.20  3.16
 907.90  3.16
 908.60  3.16
 909.30  3.16
 910.00  3.16
 910.70  3.16
 911.40  3.16
 912.10  3.16
 912.80  3.16
 913.50  3.16
 914.20  3.16
 914.90  3.16
 915.60  3.16
 916.30  3.16
 917.00  3.16
 917.70  3.16
 918.40  3.16
 919.10  3.16
 919.80  3.16
 920.50  3.16
 921.20  3.16
 921.90  3.16
 922.60  3.16
 923.30  3.17
 924.00  3.17
 924.70  3.17
 925.40  3.17
 926.10  3.17
 926.80  3.17
 927.50  3.17
 928.20  3.17
 928.90  3.17
 929.60  3.17
 930.30  3.17
 931.00  3.17
 931.70  3.17
 932.40  3.17
 933.10  3.17
 933.80  3.17
 934.50  3.17
 935.20  3.17
 935.90  3.17
 936.60  3.17
 937.30  3.17
 938.00  3.17
 938.70  3.17
 939.40  3.17
 940.10  3.17
 940.80  3.18
 941.50  3.18
 942.20  3.18
 942.90  3.18
 943.60  3.18
 944.30  3.18
 945.00  3.18
 945.70  3.18
 946.40  3.18
 947.10  3.18
 947.80  3.18
 948.50  3.18
 949.20  3.18
 949.90  3.18
 950.60  3.18
 951.30  3.18
 952.00  3.18
 952.70  3.18
 953.40  3.18
 954.10  3.18
 954.80  3.18
 955.50  3.18
 956.20  3.18
 956.90  3.18
 957.60  3.18
 958.30  3.18
 959.00  3.19
 959.70  3.19
 960.40  3.19
 961.10  3.19
 961.80  3.19
 962.50  3.19
 963.20  3.19
 963.90  3.19
 964.60  3.19
 965.30  3.19
 966.00  3.19
 966.70  3.19
 967.40  3.19
 968.10  3.19
 968.80  3.19
 969.50  3.19
 970.20  3.19
 970.90  3.19
 971.60  3.19
 972.30  3.19
 973.00  3.19
 973.70  3.19
 974.40  3.19
 975.10  3.19
 975.80  3.19
 976.50  3.19
 977.20  3.19
 977.90  3.19
 978.60  3.19
 979.30  3.20
 980.00  3.20
 980.70  3.20
 981.40  3.20
 982.10  3.20
 982.80  3.20
 983.50  3.20
 984.20  3.20
 984.90  3.20
 985.60  3.20
 986.30  3.20
 987.00  3.20
 987.70  3.20
 988.40  3.20
 989.10  3.20
 989.80  3.20
 990.50  3.20
 991.20  3.20
 991.90  3.20
 992.60  3.20
 993.30  3.20
 994.00  3.20
 994.70  3.20
 995.40  3.20
 996.10  3.20
 996.80  3.20
 997.50  3.20
 998.20  3.20
 998.90  3.20
 999.60  3.20
 1000.30  3.20
 1001.00  3.21
 1001.70  3.21
 1002.40  3.21
 1003.10  3.21
 1003.80  3.21
 1004.50  3.21
 1005.20  3.21
 1005.90  3.21
 1006.60  3.21
 1007.30  3.21
 1008.00  3.21
 1008.70  3.21
 1009.40  3.21
 1010.10  3.21
 1010.80  3.21
 1011.50  3.21
 1012.20  3.21
 1012.90  3.21
 1013.60  3.21
 1014.30  3.21
 1015.00  3.21
 1015.70  3.21
 1016.40  3.21
 1017.10  3.21
 1017.80  3.21
 1018.50  3.21
 1019.20  3.21
 1019.90  3.21
 1020.60  3.21
 1021.30  3.21
 1022.00  3.21
 1022.70  3.21
 1023.40  3.21
 1024.10  3.21
 1024.80  3.21
 1025.50  3.22
 1026.20  3.22
 1026.90  3.22
 1027.60  3.22
 1028.30  3.22
 1029.00  3.22
 1029.70  3.22
 1030.40  3.22
 1031.10  3.22
 1031.80  3.22
 1032.50  3.22
 1033.20  3.22
 1033.90  3.22
 1034.60  3.22
 1035.30  3.22
 1036.00  3.22
 1036.70  3.22
 1037.40  3.22
 1038.10  3.22
 1038.80  3.22
 1039.50  3.22
 1040.20  3.22
 1040.90  3.22
 1041.60  3.22
 1042.30  3.22
 1043.00  3.22
 1043.70  3.22
 1044.40  3.22
 1045.10  3.22
 1045.80  3.22
 1046.50  3.22
 1047.20  3.22
 1047.90  3.22
 1048.60  3.22
 1049.30  3.22
 1050.00  3.22
 1050.70  3.22
 1051.40  3.22
 1052.10  3.23
 1052.80  3.23
 1053.50  3.23
 1054.20  3.23
 1054.90  3.23
 1055.60  3.23
 1056.30  3.23
 1057.00  3.23
 1057.70  3.23
 1058.40  3.23
 1059.10  3.23
 1059.80  3.23
 1060.50  3.23
 1061.20  3.23
 1061.90  3.23
 1062.60  3.23
 1063.30  3.23
 1064.00  3.23
 1064.70  3.23
 1065.40  3.23
 1066.10  3.23
 1066.80  3.23
 1067.50  3.23
 1068.20  3.23
 1068.90  3.23
 1069.60  3.23
 1070.30  3.23
 1071.00  3.23
 1071.70  3.23
 1072.40  3.23
 1073.10  3.23
 1073.80  3.23
 1074.50  3.23
 1075.20  3.23
 1075.90  3.23
 1076.60  3.23
 1077.30  3.23
 1078.00  3.23
 1078.70  3.23
 1079.40  3.23
 1080.10  3.23
 1080.80  3.23
 1081.50  3.23
 1082.20  3.24
 1082.90  3.24
 1083.60  3.24
 1084.30  3.24
 1085.00  3.24
 1085.70  3.24
 1086.40  3.24
 1087.10  3.24
 1087.80  3.24
 1088.50  3.24
 1089.20  3.24
 1089.90  3.24
 1090.60  3.24
 1091.30  3.24
 1092.00  3.24
 1092.70  3.24
 1093.40  3.24
 1094.10  3.24
 1094.80  3.24
 1095.50  3.24
 1096.20  3.24
 1096.90  3.24
 1097.60  3.24
 1098.30  3.24
 1099.00  3.24
 1099.70  3.24
 1100.40  3.24
 1101.10  3.24
 1101.80  3.24
 1102.50  3.24
 1103.20  3.24
 1103.90  3.24
 1104.60  3.24
 1105.30  3.24
 1106.00  3.24
 1106.70  3.24
 1107.40  3.24
 1108.10  3.24
 1108.80  3.24
 1109.50  3.24
 1110.20  3.24
 1110.90  3.24
 1111.60  3.24
 1112.30  3.24
 1113.00  3.24
 1113.70  3.24
 1114.40  3.24
 1115.10  3.24
 1115.80  3.24
 1116.50  3.24
 1117.20  3.25
 1117.90  3.25
 1118.60  3.25
 1119.30  3.25
 1120.00  3.25
 1120.70  3.25
 1121.40  3.25
 1122.10  3.25
 1122.80  3.25
 1123.50  3.25
 1124.20  3.25
 1124.90  3.25
 1125.60  3.25
 1126.30  3.25
 1127.00  3.25
 1127.70  3.25
 1128.40  3.25
 1129.10  3.25
 1129.80  3.25
 1130.50  3.25
 1131.20  3.25
 1131.90  3.25
 1132.60  3.25
 1133.30  3.25
 1134.00  3.25
 1134.70  3.25
 1135.40  3.25
 1136.10  3.25
 1136.80  3.25
 1137.50  3.25
 1138.20  3.25
 1138.90  3.25
 1139.60  3.25
 1140.30  3.25
 1141.00  3.25
 1141.70  3.25
 1142.40  3.25
 1143.10  3.25
 1143.80  3.25
 1144.50  3.25
 1145.20  3.25
 1145.90  3.25
 1146.60  3.25
 1147.30  3.25
 1148.00  3.25
 1148.70  3.25
 1149.40  3.25
 1150.10  3.25
 1150.80  3.25
 1151.50  3.25
 1152.20  3.25
 1152.90  3.25
 1153.60  3.25
 1154.30  3.25
 1155.00  3.25
 1155.70  3.25
 1156.40  3.25
 1157.10  3.25
 1157.80  3.26
 1158.50  3.26
 1159.20  3.26
 1159.90  3.26
 1160.60  3.26
 1161.30  3.26
 1162.00  3.26
 1162.70  3.26
 1163.40  3.26
 1164.10  3.26
 1164.80  3.26
 1165.50  3.26
 1166.20  3.26
 1166.90  3.26
 1167.60  3.26
 1168.30  3.26
 1169.00  3.26
 1169.70  3.26
 1170.40  3.26
 1171.10  3.26
 1171.80  3.26
 1172.50  3.26
 1173.20  3.26
 1173.90  3.26
 1174.60  3.26
 1175.30  3.26
 1176.00  3.26
 1176.70  3.26
 1177.40  3.26
 1178.10  3.26
 1178.80  3.26
 1179.50  3.26
 1180.20  3.26
 1180.90  3.26
 1181.60  3.26
 1182.30  3.26
 1183.00  3.26
 1183.70  3.26
 1184.40  3.26
 1185.10  3.26
 1185.80  3.26
 1186.50  3.26
 1187.20  3.26
 1187.90  3.26
 1188.60  3.26
 1189.30  3.26
 1190.00  3.26
 1190.70  3.26
 1191.40  3.26
 1192.10  3.26
 1192.80  3.26
 1193.50  3.26
 1194.20  3.26
 1194.90  3.26
 1195.60  3.26
 1196.30  3.26
 1197.00  3.26
 1197.70  3.26
 1198.40  3.26
 1199.10  3.26
 1199.80  3.26
 1200.50  3.26
 1201.20  3.26
 1201.90  3.26
 1202.60  3.26
 1203.30  3.26
 1204.00  3.26
 1204.70  3.26
 1205.40  3.26
 1206.10  3.26
 1206.80  3.27
 1207.50  3.27
 1208.20  3.27
 1208.90  3.27
 1209.60  3.27
 1210.30  3.27
 1211.00  3.27
 1211.70  3.27
 1212.40  3.27
 1213.10  3.27
 1213.80  3.27
 1214.50  3.27
 1215.20  3.27
 1215.90  3.27
 1216.60  3.27
 1217.30  3.27
 1218.00  3.27
 1218.70  3.27
 1219.40  3.27
 1220.10  3.27
 1220.80  3.27
 1221.50  3.27
 1222.20  3.27
 1222.90  3.27
 1223.60  3.27
 1224.30  3.27
 1225.00  3.27
 1225.70  3.27
 1226.40  3.27
 1227.10  3.27
 1227.80  3.27
 1228.50  3.27
 1229.20  3.27
 1229.90  3.27
 1230.60  3.27
 1231.30  3.27
 1232.00  3.27
 1232.70  3.27
 1233.40  3.27
 1234.10  3.27
 1234.80  3.27
 1235.50  3.27
 1236.20  3.27
 1236.90  3.27
 1237.60  3.27
 1238.30  3.27
 1239.00  3.27
 1239.70  3.27
 1240.40  3.27
 1241.10  3.27
 1241.80  3.27
 1242.50  3.27
 1243.20  3.27
 1243.90  3.27
 1244.60  3.27
 1245.30  3.27
 1246.00  3.27
 1246.70  3.27
 1247.40  3.27
 1248.10  3.27
 1248.80  3.27
 1249.50  3.27
 1250.20  3.27
 1250.90  3.27
 1251.60  3.27
 1252.30  3.27
 1253.00  3.27
 1253.70  3.27
 1254.40  3.27
 1255.10  3.27
 1255.80  3.27
 1256.50  3.27
 1257.20  3.27
 1257.90  3.27
 1258.60  3.27
 1259.30  3.27
 1260.00  3.27
 1260.70  3.27
 1261.40  3.27
 1262.10  3.27
 1262.80  3.27
 1263.50  3.27
 1264.20  3.27
 1264.90  3.27
 1265.60  3.27
 1266.30  3.27
 1267.00  3.27
 1267.70  3.27
 1268.40  3.28
 1269.10  3.28
 1269.80  3.28
 1270.50  3.28
 1271.20  3.28
 1271.90  3.28
 1272.60  3.28
 1273.30  3.28
 1274.00  3.28
 1274.70  3.28
 1275.40  3.28
 1276.10  3.28
 1276.80  3.28
 1277.50  3.28
 1278.20  3.28
 1278.90  3.28
 1279.60  3.28
 1280.30  3.28
 1281.00  3.28
 1281.70  3.28
 1282.40  3.28
 1283.10  3.28
 1283.80  3.28
 1284.50  3.28
 1285.20  3.28
 1285.90  3.28
 1286.60  3.28
 1287.30  3.28
 1288.00  3.28
 1288.70  3.28
 1289.40  3.28
 1290.10  3.28
 1290.80  3.28
 1291.50  3.28
 1292.20  3.28
 1292.90  3.28
 1293.60  3.28
 1294.30  3.28
 1295.00  3.28
 1295.70  3.28
 1296.40  3.28
 1297.10  3.28
 1297.80  3.28
 1298.50  3.28
 1299.20  3.28
 1299.90  3.28
 1300.60  3.28
 1301.30  3.28
 1302.00  3.28
 1302.70  3.28
 1303.40  3.28
 1304.10  3.28
 1304.80  3.28
 1305.50  3.28
 1306.20  3.28
 1306.90  3.28
 1307.60  3.28
 1308.30  3.28
 1309.00  3.28
 1309.70  3.28
 1310.40  3.28
 1311.10  3.28
 1311.80  3.28
 1312.50  3.28
 1313.20  3.28
 1313.90  3.28
 1314.60  3.28
 1315.30  3.28
 1316.00  3.28
 1316.70  3.28
 1317.40  3.28
 1318.10  3.28
 1318.80  3.28
 1319.50  3.28
 1320.20  3.28
 1320.90  3.28
 1321.60  3.28
 1322.30  3.28
 1323.00  3.28
 1323.70  3.28
 1324.40  3.28
 1325.10  3.28
 1325.80  3.28
 1326.50  3.28
 1327.20  3.28
 1327.90  3.28
 1328.60  3.28
 1329.30  3.28
 1330.00  3.28
 1330.70  3.28
 1331.40  3.28
 1332.10  3.28
 1332.80  3.28
 1333.50  3.28
 1334.20  3.28
 1334.90  3.28
 1335.60  3.28
 1336.30  3.28
 1337.00  3.28
 1337.70  3.28
 1338.40  3.28
 1339.10  3.28
 1339.80  3.28
 1340.50  3.28
 1341.20  3.28
 1341.90  3.28
 1342.60  3.28
 1343.30  3.28
 1344.00  3.28
 1344.70  3.28
 1345.40  3.28
 1346.10  3.28
 1346.80  3.28
 1347.50  3.28
 1348.20  3.28
 1348.90  3.28
 1349.60  3.28
 1350.30  3.28
 1351.00  3.28
 1351.70  3.28
 1352.40  3.28
 1353.10  3.28
 1353.80  3.29
 1354.50  3.29
 1355.20  3.29
 1355.90  3.29
 1356.60  3.29
 1357.30  3.29
 1358.00  3.29
 1358.70  3.29
 1359.40  3.29
 1360.10  3.29
 1360.80  3.29
 1361.50  3.29
 1362.20  3.29
 1362.90  3.29
 1363.60  3.29
 1364.30  3.29
 1365.00  3.29
 1365.70  3.29
 1366.40  3.29
 1367.10  3.29
 1367.80  3.29
 1368.50  3.29
 1369.20  3.29
 1369.90  3.29
 1370.60  3.29
 1371.30  3.29
 1372.00  3.29
 1372.70  3.29
 1373.40  3.29
 1374.10  3.29
 1374.80  3.29
 1375.50  3.29
 1376.20  3.29
 1376.90  3.29
 1377.60  3.29
 1378.30  3.29
 1379.00  3.29
 1379.70  3.29
 1380.40  3.29
 1381.10  3.29
 1381.80  3.29
 1382.50  3.29
 1383.20  3.29
 1383.90  3.29
 1384.60  3.29
 1385.30  3.29
 1386.00  3.29
 1386.70  3.29
 1387.40  3.29
 1388.10  3.29
 1388.80  3.29
 1389.50  3.29
 1390.20  3.29
 1390.90  3.29
 1391.60  3.29
 1392.30  3.29
 1393.00  3.29
 1393.70  3.29
 1394.40  3.29
 1395.10  3.29
 1395.80  3.29
 1396.50  3.29
 1397.20  3.29
 1397.90  3.29
 1398.60  3.29
 1399.30  3.29
 1400.00  3.29
 1400.70  3.29
 1401.40  3.29
 1402.10  3.29
 1402.80  3.29
 1403.50  3.29
 1404.20  3.29
 1404.90  3.29
 1405.60  3.29
 1406.30  3.29
 1407.00  3.29
 1407.70  3.29
 1408.40  3.29
 1409.10  3.29
 1409.80  3.29
 1410.50  3.29
 1411.20  3.29
 1411.90  3.29
 1412.60  3.29
 1413.30  3.29
 1414.00  3.29
 1414.70  3.29
 1415.40  3.29
 1416.10  3.29
 1416.80  3.29
 1417.50  3.29
 1418.20  3.29
 1418.90  3.29
 1419.60  3.29
 1420.30  3.29
 1421.00  3.29
 1421.70  3.29
 1422.40  3.29
 1423.10  3.29
 1423.80  3.29
 1424.50  3.29
 1425.20  3.29
 1425.90  3.29
 1426.60  3.29
 1427.30  3.29
 1428.00  3.29
 1428.70  3.29
 1429.40  3.29
 1430.10  3.29
 1430.80  3.29
 1431.50  3.29
 1432.20  3.29
 1432.90  3.29
 1433.60  3.29
 1434.30  3.29
 1435.00  3.29
 1435.70  3.29
 1436.40  3.29
 1437.10  3.29
 1437.80  3.29
 1438.50  3.29
 1439.20  3.29
 1439.90  3.29
 1440.60  3.29
 1441.30  3.29
 1442.00  3.29
 1442.70  3.29
 1443.40  3.29
 1444.10  3.29
 1444.80  3.29
 1445.50  3.29
 1446.20  3.29
 1446.90  3.29
 1447.60  3.29
 1448.30  3.29
 1449.00  3.29
 1449.70  3.29
 1450.40  3.29
 1451.10  3.29
 1451.80  3.29
 1452.50  3.29
 1453.20  3.29
 1453.90  3.29
 1454.60  3.29
 1455.30  3.29
 1456.00  3.29
 1456.70  3.29
 1457.40  3.29
 1458.10  3.29
 1458.80  3.29
 1459.50  3.29
 1460.20  3.29
 1460.90  3.29
 1461.60  3.29
 1462.30  3.29
 1463.00  3.29
 1463.70  3.29
 1464.40  3.29
 1465.10  3.29
 1465.80  3.29
 1466.50  3.29
 1467.20  3.29
 1467.90  3.29
 1468.60  3.29
 1469.30  3.29
 1470.00  3.29
 1470.70  3.29
 1471.40  3.29
 1472.10  3.29
 1472.80  3.29
 1473.50  3.29
 1474.20  3.29
 1474.90  3.29
 1475.60  3.29
 1476.30  3.29
 1477.00  3.29
 1477.70  3.29
 1478.40  3.29
 1479.10  3.29
 1479.80  3.29
 1480.50  3.29
 1481.20  3.29
 1481.90  3.29
 1482.60  3.29
 1483.30  3.29
 1484.00  3.29
 1484.70  3.29
 1485.40  3.29
 1486.10  3.29
 1486.80  3.29
 1487.50  3.29
 1488.20  3.29
 1488.90  3.29
 1489.60  3.29
 1490.30  3.30
 1491.00  3.30
 1491.70  3.30
 1492.40  3.30
 1493.10  3.30
 1493.80  3.30
 1494.50  3.30
 1495.20  3.30
 1495.90  3.30
 1496.60  3.30
 1497.30  3.30
 1498.00  3.30
 1498.70  3.30
 1499.40  3.30
 1500.10  3.30
 1500.80  3.30
 1501.50  3.30
 1502.20  3.30
 1502.90  3.30
 1503.60  3.30
 1504.30  3.30
 1505.00  3.30
 1505.70  3.30
 1506.40  3.30
 1507.10  3.30
 1507.80  3.30
 1508.50  3.30
 1509.20  3.30
 1509.90  3.30
 1510.60  3.30
 1511.30  3.30
 1512.00  3.30
 1512.70  3.30
 1513.40  3.30
 1514.10  3.30
 1514.80  3.30
 1515.50  3.30
 1516.20  3.30
 1516.90  3.30
 1517.60  3.30
 1518.30  3.30
 1519.00  3.30
 1519.70  3.30
 1520.40  3.30
 1521.10  3.30
 1521.80  3.30
 1522.50  3.30
 1523.20  3.30
 1523.90  3.30
 1524.60  3.30
 1525.30  3.30
 1526.00  3.30
 1526.70  3.30
 1527.40  3.30
 1528.10  3.30
 1528.80  3.30
 1529.50  3.30
 1530.20  3.30
 1530.90  3.30
 1531.60  3.30
 1532.30  3.30
 1533.00  3.30
 1533.70  3.30
 1534.40  3.30
 1535.10  3.30
 1535.80  3.30
 1536.50  3.30
 1537.20  3.30
 1537.90  3.30
 1538.60  3.30
 1539.30  3.30
 1540.00  3.30
 1540.70  3.30
 1541.40  3.30
 1542.10  3.30
 1542.80  3.30
 1543.50  3.30
 1544.20  3.30
 1544.90  3.30
 1545.60  3.30
 1546.30  3.30
 1547.00  3.30
 1547.70  3.30
 1548.40  3.30
 1549.10  3.30
 1549.80  3.30
 1550.50  3.30
 1551.20  3.30
 1551.90  3.30
 1552.60  3.30
 1553.30  3.30
 1554.00  3.30
 1554.70  3.30
 1555.40  3.30
 1556.10  3.30
 1556.80  3.30
 1557.50  3.30
 1558.20  3.30
 1558.90  3.30
 1559.60  3.30
 1560.30  3.30
 1561.00  3.30
 1561.70  3.30
 1562.40  3.30
 1563.10  3.30
 1563.80  3.30
 1564.50  3.30
 1565.20  3.30
 1565.90  3.30
 1566.60  3.30
 1567.30  3.30
 1568.00  3.30
 1568.70  3.30
 1569.40  3.30
 1570.10  3.30
 1570.80  3.30
 1571.50  3.30
 1572.20  3.30
 1572.90  3.30
 1573.60  3.30
 1574.30  3.30
 1575.00  3.30
 1575.70  3.30
 1576.40  3.30
 1577.10  3.30
 1577.80  3.30
 1578.50  3.30
 1579.20  3.30
 1579.90  3.30
 1580.60  3.30
 1581.30  3.30
 1582.00  3.30
 1582.70  3.30
 1583.40  3.30
 1584.10  3.30
 1584.80  3.30
 1585.50  3.30
 1586.20  3.30
 1586.90  3.30
 1587.60  3.30
 1588.30  3.30
 1589.00  3.30
 1589.70  3.30
 1590.40  3.30
 1591.10  3.30
 1591.80  3.30
 1592.50  3.30
 1593.20  3.30
 1593.90  3.30
 1594.60  3.30
 1595.30  3.30
 1596.00  3.30
 1596.70  3.30
 1597.40  3.30
 1598.10  3.30
 1598.80  3.30
 1599.50  3.30
 1600.20  3.30
 1600.90  3.30
 1601.60  3.30
 1602.30  3.30
 1603.00  3.30
 1603.70  3.30
 1604.40  3.30
 1605.10  3.30
 1605.80  3.30
 1606.50  3.30
 1607.20  3.30
 1607.90  3.30
 1608.60  3.30
 1609.30  3.30
 1610.00  3.30
 1610.70  3.30
 1611.40  3.30
 1612.10  3.30
 1612.80  3.30
 1613.50  3.30
 1614.20  3.30
 1614.90  3.30
 1615.60  3.30
 1616.30  3.30
 1617.00  3.30
 1617.70  3.30
 1618.40  3.30
 1619.10  3.30
 1619.80  3.30
 1620.50  3.30
 1621.20  3.30
 1621.90  3.30
 1622.60  3.30
 1623.30  3.30
 1624.00  3.30
 1624.70  3.30
 1625.40  3.30
 1626.10  3.30
 1626.80  3.30
 1627.50  3.30
 1628.20  3.30
 1628.90  3.30
 1629.60  3.30
 1630.30  3.30
 1631.00  3.30
 1631.70  3.30
 1632.40  3.30
 1633.10  3.30
 1633.80  3.30
 1634.50  3.30
 1635.20  3.30
 1635.90  3.30
 1636.60  3.30
 1637.30  3.30
 1638.00  3.30
 1638.70  3.30
 1639.40  3.30
 1640.10  3.30
 1640.80  3.30
 1641.50  3.30
 1642.20  3.30
 1642.90  3.30
 1643.60  3.30
 1644.30  3.30
 1645.00  3.30
 1645.70  3.30
 1646.40  3.30
 1647.10  3.30
 1647.80  3.30
 1648.50  3.30
 1649.20  3.30
 1649.90  3.30
 1650.60  3.30
 1651.30  3.30
 1652.00  3.30
 1652.70  3.30
 1653.40  3.30
 1654.10  3.30
 1654.80  3.30
 1655.50  3.30
 1656.20  3.30
 1656.90  3.30
 1657.60  3.30
 1658.30  3.30
 1659.00  3.30
 1659.70  3.30
 1660.40  3.30
 1661.10  3.30
 1661.80  3.30
 1662.50  3.30
 1663.20  3.30
 1663.90  3.30
 1664.60  3.30
 1665.30  3.30
 1666.00  3.30
 1666.70  3.30
 1667.40  3.30
 1668.10  3.30
 1668.80  3.30
 1669.50  3.30
 1670.20  3.30
 1670.90  3.30
 1671.60  3.30
 1672.30  3.30
 1673.00  3.30
 1673.70  3.30
 1674.40  3.30
 1675.10  3.30
 1675.80  3.30
 1676.50  3.30
 1677.20  3.30
 1677.90  3.30
 1678.60  3.30
 1679.30  3.30
 1680.00  3.30
 1680.70  3.30
 1681.40  3.30
 1682.10  3.30
 1682.80  3.30
 1683.50  3.30
 1684.20  3.30
 1684.90  3.30
 1685.60  3.30
 1686.30  3.30
 1687.00  3.30
 1687.70  3.30
 1688.40  3.30
 1689.10  3.30
 1689.80  3.30
 1690.50  3.30
 1691.20  3.30
 1691.90  3.30
 1692.60  3.30
 1693.30  3.30
 1694.00  3.30
 1694.70  3.30
 1695.40  3.30
 1696.10  3.30
 1696.80  3.30
 1697.50  3.30
 1698.20  3.30
 1698.90  3.30
 1699.60  3.30
 1700.30  3.30
 1701.00  3.30
 1701.70  3.30
 1702.40  3.30
 1703.10  3.30
 1703.80  3.30
 1704.50  3.30
 1705.20  3.30
 1705.90  3.30
 1706.60  3.30
 1707.30  3.30
 1708.00  3.30
 1708.70  3.30
 1709.40  3.30
 1710.10  3.30
 1710.80  3.30
 1711.50  3.30
 1712.20  3.30
 1712.90  3.30
 1713.60  3.30
 1714.30  3.30
 1715.00  3.30
 1715.70  3.30
 1716.40  3.30
 1717.10  3.30
 1717.80  3.30
 1718.50  3.30
 1719.20  3.30
 1719.90  3.30
 1720.60  3.30
 1721.30  3.30
 1722.00  3.30
 1722.70  3.30
 1723.40  3.30
 1724.10  3.30
 1724.80  3.30
 1725.50  3.30
 1726.20  3.30
 1726.90  3.30
 1727.60  3.30
 1728.30  3.30
 1729.00  3.30
 1729.70  3.30
 1730.40  3.30
 1731.10  3.30
 1731.80  3.30
 1732.50  3.30
 1733.20  3.30
 1733.90  3.30
 1734.60  3.30
 1735.30  3.30
 1736.00  3.30
 1736.70  3.30
 1737.40  3.30
 1738.10  3.30
 1738.80  3.30
 1739.50  3.30
 1740.20  3.30
 1740.90  3.30
 1741.60  3.30
 1742.30  3.30
 1743.00  3.30
 1743.70  3.30
 1744.40  3.30
 1745.10  3.30
 1745.80  3.30
 1746.50  3.30
 1747.20  3.30
 1747.90  3.30
 1748.60  3.30
 1749.30  3.30
 1750.00  3.30
 1750.70  3.30
 1751.40  3.30
 1752.10  3.30
 1752.80  3.30
 1753.50  3.30
 1754.20  3.30
 1754.90  3.30
 1755.60  3.30
 1756.30  3.30
 1757.00  3.30
 1757.70  3.30
 1758.40  3.30
 1759.10  3.30
 1759.80  3.30
 1760.50  3.30
 1761.20  3.30
 1761.90  3.30
 1762.60  3.30
 1763.30  3.30
 1764.00  3.30
 1764.70  3.30
 1765.40  3.30
 1766.10  3.30
 1766.80  3.30
 1767.50  3.30
 1768.20  3.30
 1768.90  3.30
 1769.60  3.30
 1770.30  3.30
 1771.00  3.30
 1771.70  3.30
 1772.40  3.30
 1773.10  3.30
 1773.80  3.30
 1774.50  3.30
 1775.20  3.30
 1775.90  3.30
 1776.60  3.30
 1777.30  3.30
 1778.00  3.30
 1778.70  3.30
 1779.40  3.30
 1780.10  3.30
 1780.80  3.30
 1781.50  3.30
 1782.20  3.30
 1782.90  3.30
 1783.60  3.30
 1784.30  3.30
 1785.00  3.30
 1785.70  3.30
 1786.40  3.30
 1787.10  3.30
 1787.80  3.30
 1788.50  3.30
 1789.20  3.30
 1789.90  3.30
 1790.60  3.30
 1791.30  3.30
 1792.00  3.30
 1792.70  3.30
 1793.40  3.30
 1794.10  3.30
 1794.80  3.30
 1795.50  3.30
 1796.20  3.30
 1796.90  3.30
 1797.60  3.30
 1798.30  3.30
 1799.00  3.30
 1799.70  3.30
 1800.40  3.30
 1801.10  3.30
 1801.80  3.30
 1802.50  3.30
 1803.20  3.30
 1803.90  3.30
 1804.60  3.30
 1805.30  3.30
 1806.00  3.30
 1806.70  3.30
 1807.40  3.30
 1808.10  3.30
 1808.80  3.30
 1809.50  3.30
 1810.20  3.30
 1810.90  3.30
 1811.60  3.30
 1812.30  3.30
 1813.00  3.30
 1813.70  3.30
 1814.40  3.30
 1815.10  3.30
 1815.80  3.30
 1816.50  3.30
 1817.20  3.30
 1817.90  3.30
 1818.60  3.30
 1819.30  3.30
 1820.00  3.30
 1820.70  3.30
 1821.40  3.30
 1822.10  3.30
 1822.80  3.30
 1823.50  3.30
 1824.20  3.30
 1824.90  3.30
 1825.60  3.30
 1826.30  3.30
 1827.00  3.30
 1827.70  3.30
 1828.40  3.30
 1829.10  3.30
 1829.80  3.30
 1830.50  3.30
 1831.20  3.30
 1831.90  3.30
 1832.60  3.30
 1833.30  3.30
 1834.00  3.30
 1834.70  3.30
 1835.40  3.30
 1836.10  3.30
 1836.80  3.30
 1837.50  3.30
 1838.20  3.30
 1838.90  3.30
 1839.60  3.30
 1840.30  3.30
 1841.00  3.30
 1841.70  3.30
 1842.40  3.30
 1843.10  3.30
 1843.80  3.30
 1844.50  3.30
 1845.20  3.30
 1845.90  3.30
 1846.60  3.30
 1847.30  3.30
 1848.00  3.30
 1848.70  3.30
 1849.40  3.30
 1850.10  3.30
 1850.80  3.30
 1851.50  3.30
 1852.20  3.30
 1852.90  3.30
 1853.60  3.30
 1854.30  3.30
 1855.00  3.30
 1855.70  3.30
 1856.40  3.30
 1857.10  3.30
 1857.80  3.30
 1858.50  3.30
 1859.20  3.30
 1859.90  3.30
 1860.60  3.30
 1861.30  3.30
 1862.00  3.30
 1862.70  3.30
 1863.40  3.30
 1864.10  3.30
 1864.80  3.30
 1865.50  3.30
 1866.20  3.30
 1866.90  3.30
 1867.60  3.30
 1868.30  3.30
 1869.00  3.30
 1869.70  3.30
 1870.40  3.30
 1871.10  3.30
 1871.80  3.30
 1872.50  3.30
 1873.20  3.30
 1873.90  3.30
 1874.60  3.30
 1875.30  3.30
 1876.00  3.30
 1876.70  3.30
 1877.40  3.30
 1878.10  3.30
 1878.80  3.30
 1879.50  3.30
 1880.20  3.30
 1880.90  3.30
 1881.60  3.30
 1882.30  3.30
 1883.00  3.30
 1883.70  3.30
 1884.40  3.30
 1885.10  3.30
 1885.80  3.30
 1886.50  3.31
 1887.20  3.31
 1887.90  3.31
 1888.60  3.31
 1889.30  3.31
 1890.00  3.31
 1890.70  3.31
 1891.40  3.31
 1892.10  3.31
 1892.80  3.31
 1893.50  3.31
 1894.20  3.31
 1894.90  3.31
 1895.60  3.31
 1896.30  3.31
 1897.00  3.31
 1897.70  3.31
 1898.40  3.31
 1899.10  3.31
 1899.80  3.31
 1900.50  3.31
 1901.20  3.31
 1901.90  3.31
 1902.60  3.31
 1903.30  3.31
 1904.00  3.31
 1904.70  3.31
 1905.40  3.31
 1906.10  3.31
 1906.80  3.31
 1907.50  3.31
 1908.20  3.31
 1908.90  3.31
 1909.60  3.31
 1910.30  3.31
 1911.00  3.31
 1911.70  3.31
 1912.40  3.31
 1913.10  3.31
 1913.80  3.31
 1914.50  3.31
 1915.20  3.31
 1915.90  3.31
 1916.60  3.31
 1917.30  3.31
 1918.00  3.31
 1918.70  3.31
 1919.40  3.31
 1920.10  3.31
 1920.80  3.31
 1921.50  3.31
 1922.20  3.31
 1922.90  3.31
 1923.60  3.31
 1924.30  3.31
 1925.00  3.31
 1925.70  3.31
 1926.40  3.31
 1927.10  3.31
 1927.80  3.31
 1928.50  3.31
 1929.20  3.31
 1929.90  3.31
 1930.60  3.31
 1931.30  3.31
 1932.00  3.31
 1932.70  3.31
 1933.40  3.31
 1934.10  3.31
 1934.80  3.31
 1935.50  3.31
 1936.20  3.31
 1936.90  3.31
 1937.60  3.31
 1938.30  3.31
 1939.00  3.31
 1939.70  3.31
 1940.40  3.31
 1941.10  3.31
 1941.80  3.31
 1942.50  3.31
 1943.20  3.31
 1943.90  3.31
 1944.60  3.31
 1945.30  3.31
 1946.00  3.31
 1946.70  3.31
 1947.40  3.31
 1948.10  3.31
 1948.80  3.31
 1949.50  3.31
 1950.20  3.31
 1950.90  3.31
 1951.60  3.31
 1952.30  3.31
 1953.00  3.31
 1953.70  3.31
 1954.40  3.31
 1955.10  3.31
 1955.80  3.31
 1956.50  3.31
 1957.20  3.31
 1957.90  3.31
 1958.60  3.31
 1959.30  3.31
 1960.00  3.31
 1960.70  3.31
 1961.40  3.31
 1962.10  3.31
 1962.80  3.31
 1963.50  3.31
 1964.20  3.31
 1964.90  3.31
 1965.60  3.31
 1966.30  3.31
 1967.00  3.31
 1967.70  3.31
 1968.40  3.31
 1969.10  3.31
 1969.80  3.31
 1970.50  3.31
 1971.20  3.31
 1971.90  3.31
 1972.60  3.31
 1973.30  3.31
 1974.00  3.31
 1974.70  3.31
 1975.40  3.31
 1976.10  3.31
 1976.80  3.31
 1977.50  3.31
 1978.20  3.31
 1978.90  3.31
 1979.60  3.31
 1980.30  3.31
 1981.00  3.31
 1981.70  3.31
 1982.40  3.31
 1983.10  3.31
 1983.80  3.31
 1984.50  3.31
 1985.20  3.31
 1985.90  3.31
 1986.60  3.31
 1987.30  3.31
 1988.00  3.31
 1988.70  3.31
 1989.40  3.31
 1990.10  3.31
 1990.80  3.31
 1991.50  3.31
 1992.20  3.31
 1992.90  3.31
 1993.60  3.31
 1994.30  3.31
 1995.00  3.31
 1995.70  3.31
 1996.40  3.31
 1997.10  3.31
 1997.80  3.31
 1998.50  3.31
 1999.20  3.31
 1999.90  3.31
 2000.60  3.31
 2001.30  3.31
 2002.00  3.31
 2002.70  3.31
 2003.40  3.31
 2004.10  3.31
 2004.80  3.31
 2005.50  3.31
 2006.20  3.31
 2006.90  3.31
 2007.60  3.31
 2008.30  3.31
 2009.00  3.31
 2009.70  3.31
 2010.40  3.31
 2011.10  3.31
 2011.80  3.31
 2012.50  3.31
 2013.20  3.31
 2013.90  3.31
 2014.60  3.31
 2015.30  3.31
 2016.00  3.31
 2016.70  3.31
 2017.40  3.31
 2018.10  3.31
 2018.80  3.31
 2019.50  3.31
 2020.20  3.31
 2020.90  3.31
 2021.60  3.31
 2022.30  3.31
 2023.00  3.31
 2023.70  3.31
 2024.40  3.31
 2025.10  3.31
 2025.80  3.31
 2026.50  3.31
 2027.20  3.31
 2027.90  3.31
 2028.60  3.31
 2029.30  3.31
 2030.00  3.31
 2030.70  3.31
 2031.40  3.31
 2032.10  3.31
 2032.80  3.31
 2033.50  3.31
 2034.20  3.31
 2034.90  3.31
 2035.60  3.31
 2036.30  3.31
 2037.00  3.31
 2037.70  3.31
 2038.40  3.31
 2039.10  3.31
 2039.80  3.31
 2040.50  3.31
 2041.20  3.31
 2041.90  3.31
 2042.60  3.31
 2043.30  3.31
 2044.00  3.31
 2044.70  3.31
 2045.40  3.31
 2046.10  3.31
 2046.80  3.31
 2047.50  3.31
 2048.20  3.31
 2048.90  3.31
 2049.60  3.31
 2050.30  3.31
 2051.00  3.31
 2051.70  3.31
 2052.40  3.31
 2053.10  3.31
 2053.80  3.31
 2054.50  3.31
 2055.20  3.31
 2055.90  3.31
 2056.60  3.31
 2057.30  3.31
 2058.00  3.31
 2058.70  3.31
 2059.40  3.31
 2060.10  3.31
 2060.80  3.31
 2061.50  3.31
 2062.20  3.31
 2062.90  3.31
 2063.60  3.31
 2064.30  3.31
 2065.00  3.31
 2065.70  3.31
 2066.40  3.31
 2067.10  3.31
 2067.80  3.31
 2068.50  3.31
 2069.20  3.31
 2069.90  3.31
 2070.60  3.31
 2071.30  3.31
 2072.00  3.31
 2072.70  3.31
 2073.40  3.31
 2074.10  3.31
 2074.80  3.31
 2075.50  3.31
 2076.20  3.31
 2076.90  3.31
 2077.60  3.31
 2078.30  3.31
 2079.00  3.31
 2079.70  3.31
 2080.40  3.31
 2081.10  3.31
 2081.80  3.31
 2082.50  3.31
 2083.20  3.31
 2083.90  3.31
 2084.60  3.31
 2085.30  3.31
 2086.00  3.31
 2086.70  3.31
 2087.40  3.31
 2088.10  3.31
 2088.80  3.31
 2089.50  3.31
 2090.20  3.31
 2090.90  3.31
 2091.60  3.31
 2092.30  3.31
 2093.00  3.31
 2093.70  3.31
 2094.40  3.31
 2095.10  3.31
 2095.80  3.31
 2096.50  3.31
 2097.20  3.31
 2097.90  3.31
 2098.60  3.31
 2099.30  3.31
 2100.00  3.31
 2100.70  3.31
 2101.40  3.31
 2102.10  3.31
 2102.80  3.31
 2103.50  3.31
 2104.20  3.31
 2104.90  3.31
 2105.60  3.31
 2106.30  3.31
 2107.00  3.31
 2107.70  3.31
 2108.40  3.31
 2109.10  3.31
 2109.80  3.31
 2110.50  3.31
 2111.20  3.31
 2111.90  3.31
 2112.60  3.31
 2113.30  3.31
 2114.00  3.31
 2114.70  3.31
 2115.40  3.31
 2116.10  3.31
 2116.80  3.31
 2117.50  3.31
 2118.20  3.31
 2118.90  3.31
 2119.60  3.31
 2120.30  3.31
 2121.00  3.31
 2121.70  3.31
 2122.40  3.31
 2123.10  3.31
 2123.80  3.31
 2124.50  3.31
 2125.20  3.31
 2125.90  3.31
 2126.60  3.31
 2127.30  3.31
 2128.00  3.31
 2128.70  3.31
 2129.40  3.31
 2130.10  3.31
 2130.80  3.31
 2131.50  3.31
 2132.20  3.31
 2132.90  3.31
 2133.60  3.31
 2134.30  3.31
 2135.00  3.31
 2135.70  3.31
 2136.40  3.31
 2137.10  3.31
 2137.80  3.31
 2138.50  3.31
 2139.20  3.31
 2139.90  3.31
 2140.60  3.31
 2141.30  3.31
 2142.00  3.31
 2142.70  3.31
 2143.40  3.31
 2144.10  3.31
 2144.80  3.31
 2145.50  3.31
 2146.20  3.31
 2146.90  3.31
 2147.60  3.31
 2148.30  3.31
 2149.00  3.31
 2149.70  3.31
 2150.40  3.31
 2151.10  3.31
 2151.80  3.31
 2152.50  3.31
 2153.20  3.31
 2153.90  3.31
 2154.60  3.31
 2155.30  3.31
 2156.00  3.31
 2156.70  3.31
 2157.40  3.31
 2158.10  3.31
 2158.80  3.31
 2159.50  3.31
 2160.20  3.31
 2160.90  3.31
 2161.60  3.31
 2162.30  3.31
 2163.00  3.31
 2163.70  3.31
 2164.40  3.31
 2165.10  3.31
 2165.80  3.31
 2166.50  3.31
 2167.20  3.31
 2167.90  3.31
 2168.60  3.31
 2169.30  3.31
 2170.00  3.31
 2170.70  3.31
 2171.40  3.31
 2172.10  3.31
 2172.80  3.31
 2173.50  3.31
 2174.20  3.31
 2174.90  3.31
 2175.60  3.31
 2176.30  3.31
 2177.00  3.31
 2177.70  3.31
 2178.40  3.31
 2179.10  3.31
 2179.80  3.31
 2180.50  3.31
 2181.20  3.31
 2181.90  3.31
 2182.60  3.31
 2183.30  3.31
 2184.00  3.31
 2184.70  3.31
 2185.40  3.31
 2186.10  3.31
 2186.80  3.31
 2187.50  3.31
 2188.20  3.31
 2188.90  3.31
 2189.60  3.31
 2190.30  3.31
 2191.00  3.31
 2191.70  3.31
 2192.40  3.31
 2193.10  3.31
 2193.80  3.31
 2194.50  3.31
 2195.20  3.31
 2195.90  3.31
 2196.60  3.31
 2197.30  3.31
 2198.00  3.31
 2198.70  3.31
 2199.40  3.31
 2200.10  3.31
 2200.80  3.31
 2201.50  3.31
 2202.20  3.31
 2202.90  3.31
 2203.60  3.31
 2204.30  3.31
 2205.00  3.31
 2205.70  3.31
 2206.40  3.31
 2207.10  3.31
 2207.80  3.31
 2208.50  3.31
 2209.20  3.31
 2209.90  3.31
 2210.60  3.31
 2211.30  3.31
 2212.00  3.31
 2212.70  3.31
 2213.40  3.31
 2214.10  3.31
 2214.80  3.31
 2215.50  3.31
 2216.20  3.31
 2216.90  3.31
 2217.60  3.31
 2218.30  3.31
 2219.00  3.31
 2219.70  3.31
 2220.40  3.31
 2221.10  3.31
 2221.80  3.31
 2222.50  3.31
 2223.20  3.31
 2223.90  3.31
 2224.60  3.31
 2225.30  3.31
 2226.00  3.31
 2226.70  3.31
 2227.40  3.31
 2228.10  3.31
 2228.80  3.31
 2229.50  3.31
 2230.20  3.31
 2230.90  3.31
 2231.60  3.31
 2232.30  3.31
 2233.00  3.31
 2233.70  3.31
 2234.40  3.31
 2235.10  3.31
 2235.80  3.31
 2236.50  3.31
 2237.20  3.31
 2237.90  3.31
 2238.60  3.31
 2239.30  3.31
 2240.00  3.31
 2240.70  3.31
 2241.40  3.31
 2242.10  3.31
 2242.80  3.31
 2243.50  3.31
 2244.20  3.31
 2244.90  3.31
 2245.60  3.31
 2246.30  3.31
 2247.00  3.31
 2247.70  3.31
 2248.40  3.31
 2249.10  3.31
 2249.80  3.31
 2250.50  3.31
 2251.20  3.31
 2251.90  3.31
 2252.60  3.31
 2253.30  3.31
 2254.00  3.31
 2254.70  3.31
 2255.40  3.31
 2256.10  3.31
 2256.80  3.31
 2257.50  3.31
 2258.20  3.31
 2258.90  3.31
 2259.60  3.31
 2260.30  3.31
 2261.00  3.31
 2261.70  3.31
 2262.40  3.31
 2263.10  3.31
 2263.80  3.31
 2264.50  3.31
 2265.20  3.31
 2265.90  3.31
 2266.60  3.31
 2267.30  3.31
 2268.00  3.31
 2268.70  3.31
 2269.40  3.31
 2270.10  3.31
 2270.80  3.31
 2271.50  3.31
 2272.20  3.31
 2272.90  3.31
 2273.60  3.31
 2274.30  3.31
 2275.00  3.31
 2275.70  3.31
 2276.40  3.31
 2277.10  3.31
 2277.80  3.31
 2278.50  3.31
 2279.20  3.31
 2279.90  3.31
 2280.60  3.31
 2281.30  3.31
 2282.00  3.31
 2282.70  3.31
 2283.40  3.31
 2284.10  3.31
 2284.80  3.31
 2285.50  3.31
 2286.20  3.31
 2286.90  3.31
 2287.60  3.31
 2288.30  3.31
 2289.00  3.31
 2289.70  3.31
 2290.40  3.31
 2291.10  3.31
 2291.80  3.31
 2292.50  3.31
 2293.20  3.31
 2293.90  3.31
 2294.60  3.31
 2295.30  3.31
 2296.00  3.31
 2296.70  3.31
 2297.40  3.31
 2298.10  3.31
 2298.80  3.31
 2299.50  3.31
 2300.20  3.31
 2300.90  3.31
 2301.60  3.31
 2302.30  3.31
 2303.00  3.31
 2303.70  3.31
 2304.40  3.31
 2305.10  3.31
 2305.80  3.31
 2306.50  3.31
 2307.20  3.31
 2307.90  3.31
 2308.60  3.31
 2309.30  3.31
 2310.00  3.31
 2310.70  3.31
 2311.40  3.31
 2312.10  3.31
 2312.80  3.31
 2313.50  3.31
 2314.20  3.31
 2314.90  3.31
 2315.60  3.31
 2316.30  3.31
 2317.00  3.31
 2317.70  3.31
 2318.40  3.31
 2319.10  3.31
 2319.80  3.31
 2320.50  3.31
 2321.20  3.31
 2321.90  3.31
 2322.60  3.31
 2323.30  3.31
 2324.00  3.31
 2324.70  3.31
 2325.40  3.31
 2326.10  3.31
 2326.80  3.31
 2327.50  3.31
 2328.20  3.31
 2328.90  3.31
 2329.60  3.31
 2330.30  3.31
 2331.00  3.31
 2331.70  3.31
 2332.40  3.31
 2333.10  3.31
 2333.80  3.31
 2334.50  3.31
 2335.20  3.31
 2335.90  3.31
 2336.60  3.31
 2337.30  3.31
 2338.00  3.31
 2338.70  3.31
 2339.40  3.31
 2340.10  3.31
 2340.80  3.31
 2341.50  3.31
 2342.20  3.31
 2342.90  3.31
 2343.60  3.31
 2344.30  3.31
 2345.00  3.31
 2345.70  3.31
 2346.40  3.31
 2347.10  3.31
 2347.80  3.31
 2348.50  3.31
 2349.20  3.31
 2349.90  3.31
 2350.60  3.31
 2351.30  3.31
 2352.00  3.31
 2352.70  3.31
 2353.40  3.31
 2354.10  3.31
 2354.80  3.31
 2355.50  3.31
 2356.20  3.31
 2356.90  3.31
 2357.60  3.31
 2358.30  3.31
 2359.00  3.31
 2359.70  3.31
 2360.40  3.31
 2361.10  3.31
 2361.80  3.31
 2362.50  3.31
 2363.20  3.31
 2363.90  3.31
 2364.60  3.31
 2365.30  3.31
 2366.00  3.31
 2366.70  3.31
 2367.40  3.31
 2368.10  3.31
 2368.80  3.31
 2369.50  3.31
 2370.20  3.31
 2370.90  3.31
 2371.60  3.31
 2372.30  3.31
 2373.00  3.31
 2373.70  3.31
 2374.40  3.31
 2375.10  3.31
 2375.80  3.31
 2376.50  3.31
 2377.20  3.31
 2377.90  3.31
 2378.60  3.31
 2379.30  3.31
 2380.00  3.31
 2380.70  3.31
 2381.40  3.31
 2382.10  3.31
 2382.80  3.31
 2383.50  3.31
 2384.20  3.31
 2384.90  3.31
 2385.60  3.31
 2386.30  3.31
 2387.00  3.31
 2387.70  3.31
 2388.40  3.31
 2389.10  3.31
 2389.80  3.31
 2390.50  3.31
 2391.20  3.31
 2391.90  3.31
 2392.60  3.31
 2393.30  3.31
 2394.00  3.31
 2394.70  3.31
 2395.40  3.31
 2396.10  3.31
 2396.80  3.31
 2397.50  3.31
 2398.20  3.31
 2398.90  3.31
 2399.60  3.31
 2400.30  3.31
 2401.00  3.31
 2401.70  3.31
 2402.40  3.31
 2403.10  3.31
 2403.80  3.31
 2404.50  3.31
 2405.20  3.31
 2405.90  3.31
 2406.60  3.31
 2407.30  3.31
 2408.00  3.31
 2408.70  3.31
 2409.40  3.31
 2410.10  3.31
 2410.80  3.31
 2411.50  3.31
 2412.20  3.31
 2412.90  3.31
 2413.60  3.31
 2414.30  3.31
 2415.00  3.31
 2415.70  3.31
 2416.40  3.31
 2417.10  3.31
 2417.80  3.31
 2418.50  3.31
 2419.20  3.31
 2419.90  3.31
 2420.60  3.31
 2421.30  3.31
 2422.00  3.31
 2422.70  3.31
 2423.40  3.31
 2424.10  3.31
 2424.80  3.31
 2425.50  3.31
 2426.20  3.31
 2426.90  3.31
 2427.60  3.31
 2428.30  3.31
 2429.00  3.31
 2429.70  3.31
 2430.40  3.31
 2431.10  3.31
 2431.80  3.31
 2432.50  3.31
 2433.20  3.31
 2433.90  3.31
 2434.60  3.31
 2435.30  3.31
 2436.00  3.31
 2436.70  3.31
 2437.40  3.31
 2438.10  3.31
 2438.80  3.31
 2439.50  3.31
 2440.20  3.31
 2440.90  3.31
 2441.60  3.31
 2442.30  3.31
 2443.00  3.31
 2443.70  3.31
 2444.40  3.31
 2445.10  3.31
 2445.80  3.31
 2446.50  3.31
 2447.20  3.31
 2447.90  3.31
 2448.60  3.31
 2449.30  3.31
 2450.00  3.31
 2450.70  3.31
 2451.40  3.31
 2452.10  3.31
 2452.80  3.31
 2453.50  3.31
 2454.20  3.31
 2454.90  3.31
 2455.60  3.31
 2456.30  3.31
 2457.00  3.31
 2457.70  3.31
 2458.40  3.31
 2459.10  3.31
 2459.80  3.31
 2460.50  3.31
 2461.20  3.31
 2461.90  3.31
 2462.60  3.31
 2463.30  3.31
 2464.00  3.31
 2464.70  3.31
 2465.40  3.31
 2466.10  3.31
 2466.80  3.31
 2467.50  3.31
 2468.20  3.31
 2468.90  3.31
 2469.60  3.31
 2470.30  3.31
 2471.00  3.31
 2471.70  3.31
 2472.40  3.31
 2473.10  3.31
 2473.80  3.31
 2474.50  3.31
 2475.20  3.31
 2475.90  3.31
 2476.60  3.31
 2477.30  3.31
 2478.00  3.31
 2478.70  3.31
 2479.40  3.31
 2480.10  3.31
 2480.80  3.31
 2481.50  3.31
 2482.20  3.31
 2482.90  3.31
 2483.60  3.31
 2484.30  3.31
 2485.00  3.31
 2485.70  3.31
 2486.40  3.31
 2487.10  3.31
 2487.80  3.31
 2488.50  3.31
 2489.20  3.31
 2489.90  3.31
 2490.60  3.31
 2491.30  3.31
 2492.00  3.31
 2492.70  3.31
 2493.40  3.31
 2494.10  3.31
 2494.80  3.31
 2495.50  3.31
 2496.20  3.31
 2496.90  3.31
 2497.60  3.31
 2498.30  3.31
 2499.00  3.31
 2499.70  3.31
 2500.40  3.31
 2501.10  3.31
 2501.80  3.31
 2502.50  3.31
 2503.20  3.31
 2503.90  3.31
 2504.60  3.31
 2505.30  3.31
 2506.00  3.31
 2506.70  3.31
 2507.40  3.31
 2508.10  3.31
 2508.80  3.31
 2509.50  3.31
 2510.20  3.31
 2510.90  3.31
 2511.60  3.31
 2512.30  3.31
 2513.00  3.31
 2513.70  3.31
 2514.40  3.31
 2515.10  3.31
 2515.80  3.31
 2516.50  3.31
 2517.20  3.31
 2517.90  3.31
 2518.60  3.31
 2519.30  3.31
 2520.00  3.31
 2520.70  3.31
 2521.40  3.31
 2522.10  3.31
 2522.80  3.31
 2523.50  3.31
 2524.20  3.31
 2524.90  3.31
 2525.60  3.31
 2526.30  3.31
 2527.00  3.31
 2527.70  3.31
 2528.40  3.31
 2529.10  3.31
 2529.80  3.31
 2530.50  3.31
 2531.20  3.31
 2531.90  3.31
 2532.60  3.31
 2533.30  3.31
 2534.00  3.31
 2534.70  3.31
 2535.40  3.31
 2536.10  3.31
 2536.80  3.31
 2537.50  3.31
 2538.20  3.31
 2538.90  3.31
 2539.60  3.31
 2540.30  3.31
 2541.00  3.31
 2541.70  3.31
 2542.40  3.31
 2543.10  3.31
 2543.80  3.31
 2544.50  3.31
 2545.20  3.31
 2545.90  3.31
 2546.60  3.31
 2547.30  3.31
 2548.00  3.31
 2548.70  3.31
 2549.40  3.31
 2550.10  3.31
 2550.80  3.31
 2551.50  3.31
 2552.20  3.31
 2552.90  3.31
 2553.60  3.31
 2554.30  3.31
 2555.00  3.31
 2555.70  3.31
 2556.40  3.31
 2557.10  3.31
 2557.80  3.31
 2558.50  3.31
 2559.20  3.31
 2559.90  3.31
 2560.60  3.31
 2561.30  3.31
 2562.00  3.31
 2562.70  3.31
 2563.40  3.31
 2564.10  3.31
 2564.80  3.31
 2565.50  3.31
 2566.20  3.31
 2566.90  3.31
 2567.60  3.31
 2568.30  3.31
 2569.00  3.31
 2569.70  3.31
 2570.40  3.31
 2571.10  3.31
 2571.80  3.31
 2572.50  3.31
 2573.20  3.31
 2573.90  3.31
 2574.60  3.31
 2575.30  3.31
 2576.00  3.31
 2576.70  3.31
 2577.40  3.31
 2578.10  3.31
 2578.80  3.31
 2579.50  3.31
 2580.20  3.31
 2580.90  3.31
 2581.60  3.31
 2582.30  3.31
 2583.00  3.31
 2583.70  3.31
 2584.40  3.31
 2585.10  3.31
 2585.80  3.31
 2586.50  3.31
 2587.20  3.31
 2587.90  3.31
 2588.60  3.31
 2589.30  3.31
 2590.00  3.31
 2590.70  3.31
 2591.40  3.31
 2592.10  3.31
 2592.80  3.31
 2593.50  3.31
 2594.20  3.31
 2594.90  3.31
 2595.60  3.31
 2596.30  3.31
 2597.00  3.31
 2597.70  3.31
 2598.40  3.31
 2599.10  3.31
 2599.80  3.31
 2600.50  3.31
 2601.20  3.31
 2601.90  3.31
 2602.60  3.31
 2603.30  3.31
 2604.00  3.31
 2604.70  3.31
 2605.40  3.31
 2606.10  3.31
 2606.80  3.31
 2607.50  3.31
 2608.20  3.31
 2608.90  3.31
 2609.60  3.31
 2610.30  3.31
 2611.00  3.31
 2611.70  3.31
 2612.40  3.31
 2613.10  3.31
 2613.80  3.31
 2614.50  3.31
 2615.20  3.31
 2615.90  3.31
 2616.60  3.31
 2617.30  3.31
 2618.00  3.31
 2618.70  3.31
 2619.40  3.31
 2620.10  3.31
 2620.80  3.31
 2621.50  3.31
 2622.20  3.31
 2622.90  3.31
 2623.60  3.31
 2624.30  3.31
 2625.00  3.31
 2625.70  3.31
 2626.40  3.31
 2627.10  3.31
 2627.80  3.31
 2628.50  3.31
 2629.20  3.31
 2629.90  3.31
 2630.60  3.31
 2631.30  3.31
 2632.00  3.31
 2632.70  3.31
 2633.40  3.31
 2634.10  3.31
 2634.80  3.31
 2635.50  3.31
 2636.20  3.31
 2636.90  3.31
 2637.60  3.31
 2638.30  3.31
 2639.00  3.31
 2639.70  3.31
 2640.40  3.31
 2641.10  3.31
 2641.80  3.31
 2642.50  3.31
 2643.20  3.31
 2643.90  3.31
 2644.60  3.31
 2645.30  3.31
 2646.00  3.31
 2646.70  3.31
 2647.40  3.31
 2648.10  3.31
 2648.80  3.31
 2649.50  3.31
 2650.20  3.31
 2650.90  3.31
 2651.60  3.31
 2652.30  3.31
 2653.00  3.31
 2653.70  3.31
 2654.40  3.31
 2655.10  3.31
 2655.80  3.31
 2656.50  3.31
 2657.20  3.31
 2657.90  3.31
 2658.60  3.31
 2659.30  3.31
 2660.00  3.31
 2660.70  3.31
 2661.40  3.31
 2662.10  3.31
 2662.80  3.31
 2663.50  3.31
 2664.20  3.31
 2664.90  3.31
 2665.60  3.31
 2666.30  3.31
 2667.00  3.31
 2667.70  3.31
 2668.40  3.31
 2669.10  3.31
 2669.80  3.31
 2670.50  3.31
 2671.20  3.31
 2671.90  3.31
 2672.60  3.31
 2673.30  3.31
 2674.00  3.31
 2674.70  3.31
 2675.40  3.31
 2676.10  3.31
 2676.80  3.31
 2677.50  3.31
 2678.20  3.31
 2678.90  3.31
 2679.60  3.31
 2680.30  3.31
 2681.00  3.31
 2681.70  3.31
 2682.40  3.31
 2683.10  3.31
 2683.80  3.31
 2684.50  3.31
 2685.20  3.31
 2685.90  3.31
 2686.60  3.31
 2687.30  3.31
 2688.00  3.31
 2688.70  3.31
 2689.40  3.31
 2690.10  3.31
 2690.80  3.31
 2691.50  3.31
 2692.20  3.31
 2692.90  3.31
 2693.60  3.31
 2694.30  3.31
 2695.00  3.31
 2695.70  3.31
 2696.40  3.31
 2697.10  3.31
 2697.80  3.31
 2698.50  3.31
 2699.20  3.31
 2699.90  3.31
 2700.60  3.31
 2701.30  3.31
 2702.00  3.31
 2702.70  3.31
 2703.40  3.31
 2704.10  3.31
 2704.80  3.31
 2705.50  3.31
 2706.20  3.31
 2706.90  3.31
 2707.60  3.31
 2708.30  3.31
 2709.00  3.31
 2709.70  3.31
 2710.40  3.31
 2711.10  3.31
 2711.80  3.31
 2712.50  3.31
 2713.20  3.31
 2713.90  3.31
 2714.60  3.31
 2715.30  3.31
 2716.00  3.31
 2716.70  3.31
 2717.40  3.31
 2718.10  3.31
 2718.80  3.31
 2719.50  3.31
 2720.20  3.31
 2720.90  3.31
 2721.60  3.31
 2722.30  3.31
 2723.00  3.31
 2723.70  3.31
 2724.40  3.31
 2725.10  3.31
 2725.80  3.31
 2726.50  3.31
 2727.20  3.31
 2727.90  3.31
 2728.60  3.31
 2729.30  3.31
 2730.00  3.31
 2730.70  3.31
 2731.40  3.31
 2732.10  3.31
 2732.80  3.31
 2733.50  3.31
 2734.20  3.31
 2734.90  3.31
 2735.60  3.31
 2736.30  3.31
 2737.00  3.31
 2737.70  3.31
 2738.40  3.31
 2739.10  3.31
 2739.80  3.31
 2740.50  3.31
 2741.20  3.31
 2741.90  3.31
 2742.60  3.31
 2743.30  3.31
 2744.00  3.31
 2744.70  3.31
 2745.40  3.31
 2746.10  3.31
 2746.80  3.31
 2747.50  3.31
 2748.20  3.31
 2748.90  3.31
 2749.60  3.31
 2750.30  3.31
 2751.00  3.31
 2751.70  3.31
 2752.40  3.31
 2753.10  3.31
 2753.80  3.31
 2754.50  3.31
 2755.20  3.31
 2755.90  3.31
 2756.60  3.31
 2757.30  3.31
 2758.00  3.31
 2758.70  3.31
 2759.40  3.31
 2760.10  3.31
 2760.80  3.31
 2761.50  3.31
 2762.20  3.31
 2762.90  3.31
 2763.60  3.31
 2764.30  3.31
 2765.00  3.31
 2765.70  3.31
 2766.40  3.31
 2767.10  3.31
 2767.80  3.31
 2768.50  3.31
 2769.20  3.31
 2769.90  3.31
 2770.60  3.31
 2771.30  3.31
 2772.00  3.31
 2772.70  3.31
 2773.40  3.31
 2774.10  3.31
 2774.80  3.31
 2775.50  3.31
 2776.20  3.31
 2776.90  3.31
 2777.60  3.31
 2778.30  3.31
 2779.00  3.31
 2779.70  3.31
 2780.40  3.31
 2781.10  3.31
 2781.80  3.31
 2782.50  3.31
 2783.20  3.31
 2783.90  3.31
 2784.60  3.31
 2785.30  3.31
 2786.00  3.31
 2786.70  3.31
 2787.40  3.31
 2788.10  3.31
 2788.80  3.31
 2789.50  3.31
 2790.20  3.31
 2790.90  3.31
 2791.60  3.31
 2792.30  3.31
 2793.00  3.31
 2793.70  3.31
 2794.40  3.31
 2795.10  3.31
 2795.80  3.31
 2796.50  3.31
 2797.20  3.31
 2797.90  3.31
 2798.60  3.31
 2799.30  3.31
 2800.00  3.31
 2800.70  3.31
 2801.40  3.31
 2802.10  3.31
 2802.80  3.31
 2803.50  3.31
 2804.20  3.31
 2804.90  3.31
 2805.60  3.31
 2806.30  3.31
 2807.00  3.31
 2807.70  3.31
 2808.40  3.31
 2809.10  3.31
 2809.80  3.31
 2810.50  3.31
 2811.20  3.31
 2811.90  3.31
 2812.60  3.31
 2813.30  3.31
 2814.00  3.31
 2814.70  3.31
 2815.40  3.31
 2816.10  3.31
 2816.80  3.31
 2817.50  3.31
 2818.20  3.31
 2818.90  3.31
 2819.60  3.31
 2820.30  3.31
 2821.00  3.31
 2821.70  3.31
 2822.40  3.31
 2823.10  3.31
 2823.80  3.31
 2824.50  3.31
 2825.20  3.31
 2825.90  3.31
 2826.60  3.31
 2827.30  3.31
 2828.00  3.31
 2828.70  3.31
 2829.40  3.31
 2830.10  3.31
 2830.80  3.31
 2831.50  3.31
 2832.20  3.31
 2832.90  3.31
 2833.60  3.31
 2834.30  3.31
 2835.00  3.31
 2835.70  3.31
 2836.40  3.31
 2837.10  3.31
 2837.80  3.31
 2838.50  3.31
 2839.20  3.31
 2839.90  3.31
 2840.60  3.31
 2841.30  3.31
 2842.00  3.31
 2842.70  3.31
 2843.40  3.31
 2844.10  3.31
 2844.80  3.31
 2845.50  3.31
 2846.20  3.31
 2846.90  3.31
 2847.60  3.31
 2848.30  3.31
 2849.00  3.31
 2849.70  3.31
 2850.40  3.31
 2851.10  3.31
 2851.80  3.31
 2852.50  3.31
 2853.20  3.31
 2853.90  3.31
 2854.60  3.31
 2855.30  3.31
 2856.00  3.31
 2856.70  3.31
 2857.40  3.31
 2858.10  3.31
 2858.80  3.31
 2859.50  3.31
 2860.20  3.31
 2860.90  3.31
 2861.60  3.31
 2862.30  3.31
 2863.00  3.31
 2863.70  3.31
 2864.40  3.31
 2865.10  3.31
 2865.80  3.31
 2866.50  3.31
 2867.20  3.31
 2867.90  3.31
 2868.60  3.31
 2869.30  3.31
 2870.00  3.31
 2870.70  3.31
 2871.40  3.31
 2872.10  3.31
 2872.80  3.31
 2873.50  3.31
 2874.20  3.31
 2874.90  3.31
 2875.60  3.31
 2876.30  3.31
 2877.00  3.31
 2877.70  3.31
 2878.40  3.31
 2879.10  3.31
 2879.80  3.31
 2880.50  3.31
 2881.20  3.31
 2881.90  3.31
 2882.60  3.31
 2883.30  3.31
 2884.00  3.31
 2884.70  3.31
 2885.40  3.31
 2886.10  3.31
 2886.80  3.31
 2887.50  3.31
 2888.20  3.31
 2888.90  3.31
 2889.60  3.31
 2890.30  3.31
 2891.00  3.31
 2891.70  3.31
 2892.40  3.31
 2893.10  3.31
 2893.80  3.31
 2894.50  3.31
 2895.20  3.31
 2895.90  3.31
 2896.60  3.31
 2897.30  3.31
 2898.00  3.31
 2898.70  3.31
 2899.40  3.31
 2900.10  3.31
 2900.80  3.31
 2901.50  3.31
 2902.20  3.31
 2902.90  3.31
 2903.60  3.31
 2904.30  3.31
 2905.00  3.31
 2905.70  3.31
 2906.40  3.31
 2907.10  3.31
 2907.80  3.31
 2908.50  3.31
 2909.20  3.31
 2909.90  3.31
 2910.60  3.31
 2911.30  3.31
 2912.00  3.31
 2912.70  3.31
 2913.40  3.31
 2914.10  3.31
 2914.80  3.31
 2915.50  3.31
 2916.20  3.31
 2916.90  3.31
 2917.60  3.31
 2918.30  3.31
 2919.00  3.31
 2919.70  3.31
 2920.40  3.31
 2921.10  3.31
 2921.80  3.31
 2922.50  3.31
 2923.20  3.31
 2923.90  3.31
 2924.60  3.31
 2925.30  3.31
 2926.00  3.31
 2926.70  3.31
 2927.40  3.31
 2928.10  3.31
 2928.80  3.31
 2929.50  3.31
 2930.20  3.31
 2930.90  3.31
 2931.60  3.31
 2932.30  3.31
 2933.00  3.31
 2933.70  3.31
 2934.40  3.31
 2935.10  3.31
 2935.80  3.31
 2936.50  3.31
 2937.20  3.31
 2937.90  3.31
 2938.60  3.31
 2939.30  3.31
 2940.00  3.31
 2940.70  3.31
 2941.40  3.31
 2942.10  3.31
 2942.80  3.31
 2943.50  3.31
 2944.20  3.31
 2944.90  3.31
 2945.60  3.31
 2946.30  3.31
 2947.00  3.31
 2947.70  3.31
 2948.40  3.31
 2949.10  3.31
 2949.80  3.31
 2950.50  3.31
 2951.20  3.31
 2951.90  3.31
 2952.60  3.31
 2953.30  3.31
 2954.00  3.31
 2954.70  3.31
 2955.40  3.31
 2956.10  3.31
 2956.80  3.31
 2957.50  3.31
 2958.20  3.31
 2958.90  3.31
 2959.60  3.31
 2960.30  3.31
 2961.00  3.31
 2961.70  3.31
 2962.40  3.31
 2963.10  3.31
 2963.80  3.31
 2964.50  3.31
 2965.20  3.31
 2965.90  3.31
 2966.60  3.31
 2967.30  3.31
 2968.00  3.31
 2968.70  3.31
 2969.40  3.31
 2970.10  3.31
 2970.80  3.31
 2971.50  3.31
 2972.20  3.31
 2972.90  3.31
 2973.60  3.31
 2974.30  3.31
 2975.00  3.31
 2975.70  3.31
 2976.40  3.31
 2977.10  3.31
 2977.80  3.31
 2978.50  3.31
 2979.20  3.31
 2979.90  3.31
 2980.60  3.31
 2981.30  3.31
 2982.00  3.31
 2982.70  3.31
 2983.40  3.31
 2984.10  3.31
 2984.80  3.31
 2985.50  3.31
 2986.20  3.31
 2986.90  3.31
 2987.60  3.31
 2988.30  3.31
 2989.00  3.31
 2989.70  3.31
 2990.40  3.31
 2991.10  3.31
 2991.80  3.31
 2992.50  3.31
 2993.20  3.31
 2993.90  3.31
 2994.60  3.31
 2995.30  3.31
 2996.00  3.31
 2996.70  3.31
 2997.40  3.31
 2998.10  3.31
 2998.80  3.31
 2999.50  3.31
