#Navio B MarAd
#Manobra de Curva Giro
#
#Eta 
#
#temp      rot 
 0.00  1.00
 0.70  1.00
 1.40  1.00
 2.10  1.00
 2.80  1.00
 3.50  1.00
 4.20  1.00
 4.90  1.00
 5.60  1.00
 6.30  1.00
 7.00  1.00
 7.70  1.01
 8.40  1.01
 9.10  1.01
 9.80  1.01
 10.50  1.01
 11.20  1.01
 11.90  1.01
 12.60  1.01
 13.30  1.01
 14.00  1.01
 14.70  1.01
 15.40  1.01
 16.10  1.01
 16.80  1.01
 17.50  1.01
 18.20  1.01
 18.90  1.01
 19.60  1.02
 20.30  1.02
 21.00  1.02
 21.70  1.02
 22.40  1.02
 23.10  1.02
 23.80  1.02
 24.50  1.02
 25.20  1.02
 25.90  1.02
 26.60  1.02
 27.30  1.02
 28.00  1.02
 28.70  1.02
 29.40  1.02
 30.10  1.02
 30.80  1.03
 31.50  1.03
 32.20  1.03
 32.90  1.03
 33.60  1.03
 34.30  1.03
 35.00  1.03
 35.70  1.03
 36.40  1.03
 37.10  1.03
 37.80  1.03
 38.50  1.03
 39.20  1.03
 39.90  1.03
 40.60  1.04
 41.30  1.04
 42.00  1.04
 42.70  1.04
 43.40  1.04
 44.10  1.04
 44.80  1.04
 45.50  1.04
 46.20  1.04
 46.90  1.04
 47.60  1.04
 48.30  1.04
 49.00  1.05
 49.70  1.05
 50.40  1.05
 51.10  1.05
 51.80  1.05
 52.50  1.05
 53.20  1.05
 53.90  1.05
 54.60  1.05
 55.30  1.05
 56.00  1.05
 56.70  1.05
 57.40  1.06
 58.10  1.06
 58.80  1.06
 59.50  1.06
 60.20  1.06
 60.90  1.06
 61.60  1.06
 62.30  1.06
 63.00  1.06
 63.70  1.06
 64.40  1.07
 65.10  1.07
 65.80  1.07
 66.50  1.07
 67.20  1.07
 67.90  1.07
 68.60  1.07
 69.30  1.07
 70.00  1.07
 70.70  1.08
 71.40  1.08
 72.10  1.08
 72.80  1.08
 73.50  1.08
 74.20  1.08
 74.90  1.08
 75.60  1.08
 76.30  1.08
 77.00  1.09
 77.70  1.09
 78.40  1.09
 79.10  1.09
 79.80  1.09
 80.50  1.09
 81.20  1.09
 81.90  1.09
 82.60  1.10
 83.30  1.10
 84.00  1.10
 84.70  1.10
 85.40  1.10
 86.10  1.10
 86.80  1.10
 87.50  1.11
 88.20  1.11
 88.90  1.11
 89.60  1.11
 90.30  1.11
 91.00  1.11
 91.70  1.11
 92.40  1.12
 93.10  1.12
 93.80  1.12
 94.50  1.12
 95.20  1.12
 95.90  1.12
 96.60  1.12
 97.30  1.13
 98.00  1.13
 98.70  1.13
 99.40  1.13
 100.10  1.13
 100.80  1.13
 101.50  1.14
 102.20  1.14
 102.90  1.14
 103.60  1.14
 104.30  1.14
 105.00  1.14
 105.70  1.15
 106.40  1.15
 107.10  1.15
 107.80  1.15
 108.50  1.15
 109.20  1.15
 109.90  1.16
 110.60  1.16
 111.30  1.16
 112.00  1.16
 112.70  1.16
 113.40  1.17
 114.10  1.17
 114.80  1.17
 115.50  1.17
 116.20  1.17
 116.90  1.17
 117.60  1.18
 118.30  1.18
 119.00  1.18
 119.70  1.18
 120.40  1.18
 121.10  1.19
 121.80  1.19
 122.50  1.19
 123.20  1.19
 123.90  1.19
 124.60  1.20
 125.30  1.20
 126.00  1.20
 126.70  1.20
 127.40  1.20
 128.10  1.21
 128.80  1.21
 129.50  1.21
 130.20  1.21
 130.90  1.21
 131.60  1.22
 132.30  1.22
 133.00  1.22
 133.70  1.22
 134.40  1.23
 135.10  1.23
 135.80  1.23
 136.50  1.23
 137.20  1.23
 137.90  1.24
 138.60  1.24
 139.30  1.24
 140.00  1.24
 140.70  1.25
 141.40  1.25
 142.10  1.25
 142.80  1.25
 143.50  1.25
 144.20  1.26
 144.90  1.26
 145.60  1.26
 146.30  1.26
 147.00  1.27
 147.70  1.27
 148.40  1.27
 149.10  1.27
 149.80  1.28
 150.50  1.28
 151.20  1.28
 151.90  1.28
 152.60  1.29
 153.30  1.29
 154.00  1.29
 154.70  1.29
 155.40  1.30
 156.10  1.30
 156.80  1.30
 157.50  1.30
 158.20  1.31
 158.90  1.31
 159.60  1.31
 160.30  1.31
 161.00  1.32
 161.70  1.32
 162.40  1.32
 163.10  1.32
 163.80  1.33
 164.50  1.33
 165.20  1.33
 165.90  1.33
 166.60  1.34
 167.30  1.34
 168.00  1.34
 168.70  1.34
 169.40  1.35
 170.10  1.35
 170.80  1.35
 171.50  1.36
 172.20  1.36
 172.90  1.36
 173.60  1.36
 174.30  1.37
 175.00  1.37
 175.70  1.37
 176.40  1.37
 177.10  1.38
 177.80  1.38
 178.50  1.38
 179.20  1.39
 179.90  1.39
 180.60  1.39
 181.30  1.39
 182.00  1.40
 182.70  1.40
 183.40  1.40
 184.10  1.41
 184.80  1.41
 185.50  1.41
 186.20  1.41
 186.90  1.42
 187.60  1.42
 188.30  1.42
 189.00  1.43
 189.70  1.43
 190.40  1.43
 191.10  1.43
 191.80  1.44
 192.50  1.44
 193.20  1.44
 193.90  1.45
 194.60  1.45
 195.30  1.45
 196.00  1.45
 196.70  1.46
 197.40  1.46
 198.10  1.46
 198.80  1.47
 199.50  1.47
 200.20  1.47
 200.90  1.48
 201.60  1.48
 202.30  1.48
 203.00  1.48
 203.70  1.49
 204.40  1.49
 205.10  1.49
 205.80  1.50
 206.50  1.50
 207.20  1.50
 207.90  1.51
 208.60  1.51
 209.30  1.51
 210.00  1.51
 210.70  1.52
 211.40  1.52
 212.10  1.52
 212.80  1.53
 213.50  1.53
 214.20  1.53
 214.90  1.54
 215.60  1.54
 216.30  1.54
 217.00  1.55
 217.70  1.55
 218.40  1.55
 219.10  1.56
 219.80  1.56
 220.50  1.56
 221.20  1.56
 221.90  1.57
 222.60  1.57
 223.30  1.57
 224.00  1.58
 224.70  1.58
 225.40  1.58
 226.10  1.59
 226.80  1.59
 227.50  1.59
 228.20  1.60
 228.90  1.60
 229.60  1.60
 230.30  1.61
 231.00  1.61
 231.70  1.61
 232.40  1.62
 233.10  1.62
 233.80  1.62
 234.50  1.63
 235.20  1.63
 235.90  1.63
 236.60  1.64
 237.30  1.64
 238.00  1.64
 238.70  1.64
 239.40  1.65
 240.10  1.65
 240.80  1.65
 241.50  1.66
 242.20  1.66
 242.90  1.66
 243.60  1.67
 244.30  1.67
 245.00  1.67
 245.70  1.68
 246.40  1.68
 247.10  1.68
 247.80  1.69
 248.50  1.69
 249.20  1.69
 249.90  1.70
 250.60  1.70
 251.30  1.70
 252.00  1.71
 252.70  1.71
 253.40  1.71
 254.10  1.72
 254.80  1.72
 255.50  1.72
 256.20  1.73
 256.90  1.73
 257.60  1.73
 258.30  1.74
 259.00  1.74
 259.70  1.74
 260.40  1.75
 261.10  1.75
 261.80  1.75
 262.50  1.76
 263.20  1.76
 263.90  1.76
 264.60  1.77
 265.30  1.77
 266.00  1.77
 266.70  1.78
 267.40  1.78
 268.10  1.78
 268.80  1.79
 269.50  1.79
 270.20  1.79
 270.90  1.80
 271.60  1.80
 272.30  1.80
 273.00  1.81
 273.70  1.81
 274.40  1.81
 275.10  1.82
 275.80  1.82
 276.50  1.82
 277.20  1.83
 277.90  1.83
 278.60  1.83
 279.30  1.84
 280.00  1.84
 280.70  1.84
 281.40  1.85
 282.10  1.85
 282.80  1.85
 283.50  1.86
 284.20  1.86
 284.90  1.86
 285.60  1.87
 286.30  1.87
 287.00  1.87
 287.70  1.88
 288.40  1.88
 289.10  1.88
 289.80  1.89
 290.50  1.89
 291.20  1.89
 291.90  1.90
 292.60  1.90
 293.30  1.90
 294.00  1.91
 294.70  1.91
 295.40  1.91
 296.10  1.92
 296.80  1.92
 297.50  1.92
 298.20  1.93
 298.90  1.93
 299.60  1.93
 300.30  1.94
 301.00  1.94
 301.70  1.94
 302.40  1.95
 303.10  1.95
 303.80  1.95
 304.50  1.96
 305.20  1.96
 305.90  1.96
 306.60  1.97
 307.30  1.97
 308.00  1.97
 308.70  1.98
 309.40  1.98
 310.10  1.98
 310.80  1.99
 311.50  1.99
 312.20  1.99
 312.90  2.00
 313.60  2.00
 314.30  2.00
 315.00  2.01
 315.70  2.01
 316.40  2.01
 317.10  2.02
 317.80  2.02
 318.50  2.02
 319.20  2.03
 319.90  2.03
 320.60  2.03
 321.30  2.04
 322.00  2.04
 322.70  2.04
 323.40  2.05
 324.10  2.05
 324.80  2.05
 325.50  2.06
 326.20  2.06
 326.90  2.06
 327.60  2.07
 328.30  2.07
 329.00  2.07
 329.70  2.08
 330.40  2.08
 331.10  2.08
 331.80  2.09
 332.50  2.09
 333.20  2.09
 333.90  2.10
 334.60  2.10
 335.30  2.10
 336.00  2.11
 336.70  2.11
 337.40  2.11
 338.10  2.12
 338.80  2.12
 339.50  2.12
 340.20  2.13
 340.90  2.13
 341.60  2.13
 342.30  2.14
 343.00  2.14
 343.70  2.14
 344.40  2.15
 345.10  2.15
 345.80  2.15
 346.50  2.16
 347.20  2.16
 347.90  2.16
 348.60  2.16
 349.30  2.17
 350.00  2.17
 350.70  2.17
 351.40  2.18
 352.10  2.18
 352.80  2.18
 353.50  2.19
 354.20  2.19
 354.90  2.19
 355.60  2.20
 356.30  2.20
 357.00  2.20
 357.70  2.21
 358.40  2.21
 359.10  2.21
 359.80  2.22
 360.50  2.22
 361.20  2.22
 361.90  2.23
 362.60  2.23
 363.30  2.23
 364.00  2.24
 364.70  2.24
 365.40  2.24
 366.10  2.24
 366.80  2.25
 367.50  2.25
 368.20  2.25
 368.90  2.26
 369.60  2.26
 370.30  2.26
 371.00  2.27
 371.70  2.27
 372.40  2.27
 373.10  2.28
 373.80  2.28
 374.50  2.28
 375.20  2.29
 375.90  2.29
 376.60  2.29
 377.30  2.30
 378.00  2.30
 378.70  2.30
 379.40  2.30
 380.10  2.31
 380.80  2.31
 381.50  2.31
 382.20  2.32
 382.90  2.32
 383.60  2.32
 384.30  2.33
 385.00  2.33
 385.70  2.33
 386.40  2.34
 387.10  2.34
 387.80  2.34
 388.50  2.34
 389.20  2.35
 389.90  2.35
 390.60  2.35
 391.30  2.36
 392.00  2.36
 392.70  2.36
 393.40  2.37
 394.10  2.37
 394.80  2.37
 395.50  2.37
 396.20  2.38
 396.90  2.38
 397.60  2.38
 398.30  2.39
 399.00  2.39
 399.70  2.39
 400.40  2.40
 401.10  2.40
 401.80  2.40
 402.50  2.40
 403.20  2.41
 403.90  2.41
 404.60  2.41
 405.30  2.42
 406.00  2.42
 406.70  2.42
 407.40  2.43
 408.10  2.43
 408.80  2.43
 409.50  2.43
 410.20  2.44
 410.90  2.44
 411.60  2.44
 412.30  2.45
 413.00  2.45
 413.70  2.45
 414.40  2.45
 415.10  2.46
 415.80  2.46
 416.50  2.46
 417.20  2.47
 417.90  2.47
 418.60  2.47
 419.30  2.47
 420.00  2.48
 420.70  2.48
 421.40  2.48
 422.10  2.49
 422.80  2.49
 423.50  2.49
 424.20  2.49
 424.90  2.50
 425.60  2.50
 426.30  2.50
 427.00  2.51
 427.70  2.51
 428.40  2.51
 429.10  2.51
 429.80  2.52
 430.50  2.52
 431.20  2.52
 431.90  2.53
 432.60  2.53
 433.30  2.53
 434.00  2.53
 434.70  2.54
 435.40  2.54
 436.10  2.54
 436.80  2.54
 437.50  2.55
 438.20  2.55
 438.90  2.55
 439.60  2.56
 440.30  2.56
 441.00  2.56
 441.70  2.56
 442.40  2.57
 443.10  2.57
 443.80  2.57
 444.50  2.57
 445.20  2.58
 445.90  2.58
 446.60  2.58
 447.30  2.59
 448.00  2.59
 448.70  2.59
 449.40  2.59
 450.10  2.60
 450.80  2.60
 451.50  2.60
 452.20  2.60
 452.90  2.61
 453.60  2.61
 454.30  2.61
 455.00  2.62
 455.70  2.62
 456.40  2.62
 457.10  2.62
 457.80  2.63
 458.50  2.63
 459.20  2.63
 459.90  2.63
 460.60  2.64
 461.30  2.64
 462.00  2.64
 462.70  2.64
 463.40  2.65
 464.10  2.65
 464.80  2.65
 465.50  2.65
 466.20  2.66
 466.90  2.66
 467.60  2.66
 468.30  2.66
 469.00  2.67
 469.70  2.67
 470.40  2.67
 471.10  2.67
 471.80  2.68
 472.50  2.68
 473.20  2.68
 473.90  2.68
 474.60  2.69
 475.30  2.69
 476.00  2.69
 476.70  2.69
 477.40  2.70
 478.10  2.70
 478.80  2.70
 479.50  2.70
 480.20  2.71
 480.90  2.71
 481.60  2.71
 482.30  2.71
 483.00  2.72
 483.70  2.72
 484.40  2.72
 485.10  2.72
 485.80  2.73
 486.50  2.73
 487.20  2.73
 487.90  2.73
 488.60  2.74
 489.30  2.74
 490.00  2.74
 490.70  2.74
 491.40  2.75
 492.10  2.75
 492.80  2.75
 493.50  2.75
 494.20  2.76
 494.90  2.76
 495.60  2.76
 496.30  2.76
 497.00  2.77
 497.70  2.77
 498.40  2.77
 499.10  2.77
 499.80  2.77
 500.50  2.78
 501.20  2.78
 501.90  2.78
 502.60  2.78
 503.30  2.79
 504.00  2.79
 504.70  2.79
 505.40  2.79
 506.10  2.80
 506.80  2.80
 507.50  2.80
 508.20  2.80
 508.90  2.80
 509.60  2.81
 510.30  2.81
 511.00  2.81
 511.70  2.81
 512.40  2.82
 513.10  2.82
 513.80  2.82
 514.50  2.82
 515.20  2.82
 515.90  2.83
 516.60  2.83
 517.30  2.83
 518.00  2.83
 518.70  2.84
 519.40  2.84
 520.10  2.84
 520.80  2.84
 521.50  2.84
 522.20  2.85
 522.90  2.85
 523.60  2.85
 524.30  2.85
 525.00  2.86
 525.70  2.86
 526.40  2.86
 527.10  2.86
 527.80  2.86
 528.50  2.87
 529.20  2.87
 529.90  2.87
 530.60  2.87
 531.30  2.88
 532.00  2.88
 532.70  2.88
 533.40  2.88
 534.10  2.88
 534.80  2.89
 535.50  2.89
 536.20  2.89
 536.90  2.89
 537.60  2.89
 538.30  2.90
 539.00  2.90
 539.70  2.90
 540.40  2.90
 541.10  2.90
 541.80  2.91
 542.50  2.91
 543.20  2.91
 543.90  2.91
 544.60  2.92
 545.30  2.92
 546.00  2.92
 546.70  2.92
 547.40  2.92
 548.10  2.93
 548.80  2.93
 549.50  2.93
 550.20  2.93
 550.90  2.93
 551.60  2.94
 552.30  2.94
 553.00  2.94
 553.70  2.94
 554.40  2.94
 555.10  2.95
 555.80  2.95
 556.50  2.95
 557.20  2.95
 557.90  2.95
 558.60  2.96
 559.30  2.96
 560.00  2.96
 560.70  2.96
 561.40  2.96
 562.10  2.96
 562.80  2.97
 563.50  2.97
 564.20  2.97
 564.90  2.97
 565.60  2.97
 566.30  2.98
 567.00  2.98
 567.70  2.98
 568.40  2.98
 569.10  2.98
 569.80  2.99
 570.50  2.99
 571.20  2.99
 571.90  2.99
 572.60  2.99
 573.30  3.00
 574.00  3.00
 574.70  3.00
 575.40  3.00
 576.10  3.00
 576.80  3.00
 577.50  3.01
 578.20  3.01
 578.90  3.01
 579.60  3.01
 580.30  3.01
 581.00  3.02
 581.70  3.02
 582.40  3.02
 583.10  3.02
 583.80  3.02
 584.50  3.02
 585.20  3.03
 585.90  3.03
 586.60  3.03
 587.30  3.03
 588.00  3.03
 588.70  3.04
 589.40  3.04
 590.10  3.04
 590.80  3.04
 591.50  3.04
 592.20  3.04
 592.90  3.05
 593.60  3.05
 594.30  3.05
 595.00  3.05
 595.70  3.05
 596.40  3.05
 597.10  3.06
 597.80  3.06
 598.50  3.06
 599.20  3.06
 599.90  3.06
 600.60  3.07
 601.30  3.07
 602.00  3.07
 602.70  3.07
 603.40  3.07
 604.10  3.07
 604.80  3.08
 605.50  3.08
 606.20  3.08
 606.90  3.08
 607.60  3.08
 608.30  3.08
 609.00  3.09
 609.70  3.09
 610.40  3.09
 611.10  3.09
 611.80  3.09
 612.50  3.09
 613.20  3.10
 613.90  3.10
 614.60  3.10
 615.30  3.10
 616.00  3.10
 616.70  3.10
 617.40  3.11
 618.10  3.11
 618.80  3.11
 619.50  3.11
 620.20  3.11
 620.90  3.11
 621.60  3.11
 622.30  3.12
 623.00  3.12
 623.70  3.12
 624.40  3.12
 625.10  3.12
 625.80  3.12
 626.50  3.13
 627.20  3.13
 627.90  3.13
 628.60  3.13
 629.30  3.13
 630.00  3.13
 630.70  3.13
 631.40  3.14
 632.10  3.14
 632.80  3.14
 633.50  3.14
 634.20  3.14
 634.90  3.14
 635.60  3.15
 636.30  3.15
 637.00  3.15
 637.70  3.15
 638.40  3.15
 639.10  3.15
 639.80  3.15
 640.50  3.16
 641.20  3.16
 641.90  3.16
 642.60  3.16
 643.30  3.16
 644.00  3.16
 644.70  3.16
 645.40  3.17
 646.10  3.17
 646.80  3.17
 647.50  3.17
 648.20  3.17
 648.90  3.17
 649.60  3.18
 650.30  3.18
 651.00  3.18
 651.70  3.18
 652.40  3.18
 653.10  3.18
 653.80  3.18
 654.50  3.19
 655.20  3.19
 655.90  3.19
 656.60  3.19
 657.30  3.19
 658.00  3.19
 658.70  3.19
 659.40  3.19
 660.10  3.20
 660.80  3.20
 661.50  3.20
 662.20  3.20
 662.90  3.20
 663.60  3.20
 664.30  3.20
 665.00  3.21
 665.70  3.21
 666.40  3.21
 667.10  3.21
 667.80  3.21
 668.50  3.21
 669.20  3.21
 669.90  3.22
 670.60  3.22
 671.30  3.22
 672.00  3.22
 672.70  3.22
 673.40  3.22
 674.10  3.22
 674.80  3.22
 675.50  3.23
 676.20  3.23
 676.90  3.23
 677.60  3.23
 678.30  3.23
 679.00  3.23
 679.70  3.23
 680.40  3.24
 681.10  3.24
 681.80  3.24
 682.50  3.24
 683.20  3.24
 683.90  3.24
 684.60  3.24
 685.30  3.24
 686.00  3.25
 686.70  3.25
 687.40  3.25
 688.10  3.25
 688.80  3.25
 689.50  3.25
 690.20  3.25
 690.90  3.25
 691.60  3.26
 692.30  3.26
 693.00  3.26
 693.70  3.26
 694.40  3.26
 695.10  3.26
 695.80  3.26
 696.50  3.26
 697.20  3.27
 697.90  3.27
 698.60  3.27
 699.30  3.27
 700.00  3.27
 700.70  3.27
 701.40  3.27
 702.10  3.27
 702.80  3.27
 703.50  3.28
 704.20  3.28
 704.90  3.28
 705.60  3.28
 706.30  3.28
 707.00  3.28
 707.70  3.28
 708.40  3.28
 709.10  3.29
 709.80  3.29
 710.50  3.29
 711.20  3.29
 711.90  3.29
 712.60  3.29
 713.30  3.29
 714.00  3.29
 714.70  3.29
 715.40  3.30
 716.10  3.30
 716.80  3.30
 717.50  3.30
 718.20  3.30
 718.90  3.30
 719.60  3.30
 720.30  3.30
 721.00  3.30
 721.70  3.31
 722.40  3.31
 723.10  3.31
 723.80  3.31
 724.50  3.31
 725.20  3.31
 725.90  3.31
 726.60  3.31
 727.30  3.31
 728.00  3.32
 728.70  3.32
 729.40  3.32
 730.10  3.32
 730.80  3.32
 731.50  3.32
 732.20  3.32
 732.90  3.32
 733.60  3.32
 734.30  3.32
 735.00  3.33
 735.70  3.33
 736.40  3.33
 737.10  3.33
 737.80  3.33
 738.50  3.33
 739.20  3.33
 739.90  3.33
 740.60  3.33
 741.30  3.34
 742.00  3.34
 742.70  3.34
 743.40  3.34
 744.10  3.34
 744.80  3.34
 745.50  3.34
 746.20  3.34
 746.90  3.34
 747.60  3.34
 748.30  3.35
 749.00  3.35
 749.70  3.35
 750.40  3.35
 751.10  3.35
 751.80  3.35
 752.50  3.35
 753.20  3.35
 753.90  3.35
 754.60  3.35
 755.30  3.36
 756.00  3.36
 756.70  3.36
 757.40  3.36
 758.10  3.36
 758.80  3.36
 759.50  3.36
 760.20  3.36
 760.90  3.36
 761.60  3.36
 762.30  3.36
 763.00  3.37
 763.70  3.37
 764.40  3.37
 765.10  3.37
 765.80  3.37
 766.50  3.37
 767.20  3.37
 767.90  3.37
 768.60  3.37
 769.30  3.37
 770.00  3.37
 770.70  3.38
 771.40  3.38
 772.10  3.38
 772.80  3.38
 773.50  3.38
 774.20  3.38
 774.90  3.38
 775.60  3.38
 776.30  3.38
 777.00  3.38
 777.70  3.38
 778.40  3.39
 779.10  3.39
 779.80  3.39
 780.50  3.39
 781.20  3.39
 781.90  3.39
 782.60  3.39
 783.30  3.39
 784.00  3.39
 784.70  3.39
 785.40  3.39
 786.10  3.40
 786.80  3.40
 787.50  3.40
 788.20  3.40
 788.90  3.40
 789.60  3.40
 790.30  3.40
 791.00  3.40
 791.70  3.40
 792.40  3.40
 793.10  3.40
 793.80  3.40
 794.50  3.41
 795.20  3.41
 795.90  3.41
 796.60  3.41
 797.30  3.41
 798.00  3.41
 798.70  3.41
 799.40  3.41
 800.10  3.41
 800.80  3.41
 801.50  3.41
 802.20  3.41
 802.90  3.42
 803.60  3.42
 804.30  3.42
 805.00  3.42
 805.70  3.42
 806.40  3.42
 807.10  3.42
 807.80  3.42
 808.50  3.42
 809.20  3.42
 809.90  3.42
 810.60  3.42
 811.30  3.42
 812.00  3.43
 812.70  3.43
 813.40  3.43
 814.10  3.43
 814.80  3.43
 815.50  3.43
 816.20  3.43
 816.90  3.43
 817.60  3.43
 818.30  3.43
 819.00  3.43
 819.70  3.43
 820.40  3.43
 821.10  3.44
 821.80  3.44
 822.50  3.44
 823.20  3.44
 823.90  3.44
 824.60  3.44
 825.30  3.44
 826.00  3.44
 826.70  3.44
 827.40  3.44
 828.10  3.44
 828.80  3.44
 829.50  3.44
 830.20  3.44
 830.90  3.45
 831.60  3.45
 832.30  3.45
 833.00  3.45
 833.70  3.45
 834.40  3.45
 835.10  3.45
 835.80  3.45
 836.50  3.45
 837.20  3.45
 837.90  3.45
 838.60  3.45
 839.30  3.45
 840.00  3.45
 840.70  3.46
 841.40  3.46
 842.10  3.46
 842.80  3.46
 843.50  3.46
 844.20  3.46
 844.90  3.46
 845.60  3.46
 846.30  3.46
 847.00  3.46
 847.70  3.46
 848.40  3.46
 849.10  3.46
 849.80  3.46
 850.50  3.46
 851.20  3.47
 851.90  3.47
 852.60  3.47
 853.30  3.47
 854.00  3.47
 854.70  3.47
 855.40  3.47
 856.10  3.47
 856.80  3.47
 857.50  3.47
 858.20  3.47
 858.90  3.47
 859.60  3.47
 860.30  3.47
 861.00  3.47
 861.70  3.48
 862.40  3.48
 863.10  3.48
 863.80  3.48
 864.50  3.48
 865.20  3.48
 865.90  3.48
 866.60  3.48
 867.30  3.48
 868.00  3.48
 868.70  3.48
 869.40  3.48
 870.10  3.48
 870.80  3.48
 871.50  3.48
 872.20  3.48
 872.90  3.48
 873.60  3.49
 874.30  3.49
 875.00  3.49
 875.70  3.49
 876.40  3.49
 877.10  3.49
 877.80  3.49
 878.50  3.49
 879.20  3.49
 879.90  3.49
 880.60  3.49
 881.30  3.49
 882.00  3.49
 882.70  3.49
 883.40  3.49
 884.10  3.49
 884.80  3.49
 885.50  3.50
 886.20  3.50
 886.90  3.50
 887.60  3.50
 888.30  3.50
 889.00  3.50
 889.70  3.50
 890.40  3.50
 891.10  3.50
 891.80  3.50
 892.50  3.50
 893.20  3.50
 893.90  3.50
 894.60  3.50
 895.30  3.50
 896.00  3.50
 896.70  3.50
 897.40  3.50
 898.10  3.51
 898.80  3.51
 899.50  3.51
 900.20  3.51
 900.90  3.51
 901.60  3.51
 902.30  3.51
 903.00  3.51
 903.70  3.51
 904.40  3.51
 905.10  3.51
 905.80  3.51
 906.50  3.51
 907.20  3.51
 907.90  3.51
 908.60  3.51
 909.30  3.51
 910.00  3.51
 910.70  3.51
 911.40  3.52
 912.10  3.52
 912.80  3.52
 913.50  3.52
 914.20  3.52
 914.90  3.52
 915.60  3.52
 916.30  3.52
 917.00  3.52
 917.70  3.52
 918.40  3.52
 919.10  3.52
 919.80  3.52
 920.50  3.52
 921.20  3.52
 921.90  3.52
 922.60  3.52
 923.30  3.52
 924.00  3.52
 924.70  3.52
 925.40  3.53
 926.10  3.53
 926.80  3.53
 927.50  3.53
 928.20  3.53
 928.90  3.53
 929.60  3.53
 930.30  3.53
 931.00  3.53
 931.70  3.53
 932.40  3.53
 933.10  3.53
 933.80  3.53
 934.50  3.53
 935.20  3.53
 935.90  3.53
 936.60  3.53
 937.30  3.53
 938.00  3.53
 938.70  3.53
 939.40  3.53
 940.10  3.54
 940.80  3.54
 941.50  3.54
 942.20  3.54
 942.90  3.54
 943.60  3.54
 944.30  3.54
 945.00  3.54
 945.70  3.54
 946.40  3.54
 947.10  3.54
 947.80  3.54
 948.50  3.54
 949.20  3.54
 949.90  3.54
 950.60  3.54
 951.30  3.54
 952.00  3.54
 952.70  3.54
 953.40  3.54
 954.10  3.54
 954.80  3.54
 955.50  3.54
 956.20  3.55
 956.90  3.55
 957.60  3.55
 958.30  3.55
 959.00  3.55
 959.70  3.55
 960.40  3.55
 961.10  3.55
 961.80  3.55
 962.50  3.55
 963.20  3.55
 963.90  3.55
 964.60  3.55
 965.30  3.55
 966.00  3.55
 966.70  3.55
 967.40  3.55
 968.10  3.55
 968.80  3.55
 969.50  3.55
 970.20  3.55
 970.90  3.55
 971.60  3.55
 972.30  3.55
 973.00  3.56
 973.70  3.56
 974.40  3.56
 975.10  3.56
 975.80  3.56
 976.50  3.56
 977.20  3.56
 977.90  3.56
 978.60  3.56
 979.30  3.56
 980.00  3.56
 980.70  3.56
 981.40  3.56
 982.10  3.56
 982.80  3.56
 983.50  3.56
 984.20  3.56
 984.90  3.56
 985.60  3.56
 986.30  3.56
 987.00  3.56
 987.70  3.56
 988.40  3.56
 989.10  3.56
 989.80  3.56
 990.50  3.56
 991.20  3.57
 991.90  3.57
 992.60  3.57
 993.30  3.57
 994.00  3.57
 994.70  3.57
 995.40  3.57
 996.10  3.57
 996.80  3.57
 997.50  3.57
 998.20  3.57
 998.90  3.57
 999.60  3.57
 1000.30  3.57
 1001.00  3.57
 1001.70  3.57
 1002.40  3.57
 1003.10  3.57
 1003.80  3.57
 1004.50  3.57
 1005.20  3.57
 1005.90  3.57
 1006.60  3.57
 1007.30  3.57
 1008.00  3.57
 1008.70  3.57
 1009.40  3.57
 1010.10  3.57
 1010.80  3.57
 1011.50  3.58
 1012.20  3.58
 1012.90  3.58
 1013.60  3.58
 1014.30  3.58
 1015.00  3.58
 1015.70  3.58
 1016.40  3.58
 1017.10  3.58
 1017.80  3.58
 1018.50  3.58
 1019.20  3.58
 1019.90  3.58
 1020.60  3.58
 1021.30  3.58
 1022.00  3.58
 1022.70  3.58
 1023.40  3.58
 1024.10  3.58
 1024.80  3.58
 1025.50  3.58
 1026.20  3.58
 1026.90  3.58
 1027.60  3.58
 1028.30  3.58
 1029.00  3.58
 1029.70  3.58
 1030.40  3.58
 1031.10  3.58
 1031.80  3.58
 1032.50  3.58
 1033.20  3.59
 1033.90  3.59
 1034.60  3.59
 1035.30  3.59
 1036.00  3.59
 1036.70  3.59
 1037.40  3.59
 1038.10  3.59
 1038.80  3.59
 1039.50  3.59
 1040.20  3.59
 1040.90  3.59
 1041.60  3.59
 1042.30  3.59
 1043.00  3.59
 1043.70  3.59
 1044.40  3.59
 1045.10  3.59
 1045.80  3.59
 1046.50  3.59
 1047.20  3.59
 1047.90  3.59
 1048.60  3.59
 1049.30  3.59
 1050.00  3.59
 1050.70  3.59
 1051.40  3.59
 1052.10  3.59
 1052.80  3.59
 1053.50  3.59
 1054.20  3.59
 1054.90  3.59
 1055.60  3.59
 1056.30  3.59
 1057.00  3.59
 1057.70  3.60
 1058.40  3.60
 1059.10  3.60
 1059.80  3.60
 1060.50  3.60
 1061.20  3.60
 1061.90  3.60
 1062.60  3.60
 1063.30  3.60
 1064.00  3.60
 1064.70  3.60
 1065.40  3.60
 1066.10  3.60
 1066.80  3.60
 1067.50  3.60
 1068.20  3.60
 1068.90  3.60
 1069.60  3.60
 1070.30  3.60
 1071.00  3.60
 1071.70  3.60
 1072.40  3.60
 1073.10  3.60
 1073.80  3.60
 1074.50  3.60
 1075.20  3.60
 1075.90  3.60
 1076.60  3.60
 1077.30  3.60
 1078.00  3.60
 1078.70  3.60
 1079.40  3.60
 1080.10  3.60
 1080.80  3.60
 1081.50  3.60
 1082.20  3.60
 1082.90  3.60
 1083.60  3.60
 1084.30  3.60
 1085.00  3.61
 1085.70  3.61
 1086.40  3.61
 1087.10  3.61
 1087.80  3.61
 1088.50  3.61
 1089.20  3.61
 1089.90  3.61
 1090.60  3.61
 1091.30  3.61
 1092.00  3.61
 1092.70  3.61
 1093.40  3.61
 1094.10  3.61
 1094.80  3.61
 1095.50  3.61
 1096.20  3.61
 1096.90  3.61
 1097.60  3.61
 1098.30  3.61
 1099.00  3.61
 1099.70  3.61
 1100.40  3.61
 1101.10  3.61
 1101.80  3.61
 1102.50  3.61
 1103.20  3.61
 1103.90  3.61
 1104.60  3.61
 1105.30  3.61
 1106.00  3.61
 1106.70  3.61
 1107.40  3.61
 1108.10  3.61
 1108.80  3.61
 1109.50  3.61
 1110.20  3.61
 1110.90  3.61
 1111.60  3.61
 1112.30  3.61
 1113.00  3.61
 1113.70  3.61
 1114.40  3.61
 1115.10  3.61
 1115.80  3.62
 1116.50  3.62
 1117.20  3.62
 1117.90  3.62
 1118.60  3.62
 1119.30  3.62
 1120.00  3.62
 1120.70  3.62
 1121.40  3.62
 1122.10  3.62
 1122.80  3.62
 1123.50  3.62
 1124.20  3.62
 1124.90  3.62
 1125.60  3.62
 1126.30  3.62
 1127.00  3.62
 1127.70  3.62
 1128.40  3.62
 1129.10  3.62
 1129.80  3.62
 1130.50  3.62
 1131.20  3.62
 1131.90  3.62
 1132.60  3.62
 1133.30  3.62
 1134.00  3.62
 1134.70  3.62
 1135.40  3.62
 1136.10  3.62
 1136.80  3.62
 1137.50  3.62
 1138.20  3.62
 1138.90  3.62
 1139.60  3.62
 1140.30  3.62
 1141.00  3.62
 1141.70  3.62
 1142.40  3.62
 1143.10  3.62
 1143.80  3.62
 1144.50  3.62
 1145.20  3.62
 1145.90  3.62
 1146.60  3.62
 1147.30  3.62
 1148.00  3.62
 1148.70  3.62
 1149.40  3.62
 1150.10  3.62
 1150.80  3.62
 1151.50  3.63
 1152.20  3.63
 1152.90  3.63
 1153.60  3.63
 1154.30  3.63
 1155.00  3.63
 1155.70  3.63
 1156.40  3.63
 1157.10  3.63
 1157.80  3.63
 1158.50  3.63
 1159.20  3.63
 1159.90  3.63
 1160.60  3.63
 1161.30  3.63
 1162.00  3.63
 1162.70  3.63
 1163.40  3.63
 1164.10  3.63
 1164.80  3.63
 1165.50  3.63
 1166.20  3.63
 1166.90  3.63
 1167.60  3.63
 1168.30  3.63
 1169.00  3.63
 1169.70  3.63
 1170.40  3.63
 1171.10  3.63
 1171.80  3.63
 1172.50  3.63
 1173.20  3.63
 1173.90  3.63
 1174.60  3.63
 1175.30  3.63
 1176.00  3.63
 1176.70  3.63
 1177.40  3.63
 1178.10  3.63
 1178.80  3.63
 1179.50  3.63
 1180.20  3.63
 1180.90  3.63
 1181.60  3.63
 1182.30  3.63
 1183.00  3.63
 1183.70  3.63
 1184.40  3.63
 1185.10  3.63
 1185.80  3.63
 1186.50  3.63
 1187.20  3.63
 1187.90  3.63
 1188.60  3.63
 1189.30  3.63
 1190.00  3.63
 1190.70  3.63
 1191.40  3.63
 1192.10  3.63
 1192.80  3.63
 1193.50  3.63
 1194.20  3.64
 1194.90  3.64
 1195.60  3.64
 1196.30  3.64
 1197.00  3.64
 1197.70  3.64
 1198.40  3.64
 1199.10  3.64
 1199.80  3.64
 1200.50  3.64
 1201.20  3.64
 1201.90  3.64
 1202.60  3.64
 1203.30  3.64
 1204.00  3.64
 1204.70  3.64
 1205.40  3.64
 1206.10  3.64
 1206.80  3.64
 1207.50  3.64
 1208.20  3.64
 1208.90  3.64
 1209.60  3.64
 1210.30  3.64
 1211.00  3.64
 1211.70  3.64
 1212.40  3.64
 1213.10  3.64
 1213.80  3.64
 1214.50  3.64
 1215.20  3.64
 1215.90  3.64
 1216.60  3.64
 1217.30  3.64
 1218.00  3.64
 1218.70  3.64
 1219.40  3.64
 1220.10  3.64
 1220.80  3.64
 1221.50  3.64
 1222.20  3.64
 1222.90  3.64
 1223.60  3.64
 1224.30  3.64
 1225.00  3.64
 1225.70  3.64
 1226.40  3.64
 1227.10  3.64
 1227.80  3.64
 1228.50  3.64
 1229.20  3.64
 1229.90  3.64
 1230.60  3.64
 1231.30  3.64
 1232.00  3.64
 1232.70  3.64
 1233.40  3.64
 1234.10  3.64
 1234.80  3.64
 1235.50  3.64
 1236.20  3.64
 1236.90  3.64
 1237.60  3.64
 1238.30  3.64
 1239.00  3.64
 1239.70  3.64
 1240.40  3.64
 1241.10  3.64
 1241.80  3.64
 1242.50  3.64
 1243.20  3.64
 1243.90  3.64
 1244.60  3.64
 1245.30  3.64
 1246.00  3.64
 1246.70  3.65
 1247.40  3.65
 1248.10  3.65
 1248.80  3.65
 1249.50  3.65
 1250.20  3.65
 1250.90  3.65
 1251.60  3.65
 1252.30  3.65
 1253.00  3.65
 1253.70  3.65
 1254.40  3.65
 1255.10  3.65
 1255.80  3.65
 1256.50  3.65
 1257.20  3.65
 1257.90  3.65
 1258.60  3.65
 1259.30  3.65
 1260.00  3.65
 1260.70  3.65
 1261.40  3.65
 1262.10  3.65
 1262.80  3.65
 1263.50  3.65
 1264.20  3.65
 1264.90  3.65
 1265.60  3.65
 1266.30  3.65
 1267.00  3.65
 1267.70  3.65
 1268.40  3.65
 1269.10  3.65
 1269.80  3.65
 1270.50  3.65
 1271.20  3.65
 1271.90  3.65
 1272.60  3.65
 1273.30  3.65
 1274.00  3.65
 1274.70  3.65
 1275.40  3.65
 1276.10  3.65
 1276.80  3.65
 1277.50  3.65
 1278.20  3.65
 1278.90  3.65
 1279.60  3.65
 1280.30  3.65
 1281.00  3.65
 1281.70  3.65
 1282.40  3.65
 1283.10  3.65
 1283.80  3.65
 1284.50  3.65
 1285.20  3.65
 1285.90  3.65
 1286.60  3.65
 1287.30  3.65
 1288.00  3.65
 1288.70  3.65
 1289.40  3.65
 1290.10  3.65
 1290.80  3.65
 1291.50  3.65
 1292.20  3.65
 1292.90  3.65
 1293.60  3.65
 1294.30  3.65
 1295.00  3.65
 1295.70  3.65
 1296.40  3.65
 1297.10  3.65
 1297.80  3.65
 1298.50  3.65
 1299.20  3.65
 1299.90  3.65
 1300.60  3.65
 1301.30  3.65
 1302.00  3.65
 1302.70  3.65
 1303.40  3.65
 1304.10  3.65
 1304.80  3.65
 1305.50  3.65
 1306.20  3.65
 1306.90  3.65
 1307.60  3.65
 1308.30  3.65
 1309.00  3.65
 1309.70  3.65
 1310.40  3.65
 1311.10  3.65
 1311.80  3.65
 1312.50  3.65
 1313.20  3.65
 1313.90  3.65
 1314.60  3.65
 1315.30  3.65
 1316.00  3.65
 1316.70  3.66
 1317.40  3.66
 1318.10  3.66
 1318.80  3.66
 1319.50  3.66
 1320.20  3.66
 1320.90  3.66
 1321.60  3.66
 1322.30  3.66
 1323.00  3.66
 1323.70  3.66
 1324.40  3.66
 1325.10  3.66
 1325.80  3.66
 1326.50  3.66
 1327.20  3.66
 1327.90  3.66
 1328.60  3.66
 1329.30  3.66
 1330.00  3.66
 1330.70  3.66
 1331.40  3.66
 1332.10  3.66
 1332.80  3.66
 1333.50  3.66
 1334.20  3.66
 1334.90  3.66
 1335.60  3.66
 1336.30  3.66
 1337.00  3.66
 1337.70  3.66
 1338.40  3.66
 1339.10  3.66
 1339.80  3.66
 1340.50  3.66
 1341.20  3.66
 1341.90  3.66
 1342.60  3.66
 1343.30  3.66
 1344.00  3.66
 1344.70  3.66
 1345.40  3.66
 1346.10  3.66
 1346.80  3.66
 1347.50  3.66
 1348.20  3.66
 1348.90  3.66
 1349.60  3.66
 1350.30  3.66
 1351.00  3.66
 1351.70  3.66
 1352.40  3.66
 1353.10  3.66
 1353.80  3.66
 1354.50  3.66
 1355.20  3.66
 1355.90  3.66
 1356.60  3.66
 1357.30  3.66
 1358.00  3.66
 1358.70  3.66
 1359.40  3.66
 1360.10  3.66
 1360.80  3.66
 1361.50  3.66
 1362.20  3.66
 1362.90  3.66
 1363.60  3.66
 1364.30  3.66
 1365.00  3.66
 1365.70  3.66
 1366.40  3.66
 1367.10  3.66
 1367.80  3.66
 1368.50  3.66
 1369.20  3.66
 1369.90  3.66
 1370.60  3.66
 1371.30  3.66
 1372.00  3.66
 1372.70  3.66
 1373.40  3.66
 1374.10  3.66
 1374.80  3.66
 1375.50  3.66
 1376.20  3.66
 1376.90  3.66
 1377.60  3.66
 1378.30  3.66
 1379.00  3.66
 1379.70  3.66
 1380.40  3.66
 1381.10  3.66
 1381.80  3.66
 1382.50  3.66
 1383.20  3.66
 1383.90  3.66
 1384.60  3.66
 1385.30  3.66
 1386.00  3.66
 1386.70  3.66
 1387.40  3.66
 1388.10  3.66
 1388.80  3.66
 1389.50  3.66
 1390.20  3.66
 1390.90  3.66
 1391.60  3.66
 1392.30  3.66
 1393.00  3.66
 1393.70  3.66
 1394.40  3.66
 1395.10  3.66
 1395.80  3.66
 1396.50  3.66
 1397.20  3.66
 1397.90  3.66
 1398.60  3.66
 1399.30  3.66
 1400.00  3.66
 1400.70  3.66
 1401.40  3.66
 1402.10  3.66
 1402.80  3.66
 1403.50  3.66
 1404.20  3.66
 1404.90  3.66
 1405.60  3.66
 1406.30  3.66
 1407.00  3.66
 1407.70  3.66
 1408.40  3.66
 1409.10  3.66
 1409.80  3.66
 1410.50  3.66
 1411.20  3.66
 1411.90  3.66
 1412.60  3.66
 1413.30  3.66
 1414.00  3.66
 1414.70  3.66
 1415.40  3.66
 1416.10  3.66
 1416.80  3.66
 1417.50  3.66
 1418.20  3.66
 1418.90  3.66
 1419.60  3.66
 1420.30  3.67
 1421.00  3.67
 1421.70  3.67
 1422.40  3.67
 1423.10  3.67
 1423.80  3.67
 1424.50  3.67
 1425.20  3.67
 1425.90  3.67
 1426.60  3.67
 1427.30  3.67
 1428.00  3.67
 1428.70  3.67
 1429.40  3.67
 1430.10  3.67
 1430.80  3.67
 1431.50  3.67
 1432.20  3.67
 1432.90  3.67
 1433.60  3.67
 1434.30  3.67
 1435.00  3.67
 1435.70  3.67
 1436.40  3.67
 1437.10  3.67
 1437.80  3.67
 1438.50  3.67
 1439.20  3.67
 1439.90  3.67
 1440.60  3.67
 1441.30  3.67
 1442.00  3.67
 1442.70  3.67
 1443.40  3.67
 1444.10  3.67
 1444.80  3.67
 1445.50  3.67
 1446.20  3.67
 1446.90  3.67
 1447.60  3.67
 1448.30  3.67
 1449.00  3.67
 1449.70  3.67
 1450.40  3.67
 1451.10  3.67
 1451.80  3.67
 1452.50  3.67
 1453.20  3.67
 1453.90  3.67
 1454.60  3.67
 1455.30  3.67
 1456.00  3.67
 1456.70  3.67
 1457.40  3.67
 1458.10  3.67
 1458.80  3.67
 1459.50  3.67
 1460.20  3.67
 1460.90  3.67
 1461.60  3.67
 1462.30  3.67
 1463.00  3.67
 1463.70  3.67
 1464.40  3.67
 1465.10  3.67
 1465.80  3.67
 1466.50  3.67
 1467.20  3.67
 1467.90  3.67
 1468.60  3.67
 1469.30  3.67
 1470.00  3.67
 1470.70  3.67
 1471.40  3.67
 1472.10  3.67
 1472.80  3.67
 1473.50  3.67
 1474.20  3.67
 1474.90  3.67
 1475.60  3.67
 1476.30  3.67
 1477.00  3.67
 1477.70  3.67
 1478.40  3.67
 1479.10  3.67
 1479.80  3.67
 1480.50  3.67
 1481.20  3.67
 1481.90  3.67
 1482.60  3.67
 1483.30  3.67
 1484.00  3.67
 1484.70  3.67
 1485.40  3.67
 1486.10  3.67
 1486.80  3.67
 1487.50  3.67
 1488.20  3.67
 1488.90  3.67
 1489.60  3.67
 1490.30  3.67
 1491.00  3.67
 1491.70  3.67
 1492.40  3.67
 1493.10  3.67
 1493.80  3.67
 1494.50  3.67
 1495.20  3.67
 1495.90  3.67
 1496.60  3.67
 1497.30  3.67
 1498.00  3.67
 1498.70  3.67
 1499.40  3.67
 1500.10  3.67
 1500.80  3.67
 1501.50  3.67
 1502.20  3.67
 1502.90  3.67
 1503.60  3.67
 1504.30  3.67
 1505.00  3.67
 1505.70  3.67
 1506.40  3.67
 1507.10  3.67
 1507.80  3.67
 1508.50  3.67
 1509.20  3.67
 1509.90  3.67
 1510.60  3.67
 1511.30  3.67
 1512.00  3.67
 1512.70  3.67
 1513.40  3.67
 1514.10  3.67
 1514.80  3.67
 1515.50  3.67
 1516.20  3.67
 1516.90  3.67
 1517.60  3.67
 1518.30  3.67
 1519.00  3.67
 1519.70  3.67
 1520.40  3.67
 1521.10  3.67
 1521.80  3.67
 1522.50  3.67
 1523.20  3.67
 1523.90  3.67
 1524.60  3.67
 1525.30  3.67
 1526.00  3.67
 1526.70  3.67
 1527.40  3.67
 1528.10  3.67
 1528.80  3.67
 1529.50  3.67
 1530.20  3.67
 1530.90  3.67
 1531.60  3.67
 1532.30  3.67
 1533.00  3.67
 1533.70  3.67
 1534.40  3.67
 1535.10  3.67
 1535.80  3.67
 1536.50  3.67
 1537.20  3.67
 1537.90  3.67
 1538.60  3.67
 1539.30  3.67
 1540.00  3.67
 1540.70  3.67
 1541.40  3.67
 1542.10  3.67
 1542.80  3.67
 1543.50  3.67
 1544.20  3.67
 1544.90  3.67
 1545.60  3.67
 1546.30  3.67
 1547.00  3.67
 1547.70  3.67
 1548.40  3.67
 1549.10  3.67
 1549.80  3.67
 1550.50  3.67
 1551.20  3.67
 1551.90  3.67
 1552.60  3.67
 1553.30  3.67
 1554.00  3.67
 1554.70  3.67
 1555.40  3.67
 1556.10  3.67
 1556.80  3.67
 1557.50  3.67
 1558.20  3.67
 1558.90  3.67
 1559.60  3.67
 1560.30  3.67
 1561.00  3.67
 1561.70  3.67
 1562.40  3.67
 1563.10  3.67
 1563.80  3.67
 1564.50  3.67
 1565.20  3.67
 1565.90  3.67
 1566.60  3.67
 1567.30  3.67
 1568.00  3.67
 1568.70  3.67
 1569.40  3.67
 1570.10  3.67
 1570.80  3.67
 1571.50  3.67
 1572.20  3.67
 1572.90  3.67
 1573.60  3.67
 1574.30  3.67
 1575.00  3.67
 1575.70  3.67
 1576.40  3.67
 1577.10  3.67
 1577.80  3.67
 1578.50  3.67
 1579.20  3.67
 1579.90  3.67
 1580.60  3.67
 1581.30  3.67
 1582.00  3.67
 1582.70  3.67
 1583.40  3.67
 1584.10  3.67
 1584.80  3.67
 1585.50  3.67
 1586.20  3.67
 1586.90  3.67
 1587.60  3.67
 1588.30  3.67
 1589.00  3.67
 1589.70  3.67
 1590.40  3.67
 1591.10  3.67
 1591.80  3.67
 1592.50  3.67
 1593.20  3.67
 1593.90  3.67
 1594.60  3.67
 1595.30  3.67
 1596.00  3.67
 1596.70  3.67
 1597.40  3.67
 1598.10  3.67
 1598.80  3.67
 1599.50  3.67
 1600.20  3.67
 1600.90  3.67
 1601.60  3.67
 1602.30  3.67
 1603.00  3.67
 1603.70  3.67
 1604.40  3.67
 1605.10  3.67
 1605.80  3.67
 1606.50  3.67
 1607.20  3.67
 1607.90  3.67
 1608.60  3.67
 1609.30  3.67
 1610.00  3.67
 1610.70  3.67
 1611.40  3.67
 1612.10  3.67
 1612.80  3.67
 1613.50  3.67
 1614.20  3.67
 1614.90  3.67
 1615.60  3.67
 1616.30  3.67
 1617.00  3.67
 1617.70  3.67
 1618.40  3.67
 1619.10  3.67
 1619.80  3.67
 1620.50  3.67
 1621.20  3.67
 1621.90  3.67
 1622.60  3.67
 1623.30  3.67
 1624.00  3.67
 1624.70  3.67
 1625.40  3.67
 1626.10  3.67
 1626.80  3.67
 1627.50  3.67
 1628.20  3.67
 1628.90  3.67
 1629.60  3.67
 1630.30  3.68
 1631.00  3.68
 1631.70  3.68
 1632.40  3.68
 1633.10  3.68
 1633.80  3.68
 1634.50  3.68
 1635.20  3.68
 1635.90  3.68
 1636.60  3.68
 1637.30  3.68
 1638.00  3.68
 1638.70  3.68
 1639.40  3.68
 1640.10  3.68
 1640.80  3.68
 1641.50  3.68
 1642.20  3.68
 1642.90  3.68
 1643.60  3.68
 1644.30  3.68
 1645.00  3.68
 1645.70  3.68
 1646.40  3.68
 1647.10  3.68
 1647.80  3.68
 1648.50  3.68
 1649.20  3.68
 1649.90  3.68
 1650.60  3.68
 1651.30  3.68
 1652.00  3.68
 1652.70  3.68
 1653.40  3.68
 1654.10  3.68
 1654.80  3.68
 1655.50  3.68
 1656.20  3.68
 1656.90  3.68
 1657.60  3.68
 1658.30  3.68
 1659.00  3.68
 1659.70  3.68
 1660.40  3.68
 1661.10  3.68
 1661.80  3.68
 1662.50  3.68
 1663.20  3.68
 1663.90  3.68
 1664.60  3.68
 1665.30  3.68
 1666.00  3.68
 1666.70  3.68
 1667.40  3.68
 1668.10  3.68
 1668.80  3.68
 1669.50  3.68
 1670.20  3.68
 1670.90  3.68
 1671.60  3.68
 1672.30  3.68
 1673.00  3.68
 1673.70  3.68
 1674.40  3.68
 1675.10  3.68
 1675.80  3.68
 1676.50  3.68
 1677.20  3.68
 1677.90  3.68
 1678.60  3.68
 1679.30  3.68
 1680.00  3.68
 1680.70  3.68
 1681.40  3.68
 1682.10  3.68
 1682.80  3.68
 1683.50  3.68
 1684.20  3.68
 1684.90  3.68
 1685.60  3.68
 1686.30  3.68
 1687.00  3.68
 1687.70  3.68
 1688.40  3.68
 1689.10  3.68
 1689.80  3.68
 1690.50  3.68
 1691.20  3.68
 1691.90  3.68
 1692.60  3.68
 1693.30  3.68
 1694.00  3.68
 1694.70  3.68
 1695.40  3.68
 1696.10  3.68
 1696.80  3.68
 1697.50  3.68
 1698.20  3.68
 1698.90  3.68
 1699.60  3.68
 1700.30  3.68
 1701.00  3.68
 1701.70  3.68
 1702.40  3.68
 1703.10  3.68
 1703.80  3.68
 1704.50  3.68
 1705.20  3.68
 1705.90  3.68
 1706.60  3.68
 1707.30  3.68
 1708.00  3.68
 1708.70  3.68
 1709.40  3.68
 1710.10  3.68
 1710.80  3.68
 1711.50  3.68
 1712.20  3.68
 1712.90  3.68
 1713.60  3.68
 1714.30  3.68
 1715.00  3.68
 1715.70  3.68
 1716.40  3.68
 1717.10  3.68
 1717.80  3.68
 1718.50  3.68
 1719.20  3.68
 1719.90  3.68
 1720.60  3.68
 1721.30  3.68
 1722.00  3.68
 1722.70  3.68
 1723.40  3.68
 1724.10  3.68
 1724.80  3.68
 1725.50  3.68
 1726.20  3.68
 1726.90  3.68
 1727.60  3.68
 1728.30  3.68
 1729.00  3.68
 1729.70  3.68
 1730.40  3.68
 1731.10  3.68
 1731.80  3.68
 1732.50  3.68
 1733.20  3.68
 1733.90  3.68
 1734.60  3.68
 1735.30  3.68
 1736.00  3.68
 1736.70  3.68
 1737.40  3.68
 1738.10  3.68
 1738.80  3.68
 1739.50  3.68
 1740.20  3.68
 1740.90  3.68
 1741.60  3.68
 1742.30  3.68
 1743.00  3.68
 1743.70  3.68
 1744.40  3.68
 1745.10  3.68
 1745.80  3.68
 1746.50  3.68
 1747.20  3.68
 1747.90  3.68
 1748.60  3.68
 1749.30  3.68
 1750.00  3.68
 1750.70  3.68
 1751.40  3.68
 1752.10  3.68
 1752.80  3.68
 1753.50  3.68
 1754.20  3.68
 1754.90  3.68
 1755.60  3.68
 1756.30  3.68
 1757.00  3.68
 1757.70  3.68
 1758.40  3.68
 1759.10  3.68
 1759.80  3.68
 1760.50  3.68
 1761.20  3.68
 1761.90  3.68
 1762.60  3.68
 1763.30  3.68
 1764.00  3.68
 1764.70  3.68
 1765.40  3.68
 1766.10  3.68
 1766.80  3.68
 1767.50  3.68
 1768.20  3.68
 1768.90  3.68
 1769.60  3.68
 1770.30  3.68
 1771.00  3.68
 1771.70  3.68
 1772.40  3.68
 1773.10  3.68
 1773.80  3.68
 1774.50  3.68
 1775.20  3.68
 1775.90  3.68
 1776.60  3.68
 1777.30  3.68
 1778.00  3.68
 1778.70  3.68
 1779.40  3.68
 1780.10  3.68
 1780.80  3.68
 1781.50  3.68
 1782.20  3.68
 1782.90  3.68
 1783.60  3.68
 1784.30  3.68
 1785.00  3.68
 1785.70  3.68
 1786.40  3.68
 1787.10  3.68
 1787.80  3.68
 1788.50  3.68
 1789.20  3.68
 1789.90  3.68
 1790.60  3.68
 1791.30  3.68
 1792.00  3.68
 1792.70  3.68
 1793.40  3.68
 1794.10  3.68
 1794.80  3.68
 1795.50  3.68
 1796.20  3.68
 1796.90  3.68
 1797.60  3.68
 1798.30  3.68
 1799.00  3.68
 1799.70  3.68
 1800.40  3.68
 1801.10  3.68
 1801.80  3.68
 1802.50  3.68
 1803.20  3.68
 1803.90  3.68
 1804.60  3.68
 1805.30  3.68
 1806.00  3.68
 1806.70  3.68
 1807.40  3.68
 1808.10  3.68
 1808.80  3.68
 1809.50  3.68
 1810.20  3.68
 1810.90  3.68
 1811.60  3.68
 1812.30  3.68
 1813.00  3.68
 1813.70  3.68
 1814.40  3.68
 1815.10  3.68
 1815.80  3.68
 1816.50  3.68
 1817.20  3.68
 1817.90  3.68
 1818.60  3.68
 1819.30  3.68
 1820.00  3.68
 1820.70  3.68
 1821.40  3.68
 1822.10  3.68
 1822.80  3.68
 1823.50  3.68
 1824.20  3.68
 1824.90  3.68
 1825.60  3.68
 1826.30  3.68
 1827.00  3.68
 1827.70  3.68
 1828.40  3.68
 1829.10  3.68
 1829.80  3.68
 1830.50  3.68
 1831.20  3.68
 1831.90  3.68
 1832.60  3.68
 1833.30  3.68
 1834.00  3.68
 1834.70  3.68
 1835.40  3.68
 1836.10  3.68
 1836.80  3.68
 1837.50  3.68
 1838.20  3.68
 1838.90  3.68
 1839.60  3.68
 1840.30  3.68
 1841.00  3.68
 1841.70  3.68
 1842.40  3.68
 1843.10  3.68
 1843.80  3.68
 1844.50  3.68
 1845.20  3.68
 1845.90  3.68
 1846.60  3.68
 1847.30  3.68
 1848.00  3.68
 1848.70  3.68
 1849.40  3.68
 1850.10  3.68
 1850.80  3.68
 1851.50  3.68
 1852.20  3.68
 1852.90  3.68
 1853.60  3.68
 1854.30  3.68
 1855.00  3.68
 1855.70  3.68
 1856.40  3.68
 1857.10  3.68
 1857.80  3.68
 1858.50  3.68
 1859.20  3.68
 1859.90  3.68
 1860.60  3.68
 1861.30  3.68
 1862.00  3.68
 1862.70  3.68
 1863.40  3.68
 1864.10  3.68
 1864.80  3.68
 1865.50  3.68
 1866.20  3.68
 1866.90  3.68
 1867.60  3.68
 1868.30  3.68
 1869.00  3.68
 1869.70  3.68
 1870.40  3.68
 1871.10  3.68
 1871.80  3.68
 1872.50  3.68
 1873.20  3.68
 1873.90  3.68
 1874.60  3.68
 1875.30  3.68
 1876.00  3.68
 1876.70  3.68
 1877.40  3.68
 1878.10  3.68
 1878.80  3.68
 1879.50  3.68
 1880.20  3.68
 1880.90  3.68
 1881.60  3.68
 1882.30  3.68
 1883.00  3.68
 1883.70  3.68
 1884.40  3.68
 1885.10  3.68
 1885.80  3.68
 1886.50  3.68
 1887.20  3.68
 1887.90  3.68
 1888.60  3.68
 1889.30  3.68
 1890.00  3.68
 1890.70  3.68
 1891.40  3.68
 1892.10  3.68
 1892.80  3.68
 1893.50  3.68
 1894.20  3.68
 1894.90  3.68
 1895.60  3.68
 1896.30  3.68
 1897.00  3.68
 1897.70  3.68
 1898.40  3.68
 1899.10  3.68
 1899.80  3.68
 1900.50  3.68
 1901.20  3.68
 1901.90  3.68
 1902.60  3.68
 1903.30  3.68
 1904.00  3.68
 1904.70  3.68
 1905.40  3.68
 1906.10  3.68
 1906.80  3.68
 1907.50  3.68
 1908.20  3.68
 1908.90  3.68
 1909.60  3.68
 1910.30  3.68
 1911.00  3.68
 1911.70  3.68
 1912.40  3.68
 1913.10  3.68
 1913.80  3.68
 1914.50  3.68
 1915.20  3.68
 1915.90  3.68
 1916.60  3.68
 1917.30  3.68
 1918.00  3.68
 1918.70  3.68
 1919.40  3.68
 1920.10  3.68
 1920.80  3.68
 1921.50  3.68
 1922.20  3.68
 1922.90  3.68
 1923.60  3.68
 1924.30  3.68
 1925.00  3.68
 1925.70  3.68
 1926.40  3.68
 1927.10  3.68
 1927.80  3.68
 1928.50  3.68
 1929.20  3.68
 1929.90  3.68
 1930.60  3.68
 1931.30  3.68
 1932.00  3.68
 1932.70  3.68
 1933.40  3.68
 1934.10  3.68
 1934.80  3.68
 1935.50  3.68
 1936.20  3.68
 1936.90  3.68
 1937.60  3.68
 1938.30  3.68
 1939.00  3.68
 1939.70  3.68
 1940.40  3.68
 1941.10  3.68
 1941.80  3.68
 1942.50  3.68
 1943.20  3.68
 1943.90  3.68
 1944.60  3.68
 1945.30  3.68
 1946.00  3.68
 1946.70  3.68
 1947.40  3.68
 1948.10  3.68
 1948.80  3.68
 1949.50  3.68
 1950.20  3.68
 1950.90  3.68
 1951.60  3.68
 1952.30  3.68
 1953.00  3.68
 1953.70  3.68
 1954.40  3.68
 1955.10  3.68
 1955.80  3.68
 1956.50  3.68
 1957.20  3.68
 1957.90  3.68
 1958.60  3.68
 1959.30  3.68
 1960.00  3.68
 1960.70  3.68
 1961.40  3.68
 1962.10  3.68
 1962.80  3.68
 1963.50  3.68
 1964.20  3.68
 1964.90  3.68
 1965.60  3.68
 1966.30  3.68
 1967.00  3.68
 1967.70  3.68
 1968.40  3.68
 1969.10  3.68
 1969.80  3.68
 1970.50  3.68
 1971.20  3.68
 1971.90  3.68
 1972.60  3.68
 1973.30  3.68
 1974.00  3.68
 1974.70  3.68
 1975.40  3.68
 1976.10  3.68
 1976.80  3.68
 1977.50  3.68
 1978.20  3.68
 1978.90  3.68
 1979.60  3.68
 1980.30  3.68
 1981.00  3.68
 1981.70  3.68
 1982.40  3.68
 1983.10  3.68
 1983.80  3.68
 1984.50  3.68
 1985.20  3.68
 1985.90  3.68
 1986.60  3.68
 1987.30  3.68
 1988.00  3.68
 1988.70  3.68
 1989.40  3.68
 1990.10  3.68
 1990.80  3.68
 1991.50  3.68
 1992.20  3.68
 1992.90  3.68
 1993.60  3.68
 1994.30  3.68
 1995.00  3.68
 1995.70  3.68
 1996.40  3.68
 1997.10  3.68
 1997.80  3.68
 1998.50  3.68
 1999.20  3.68
 1999.90  3.68
 2000.60  3.68
 2001.30  3.68
 2002.00  3.68
 2002.70  3.68
 2003.40  3.68
 2004.10  3.68
 2004.80  3.68
 2005.50  3.68
 2006.20  3.68
 2006.90  3.68
 2007.60  3.68
 2008.30  3.68
 2009.00  3.68
 2009.70  3.68
 2010.40  3.68
 2011.10  3.68
 2011.80  3.68
 2012.50  3.68
 2013.20  3.68
 2013.90  3.68
 2014.60  3.68
 2015.30  3.68
 2016.00  3.68
 2016.70  3.68
 2017.40  3.68
 2018.10  3.68
 2018.80  3.68
 2019.50  3.68
 2020.20  3.68
 2020.90  3.68
 2021.60  3.68
 2022.30  3.68
 2023.00  3.68
 2023.70  3.68
 2024.40  3.68
 2025.10  3.68
 2025.80  3.68
 2026.50  3.68
 2027.20  3.68
 2027.90  3.68
 2028.60  3.68
 2029.30  3.68
 2030.00  3.68
 2030.70  3.68
 2031.40  3.68
 2032.10  3.68
 2032.80  3.68
 2033.50  3.68
 2034.20  3.68
 2034.90  3.68
 2035.60  3.68
 2036.30  3.68
 2037.00  3.68
 2037.70  3.68
 2038.40  3.68
 2039.10  3.68
 2039.80  3.68
 2040.50  3.68
 2041.20  3.68
 2041.90  3.68
 2042.60  3.68
 2043.30  3.68
 2044.00  3.68
 2044.70  3.68
 2045.40  3.68
 2046.10  3.68
 2046.80  3.68
 2047.50  3.68
 2048.20  3.68
 2048.90  3.68
 2049.60  3.68
 2050.30  3.68
 2051.00  3.68
 2051.70  3.68
 2052.40  3.68
 2053.10  3.68
 2053.80  3.68
 2054.50  3.68
 2055.20  3.68
 2055.90  3.68
 2056.60  3.68
 2057.30  3.68
 2058.00  3.68
 2058.70  3.68
 2059.40  3.68
 2060.10  3.68
 2060.80  3.68
 2061.50  3.68
 2062.20  3.68
 2062.90  3.68
 2063.60  3.68
 2064.30  3.68
 2065.00  3.68
 2065.70  3.68
 2066.40  3.68
 2067.10  3.68
 2067.80  3.68
 2068.50  3.68
 2069.20  3.68
 2069.90  3.68
 2070.60  3.68
 2071.30  3.68
 2072.00  3.68
 2072.70  3.68
 2073.40  3.68
 2074.10  3.68
 2074.80  3.68
 2075.50  3.68
 2076.20  3.68
 2076.90  3.68
 2077.60  3.68
 2078.30  3.68
 2079.00  3.68
 2079.70  3.68
 2080.40  3.68
 2081.10  3.68
 2081.80  3.68
 2082.50  3.68
 2083.20  3.68
 2083.90  3.68
 2084.60  3.68
 2085.30  3.68
 2086.00  3.68
 2086.70  3.68
 2087.40  3.68
 2088.10  3.68
 2088.80  3.68
 2089.50  3.68
 2090.20  3.68
 2090.90  3.68
 2091.60  3.68
 2092.30  3.68
 2093.00  3.68
 2093.70  3.68
 2094.40  3.68
 2095.10  3.68
 2095.80  3.68
 2096.50  3.68
 2097.20  3.68
 2097.90  3.68
 2098.60  3.68
 2099.30  3.68
 2100.00  3.68
 2100.70  3.68
 2101.40  3.68
 2102.10  3.68
 2102.80  3.68
 2103.50  3.68
 2104.20  3.68
 2104.90  3.68
 2105.60  3.68
 2106.30  3.68
 2107.00  3.68
 2107.70  3.68
 2108.40  3.68
 2109.10  3.68
 2109.80  3.68
 2110.50  3.68
 2111.20  3.68
 2111.90  3.68
 2112.60  3.68
 2113.30  3.68
 2114.00  3.68
 2114.70  3.68
 2115.40  3.68
 2116.10  3.68
 2116.80  3.68
 2117.50  3.68
 2118.20  3.68
 2118.90  3.68
 2119.60  3.68
 2120.30  3.68
 2121.00  3.68
 2121.70  3.68
 2122.40  3.68
 2123.10  3.68
 2123.80  3.68
 2124.50  3.68
 2125.20  3.68
 2125.90  3.68
 2126.60  3.68
 2127.30  3.68
 2128.00  3.68
 2128.70  3.68
 2129.40  3.68
 2130.10  3.68
 2130.80  3.68
 2131.50  3.68
 2132.20  3.68
 2132.90  3.68
 2133.60  3.68
 2134.30  3.68
 2135.00  3.68
 2135.70  3.68
 2136.40  3.68
 2137.10  3.68
 2137.80  3.68
 2138.50  3.68
 2139.20  3.68
 2139.90  3.68
 2140.60  3.68
 2141.30  3.68
 2142.00  3.68
 2142.70  3.68
 2143.40  3.68
 2144.10  3.68
 2144.80  3.68
 2145.50  3.68
 2146.20  3.68
 2146.90  3.68
 2147.60  3.68
 2148.30  3.68
 2149.00  3.68
 2149.70  3.68
 2150.40  3.68
 2151.10  3.68
 2151.80  3.68
 2152.50  3.68
 2153.20  3.68
 2153.90  3.68
 2154.60  3.68
 2155.30  3.68
 2156.00  3.68
 2156.70  3.68
 2157.40  3.68
 2158.10  3.68
 2158.80  3.68
 2159.50  3.68
 2160.20  3.68
 2160.90  3.68
 2161.60  3.68
 2162.30  3.68
 2163.00  3.68
 2163.70  3.68
 2164.40  3.68
 2165.10  3.68
 2165.80  3.68
 2166.50  3.68
 2167.20  3.68
 2167.90  3.68
 2168.60  3.68
 2169.30  3.68
 2170.00  3.68
 2170.70  3.68
 2171.40  3.68
 2172.10  3.68
 2172.80  3.68
 2173.50  3.68
 2174.20  3.68
 2174.90  3.68
 2175.60  3.68
 2176.30  3.68
 2177.00  3.68
 2177.70  3.68
 2178.40  3.68
 2179.10  3.68
 2179.80  3.68
 2180.50  3.68
 2181.20  3.68
 2181.90  3.68
 2182.60  3.68
 2183.30  3.68
 2184.00  3.68
 2184.70  3.68
 2185.40  3.68
 2186.10  3.68
 2186.80  3.68
 2187.50  3.68
 2188.20  3.68
 2188.90  3.68
 2189.60  3.68
 2190.30  3.68
 2191.00  3.68
 2191.70  3.68
 2192.40  3.68
 2193.10  3.68
 2193.80  3.68
 2194.50  3.68
 2195.20  3.68
 2195.90  3.68
 2196.60  3.68
 2197.30  3.68
 2198.00  3.68
 2198.70  3.68
 2199.40  3.68
 2200.10  3.68
 2200.80  3.68
 2201.50  3.68
 2202.20  3.68
 2202.90  3.68
 2203.60  3.68
 2204.30  3.68
 2205.00  3.68
 2205.70  3.68
 2206.40  3.68
 2207.10  3.68
 2207.80  3.68
 2208.50  3.68
 2209.20  3.68
 2209.90  3.68
 2210.60  3.68
 2211.30  3.68
 2212.00  3.68
 2212.70  3.68
 2213.40  3.68
 2214.10  3.68
 2214.80  3.68
 2215.50  3.68
 2216.20  3.68
 2216.90  3.68
 2217.60  3.68
 2218.30  3.68
 2219.00  3.68
 2219.70  3.68
 2220.40  3.68
 2221.10  3.68
 2221.80  3.68
 2222.50  3.68
 2223.20  3.68
 2223.90  3.68
 2224.60  3.68
 2225.30  3.68
 2226.00  3.68
 2226.70  3.68
 2227.40  3.68
 2228.10  3.68
 2228.80  3.68
 2229.50  3.68
 2230.20  3.68
 2230.90  3.68
 2231.60  3.68
 2232.30  3.68
 2233.00  3.68
 2233.70  3.68
 2234.40  3.68
 2235.10  3.68
 2235.80  3.68
 2236.50  3.68
 2237.20  3.68
 2237.90  3.68
 2238.60  3.68
 2239.30  3.68
 2240.00  3.68
 2240.70  3.68
 2241.40  3.68
 2242.10  3.68
 2242.80  3.68
 2243.50  3.68
 2244.20  3.68
 2244.90  3.68
 2245.60  3.68
 2246.30  3.68
 2247.00  3.68
 2247.70  3.68
 2248.40  3.68
 2249.10  3.68
 2249.80  3.68
 2250.50  3.68
 2251.20  3.68
 2251.90  3.68
 2252.60  3.68
 2253.30  3.68
 2254.00  3.68
 2254.70  3.68
 2255.40  3.68
 2256.10  3.68
 2256.80  3.68
 2257.50  3.68
 2258.20  3.68
 2258.90  3.68
 2259.60  3.68
 2260.30  3.68
 2261.00  3.68
 2261.70  3.68
 2262.40  3.68
 2263.10  3.68
 2263.80  3.68
 2264.50  3.68
 2265.20  3.68
 2265.90  3.68
 2266.60  3.68
 2267.30  3.68
 2268.00  3.68
 2268.70  3.68
 2269.40  3.68
 2270.10  3.68
 2270.80  3.68
 2271.50  3.68
 2272.20  3.68
 2272.90  3.68
 2273.60  3.68
 2274.30  3.68
 2275.00  3.68
 2275.70  3.68
 2276.40  3.68
 2277.10  3.68
 2277.80  3.68
 2278.50  3.68
 2279.20  3.68
 2279.90  3.68
 2280.60  3.68
 2281.30  3.68
 2282.00  3.68
 2282.70  3.68
 2283.40  3.68
 2284.10  3.68
 2284.80  3.68
 2285.50  3.68
 2286.20  3.68
 2286.90  3.68
 2287.60  3.68
 2288.30  3.68
 2289.00  3.68
 2289.70  3.68
 2290.40  3.68
 2291.10  3.68
 2291.80  3.68
 2292.50  3.68
 2293.20  3.68
 2293.90  3.68
 2294.60  3.68
 2295.30  3.68
 2296.00  3.68
 2296.70  3.68
 2297.40  3.68
 2298.10  3.68
 2298.80  3.68
 2299.50  3.68
 2300.20  3.68
 2300.90  3.68
 2301.60  3.68
 2302.30  3.68
 2303.00  3.68
 2303.70  3.68
 2304.40  3.68
 2305.10  3.68
 2305.80  3.68
 2306.50  3.68
 2307.20  3.68
 2307.90  3.68
 2308.60  3.68
 2309.30  3.68
 2310.00  3.68
 2310.70  3.68
 2311.40  3.68
 2312.10  3.68
 2312.80  3.68
 2313.50  3.68
 2314.20  3.68
 2314.90  3.68
 2315.60  3.68
 2316.30  3.68
 2317.00  3.68
 2317.70  3.68
 2318.40  3.68
 2319.10  3.68
 2319.80  3.68
 2320.50  3.68
 2321.20  3.68
 2321.90  3.68
 2322.60  3.68
 2323.30  3.68
 2324.00  3.68
 2324.70  3.68
 2325.40  3.68
 2326.10  3.68
 2326.80  3.68
 2327.50  3.68
 2328.20  3.68
 2328.90  3.68
 2329.60  3.68
 2330.30  3.68
 2331.00  3.68
 2331.70  3.68
 2332.40  3.68
 2333.10  3.68
 2333.80  3.68
 2334.50  3.68
 2335.20  3.68
 2335.90  3.68
 2336.60  3.68
 2337.30  3.68
 2338.00  3.68
 2338.70  3.68
 2339.40  3.68
 2340.10  3.68
 2340.80  3.68
 2341.50  3.68
 2342.20  3.68
 2342.90  3.68
 2343.60  3.68
 2344.30  3.68
 2345.00  3.68
 2345.70  3.68
 2346.40  3.68
 2347.10  3.68
 2347.80  3.68
 2348.50  3.68
 2349.20  3.68
 2349.90  3.68
 2350.60  3.68
 2351.30  3.68
 2352.00  3.68
 2352.70  3.68
 2353.40  3.68
 2354.10  3.68
 2354.80  3.68
 2355.50  3.68
 2356.20  3.68
 2356.90  3.68
 2357.60  3.68
 2358.30  3.68
 2359.00  3.68
 2359.70  3.68
 2360.40  3.68
 2361.10  3.68
 2361.80  3.68
 2362.50  3.68
 2363.20  3.68
 2363.90  3.68
 2364.60  3.68
 2365.30  3.68
 2366.00  3.68
 2366.70  3.68
 2367.40  3.68
 2368.10  3.68
 2368.80  3.68
 2369.50  3.68
 2370.20  3.68
 2370.90  3.68
 2371.60  3.68
 2372.30  3.68
 2373.00  3.68
 2373.70  3.68
 2374.40  3.68
 2375.10  3.68
 2375.80  3.68
 2376.50  3.68
 2377.20  3.68
 2377.90  3.68
 2378.60  3.68
 2379.30  3.68
 2380.00  3.68
 2380.70  3.68
 2381.40  3.68
 2382.10  3.68
 2382.80  3.68
 2383.50  3.68
 2384.20  3.68
 2384.90  3.68
 2385.60  3.68
 2386.30  3.68
 2387.00  3.68
 2387.70  3.68
 2388.40  3.68
 2389.10  3.68
 2389.80  3.68
 2390.50  3.68
 2391.20  3.68
 2391.90  3.68
 2392.60  3.68
 2393.30  3.68
 2394.00  3.68
 2394.70  3.68
 2395.40  3.68
 2396.10  3.68
 2396.80  3.68
 2397.50  3.68
 2398.20  3.68
 2398.90  3.68
 2399.60  3.68
 2400.30  3.68
 2401.00  3.68
 2401.70  3.68
 2402.40  3.68
 2403.10  3.68
 2403.80  3.68
 2404.50  3.68
 2405.20  3.68
 2405.90  3.68
 2406.60  3.68
 2407.30  3.68
 2408.00  3.68
 2408.70  3.68
 2409.40  3.68
 2410.10  3.68
 2410.80  3.68
 2411.50  3.68
 2412.20  3.68
 2412.90  3.68
 2413.60  3.68
 2414.30  3.68
 2415.00  3.68
 2415.70  3.68
 2416.40  3.68
 2417.10  3.68
 2417.80  3.68
 2418.50  3.68
 2419.20  3.68
 2419.90  3.68
 2420.60  3.68
 2421.30  3.68
 2422.00  3.68
 2422.70  3.68
 2423.40  3.68
 2424.10  3.68
 2424.80  3.68
 2425.50  3.68
 2426.20  3.68
 2426.90  3.68
 2427.60  3.68
 2428.30  3.68
 2429.00  3.68
 2429.70  3.68
 2430.40  3.68
 2431.10  3.68
 2431.80  3.68
 2432.50  3.68
 2433.20  3.68
 2433.90  3.68
 2434.60  3.68
 2435.30  3.68
 2436.00  3.68
 2436.70  3.68
 2437.40  3.68
 2438.10  3.68
 2438.80  3.68
 2439.50  3.68
 2440.20  3.68
 2440.90  3.68
 2441.60  3.68
 2442.30  3.68
 2443.00  3.68
 2443.70  3.68
 2444.40  3.68
 2445.10  3.68
 2445.80  3.68
 2446.50  3.68
 2447.20  3.68
 2447.90  3.68
 2448.60  3.68
 2449.30  3.68
 2450.00  3.68
 2450.70  3.68
 2451.40  3.68
 2452.10  3.68
 2452.80  3.68
 2453.50  3.68
 2454.20  3.68
 2454.90  3.68
 2455.60  3.68
 2456.30  3.68
 2457.00  3.68
 2457.70  3.68
 2458.40  3.68
 2459.10  3.68
 2459.80  3.68
 2460.50  3.68
 2461.20  3.68
 2461.90  3.68
 2462.60  3.68
 2463.30  3.68
 2464.00  3.68
 2464.70  3.68
 2465.40  3.68
 2466.10  3.68
 2466.80  3.68
 2467.50  3.68
 2468.20  3.68
 2468.90  3.68
 2469.60  3.68
 2470.30  3.68
 2471.00  3.68
 2471.70  3.68
 2472.40  3.68
 2473.10  3.68
 2473.80  3.68
 2474.50  3.68
 2475.20  3.68
 2475.90  3.68
 2476.60  3.68
 2477.30  3.68
 2478.00  3.68
 2478.70  3.68
 2479.40  3.68
 2480.10  3.68
 2480.80  3.68
 2481.50  3.68
 2482.20  3.68
 2482.90  3.68
 2483.60  3.68
 2484.30  3.68
 2485.00  3.68
 2485.70  3.68
 2486.40  3.68
 2487.10  3.68
 2487.80  3.68
 2488.50  3.68
 2489.20  3.68
 2489.90  3.68
 2490.60  3.68
 2491.30  3.68
 2492.00  3.68
 2492.70  3.68
 2493.40  3.68
 2494.10  3.68
 2494.80  3.68
 2495.50  3.68
 2496.20  3.68
 2496.90  3.68
 2497.60  3.68
 2498.30  3.68
 2499.00  3.68
 2499.70  3.68
 2500.40  3.68
 2501.10  3.68
 2501.80  3.68
 2502.50  3.68
 2503.20  3.68
 2503.90  3.68
 2504.60  3.68
 2505.30  3.68
 2506.00  3.68
 2506.70  3.68
 2507.40  3.68
 2508.10  3.68
 2508.80  3.68
 2509.50  3.68
 2510.20  3.68
 2510.90  3.68
 2511.60  3.68
 2512.30  3.68
 2513.00  3.68
 2513.70  3.68
 2514.40  3.68
 2515.10  3.68
 2515.80  3.68
 2516.50  3.68
 2517.20  3.68
 2517.90  3.68
 2518.60  3.68
 2519.30  3.68
 2520.00  3.68
 2520.70  3.68
 2521.40  3.68
 2522.10  3.68
 2522.80  3.68
 2523.50  3.68
 2524.20  3.68
 2524.90  3.68
 2525.60  3.68
 2526.30  3.68
 2527.00  3.68
 2527.70  3.68
 2528.40  3.68
 2529.10  3.68
 2529.80  3.68
 2530.50  3.68
 2531.20  3.68
 2531.90  3.68
 2532.60  3.68
 2533.30  3.68
 2534.00  3.68
 2534.70  3.68
 2535.40  3.68
 2536.10  3.68
 2536.80  3.68
 2537.50  3.68
 2538.20  3.68
 2538.90  3.68
 2539.60  3.68
 2540.30  3.68
 2541.00  3.68
 2541.70  3.68
 2542.40  3.68
 2543.10  3.68
 2543.80  3.68
 2544.50  3.68
 2545.20  3.68
 2545.90  3.68
 2546.60  3.68
 2547.30  3.68
 2548.00  3.68
 2548.70  3.68
 2549.40  3.68
 2550.10  3.68
 2550.80  3.68
 2551.50  3.68
 2552.20  3.68
 2552.90  3.68
 2553.60  3.68
 2554.30  3.68
 2555.00  3.68
 2555.70  3.68
 2556.40  3.68
 2557.10  3.68
 2557.80  3.68
 2558.50  3.68
 2559.20  3.68
 2559.90  3.68
 2560.60  3.68
 2561.30  3.68
 2562.00  3.68
 2562.70  3.68
 2563.40  3.68
 2564.10  3.68
 2564.80  3.68
 2565.50  3.68
 2566.20  3.68
 2566.90  3.68
 2567.60  3.68
 2568.30  3.68
 2569.00  3.68
 2569.70  3.68
 2570.40  3.68
 2571.10  3.68
 2571.80  3.68
 2572.50  3.68
 2573.20  3.68
 2573.90  3.68
 2574.60  3.68
 2575.30  3.68
 2576.00  3.68
 2576.70  3.68
 2577.40  3.68
 2578.10  3.68
 2578.80  3.68
 2579.50  3.68
 2580.20  3.68
 2580.90  3.68
 2581.60  3.68
 2582.30  3.68
 2583.00  3.68
 2583.70  3.68
 2584.40  3.68
 2585.10  3.68
 2585.80  3.68
 2586.50  3.68
 2587.20  3.68
 2587.90  3.68
 2588.60  3.68
 2589.30  3.68
 2590.00  3.68
 2590.70  3.68
 2591.40  3.68
 2592.10  3.68
 2592.80  3.68
 2593.50  3.68
 2594.20  3.68
 2594.90  3.68
 2595.60  3.68
 2596.30  3.68
 2597.00  3.68
 2597.70  3.68
 2598.40  3.68
 2599.10  3.68
 2599.80  3.68
 2600.50  3.68
 2601.20  3.68
 2601.90  3.68
 2602.60  3.68
 2603.30  3.68
 2604.00  3.68
 2604.70  3.68
 2605.40  3.68
 2606.10  3.68
 2606.80  3.68
 2607.50  3.68
 2608.20  3.68
 2608.90  3.68
 2609.60  3.68
 2610.30  3.68
 2611.00  3.68
 2611.70  3.68
 2612.40  3.68
 2613.10  3.68
 2613.80  3.68
 2614.50  3.68
 2615.20  3.68
 2615.90  3.68
 2616.60  3.68
 2617.30  3.68
 2618.00  3.68
 2618.70  3.68
 2619.40  3.68
 2620.10  3.68
 2620.80  3.68
 2621.50  3.68
 2622.20  3.68
 2622.90  3.68
 2623.60  3.68
 2624.30  3.68
 2625.00  3.68
 2625.70  3.68
 2626.40  3.68
 2627.10  3.68
 2627.80  3.68
 2628.50  3.68
 2629.20  3.68
 2629.90  3.68
 2630.60  3.68
 2631.30  3.68
 2632.00  3.68
 2632.70  3.68
 2633.40  3.68
 2634.10  3.68
 2634.80  3.68
 2635.50  3.68
 2636.20  3.68
 2636.90  3.68
 2637.60  3.68
 2638.30  3.68
 2639.00  3.68
 2639.70  3.68
 2640.40  3.68
 2641.10  3.68
 2641.80  3.68
 2642.50  3.68
 2643.20  3.68
 2643.90  3.68
 2644.60  3.68
 2645.30  3.68
 2646.00  3.68
 2646.70  3.68
 2647.40  3.68
 2648.10  3.68
 2648.80  3.68
 2649.50  3.68
 2650.20  3.68
 2650.90  3.68
 2651.60  3.68
 2652.30  3.68
 2653.00  3.68
 2653.70  3.68
 2654.40  3.68
 2655.10  3.68
 2655.80  3.68
 2656.50  3.68
 2657.20  3.68
 2657.90  3.68
 2658.60  3.68
 2659.30  3.68
 2660.00  3.68
 2660.70  3.68
 2661.40  3.68
 2662.10  3.68
 2662.80  3.68
 2663.50  3.68
 2664.20  3.68
 2664.90  3.68
 2665.60  3.68
 2666.30  3.68
 2667.00  3.68
 2667.70  3.68
 2668.40  3.68
 2669.10  3.68
 2669.80  3.68
 2670.50  3.68
 2671.20  3.68
 2671.90  3.68
 2672.60  3.68
 2673.30  3.68
 2674.00  3.68
 2674.70  3.68
 2675.40  3.68
 2676.10  3.68
 2676.80  3.68
 2677.50  3.68
 2678.20  3.68
 2678.90  3.68
 2679.60  3.68
 2680.30  3.68
 2681.00  3.68
 2681.70  3.68
 2682.40  3.68
 2683.10  3.68
 2683.80  3.68
 2684.50  3.68
 2685.20  3.68
 2685.90  3.68
 2686.60  3.68
 2687.30  3.68
 2688.00  3.68
 2688.70  3.68
 2689.40  3.68
 2690.10  3.68
 2690.80  3.68
 2691.50  3.68
 2692.20  3.68
 2692.90  3.68
 2693.60  3.68
 2694.30  3.68
 2695.00  3.68
 2695.70  3.68
 2696.40  3.68
 2697.10  3.68
 2697.80  3.68
 2698.50  3.68
 2699.20  3.68
 2699.90  3.68
 2700.60  3.68
 2701.30  3.68
 2702.00  3.68
 2702.70  3.68
 2703.40  3.68
 2704.10  3.68
 2704.80  3.68
 2705.50  3.68
 2706.20  3.68
 2706.90  3.68
 2707.60  3.68
 2708.30  3.68
 2709.00  3.68
 2709.70  3.68
 2710.40  3.68
 2711.10  3.68
 2711.80  3.68
 2712.50  3.68
 2713.20  3.68
 2713.90  3.68
 2714.60  3.68
 2715.30  3.68
 2716.00  3.68
 2716.70  3.68
 2717.40  3.68
 2718.10  3.68
 2718.80  3.68
 2719.50  3.68
 2720.20  3.68
 2720.90  3.68
 2721.60  3.68
 2722.30  3.68
 2723.00  3.68
 2723.70  3.68
 2724.40  3.68
 2725.10  3.68
 2725.80  3.68
 2726.50  3.68
 2727.20  3.68
 2727.90  3.68
 2728.60  3.68
 2729.30  3.68
 2730.00  3.68
 2730.70  3.68
 2731.40  3.68
 2732.10  3.68
 2732.80  3.68
 2733.50  3.68
 2734.20  3.68
 2734.90  3.68
 2735.60  3.68
 2736.30  3.68
 2737.00  3.68
 2737.70  3.68
 2738.40  3.68
 2739.10  3.68
 2739.80  3.68
 2740.50  3.68
 2741.20  3.68
 2741.90  3.68
 2742.60  3.68
 2743.30  3.68
 2744.00  3.68
 2744.70  3.68
 2745.40  3.68
 2746.10  3.68
 2746.80  3.68
 2747.50  3.68
 2748.20  3.68
 2748.90  3.68
 2749.60  3.68
 2750.30  3.68
 2751.00  3.68
 2751.70  3.68
 2752.40  3.68
 2753.10  3.68
 2753.80  3.68
 2754.50  3.68
 2755.20  3.68
 2755.90  3.68
 2756.60  3.68
 2757.30  3.68
 2758.00  3.68
 2758.70  3.68
 2759.40  3.68
 2760.10  3.68
 2760.80  3.68
 2761.50  3.68
 2762.20  3.68
 2762.90  3.68
 2763.60  3.68
 2764.30  3.68
 2765.00  3.68
 2765.70  3.68
 2766.40  3.68
 2767.10  3.68
 2767.80  3.68
 2768.50  3.68
 2769.20  3.68
 2769.90  3.68
 2770.60  3.68
 2771.30  3.68
 2772.00  3.68
 2772.70  3.68
 2773.40  3.68
 2774.10  3.68
 2774.80  3.68
 2775.50  3.68
 2776.20  3.68
 2776.90  3.68
 2777.60  3.68
 2778.30  3.68
 2779.00  3.68
 2779.70  3.68
 2780.40  3.68
 2781.10  3.68
 2781.80  3.68
 2782.50  3.68
 2783.20  3.68
 2783.90  3.68
 2784.60  3.68
 2785.30  3.68
 2786.00  3.68
 2786.70  3.68
 2787.40  3.68
 2788.10  3.68
 2788.80  3.68
 2789.50  3.68
 2790.20  3.68
 2790.90  3.68
 2791.60  3.68
 2792.30  3.68
 2793.00  3.68
 2793.70  3.68
 2794.40  3.68
 2795.10  3.68
 2795.80  3.68
 2796.50  3.68
 2797.20  3.68
 2797.90  3.68
 2798.60  3.68
 2799.30  3.68
 2800.00  3.68
 2800.70  3.68
 2801.40  3.68
 2802.10  3.68
 2802.80  3.68
 2803.50  3.68
 2804.20  3.68
 2804.90  3.68
 2805.60  3.68
 2806.30  3.68
 2807.00  3.68
 2807.70  3.68
 2808.40  3.68
 2809.10  3.68
 2809.80  3.68
 2810.50  3.68
 2811.20  3.68
 2811.90  3.68
 2812.60  3.68
 2813.30  3.68
 2814.00  3.68
 2814.70  3.68
 2815.40  3.68
 2816.10  3.68
 2816.80  3.68
 2817.50  3.68
 2818.20  3.68
 2818.90  3.68
 2819.60  3.68
 2820.30  3.68
 2821.00  3.68
 2821.70  3.68
 2822.40  3.68
 2823.10  3.68
 2823.80  3.68
 2824.50  3.68
 2825.20  3.68
 2825.90  3.68
 2826.60  3.68
 2827.30  3.68
 2828.00  3.68
 2828.70  3.68
 2829.40  3.68
 2830.10  3.68
 2830.80  3.68
 2831.50  3.68
 2832.20  3.68
 2832.90  3.68
 2833.60  3.68
 2834.30  3.68
 2835.00  3.68
 2835.70  3.68
 2836.40  3.68
 2837.10  3.68
 2837.80  3.68
 2838.50  3.68
 2839.20  3.68
 2839.90  3.68
 2840.60  3.68
 2841.30  3.68
 2842.00  3.68
 2842.70  3.68
 2843.40  3.68
 2844.10  3.68
 2844.80  3.68
 2845.50  3.68
 2846.20  3.68
 2846.90  3.68
 2847.60  3.68
 2848.30  3.68
 2849.00  3.68
 2849.70  3.68
 2850.40  3.68
 2851.10  3.68
 2851.80  3.68
 2852.50  3.68
 2853.20  3.68
 2853.90  3.68
 2854.60  3.68
 2855.30  3.68
 2856.00  3.68
 2856.70  3.68
 2857.40  3.68
 2858.10  3.68
 2858.80  3.68
 2859.50  3.68
 2860.20  3.68
 2860.90  3.68
 2861.60  3.68
 2862.30  3.68
 2863.00  3.68
 2863.70  3.68
 2864.40  3.68
 2865.10  3.68
 2865.80  3.68
 2866.50  3.68
 2867.20  3.68
 2867.90  3.68
 2868.60  3.68
 2869.30  3.68
 2870.00  3.68
 2870.70  3.68
 2871.40  3.68
 2872.10  3.68
 2872.80  3.68
 2873.50  3.68
 2874.20  3.68
 2874.90  3.68
 2875.60  3.68
 2876.30  3.68
 2877.00  3.68
 2877.70  3.68
 2878.40  3.68
 2879.10  3.68
 2879.80  3.68
 2880.50  3.68
 2881.20  3.68
 2881.90  3.68
 2882.60  3.68
 2883.30  3.68
 2884.00  3.68
 2884.70  3.68
 2885.40  3.68
 2886.10  3.68
 2886.80  3.68
 2887.50  3.68
 2888.20  3.68
 2888.90  3.68
 2889.60  3.68
 2890.30  3.68
 2891.00  3.68
 2891.70  3.68
 2892.40  3.68
 2893.10  3.68
 2893.80  3.68
 2894.50  3.68
 2895.20  3.68
 2895.90  3.68
 2896.60  3.68
 2897.30  3.68
 2898.00  3.68
 2898.70  3.68
 2899.40  3.68
 2900.10  3.68
 2900.80  3.68
 2901.50  3.68
 2902.20  3.68
 2902.90  3.68
 2903.60  3.68
 2904.30  3.68
 2905.00  3.68
 2905.70  3.68
 2906.40  3.68
 2907.10  3.68
 2907.80  3.68
 2908.50  3.68
 2909.20  3.68
 2909.90  3.68
 2910.60  3.68
 2911.30  3.68
 2912.00  3.68
 2912.70  3.68
 2913.40  3.68
 2914.10  3.68
 2914.80  3.68
 2915.50  3.68
 2916.20  3.68
 2916.90  3.68
 2917.60  3.68
 2918.30  3.68
 2919.00  3.68
 2919.70  3.68
 2920.40  3.68
 2921.10  3.68
 2921.80  3.68
 2922.50  3.68
 2923.20  3.68
 2923.90  3.68
 2924.60  3.68
 2925.30  3.68
 2926.00  3.68
 2926.70  3.68
 2927.40  3.68
 2928.10  3.68
 2928.80  3.68
 2929.50  3.68
 2930.20  3.68
 2930.90  3.68
 2931.60  3.68
 2932.30  3.68
 2933.00  3.68
 2933.70  3.68
 2934.40  3.68
 2935.10  3.68
 2935.80  3.68
 2936.50  3.68
 2937.20  3.68
 2937.90  3.68
 2938.60  3.68
 2939.30  3.68
 2940.00  3.68
 2940.70  3.68
 2941.40  3.68
 2942.10  3.68
 2942.80  3.68
 2943.50  3.68
 2944.20  3.68
 2944.90  3.68
 2945.60  3.68
 2946.30  3.68
 2947.00  3.68
 2947.70  3.68
 2948.40  3.68
 2949.10  3.68
 2949.80  3.68
 2950.50  3.68
 2951.20  3.68
 2951.90  3.68
 2952.60  3.68
 2953.30  3.68
 2954.00  3.68
 2954.70  3.68
 2955.40  3.68
 2956.10  3.68
 2956.80  3.68
 2957.50  3.68
 2958.20  3.68
 2958.90  3.68
 2959.60  3.68
 2960.30  3.68
 2961.00  3.68
 2961.70  3.68
 2962.40  3.68
 2963.10  3.68
 2963.80  3.68
 2964.50  3.68
 2965.20  3.68
 2965.90  3.68
 2966.60  3.68
 2967.30  3.68
 2968.00  3.68
 2968.70  3.68
 2969.40  3.68
 2970.10  3.68
 2970.80  3.68
 2971.50  3.68
 2972.20  3.68
 2972.90  3.68
 2973.60  3.68
 2974.30  3.68
 2975.00  3.68
 2975.70  3.68
 2976.40  3.68
 2977.10  3.68
 2977.80  3.68
 2978.50  3.68
 2979.20  3.68
 2979.90  3.68
 2980.60  3.68
 2981.30  3.68
 2982.00  3.68
 2982.70  3.68
 2983.40  3.68
 2984.10  3.68
 2984.80  3.68
 2985.50  3.68
 2986.20  3.68
 2986.90  3.68
 2987.60  3.68
 2988.30  3.68
 2989.00  3.68
 2989.70  3.68
 2990.40  3.68
 2991.10  3.68
 2991.80  3.68
 2992.50  3.68
 2993.20  3.68
 2993.90  3.68
 2994.60  3.68
 2995.30  3.68
 2996.00  3.68
 2996.70  3.68
 2997.40  3.68
 2998.10  3.68
 2998.80  3.68
 2999.50  3.68
