#Navio B MarAd
#Manobra de Curva Giro
#
#Eta 
#
#temp      rot 
 0.00  1.00
 0.70  1.00
 1.40  1.00
 2.10  1.00
 2.80  1.00
 3.50  1.00
 4.20  1.00
 4.90  1.00
 5.60  1.00
 6.30  1.00
 7.00  1.00
 7.70  1.00
 8.40  1.00
 9.10  1.01
 9.80  1.01
 10.50  1.01
 11.20  1.01
 11.90  1.01
 12.60  1.01
 13.30  1.01
 14.00  1.01
 14.70  1.01
 15.40  1.01
 16.10  1.01
 16.80  1.01
 17.50  1.01
 18.20  1.01
 18.90  1.01
 19.60  1.01
 20.30  1.01
 21.00  1.01
 21.70  1.01
 22.40  1.02
 23.10  1.02
 23.80  1.02
 24.50  1.02
 25.20  1.02
 25.90  1.02
 26.60  1.02
 27.30  1.02
 28.00  1.02
 28.70  1.02
 29.40  1.02
 30.10  1.02
 30.80  1.02
 31.50  1.02
 32.20  1.02
 32.90  1.02
 33.60  1.02
 34.30  1.02
 35.00  1.03
 35.70  1.03
 36.40  1.03
 37.10  1.03
 37.80  1.03
 38.50  1.03
 39.20  1.03
 39.90  1.03
 40.60  1.03
 41.30  1.03
 42.00  1.03
 42.70  1.03
 43.40  1.03
 44.10  1.03
 44.80  1.03
 45.50  1.04
 46.20  1.04
 46.90  1.04
 47.60  1.04
 48.30  1.04
 49.00  1.04
 49.70  1.04
 50.40  1.04
 51.10  1.04
 51.80  1.04
 52.50  1.04
 53.20  1.04
 53.90  1.04
 54.60  1.05
 55.30  1.05
 56.00  1.05
 56.70  1.05
 57.40  1.05
 58.10  1.05
 58.80  1.05
 59.50  1.05
 60.20  1.05
 60.90  1.05
 61.60  1.05
 62.30  1.05
 63.00  1.06
 63.70  1.06
 64.40  1.06
 65.10  1.06
 65.80  1.06
 66.50  1.06
 67.20  1.06
 67.90  1.06
 68.60  1.06
 69.30  1.06
 70.00  1.07
 70.70  1.07
 71.40  1.07
 72.10  1.07
 72.80  1.07
 73.50  1.07
 74.20  1.07
 74.90  1.07
 75.60  1.07
 76.30  1.08
 77.00  1.08
 77.70  1.08
 78.40  1.08
 79.10  1.08
 79.80  1.08
 80.50  1.08
 81.20  1.08
 81.90  1.08
 82.60  1.09
 83.30  1.09
 84.00  1.09
 84.70  1.09
 85.40  1.09
 86.10  1.09
 86.80  1.09
 87.50  1.09
 88.20  1.10
 88.90  1.10
 89.60  1.10
 90.30  1.10
 91.00  1.10
 91.70  1.10
 92.40  1.10
 93.10  1.11
 93.80  1.11
 94.50  1.11
 95.20  1.11
 95.90  1.11
 96.60  1.11
 97.30  1.11
 98.00  1.12
 98.70  1.12
 99.40  1.12
 100.10  1.12
 100.80  1.12
 101.50  1.12
 102.20  1.12
 102.90  1.13
 103.60  1.13
 104.30  1.13
 105.00  1.13
 105.70  1.13
 106.40  1.13
 107.10  1.14
 107.80  1.14
 108.50  1.14
 109.20  1.14
 109.90  1.14
 110.60  1.14
 111.30  1.15
 112.00  1.15
 112.70  1.15
 113.40  1.15
 114.10  1.15
 114.80  1.15
 115.50  1.16
 116.20  1.16
 116.90  1.16
 117.60  1.16
 118.30  1.16
 119.00  1.16
 119.70  1.17
 120.40  1.17
 121.10  1.17
 121.80  1.17
 122.50  1.17
 123.20  1.18
 123.90  1.18
 124.60  1.18
 125.30  1.18
 126.00  1.18
 126.70  1.19
 127.40  1.19
 128.10  1.19
 128.80  1.19
 129.50  1.19
 130.20  1.20
 130.90  1.20
 131.60  1.20
 132.30  1.20
 133.00  1.20
 133.70  1.21
 134.40  1.21
 135.10  1.21
 135.80  1.21
 136.50  1.21
 137.20  1.22
 137.90  1.22
 138.60  1.22
 139.30  1.22
 140.00  1.22
 140.70  1.23
 141.40  1.23
 142.10  1.23
 142.80  1.23
 143.50  1.24
 144.20  1.24
 144.90  1.24
 145.60  1.24
 146.30  1.24
 147.00  1.25
 147.70  1.25
 148.40  1.25
 149.10  1.25
 149.80  1.26
 150.50  1.26
 151.20  1.26
 151.90  1.26
 152.60  1.26
 153.30  1.27
 154.00  1.27
 154.70  1.27
 155.40  1.27
 156.10  1.28
 156.80  1.28
 157.50  1.28
 158.20  1.28
 158.90  1.29
 159.60  1.29
 160.30  1.29
 161.00  1.29
 161.70  1.30
 162.40  1.30
 163.10  1.30
 163.80  1.30
 164.50  1.31
 165.20  1.31
 165.90  1.31
 166.60  1.31
 167.30  1.32
 168.00  1.32
 168.70  1.32
 169.40  1.32
 170.10  1.33
 170.80  1.33
 171.50  1.33
 172.20  1.33
 172.90  1.34
 173.60  1.34
 174.30  1.34
 175.00  1.34
 175.70  1.35
 176.40  1.35
 177.10  1.35
 177.80  1.35
 178.50  1.36
 179.20  1.36
 179.90  1.36
 180.60  1.37
 181.30  1.37
 182.00  1.37
 182.70  1.37
 183.40  1.38
 184.10  1.38
 184.80  1.38
 185.50  1.38
 186.20  1.39
 186.90  1.39
 187.60  1.39
 188.30  1.39
 189.00  1.40
 189.70  1.40
 190.40  1.40
 191.10  1.41
 191.80  1.41
 192.50  1.41
 193.20  1.41
 193.90  1.42
 194.60  1.42
 195.30  1.42
 196.00  1.43
 196.70  1.43
 197.40  1.43
 198.10  1.43
 198.80  1.44
 199.50  1.44
 200.20  1.44
 200.90  1.45
 201.60  1.45
 202.30  1.45
 203.00  1.45
 203.70  1.46
 204.40  1.46
 205.10  1.46
 205.80  1.47
 206.50  1.47
 207.20  1.47
 207.90  1.47
 208.60  1.48
 209.30  1.48
 210.00  1.48
 210.70  1.49
 211.40  1.49
 212.10  1.49
 212.80  1.50
 213.50  1.50
 214.20  1.50
 214.90  1.50
 215.60  1.51
 216.30  1.51
 217.00  1.51
 217.70  1.52
 218.40  1.52
 219.10  1.52
 219.80  1.52
 220.50  1.53
 221.20  1.53
 221.90  1.53
 222.60  1.54
 223.30  1.54
 224.00  1.54
 224.70  1.55
 225.40  1.55
 226.10  1.55
 226.80  1.55
 227.50  1.56
 228.20  1.56
 228.90  1.56
 229.60  1.57
 230.30  1.57
 231.00  1.57
 231.70  1.58
 232.40  1.58
 233.10  1.58
 233.80  1.59
 234.50  1.59
 235.20  1.59
 235.90  1.59
 236.60  1.60
 237.30  1.60
 238.00  1.60
 238.70  1.61
 239.40  1.61
 240.10  1.61
 240.80  1.62
 241.50  1.62
 242.20  1.62
 242.90  1.63
 243.60  1.63
 244.30  1.63
 245.00  1.64
 245.70  1.64
 246.40  1.64
 247.10  1.64
 247.80  1.65
 248.50  1.65
 249.20  1.65
 249.90  1.66
 250.60  1.66
 251.30  1.66
 252.00  1.67
 252.70  1.67
 253.40  1.67
 254.10  1.68
 254.80  1.68
 255.50  1.68
 256.20  1.69
 256.90  1.69
 257.60  1.69
 258.30  1.69
 259.00  1.70
 259.70  1.70
 260.40  1.70
 261.10  1.71
 261.80  1.71
 262.50  1.71
 263.20  1.72
 263.90  1.72
 264.60  1.72
 265.30  1.73
 266.00  1.73
 266.70  1.73
 267.40  1.74
 268.10  1.74
 268.80  1.74
 269.50  1.75
 270.20  1.75
 270.90  1.75
 271.60  1.75
 272.30  1.76
 273.00  1.76
 273.70  1.76
 274.40  1.77
 275.10  1.77
 275.80  1.77
 276.50  1.78
 277.20  1.78
 277.90  1.78
 278.60  1.79
 279.30  1.79
 280.00  1.79
 280.70  1.80
 281.40  1.80
 282.10  1.80
 282.80  1.81
 283.50  1.81
 284.20  1.81
 284.90  1.81
 285.60  1.82
 286.30  1.82
 287.00  1.82
 287.70  1.83
 288.40  1.83
 289.10  1.83
 289.80  1.84
 290.50  1.84
 291.20  1.84
 291.90  1.85
 292.60  1.85
 293.30  1.85
 294.00  1.86
 294.70  1.86
 295.40  1.86
 296.10  1.87
 296.80  1.87
 297.50  1.87
 298.20  1.88
 298.90  1.88
 299.60  1.88
 300.30  1.88
 301.00  1.89
 301.70  1.89
 302.40  1.89
 303.10  1.90
 303.80  1.90
 304.50  1.90
 305.20  1.91
 305.90  1.91
 306.60  1.91
 307.30  1.92
 308.00  1.92
 308.70  1.92
 309.40  1.93
 310.10  1.93
 310.80  1.93
 311.50  1.94
 312.20  1.94
 312.90  1.94
 313.60  1.94
 314.30  1.95
 315.00  1.95
 315.70  1.95
 316.40  1.96
 317.10  1.96
 317.80  1.96
 318.50  1.97
 319.20  1.97
 319.90  1.97
 320.60  1.98
 321.30  1.98
 322.00  1.98
 322.70  1.99
 323.40  1.99
 324.10  1.99
 324.80  1.99
 325.50  2.00
 326.20  2.00
 326.90  2.00
 327.60  2.01
 328.30  2.01
 329.00  2.01
 329.70  2.02
 330.40  2.02
 331.10  2.02
 331.80  2.03
 332.50  2.03
 333.20  2.03
 333.90  2.04
 334.60  2.04
 335.30  2.04
 336.00  2.04
 336.70  2.05
 337.40  2.05
 338.10  2.05
 338.80  2.06
 339.50  2.06
 340.20  2.06
 340.90  2.07
 341.60  2.07
 342.30  2.07
 343.00  2.08
 343.70  2.08
 344.40  2.08
 345.10  2.09
 345.80  2.09
 346.50  2.09
 347.20  2.09
 347.90  2.10
 348.60  2.10
 349.30  2.10
 350.00  2.11
 350.70  2.11
 351.40  2.11
 352.10  2.12
 352.80  2.12
 353.50  2.12
 354.20  2.12
 354.90  2.13
 355.60  2.13
 356.30  2.13
 357.00  2.14
 357.70  2.14
 358.40  2.14
 359.10  2.15
 359.80  2.15
 360.50  2.15
 361.20  2.16
 361.90  2.16
 362.60  2.16
 363.30  2.16
 364.00  2.17
 364.70  2.17
 365.40  2.17
 366.10  2.18
 366.80  2.18
 367.50  2.18
 368.20  2.19
 368.90  2.19
 369.60  2.19
 370.30  2.19
 371.00  2.20
 371.70  2.20
 372.40  2.20
 373.10  2.21
 373.80  2.21
 374.50  2.21
 375.20  2.21
 375.90  2.22
 376.60  2.22
 377.30  2.22
 378.00  2.23
 378.70  2.23
 379.40  2.23
 380.10  2.24
 380.80  2.24
 381.50  2.24
 382.20  2.24
 382.90  2.25
 383.60  2.25
 384.30  2.25
 385.00  2.26
 385.70  2.26
 386.40  2.26
 387.10  2.26
 387.80  2.27
 388.50  2.27
 389.20  2.27
 389.90  2.28
 390.60  2.28
 391.30  2.28
 392.00  2.28
 392.70  2.29
 393.40  2.29
 394.10  2.29
 394.80  2.30
 395.50  2.30
 396.20  2.30
 396.90  2.30
 397.60  2.31
 398.30  2.31
 399.00  2.31
 399.70  2.32
 400.40  2.32
 401.10  2.32
 401.80  2.32
 402.50  2.33
 403.20  2.33
 403.90  2.33
 404.60  2.34
 405.30  2.34
 406.00  2.34
 406.70  2.34
 407.40  2.35
 408.10  2.35
 408.80  2.35
 409.50  2.35
 410.20  2.36
 410.90  2.36
 411.60  2.36
 412.30  2.37
 413.00  2.37
 413.70  2.37
 414.40  2.37
 415.10  2.38
 415.80  2.38
 416.50  2.38
 417.20  2.38
 417.90  2.39
 418.60  2.39
 419.30  2.39
 420.00  2.40
 420.70  2.40
 421.40  2.40
 422.10  2.40
 422.80  2.41
 423.50  2.41
 424.20  2.41
 424.90  2.41
 425.60  2.42
 426.30  2.42
 427.00  2.42
 427.70  2.43
 428.40  2.43
 429.10  2.43
 429.80  2.43
 430.50  2.44
 431.20  2.44
 431.90  2.44
 432.60  2.44
 433.30  2.45
 434.00  2.45
 434.70  2.45
 435.40  2.45
 436.10  2.46
 436.80  2.46
 437.50  2.46
 438.20  2.46
 438.90  2.47
 439.60  2.47
 440.30  2.47
 441.00  2.47
 441.70  2.48
 442.40  2.48
 443.10  2.48
 443.80  2.48
 444.50  2.49
 445.20  2.49
 445.90  2.49
 446.60  2.50
 447.30  2.50
 448.00  2.50
 448.70  2.50
 449.40  2.51
 450.10  2.51
 450.80  2.51
 451.50  2.51
 452.20  2.52
 452.90  2.52
 453.60  2.52
 454.30  2.52
 455.00  2.53
 455.70  2.53
 456.40  2.53
 457.10  2.53
 457.80  2.54
 458.50  2.54
 459.20  2.54
 459.90  2.54
 460.60  2.54
 461.30  2.55
 462.00  2.55
 462.70  2.55
 463.40  2.55
 464.10  2.56
 464.80  2.56
 465.50  2.56
 466.20  2.56
 466.90  2.57
 467.60  2.57
 468.30  2.57
 469.00  2.57
 469.70  2.58
 470.40  2.58
 471.10  2.58
 471.80  2.58
 472.50  2.59
 473.20  2.59
 473.90  2.59
 474.60  2.59
 475.30  2.60
 476.00  2.60
 476.70  2.60
 477.40  2.60
 478.10  2.60
 478.80  2.61
 479.50  2.61
 480.20  2.61
 480.90  2.61
 481.60  2.62
 482.30  2.62
 483.00  2.62
 483.70  2.62
 484.40  2.63
 485.10  2.63
 485.80  2.63
 486.50  2.63
 487.20  2.63
 487.90  2.64
 488.60  2.64
 489.30  2.64
 490.00  2.64
 490.70  2.65
 491.40  2.65
 492.10  2.65
 492.80  2.65
 493.50  2.65
 494.20  2.66
 494.90  2.66
 495.60  2.66
 496.30  2.66
 497.00  2.67
 497.70  2.67
 498.40  2.67
 499.10  2.67
 499.80  2.67
 500.50  2.68
 501.20  2.68
 501.90  2.68
 502.60  2.68
 503.30  2.69
 504.00  2.69
 504.70  2.69
 505.40  2.69
 506.10  2.69
 506.80  2.70
 507.50  2.70
 508.20  2.70
 508.90  2.70
 509.60  2.71
 510.30  2.71
 511.00  2.71
 511.70  2.71
 512.40  2.71
 513.10  2.72
 513.80  2.72
 514.50  2.72
 515.20  2.72
 515.90  2.72
 516.60  2.73
 517.30  2.73
 518.00  2.73
 518.70  2.73
 519.40  2.73
 520.10  2.74
 520.80  2.74
 521.50  2.74
 522.20  2.74
 522.90  2.74
 523.60  2.75
 524.30  2.75
 525.00  2.75
 525.70  2.75
 526.40  2.75
 527.10  2.76
 527.80  2.76
 528.50  2.76
 529.20  2.76
 529.90  2.76
 530.60  2.77
 531.30  2.77
 532.00  2.77
 532.70  2.77
 533.40  2.77
 534.10  2.78
 534.80  2.78
 535.50  2.78
 536.20  2.78
 536.90  2.78
 537.60  2.79
 538.30  2.79
 539.00  2.79
 539.70  2.79
 540.40  2.79
 541.10  2.80
 541.80  2.80
 542.50  2.80
 543.20  2.80
 543.90  2.80
 544.60  2.81
 545.30  2.81
 546.00  2.81
 546.70  2.81
 547.40  2.81
 548.10  2.82
 548.80  2.82
 549.50  2.82
 550.20  2.82
 550.90  2.82
 551.60  2.82
 552.30  2.83
 553.00  2.83
 553.70  2.83
 554.40  2.83
 555.10  2.83
 555.80  2.84
 556.50  2.84
 557.20  2.84
 557.90  2.84
 558.60  2.84
 559.30  2.85
 560.00  2.85
 560.70  2.85
 561.40  2.85
 562.10  2.85
 562.80  2.85
 563.50  2.86
 564.20  2.86
 564.90  2.86
 565.60  2.86
 566.30  2.86
 567.00  2.87
 567.70  2.87
 568.40  2.87
 569.10  2.87
 569.80  2.87
 570.50  2.87
 571.20  2.88
 571.90  2.88
 572.60  2.88
 573.30  2.88
 574.00  2.88
 574.70  2.88
 575.40  2.89
 576.10  2.89
 576.80  2.89
 577.50  2.89
 578.20  2.89
 578.90  2.89
 579.60  2.90
 580.30  2.90
 581.00  2.90
 581.70  2.90
 582.40  2.90
 583.10  2.90
 583.80  2.91
 584.50  2.91
 585.20  2.91
 585.90  2.91
 586.60  2.91
 587.30  2.91
 588.00  2.92
 588.70  2.92
 589.40  2.92
 590.10  2.92
 590.80  2.92
 591.50  2.92
 592.20  2.93
 592.90  2.93
 593.60  2.93
 594.30  2.93
 595.00  2.93
 595.70  2.93
 596.40  2.94
 597.10  2.94
 597.80  2.94
 598.50  2.94
 599.20  2.94
 599.90  2.94
 600.60  2.95
 601.30  2.95
 602.00  2.95
 602.70  2.95
 603.40  2.95
 604.10  2.95
 604.80  2.96
 605.50  2.96
 606.20  2.96
 606.90  2.96
 607.60  2.96
 608.30  2.96
 609.00  2.96
 609.70  2.97
 610.40  2.97
 611.10  2.97
 611.80  2.97
 612.50  2.97
 613.20  2.97
 613.90  2.98
 614.60  2.98
 615.30  2.98
 616.00  2.98
 616.70  2.98
 617.40  2.98
 618.10  2.98
 618.80  2.99
 619.50  2.99
 620.20  2.99
 620.90  2.99
 621.60  2.99
 622.30  2.99
 623.00  2.99
 623.70  3.00
 624.40  3.00
 625.10  3.00
 625.80  3.00
 626.50  3.00
 627.20  3.00
 627.90  3.00
 628.60  3.01
 629.30  3.01
 630.00  3.01
 630.70  3.01
 631.40  3.01
 632.10  3.01
 632.80  3.01
 633.50  3.02
 634.20  3.02
 634.90  3.02
 635.60  3.02
 636.30  3.02
 637.00  3.02
 637.70  3.02
 638.40  3.03
 639.10  3.03
 639.80  3.03
 640.50  3.03
 641.20  3.03
 641.90  3.03
 642.60  3.03
 643.30  3.04
 644.00  3.04
 644.70  3.04
 645.40  3.04
 646.10  3.04
 646.80  3.04
 647.50  3.04
 648.20  3.05
 648.90  3.05
 649.60  3.05
 650.30  3.05
 651.00  3.05
 651.70  3.05
 652.40  3.05
 653.10  3.05
 653.80  3.06
 654.50  3.06
 655.20  3.06
 655.90  3.06
 656.60  3.06
 657.30  3.06
 658.00  3.06
 658.70  3.06
 659.40  3.07
 660.10  3.07
 660.80  3.07
 661.50  3.07
 662.20  3.07
 662.90  3.07
 663.60  3.07
 664.30  3.08
 665.00  3.08
 665.70  3.08
 666.40  3.08
 667.10  3.08
 667.80  3.08
 668.50  3.08
 669.20  3.08
 669.90  3.09
 670.60  3.09
 671.30  3.09
 672.00  3.09
 672.70  3.09
 673.40  3.09
 674.10  3.09
 674.80  3.09
 675.50  3.09
 676.20  3.10
 676.90  3.10
 677.60  3.10
 678.30  3.10
 679.00  3.10
 679.70  3.10
 680.40  3.10
 681.10  3.10
 681.80  3.11
 682.50  3.11
 683.20  3.11
 683.90  3.11
 684.60  3.11
 685.30  3.11
 686.00  3.11
 686.70  3.11
 687.40  3.12
 688.10  3.12
 688.80  3.12
 689.50  3.12
 690.20  3.12
 690.90  3.12
 691.60  3.12
 692.30  3.12
 693.00  3.12
 693.70  3.13
 694.40  3.13
 695.10  3.13
 695.80  3.13
 696.50  3.13
 697.20  3.13
 697.90  3.13
 698.60  3.13
 699.30  3.13
 700.00  3.14
 700.70  3.14
 701.40  3.14
 702.10  3.14
 702.80  3.14
 703.50  3.14
 704.20  3.14
 704.90  3.14
 705.60  3.14
 706.30  3.15
 707.00  3.15
 707.70  3.15
 708.40  3.15
 709.10  3.15
 709.80  3.15
 710.50  3.15
 711.20  3.15
 711.90  3.15
 712.60  3.15
 713.30  3.16
 714.00  3.16
 714.70  3.16
 715.40  3.16
 716.10  3.16
 716.80  3.16
 717.50  3.16
 718.20  3.16
 718.90  3.16
 719.60  3.17
 720.30  3.17
 721.00  3.17
 721.70  3.17
 722.40  3.17
 723.10  3.17
 723.80  3.17
 724.50  3.17
 725.20  3.17
 725.90  3.17
 726.60  3.18
 727.30  3.18
 728.00  3.18
 728.70  3.18
 729.40  3.18
 730.10  3.18
 730.80  3.18
 731.50  3.18
 732.20  3.18
 732.90  3.18
 733.60  3.19
 734.30  3.19
 735.00  3.19
 735.70  3.19
 736.40  3.19
 737.10  3.19
 737.80  3.19
 738.50  3.19
 739.20  3.19
 739.90  3.19
 740.60  3.19
 741.30  3.20
 742.00  3.20
 742.70  3.20
 743.40  3.20
 744.10  3.20
 744.80  3.20
 745.50  3.20
 746.20  3.20
 746.90  3.20
 747.60  3.20
 748.30  3.20
 749.00  3.21
 749.70  3.21
 750.40  3.21
 751.10  3.21
 751.80  3.21
 752.50  3.21
 753.20  3.21
 753.90  3.21
 754.60  3.21
 755.30  3.21
 756.00  3.21
 756.70  3.22
 757.40  3.22
 758.10  3.22
 758.80  3.22
 759.50  3.22
 760.20  3.22
 760.90  3.22
 761.60  3.22
 762.30  3.22
 763.00  3.22
 763.70  3.22
 764.40  3.23
 765.10  3.23
 765.80  3.23
 766.50  3.23
 767.20  3.23
 767.90  3.23
 768.60  3.23
 769.30  3.23
 770.00  3.23
 770.70  3.23
 771.40  3.23
 772.10  3.23
 772.80  3.24
 773.50  3.24
 774.20  3.24
 774.90  3.24
 775.60  3.24
 776.30  3.24
 777.00  3.24
 777.70  3.24
 778.40  3.24
 779.10  3.24
 779.80  3.24
 780.50  3.24
 781.20  3.25
 781.90  3.25
 782.60  3.25
 783.30  3.25
 784.00  3.25
 784.70  3.25
 785.40  3.25
 786.10  3.25
 786.80  3.25
 787.50  3.25
 788.20  3.25
 788.90  3.25
 789.60  3.25
 790.30  3.26
 791.00  3.26
 791.70  3.26
 792.40  3.26
 793.10  3.26
 793.80  3.26
 794.50  3.26
 795.20  3.26
 795.90  3.26
 796.60  3.26
 797.30  3.26
 798.00  3.26
 798.70  3.26
 799.40  3.27
 800.10  3.27
 800.80  3.27
 801.50  3.27
 802.20  3.27
 802.90  3.27
 803.60  3.27
 804.30  3.27
 805.00  3.27
 805.70  3.27
 806.40  3.27
 807.10  3.27
 807.80  3.27
 808.50  3.27
 809.20  3.28
 809.90  3.28
 810.60  3.28
 811.30  3.28
 812.00  3.28
 812.70  3.28
 813.40  3.28
 814.10  3.28
 814.80  3.28
 815.50  3.28
 816.20  3.28
 816.90  3.28
 817.60  3.28
 818.30  3.28
 819.00  3.29
 819.70  3.29
 820.40  3.29
 821.10  3.29
 821.80  3.29
 822.50  3.29
 823.20  3.29
 823.90  3.29
 824.60  3.29
 825.30  3.29
 826.00  3.29
 826.70  3.29
 827.40  3.29
 828.10  3.29
 828.80  3.29
 829.50  3.30
 830.20  3.30
 830.90  3.30
 831.60  3.30
 832.30  3.30
 833.00  3.30
 833.70  3.30
 834.40  3.30
 835.10  3.30
 835.80  3.30
 836.50  3.30
 837.20  3.30
 837.90  3.30
 838.60  3.30
 839.30  3.30
 840.00  3.31
 840.70  3.31
 841.40  3.31
 842.10  3.31
 842.80  3.31
 843.50  3.31
 844.20  3.31
 844.90  3.31
 845.60  3.31
 846.30  3.31
 847.00  3.31
 847.70  3.31
 848.40  3.31
 849.10  3.31
 849.80  3.31
 850.50  3.31
 851.20  3.32
 851.90  3.32
 852.60  3.32
 853.30  3.32
 854.00  3.32
 854.70  3.32
 855.40  3.32
 856.10  3.32
 856.80  3.32
 857.50  3.32
 858.20  3.32
 858.90  3.32
 859.60  3.32
 860.30  3.32
 861.00  3.32
 861.70  3.32
 862.40  3.32
 863.10  3.33
 863.80  3.33
 864.50  3.33
 865.20  3.33
 865.90  3.33
 866.60  3.33
 867.30  3.33
 868.00  3.33
 868.70  3.33
 869.40  3.33
 870.10  3.33
 870.80  3.33
 871.50  3.33
 872.20  3.33
 872.90  3.33
 873.60  3.33
 874.30  3.33
 875.00  3.33
 875.70  3.34
 876.40  3.34
 877.10  3.34
 877.80  3.34
 878.50  3.34
 879.20  3.34
 879.90  3.34
 880.60  3.34
 881.30  3.34
 882.00  3.34
 882.70  3.34
 883.40  3.34
 884.10  3.34
 884.80  3.34
 885.50  3.34
 886.20  3.34
 886.90  3.34
 887.60  3.34
 888.30  3.34
 889.00  3.35
 889.70  3.35
 890.40  3.35
 891.10  3.35
 891.80  3.35
 892.50  3.35
 893.20  3.35
 893.90  3.35
 894.60  3.35
 895.30  3.35
 896.00  3.35
 896.70  3.35
 897.40  3.35
 898.10  3.35
 898.80  3.35
 899.50  3.35
 900.20  3.35
 900.90  3.35
 901.60  3.35
 902.30  3.35
 903.00  3.36
 903.70  3.36
 904.40  3.36
 905.10  3.36
 905.80  3.36
 906.50  3.36
 907.20  3.36
 907.90  3.36
 908.60  3.36
 909.30  3.36
 910.00  3.36
 910.70  3.36
 911.40  3.36
 912.10  3.36
 912.80  3.36
 913.50  3.36
 914.20  3.36
 914.90  3.36
 915.60  3.36
 916.30  3.36
 917.00  3.36
 917.70  3.37
 918.40  3.37
 919.10  3.37
 919.80  3.37
 920.50  3.37
 921.20  3.37
 921.90  3.37
 922.60  3.37
 923.30  3.37
 924.00  3.37
 924.70  3.37
 925.40  3.37
 926.10  3.37
 926.80  3.37
 927.50  3.37
 928.20  3.37
 928.90  3.37
 929.60  3.37
 930.30  3.37
 931.00  3.37
 931.70  3.37
 932.40  3.37
 933.10  3.37
 933.80  3.38
 934.50  3.38
 935.20  3.38
 935.90  3.38
 936.60  3.38
 937.30  3.38
 938.00  3.38
 938.70  3.38
 939.40  3.38
 940.10  3.38
 940.80  3.38
 941.50  3.38
 942.20  3.38
 942.90  3.38
 943.60  3.38
 944.30  3.38
 945.00  3.38
 945.70  3.38
 946.40  3.38
 947.10  3.38
 947.80  3.38
 948.50  3.38
 949.20  3.38
 949.90  3.38
 950.60  3.39
 951.30  3.39
 952.00  3.39
 952.70  3.39
 953.40  3.39
 954.10  3.39
 954.80  3.39
 955.50  3.39
 956.20  3.39
 956.90  3.39
 957.60  3.39
 958.30  3.39
 959.00  3.39
 959.70  3.39
 960.40  3.39
 961.10  3.39
 961.80  3.39
 962.50  3.39
 963.20  3.39
 963.90  3.39
 964.60  3.39
 965.30  3.39
 966.00  3.39
 966.70  3.39
 967.40  3.39
 968.10  3.39
 968.80  3.39
 969.50  3.40
 970.20  3.40
 970.90  3.40
 971.60  3.40
 972.30  3.40
 973.00  3.40
 973.70  3.40
 974.40  3.40
 975.10  3.40
 975.80  3.40
 976.50  3.40
 977.20  3.40
 977.90  3.40
 978.60  3.40
 979.30  3.40
 980.00  3.40
 980.70  3.40
 981.40  3.40
 982.10  3.40
 982.80  3.40
 983.50  3.40
 984.20  3.40
 984.90  3.40
 985.60  3.40
 986.30  3.40
 987.00  3.40
 987.70  3.40
 988.40  3.40
 989.10  3.41
 989.80  3.41
 990.50  3.41
 991.20  3.41
 991.90  3.41
 992.60  3.41
 993.30  3.41
 994.00  3.41
 994.70  3.41
 995.40  3.41
 996.10  3.41
 996.80  3.41
 997.50  3.41
 998.20  3.41
 998.90  3.41
 999.60  3.41
 1000.30  3.41
 1001.00  3.41
 1001.70  3.41
 1002.40  3.41
 1003.10  3.41
 1003.80  3.41
 1004.50  3.41
 1005.20  3.41
 1005.90  3.41
 1006.60  3.41
 1007.30  3.41
 1008.00  3.41
 1008.70  3.41
 1009.40  3.41
 1010.10  3.41
 1010.80  3.41
 1011.50  3.42
 1012.20  3.42
 1012.90  3.42
 1013.60  3.42
 1014.30  3.42
 1015.00  3.42
 1015.70  3.42
 1016.40  3.42
 1017.10  3.42
 1017.80  3.42
 1018.50  3.42
 1019.20  3.42
 1019.90  3.42
 1020.60  3.42
 1021.30  3.42
 1022.00  3.42
 1022.70  3.42
 1023.40  3.42
 1024.10  3.42
 1024.80  3.42
 1025.50  3.42
 1026.20  3.42
 1026.90  3.42
 1027.60  3.42
 1028.30  3.42
 1029.00  3.42
 1029.70  3.42
 1030.40  3.42
 1031.10  3.42
 1031.80  3.42
 1032.50  3.42
 1033.20  3.42
 1033.90  3.42
 1034.60  3.42
 1035.30  3.42
 1036.00  3.43
 1036.70  3.43
 1037.40  3.43
 1038.10  3.43
 1038.80  3.43
 1039.50  3.43
 1040.20  3.43
 1040.90  3.43
 1041.60  3.43
 1042.30  3.43
 1043.00  3.43
 1043.70  3.43
 1044.40  3.43
 1045.10  3.43
 1045.80  3.43
 1046.50  3.43
 1047.20  3.43
 1047.90  3.43
 1048.60  3.43
 1049.30  3.43
 1050.00  3.43
 1050.70  3.43
 1051.40  3.43
 1052.10  3.43
 1052.80  3.43
 1053.50  3.43
 1054.20  3.43
 1054.90  3.43
 1055.60  3.43
 1056.30  3.43
 1057.00  3.43
 1057.70  3.43
 1058.40  3.43
 1059.10  3.43
 1059.80  3.43
 1060.50  3.43
 1061.20  3.43
 1061.90  3.43
 1062.60  3.44
 1063.30  3.44
 1064.00  3.44
 1064.70  3.44
 1065.40  3.44
 1066.10  3.44
 1066.80  3.44
 1067.50  3.44
 1068.20  3.44
 1068.90  3.44
 1069.60  3.44
 1070.30  3.44
 1071.00  3.44
 1071.70  3.44
 1072.40  3.44
 1073.10  3.44
 1073.80  3.44
 1074.50  3.44
 1075.20  3.44
 1075.90  3.44
 1076.60  3.44
 1077.30  3.44
 1078.00  3.44
 1078.70  3.44
 1079.40  3.44
 1080.10  3.44
 1080.80  3.44
 1081.50  3.44
 1082.20  3.44
 1082.90  3.44
 1083.60  3.44
 1084.30  3.44
 1085.00  3.44
 1085.70  3.44
 1086.40  3.44
 1087.10  3.44
 1087.80  3.44
 1088.50  3.44
 1089.20  3.44
 1089.90  3.44
 1090.60  3.44
 1091.30  3.44
 1092.00  3.44
 1092.70  3.44
 1093.40  3.44
 1094.10  3.45
 1094.80  3.45
 1095.50  3.45
 1096.20  3.45
 1096.90  3.45
 1097.60  3.45
 1098.30  3.45
 1099.00  3.45
 1099.70  3.45
 1100.40  3.45
 1101.10  3.45
 1101.80  3.45
 1102.50  3.45
 1103.20  3.45
 1103.90  3.45
 1104.60  3.45
 1105.30  3.45
 1106.00  3.45
 1106.70  3.45
 1107.40  3.45
 1108.10  3.45
 1108.80  3.45
 1109.50  3.45
 1110.20  3.45
 1110.90  3.45
 1111.60  3.45
 1112.30  3.45
 1113.00  3.45
 1113.70  3.45
 1114.40  3.45
 1115.10  3.45
 1115.80  3.45
 1116.50  3.45
 1117.20  3.45
 1117.90  3.45
 1118.60  3.45
 1119.30  3.45
 1120.00  3.45
 1120.70  3.45
 1121.40  3.45
 1122.10  3.45
 1122.80  3.45
 1123.50  3.45
 1124.20  3.45
 1124.90  3.45
 1125.60  3.45
 1126.30  3.45
 1127.00  3.45
 1127.70  3.45
 1128.40  3.45
 1129.10  3.45
 1129.80  3.46
 1130.50  3.46
 1131.20  3.46
 1131.90  3.46
 1132.60  3.46
 1133.30  3.46
 1134.00  3.46
 1134.70  3.46
 1135.40  3.46
 1136.10  3.46
 1136.80  3.46
 1137.50  3.46
 1138.20  3.46
 1138.90  3.46
 1139.60  3.46
 1140.30  3.46
 1141.00  3.46
 1141.70  3.46
 1142.40  3.46
 1143.10  3.46
 1143.80  3.46
 1144.50  3.46
 1145.20  3.46
 1145.90  3.46
 1146.60  3.46
 1147.30  3.46
 1148.00  3.46
 1148.70  3.46
 1149.40  3.46
 1150.10  3.46
 1150.80  3.46
 1151.50  3.46
 1152.20  3.46
 1152.90  3.46
 1153.60  3.46
 1154.30  3.46
 1155.00  3.46
 1155.70  3.46
 1156.40  3.46
 1157.10  3.46
 1157.80  3.46
 1158.50  3.46
 1159.20  3.46
 1159.90  3.46
 1160.60  3.46
 1161.30  3.46
 1162.00  3.46
 1162.70  3.46
 1163.40  3.46
 1164.10  3.46
 1164.80  3.46
 1165.50  3.46
 1166.20  3.46
 1166.90  3.46
 1167.60  3.46
 1168.30  3.46
 1169.00  3.46
 1169.70  3.46
 1170.40  3.46
 1171.10  3.46
 1171.80  3.46
 1172.50  3.46
 1173.20  3.47
 1173.90  3.47
 1174.60  3.47
 1175.30  3.47
 1176.00  3.47
 1176.70  3.47
 1177.40  3.47
 1178.10  3.47
 1178.80  3.47
 1179.50  3.47
 1180.20  3.47
 1180.90  3.47
 1181.60  3.47
 1182.30  3.47
 1183.00  3.47
 1183.70  3.47
 1184.40  3.47
 1185.10  3.47
 1185.80  3.47
 1186.50  3.47
 1187.20  3.47
 1187.90  3.47
 1188.60  3.47
 1189.30  3.47
 1190.00  3.47
 1190.70  3.47
 1191.40  3.47
 1192.10  3.47
 1192.80  3.47
 1193.50  3.47
 1194.20  3.47
 1194.90  3.47
 1195.60  3.47
 1196.30  3.47
 1197.00  3.47
 1197.70  3.47
 1198.40  3.47
 1199.10  3.47
 1199.80  3.47
 1200.50  3.47
 1201.20  3.47
 1201.90  3.47
 1202.60  3.47
 1203.30  3.47
 1204.00  3.47
 1204.70  3.47
 1205.40  3.47
 1206.10  3.47
 1206.80  3.47
 1207.50  3.47
 1208.20  3.47
 1208.90  3.47
 1209.60  3.47
 1210.30  3.47
 1211.00  3.47
 1211.70  3.47
 1212.40  3.47
 1213.10  3.47
 1213.80  3.47
 1214.50  3.47
 1215.20  3.47
 1215.90  3.47
 1216.60  3.47
 1217.30  3.47
 1218.00  3.47
 1218.70  3.47
 1219.40  3.47
 1220.10  3.47
 1220.80  3.47
 1221.50  3.47
 1222.20  3.47
 1222.90  3.47
 1223.60  3.47
 1224.30  3.47
 1225.00  3.47
 1225.70  3.47
 1226.40  3.47
 1227.10  3.48
 1227.80  3.48
 1228.50  3.48
 1229.20  3.48
 1229.90  3.48
 1230.60  3.48
 1231.30  3.48
 1232.00  3.48
 1232.70  3.48
 1233.40  3.48
 1234.10  3.48
 1234.80  3.48
 1235.50  3.48
 1236.20  3.48
 1236.90  3.48
 1237.60  3.48
 1238.30  3.48
 1239.00  3.48
 1239.70  3.48
 1240.40  3.48
 1241.10  3.48
 1241.80  3.48
 1242.50  3.48
 1243.20  3.48
 1243.90  3.48
 1244.60  3.48
 1245.30  3.48
 1246.00  3.48
 1246.70  3.48
 1247.40  3.48
 1248.10  3.48
 1248.80  3.48
 1249.50  3.48
 1250.20  3.48
 1250.90  3.48
 1251.60  3.48
 1252.30  3.48
 1253.00  3.48
 1253.70  3.48
 1254.40  3.48
 1255.10  3.48
 1255.80  3.48
 1256.50  3.48
 1257.20  3.48
 1257.90  3.48
 1258.60  3.48
 1259.30  3.48
 1260.00  3.48
 1260.70  3.48
 1261.40  3.48
 1262.10  3.48
 1262.80  3.48
 1263.50  3.48
 1264.20  3.48
 1264.90  3.48
 1265.60  3.48
 1266.30  3.48
 1267.00  3.48
 1267.70  3.48
 1268.40  3.48
 1269.10  3.48
 1269.80  3.48
 1270.50  3.48
 1271.20  3.48
 1271.90  3.48
 1272.60  3.48
 1273.30  3.48
 1274.00  3.48
 1274.70  3.48
 1275.40  3.48
 1276.10  3.48
 1276.80  3.48
 1277.50  3.48
 1278.20  3.48
 1278.90  3.48
 1279.60  3.48
 1280.30  3.48
 1281.00  3.48
 1281.70  3.48
 1282.40  3.48
 1283.10  3.48
 1283.80  3.48
 1284.50  3.48
 1285.20  3.48
 1285.90  3.48
 1286.60  3.48
 1287.30  3.48
 1288.00  3.48
 1288.70  3.48
 1289.40  3.48
 1290.10  3.48
 1290.80  3.48
 1291.50  3.48
 1292.20  3.48
 1292.90  3.48
 1293.60  3.48
 1294.30  3.48
 1295.00  3.48
 1295.70  3.48
 1296.40  3.48
 1297.10  3.48
 1297.80  3.48
 1298.50  3.49
 1299.20  3.49
 1299.90  3.49
 1300.60  3.49
 1301.30  3.49
 1302.00  3.49
 1302.70  3.49
 1303.40  3.49
 1304.10  3.49
 1304.80  3.49
 1305.50  3.49
 1306.20  3.49
 1306.90  3.49
 1307.60  3.49
 1308.30  3.49
 1309.00  3.49
 1309.70  3.49
 1310.40  3.49
 1311.10  3.49
 1311.80  3.49
 1312.50  3.49
 1313.20  3.49
 1313.90  3.49
 1314.60  3.49
 1315.30  3.49
 1316.00  3.49
 1316.70  3.49
 1317.40  3.49
 1318.10  3.49
 1318.80  3.49
 1319.50  3.49
 1320.20  3.49
 1320.90  3.49
 1321.60  3.49
 1322.30  3.49
 1323.00  3.49
 1323.70  3.49
 1324.40  3.49
 1325.10  3.49
 1325.80  3.49
 1326.50  3.49
 1327.20  3.49
 1327.90  3.49
 1328.60  3.49
 1329.30  3.49
 1330.00  3.49
 1330.70  3.49
 1331.40  3.49
 1332.10  3.49
 1332.80  3.49
 1333.50  3.49
 1334.20  3.49
 1334.90  3.49
 1335.60  3.49
 1336.30  3.49
 1337.00  3.49
 1337.70  3.49
 1338.40  3.49
 1339.10  3.49
 1339.80  3.49
 1340.50  3.49
 1341.20  3.49
 1341.90  3.49
 1342.60  3.49
 1343.30  3.49
 1344.00  3.49
 1344.70  3.49
 1345.40  3.49
 1346.10  3.49
 1346.80  3.49
 1347.50  3.49
 1348.20  3.49
 1348.90  3.49
 1349.60  3.49
 1350.30  3.49
 1351.00  3.49
 1351.70  3.49
 1352.40  3.49
 1353.10  3.49
 1353.80  3.49
 1354.50  3.49
 1355.20  3.49
 1355.90  3.49
 1356.60  3.49
 1357.30  3.49
 1358.00  3.49
 1358.70  3.49
 1359.40  3.49
 1360.10  3.49
 1360.80  3.49
 1361.50  3.49
 1362.20  3.49
 1362.90  3.49
 1363.60  3.49
 1364.30  3.49
 1365.00  3.49
 1365.70  3.49
 1366.40  3.49
 1367.10  3.49
 1367.80  3.49
 1368.50  3.49
 1369.20  3.49
 1369.90  3.49
 1370.60  3.49
 1371.30  3.49
 1372.00  3.49
 1372.70  3.49
 1373.40  3.49
 1374.10  3.49
 1374.80  3.49
 1375.50  3.49
 1376.20  3.49
 1376.90  3.49
 1377.60  3.49
 1378.30  3.49
 1379.00  3.49
 1379.70  3.49
 1380.40  3.49
 1381.10  3.49
 1381.80  3.49
 1382.50  3.49
 1383.20  3.49
 1383.90  3.49
 1384.60  3.49
 1385.30  3.49
 1386.00  3.49
 1386.70  3.49
 1387.40  3.49
 1388.10  3.49
 1388.80  3.49
 1389.50  3.49
 1390.20  3.49
 1390.90  3.49
 1391.60  3.49
 1392.30  3.49
 1393.00  3.49
 1393.70  3.49
 1394.40  3.49
 1395.10  3.49
 1395.80  3.49
 1396.50  3.49
 1397.20  3.49
 1397.90  3.49
 1398.60  3.49
 1399.30  3.49
 1400.00  3.49
 1400.70  3.49
 1401.40  3.49
 1402.10  3.49
 1402.80  3.49
 1403.50  3.49
 1404.20  3.49
 1404.90  3.49
 1405.60  3.49
 1406.30  3.50
 1407.00  3.50
 1407.70  3.50
 1408.40  3.50
 1409.10  3.50
 1409.80  3.50
 1410.50  3.50
 1411.20  3.50
 1411.90  3.50
 1412.60  3.50
 1413.30  3.50
 1414.00  3.50
 1414.70  3.50
 1415.40  3.50
 1416.10  3.50
 1416.80  3.50
 1417.50  3.50
 1418.20  3.50
 1418.90  3.50
 1419.60  3.50
 1420.30  3.50
 1421.00  3.50
 1421.70  3.50
 1422.40  3.50
 1423.10  3.50
 1423.80  3.50
 1424.50  3.50
 1425.20  3.50
 1425.90  3.50
 1426.60  3.50
 1427.30  3.50
 1428.00  3.50
 1428.70  3.50
 1429.40  3.50
 1430.10  3.50
 1430.80  3.50
 1431.50  3.50
 1432.20  3.50
 1432.90  3.50
 1433.60  3.50
 1434.30  3.50
 1435.00  3.50
 1435.70  3.50
 1436.40  3.50
 1437.10  3.50
 1437.80  3.50
 1438.50  3.50
 1439.20  3.50
 1439.90  3.50
 1440.60  3.50
 1441.30  3.50
 1442.00  3.50
 1442.70  3.50
 1443.40  3.50
 1444.10  3.50
 1444.80  3.50
 1445.50  3.50
 1446.20  3.50
 1446.90  3.50
 1447.60  3.50
 1448.30  3.50
 1449.00  3.50
 1449.70  3.50
 1450.40  3.50
 1451.10  3.50
 1451.80  3.50
 1452.50  3.50
 1453.20  3.50
 1453.90  3.50
 1454.60  3.50
 1455.30  3.50
 1456.00  3.50
 1456.70  3.50
 1457.40  3.50
 1458.10  3.50
 1458.80  3.50
 1459.50  3.50
 1460.20  3.50
 1460.90  3.50
 1461.60  3.50
 1462.30  3.50
 1463.00  3.50
 1463.70  3.50
 1464.40  3.50
 1465.10  3.50
 1465.80  3.50
 1466.50  3.50
 1467.20  3.50
 1467.90  3.50
 1468.60  3.50
 1469.30  3.50
 1470.00  3.50
 1470.70  3.50
 1471.40  3.50
 1472.10  3.50
 1472.80  3.50
 1473.50  3.50
 1474.20  3.50
 1474.90  3.50
 1475.60  3.50
 1476.30  3.50
 1477.00  3.50
 1477.70  3.50
 1478.40  3.50
 1479.10  3.50
 1479.80  3.50
 1480.50  3.50
 1481.20  3.50
 1481.90  3.50
 1482.60  3.50
 1483.30  3.50
 1484.00  3.50
 1484.70  3.50
 1485.40  3.50
 1486.10  3.50
 1486.80  3.50
 1487.50  3.50
 1488.20  3.50
 1488.90  3.50
 1489.60  3.50
 1490.30  3.50
 1491.00  3.50
 1491.70  3.50
 1492.40  3.50
 1493.10  3.50
 1493.80  3.50
 1494.50  3.50
 1495.20  3.50
 1495.90  3.50
 1496.60  3.50
 1497.30  3.50
 1498.00  3.50
 1498.70  3.50
 1499.40  3.50
 1500.10  3.50
 1500.80  3.50
 1501.50  3.50
 1502.20  3.50
 1502.90  3.50
 1503.60  3.50
 1504.30  3.50
 1505.00  3.50
 1505.70  3.50
 1506.40  3.50
 1507.10  3.50
 1507.80  3.50
 1508.50  3.50
 1509.20  3.50
 1509.90  3.50
 1510.60  3.50
 1511.30  3.50
 1512.00  3.50
 1512.70  3.50
 1513.40  3.50
 1514.10  3.50
 1514.80  3.50
 1515.50  3.50
 1516.20  3.50
 1516.90  3.50
 1517.60  3.50
 1518.30  3.50
 1519.00  3.50
 1519.70  3.50
 1520.40  3.50
 1521.10  3.50
 1521.80  3.50
 1522.50  3.50
 1523.20  3.50
 1523.90  3.50
 1524.60  3.50
 1525.30  3.50
 1526.00  3.50
 1526.70  3.50
 1527.40  3.50
 1528.10  3.50
 1528.80  3.50
 1529.50  3.50
 1530.20  3.50
 1530.90  3.50
 1531.60  3.50
 1532.30  3.50
 1533.00  3.50
 1533.70  3.50
 1534.40  3.50
 1535.10  3.50
 1535.80  3.50
 1536.50  3.50
 1537.20  3.50
 1537.90  3.50
 1538.60  3.50
 1539.30  3.50
 1540.00  3.50
 1540.70  3.50
 1541.40  3.50
 1542.10  3.50
 1542.80  3.50
 1543.50  3.50
 1544.20  3.50
 1544.90  3.50
 1545.60  3.50
 1546.30  3.50
 1547.00  3.50
 1547.70  3.50
 1548.40  3.50
 1549.10  3.50
 1549.80  3.50
 1550.50  3.50
 1551.20  3.50
 1551.90  3.50
 1552.60  3.50
 1553.30  3.50
 1554.00  3.50
 1554.70  3.50
 1555.40  3.50
 1556.10  3.50
 1556.80  3.50
 1557.50  3.50
 1558.20  3.50
 1558.90  3.50
 1559.60  3.50
 1560.30  3.50
 1561.00  3.50
 1561.70  3.50
 1562.40  3.50
 1563.10  3.50
 1563.80  3.50
 1564.50  3.50
 1565.20  3.50
 1565.90  3.50
 1566.60  3.50
 1567.30  3.50
 1568.00  3.50
 1568.70  3.50
 1569.40  3.50
 1570.10  3.50
 1570.80  3.50
 1571.50  3.50
 1572.20  3.50
 1572.90  3.50
 1573.60  3.50
 1574.30  3.50
 1575.00  3.50
 1575.70  3.50
 1576.40  3.50
 1577.10  3.50
 1577.80  3.50
 1578.50  3.50
 1579.20  3.50
 1579.90  3.50
 1580.60  3.50
 1581.30  3.50
 1582.00  3.50
 1582.70  3.50
 1583.40  3.50
 1584.10  3.50
 1584.80  3.50
 1585.50  3.50
 1586.20  3.50
 1586.90  3.50
 1587.60  3.50
 1588.30  3.50
 1589.00  3.50
 1589.70  3.50
 1590.40  3.50
 1591.10  3.50
 1591.80  3.50
 1592.50  3.50
 1593.20  3.50
 1593.90  3.50
 1594.60  3.50
 1595.30  3.50
 1596.00  3.50
 1596.70  3.50
 1597.40  3.50
 1598.10  3.50
 1598.80  3.50
 1599.50  3.50
 1600.20  3.50
 1600.90  3.50
 1601.60  3.50
 1602.30  3.50
 1603.00  3.50
 1603.70  3.50
 1604.40  3.50
 1605.10  3.50
 1605.80  3.50
 1606.50  3.50
 1607.20  3.50
 1607.90  3.50
 1608.60  3.50
 1609.30  3.50
 1610.00  3.50
 1610.70  3.50
 1611.40  3.50
 1612.10  3.50
 1612.80  3.50
 1613.50  3.50
 1614.20  3.50
 1614.90  3.50
 1615.60  3.50
 1616.30  3.50
 1617.00  3.50
 1617.70  3.50
 1618.40  3.50
 1619.10  3.50
 1619.80  3.50
 1620.50  3.50
 1621.20  3.50
 1621.90  3.50
 1622.60  3.50
 1623.30  3.50
 1624.00  3.50
 1624.70  3.50
 1625.40  3.50
 1626.10  3.50
 1626.80  3.50
 1627.50  3.50
 1628.20  3.50
 1628.90  3.50
 1629.60  3.50
 1630.30  3.50
 1631.00  3.50
 1631.70  3.50
 1632.40  3.50
 1633.10  3.50
 1633.80  3.50
 1634.50  3.50
 1635.20  3.50
 1635.90  3.50
 1636.60  3.50
 1637.30  3.50
 1638.00  3.50
 1638.70  3.51
 1639.40  3.51
 1640.10  3.51
 1640.80  3.51
 1641.50  3.51
 1642.20  3.51
 1642.90  3.51
 1643.60  3.51
 1644.30  3.51
 1645.00  3.51
 1645.70  3.51
 1646.40  3.51
 1647.10  3.51
 1647.80  3.51
 1648.50  3.51
 1649.20  3.51
 1649.90  3.51
 1650.60  3.51
 1651.30  3.51
 1652.00  3.51
 1652.70  3.51
 1653.40  3.51
 1654.10  3.51
 1654.80  3.51
 1655.50  3.51
 1656.20  3.51
 1656.90  3.51
 1657.60  3.51
 1658.30  3.51
 1659.00  3.51
 1659.70  3.51
 1660.40  3.51
 1661.10  3.51
 1661.80  3.51
 1662.50  3.51
 1663.20  3.51
 1663.90  3.51
 1664.60  3.51
 1665.30  3.51
 1666.00  3.51
 1666.70  3.51
 1667.40  3.51
 1668.10  3.51
 1668.80  3.51
 1669.50  3.51
 1670.20  3.51
 1670.90  3.51
 1671.60  3.51
 1672.30  3.51
 1673.00  3.51
 1673.70  3.51
 1674.40  3.51
 1675.10  3.51
 1675.80  3.51
 1676.50  3.51
 1677.20  3.51
 1677.90  3.51
 1678.60  3.51
 1679.30  3.51
 1680.00  3.51
 1680.70  3.51
 1681.40  3.51
 1682.10  3.51
 1682.80  3.51
 1683.50  3.51
 1684.20  3.51
 1684.90  3.51
 1685.60  3.51
 1686.30  3.51
 1687.00  3.51
 1687.70  3.51
 1688.40  3.51
 1689.10  3.51
 1689.80  3.51
 1690.50  3.51
 1691.20  3.51
 1691.90  3.51
 1692.60  3.51
 1693.30  3.51
 1694.00  3.51
 1694.70  3.51
 1695.40  3.51
 1696.10  3.51
 1696.80  3.51
 1697.50  3.51
 1698.20  3.51
 1698.90  3.51
 1699.60  3.51
 1700.30  3.51
 1701.00  3.51
 1701.70  3.51
 1702.40  3.51
 1703.10  3.51
 1703.80  3.51
 1704.50  3.51
 1705.20  3.51
 1705.90  3.51
 1706.60  3.51
 1707.30  3.51
 1708.00  3.51
 1708.70  3.51
 1709.40  3.51
 1710.10  3.51
 1710.80  3.51
 1711.50  3.51
 1712.20  3.51
 1712.90  3.51
 1713.60  3.51
 1714.30  3.51
 1715.00  3.51
 1715.70  3.51
 1716.40  3.51
 1717.10  3.51
 1717.80  3.51
 1718.50  3.51
 1719.20  3.51
 1719.90  3.51
 1720.60  3.51
 1721.30  3.51
 1722.00  3.51
 1722.70  3.51
 1723.40  3.51
 1724.10  3.51
 1724.80  3.51
 1725.50  3.51
 1726.20  3.51
 1726.90  3.51
 1727.60  3.51
 1728.30  3.51
 1729.00  3.51
 1729.70  3.51
 1730.40  3.51
 1731.10  3.51
 1731.80  3.51
 1732.50  3.51
 1733.20  3.51
 1733.90  3.51
 1734.60  3.51
 1735.30  3.51
 1736.00  3.51
 1736.70  3.51
 1737.40  3.51
 1738.10  3.51
 1738.80  3.51
 1739.50  3.51
 1740.20  3.51
 1740.90  3.51
 1741.60  3.51
 1742.30  3.51
 1743.00  3.51
 1743.70  3.51
 1744.40  3.51
 1745.10  3.51
 1745.80  3.51
 1746.50  3.51
 1747.20  3.51
 1747.90  3.51
 1748.60  3.51
 1749.30  3.51
 1750.00  3.51
 1750.70  3.51
 1751.40  3.51
 1752.10  3.51
 1752.80  3.51
 1753.50  3.51
 1754.20  3.51
 1754.90  3.51
 1755.60  3.51
 1756.30  3.51
 1757.00  3.51
 1757.70  3.51
 1758.40  3.51
 1759.10  3.51
 1759.80  3.51
 1760.50  3.51
 1761.20  3.51
 1761.90  3.51
 1762.60  3.51
 1763.30  3.51
 1764.00  3.51
 1764.70  3.51
 1765.40  3.51
 1766.10  3.51
 1766.80  3.51
 1767.50  3.51
 1768.20  3.51
 1768.90  3.51
 1769.60  3.51
 1770.30  3.51
 1771.00  3.51
 1771.70  3.51
 1772.40  3.51
 1773.10  3.51
 1773.80  3.51
 1774.50  3.51
 1775.20  3.51
 1775.90  3.51
 1776.60  3.51
 1777.30  3.51
 1778.00  3.51
 1778.70  3.51
 1779.40  3.51
 1780.10  3.51
 1780.80  3.51
 1781.50  3.51
 1782.20  3.51
 1782.90  3.51
 1783.60  3.51
 1784.30  3.51
 1785.00  3.51
 1785.70  3.51
 1786.40  3.51
 1787.10  3.51
 1787.80  3.51
 1788.50  3.51
 1789.20  3.51
 1789.90  3.51
 1790.60  3.51
 1791.30  3.51
 1792.00  3.51
 1792.70  3.51
 1793.40  3.51
 1794.10  3.51
 1794.80  3.51
 1795.50  3.51
 1796.20  3.51
 1796.90  3.51
 1797.60  3.51
 1798.30  3.51
 1799.00  3.51
 1799.70  3.51
 1800.40  3.51
 1801.10  3.51
 1801.80  3.51
 1802.50  3.51
 1803.20  3.51
 1803.90  3.51
 1804.60  3.51
 1805.30  3.51
 1806.00  3.51
 1806.70  3.51
 1807.40  3.51
 1808.10  3.51
 1808.80  3.51
 1809.50  3.51
 1810.20  3.51
 1810.90  3.51
 1811.60  3.51
 1812.30  3.51
 1813.00  3.51
 1813.70  3.51
 1814.40  3.51
 1815.10  3.51
 1815.80  3.51
 1816.50  3.51
 1817.20  3.51
 1817.90  3.51
 1818.60  3.51
 1819.30  3.51
 1820.00  3.51
 1820.70  3.51
 1821.40  3.51
 1822.10  3.51
 1822.80  3.51
 1823.50  3.51
 1824.20  3.51
 1824.90  3.51
 1825.60  3.51
 1826.30  3.51
 1827.00  3.51
 1827.70  3.51
 1828.40  3.51
 1829.10  3.51
 1829.80  3.51
 1830.50  3.51
 1831.20  3.51
 1831.90  3.51
 1832.60  3.51
 1833.30  3.51
 1834.00  3.51
 1834.70  3.51
 1835.40  3.51
 1836.10  3.51
 1836.80  3.51
 1837.50  3.51
 1838.20  3.51
 1838.90  3.51
 1839.60  3.51
 1840.30  3.51
 1841.00  3.51
 1841.70  3.51
 1842.40  3.51
 1843.10  3.51
 1843.80  3.51
 1844.50  3.51
 1845.20  3.51
 1845.90  3.51
 1846.60  3.51
 1847.30  3.51
 1848.00  3.51
 1848.70  3.51
 1849.40  3.51
 1850.10  3.51
 1850.80  3.51
 1851.50  3.51
 1852.20  3.51
 1852.90  3.51
 1853.60  3.51
 1854.30  3.51
 1855.00  3.51
 1855.70  3.51
 1856.40  3.51
 1857.10  3.51
 1857.80  3.51
 1858.50  3.51
 1859.20  3.51
 1859.90  3.51
 1860.60  3.51
 1861.30  3.51
 1862.00  3.51
 1862.70  3.51
 1863.40  3.51
 1864.10  3.51
 1864.80  3.51
 1865.50  3.51
 1866.20  3.51
 1866.90  3.51
 1867.60  3.51
 1868.30  3.51
 1869.00  3.51
 1869.70  3.51
 1870.40  3.51
 1871.10  3.51
 1871.80  3.51
 1872.50  3.51
 1873.20  3.51
 1873.90  3.51
 1874.60  3.51
 1875.30  3.51
 1876.00  3.51
 1876.70  3.51
 1877.40  3.51
 1878.10  3.51
 1878.80  3.51
 1879.50  3.51
 1880.20  3.51
 1880.90  3.51
 1881.60  3.51
 1882.30  3.51
 1883.00  3.51
 1883.70  3.51
 1884.40  3.51
 1885.10  3.51
 1885.80  3.51
 1886.50  3.51
 1887.20  3.51
 1887.90  3.51
 1888.60  3.51
 1889.30  3.51
 1890.00  3.51
 1890.70  3.51
 1891.40  3.51
 1892.10  3.51
 1892.80  3.51
 1893.50  3.51
 1894.20  3.51
 1894.90  3.51
 1895.60  3.51
 1896.30  3.51
 1897.00  3.51
 1897.70  3.51
 1898.40  3.51
 1899.10  3.51
 1899.80  3.51
 1900.50  3.51
 1901.20  3.51
 1901.90  3.51
 1902.60  3.51
 1903.30  3.51
 1904.00  3.51
 1904.70  3.51
 1905.40  3.51
 1906.10  3.51
 1906.80  3.51
 1907.50  3.51
 1908.20  3.51
 1908.90  3.51
 1909.60  3.51
 1910.30  3.51
 1911.00  3.51
 1911.70  3.51
 1912.40  3.51
 1913.10  3.51
 1913.80  3.51
 1914.50  3.51
 1915.20  3.51
 1915.90  3.51
 1916.60  3.51
 1917.30  3.51
 1918.00  3.51
 1918.70  3.51
 1919.40  3.51
 1920.10  3.51
 1920.80  3.51
 1921.50  3.51
 1922.20  3.51
 1922.90  3.51
 1923.60  3.51
 1924.30  3.51
 1925.00  3.51
 1925.70  3.51
 1926.40  3.51
 1927.10  3.51
 1927.80  3.51
 1928.50  3.51
 1929.20  3.51
 1929.90  3.51
 1930.60  3.51
 1931.30  3.51
 1932.00  3.51
 1932.70  3.51
 1933.40  3.51
 1934.10  3.51
 1934.80  3.51
 1935.50  3.51
 1936.20  3.51
 1936.90  3.51
 1937.60  3.51
 1938.30  3.51
 1939.00  3.51
 1939.70  3.51
 1940.40  3.51
 1941.10  3.51
 1941.80  3.51
 1942.50  3.51
 1943.20  3.51
 1943.90  3.51
 1944.60  3.51
 1945.30  3.51
 1946.00  3.51
 1946.70  3.51
 1947.40  3.51
 1948.10  3.51
 1948.80  3.51
 1949.50  3.51
 1950.20  3.51
 1950.90  3.51
 1951.60  3.51
 1952.30  3.51
 1953.00  3.51
 1953.70  3.51
 1954.40  3.51
 1955.10  3.51
 1955.80  3.51
 1956.50  3.51
 1957.20  3.51
 1957.90  3.51
 1958.60  3.51
 1959.30  3.51
 1960.00  3.51
 1960.70  3.51
 1961.40  3.51
 1962.10  3.51
 1962.80  3.51
 1963.50  3.51
 1964.20  3.51
 1964.90  3.51
 1965.60  3.51
 1966.30  3.51
 1967.00  3.51
 1967.70  3.51
 1968.40  3.51
 1969.10  3.51
 1969.80  3.51
 1970.50  3.51
 1971.20  3.51
 1971.90  3.51
 1972.60  3.51
 1973.30  3.51
 1974.00  3.51
 1974.70  3.51
 1975.40  3.51
 1976.10  3.51
 1976.80  3.51
 1977.50  3.51
 1978.20  3.51
 1978.90  3.51
 1979.60  3.51
 1980.30  3.51
 1981.00  3.51
 1981.70  3.51
 1982.40  3.51
 1983.10  3.51
 1983.80  3.51
 1984.50  3.51
 1985.20  3.51
 1985.90  3.51
 1986.60  3.51
 1987.30  3.51
 1988.00  3.51
 1988.70  3.51
 1989.40  3.51
 1990.10  3.51
 1990.80  3.51
 1991.50  3.51
 1992.20  3.51
 1992.90  3.51
 1993.60  3.51
 1994.30  3.51
 1995.00  3.51
 1995.70  3.51
 1996.40  3.51
 1997.10  3.51
 1997.80  3.51
 1998.50  3.51
 1999.20  3.51
 1999.90  3.51
 2000.60  3.51
 2001.30  3.51
 2002.00  3.51
 2002.70  3.51
 2003.40  3.51
 2004.10  3.51
 2004.80  3.51
 2005.50  3.51
 2006.20  3.51
 2006.90  3.51
 2007.60  3.51
 2008.30  3.51
 2009.00  3.51
 2009.70  3.51
 2010.40  3.51
 2011.10  3.51
 2011.80  3.51
 2012.50  3.51
 2013.20  3.51
 2013.90  3.51
 2014.60  3.51
 2015.30  3.51
 2016.00  3.51
 2016.70  3.51
 2017.40  3.51
 2018.10  3.51
 2018.80  3.51
 2019.50  3.51
 2020.20  3.51
 2020.90  3.51
 2021.60  3.51
 2022.30  3.51
 2023.00  3.51
 2023.70  3.51
 2024.40  3.51
 2025.10  3.51
 2025.80  3.51
 2026.50  3.51
 2027.20  3.51
 2027.90  3.51
 2028.60  3.51
 2029.30  3.51
 2030.00  3.51
 2030.70  3.51
 2031.40  3.51
 2032.10  3.51
 2032.80  3.51
 2033.50  3.51
 2034.20  3.51
 2034.90  3.51
 2035.60  3.51
 2036.30  3.51
 2037.00  3.51
 2037.70  3.51
 2038.40  3.51
 2039.10  3.51
 2039.80  3.51
 2040.50  3.51
 2041.20  3.51
 2041.90  3.51
 2042.60  3.51
 2043.30  3.51
 2044.00  3.51
 2044.70  3.51
 2045.40  3.51
 2046.10  3.51
 2046.80  3.51
 2047.50  3.51
 2048.20  3.51
 2048.90  3.51
 2049.60  3.51
 2050.30  3.51
 2051.00  3.51
 2051.70  3.51
 2052.40  3.51
 2053.10  3.51
 2053.80  3.51
 2054.50  3.51
 2055.20  3.51
 2055.90  3.51
 2056.60  3.51
 2057.30  3.51
 2058.00  3.51
 2058.70  3.51
 2059.40  3.51
 2060.10  3.51
 2060.80  3.51
 2061.50  3.51
 2062.20  3.51
 2062.90  3.51
 2063.60  3.51
 2064.30  3.51
 2065.00  3.51
 2065.70  3.51
 2066.40  3.51
 2067.10  3.51
 2067.80  3.51
 2068.50  3.51
 2069.20  3.51
 2069.90  3.51
 2070.60  3.51
 2071.30  3.51
 2072.00  3.51
 2072.70  3.51
 2073.40  3.51
 2074.10  3.51
 2074.80  3.51
 2075.50  3.51
 2076.20  3.51
 2076.90  3.51
 2077.60  3.51
 2078.30  3.51
 2079.00  3.51
 2079.70  3.51
 2080.40  3.51
 2081.10  3.51
 2081.80  3.51
 2082.50  3.51
 2083.20  3.51
 2083.90  3.51
 2084.60  3.51
 2085.30  3.51
 2086.00  3.51
 2086.70  3.51
 2087.40  3.51
 2088.10  3.51
 2088.80  3.51
 2089.50  3.51
 2090.20  3.51
 2090.90  3.51
 2091.60  3.51
 2092.30  3.51
 2093.00  3.51
 2093.70  3.51
 2094.40  3.51
 2095.10  3.51
 2095.80  3.51
 2096.50  3.51
 2097.20  3.51
 2097.90  3.51
 2098.60  3.51
 2099.30  3.51
 2100.00  3.51
 2100.70  3.51
 2101.40  3.51
 2102.10  3.51
 2102.80  3.51
 2103.50  3.51
 2104.20  3.51
 2104.90  3.51
 2105.60  3.51
 2106.30  3.51
 2107.00  3.51
 2107.70  3.51
 2108.40  3.51
 2109.10  3.51
 2109.80  3.51
 2110.50  3.51
 2111.20  3.51
 2111.90  3.51
 2112.60  3.51
 2113.30  3.51
 2114.00  3.51
 2114.70  3.51
 2115.40  3.51
 2116.10  3.51
 2116.80  3.51
 2117.50  3.51
 2118.20  3.51
 2118.90  3.51
 2119.60  3.51
 2120.30  3.51
 2121.00  3.51
 2121.70  3.51
 2122.40  3.51
 2123.10  3.51
 2123.80  3.51
 2124.50  3.51
 2125.20  3.51
 2125.90  3.51
 2126.60  3.51
 2127.30  3.51
 2128.00  3.51
 2128.70  3.51
 2129.40  3.51
 2130.10  3.51
 2130.80  3.51
 2131.50  3.51
 2132.20  3.51
 2132.90  3.51
 2133.60  3.51
 2134.30  3.51
 2135.00  3.51
 2135.70  3.51
 2136.40  3.51
 2137.10  3.51
 2137.80  3.51
 2138.50  3.51
 2139.20  3.51
 2139.90  3.51
 2140.60  3.51
 2141.30  3.51
 2142.00  3.51
 2142.70  3.51
 2143.40  3.51
 2144.10  3.51
 2144.80  3.51
 2145.50  3.51
 2146.20  3.51
 2146.90  3.51
 2147.60  3.51
 2148.30  3.51
 2149.00  3.51
 2149.70  3.51
 2150.40  3.51
 2151.10  3.51
 2151.80  3.51
 2152.50  3.51
 2153.20  3.51
 2153.90  3.51
 2154.60  3.51
 2155.30  3.51
 2156.00  3.51
 2156.70  3.51
 2157.40  3.51
 2158.10  3.51
 2158.80  3.51
 2159.50  3.51
 2160.20  3.51
 2160.90  3.51
 2161.60  3.51
 2162.30  3.51
 2163.00  3.51
 2163.70  3.51
 2164.40  3.51
 2165.10  3.51
 2165.80  3.51
 2166.50  3.51
 2167.20  3.51
 2167.90  3.51
 2168.60  3.51
 2169.30  3.51
 2170.00  3.51
 2170.70  3.51
 2171.40  3.51
 2172.10  3.51
 2172.80  3.51
 2173.50  3.51
 2174.20  3.51
 2174.90  3.51
 2175.60  3.51
 2176.30  3.51
 2177.00  3.51
 2177.70  3.51
 2178.40  3.51
 2179.10  3.51
 2179.80  3.51
 2180.50  3.51
 2181.20  3.51
 2181.90  3.51
 2182.60  3.51
 2183.30  3.51
 2184.00  3.51
 2184.70  3.51
 2185.40  3.51
 2186.10  3.51
 2186.80  3.51
 2187.50  3.51
 2188.20  3.51
 2188.90  3.51
 2189.60  3.51
 2190.30  3.51
 2191.00  3.51
 2191.70  3.51
 2192.40  3.51
 2193.10  3.51
 2193.80  3.51
 2194.50  3.51
 2195.20  3.51
 2195.90  3.51
 2196.60  3.51
 2197.30  3.51
 2198.00  3.51
 2198.70  3.51
 2199.40  3.51
 2200.10  3.51
 2200.80  3.51
 2201.50  3.51
 2202.20  3.51
 2202.90  3.51
 2203.60  3.51
 2204.30  3.51
 2205.00  3.51
 2205.70  3.51
 2206.40  3.51
 2207.10  3.51
 2207.80  3.51
 2208.50  3.51
 2209.20  3.51
 2209.90  3.51
 2210.60  3.51
 2211.30  3.51
 2212.00  3.51
 2212.70  3.51
 2213.40  3.51
 2214.10  3.51
 2214.80  3.51
 2215.50  3.51
 2216.20  3.51
 2216.90  3.51
 2217.60  3.51
 2218.30  3.51
 2219.00  3.51
 2219.70  3.51
 2220.40  3.51
 2221.10  3.51
 2221.80  3.51
 2222.50  3.51
 2223.20  3.51
 2223.90  3.51
 2224.60  3.51
 2225.30  3.51
 2226.00  3.51
 2226.70  3.51
 2227.40  3.51
 2228.10  3.51
 2228.80  3.51
 2229.50  3.51
 2230.20  3.51
 2230.90  3.51
 2231.60  3.51
 2232.30  3.51
 2233.00  3.51
 2233.70  3.51
 2234.40  3.51
 2235.10  3.51
 2235.80  3.51
 2236.50  3.51
 2237.20  3.51
 2237.90  3.51
 2238.60  3.51
 2239.30  3.51
 2240.00  3.51
 2240.70  3.51
 2241.40  3.51
 2242.10  3.51
 2242.80  3.51
 2243.50  3.51
 2244.20  3.51
 2244.90  3.51
 2245.60  3.51
 2246.30  3.51
 2247.00  3.51
 2247.70  3.51
 2248.40  3.51
 2249.10  3.51
 2249.80  3.51
 2250.50  3.51
 2251.20  3.51
 2251.90  3.51
 2252.60  3.51
 2253.30  3.51
 2254.00  3.51
 2254.70  3.51
 2255.40  3.51
 2256.10  3.51
 2256.80  3.51
 2257.50  3.51
 2258.20  3.51
 2258.90  3.51
 2259.60  3.51
 2260.30  3.51
 2261.00  3.51
 2261.70  3.51
 2262.40  3.51
 2263.10  3.51
 2263.80  3.51
 2264.50  3.51
 2265.20  3.51
 2265.90  3.51
 2266.60  3.51
 2267.30  3.51
 2268.00  3.51
 2268.70  3.51
 2269.40  3.51
 2270.10  3.51
 2270.80  3.51
 2271.50  3.51
 2272.20  3.51
 2272.90  3.51
 2273.60  3.51
 2274.30  3.51
 2275.00  3.51
 2275.70  3.51
 2276.40  3.51
 2277.10  3.51
 2277.80  3.51
 2278.50  3.51
 2279.20  3.51
 2279.90  3.51
 2280.60  3.51
 2281.30  3.51
 2282.00  3.51
 2282.70  3.51
 2283.40  3.51
 2284.10  3.51
 2284.80  3.51
 2285.50  3.51
 2286.20  3.51
 2286.90  3.51
 2287.60  3.51
 2288.30  3.51
 2289.00  3.51
 2289.70  3.51
 2290.40  3.51
 2291.10  3.51
 2291.80  3.51
 2292.50  3.51
 2293.20  3.51
 2293.90  3.51
 2294.60  3.51
 2295.30  3.51
 2296.00  3.51
 2296.70  3.51
 2297.40  3.51
 2298.10  3.51
 2298.80  3.51
 2299.50  3.51
 2300.20  3.51
 2300.90  3.51
 2301.60  3.51
 2302.30  3.51
 2303.00  3.51
 2303.70  3.51
 2304.40  3.51
 2305.10  3.51
 2305.80  3.51
 2306.50  3.51
 2307.20  3.51
 2307.90  3.51
 2308.60  3.51
 2309.30  3.51
 2310.00  3.51
 2310.70  3.51
 2311.40  3.51
 2312.10  3.51
 2312.80  3.51
 2313.50  3.51
 2314.20  3.51
 2314.90  3.51
 2315.60  3.51
 2316.30  3.51
 2317.00  3.51
 2317.70  3.51
 2318.40  3.51
 2319.10  3.51
 2319.80  3.51
 2320.50  3.51
 2321.20  3.51
 2321.90  3.51
 2322.60  3.51
 2323.30  3.51
 2324.00  3.51
 2324.70  3.51
 2325.40  3.51
 2326.10  3.51
 2326.80  3.51
 2327.50  3.51
 2328.20  3.51
 2328.90  3.51
 2329.60  3.51
 2330.30  3.51
 2331.00  3.51
 2331.70  3.51
 2332.40  3.51
 2333.10  3.51
 2333.80  3.51
 2334.50  3.51
 2335.20  3.51
 2335.90  3.51
 2336.60  3.51
 2337.30  3.51
 2338.00  3.51
 2338.70  3.51
 2339.40  3.51
 2340.10  3.51
 2340.80  3.51
 2341.50  3.51
 2342.20  3.51
 2342.90  3.51
 2343.60  3.51
 2344.30  3.51
 2345.00  3.51
 2345.70  3.51
 2346.40  3.51
 2347.10  3.51
 2347.80  3.51
 2348.50  3.51
 2349.20  3.51
 2349.90  3.51
 2350.60  3.51
 2351.30  3.51
 2352.00  3.51
 2352.70  3.51
 2353.40  3.51
 2354.10  3.51
 2354.80  3.51
 2355.50  3.51
 2356.20  3.51
 2356.90  3.51
 2357.60  3.51
 2358.30  3.51
 2359.00  3.51
 2359.70  3.51
 2360.40  3.51
 2361.10  3.51
 2361.80  3.51
 2362.50  3.51
 2363.20  3.51
 2363.90  3.51
 2364.60  3.51
 2365.30  3.51
 2366.00  3.51
 2366.70  3.51
 2367.40  3.51
 2368.10  3.51
 2368.80  3.51
 2369.50  3.51
 2370.20  3.51
 2370.90  3.51
 2371.60  3.51
 2372.30  3.51
 2373.00  3.51
 2373.70  3.51
 2374.40  3.51
 2375.10  3.51
 2375.80  3.51
 2376.50  3.51
 2377.20  3.51
 2377.90  3.51
 2378.60  3.51
 2379.30  3.51
 2380.00  3.51
 2380.70  3.51
 2381.40  3.51
 2382.10  3.51
 2382.80  3.51
 2383.50  3.51
 2384.20  3.51
 2384.90  3.51
 2385.60  3.51
 2386.30  3.51
 2387.00  3.51
 2387.70  3.51
 2388.40  3.51
 2389.10  3.51
 2389.80  3.51
 2390.50  3.51
 2391.20  3.51
 2391.90  3.51
 2392.60  3.51
 2393.30  3.51
 2394.00  3.51
 2394.70  3.51
 2395.40  3.51
 2396.10  3.51
 2396.80  3.51
 2397.50  3.51
 2398.20  3.51
 2398.90  3.51
 2399.60  3.51
 2400.30  3.51
 2401.00  3.51
 2401.70  3.51
 2402.40  3.51
 2403.10  3.51
 2403.80  3.51
 2404.50  3.51
 2405.20  3.51
 2405.90  3.51
 2406.60  3.51
 2407.30  3.51
 2408.00  3.51
 2408.70  3.51
 2409.40  3.51
 2410.10  3.51
 2410.80  3.51
 2411.50  3.51
 2412.20  3.51
 2412.90  3.51
 2413.60  3.51
 2414.30  3.51
 2415.00  3.51
 2415.70  3.51
 2416.40  3.51
 2417.10  3.51
 2417.80  3.51
 2418.50  3.51
 2419.20  3.51
 2419.90  3.51
 2420.60  3.51
 2421.30  3.51
 2422.00  3.51
 2422.70  3.51
 2423.40  3.51
 2424.10  3.51
 2424.80  3.51
 2425.50  3.51
 2426.20  3.51
 2426.90  3.51
 2427.60  3.51
 2428.30  3.51
 2429.00  3.51
 2429.70  3.51
 2430.40  3.51
 2431.10  3.51
 2431.80  3.51
 2432.50  3.51
 2433.20  3.51
 2433.90  3.51
 2434.60  3.51
 2435.30  3.51
 2436.00  3.51
 2436.70  3.51
 2437.40  3.51
 2438.10  3.51
 2438.80  3.51
 2439.50  3.51
 2440.20  3.51
 2440.90  3.51
 2441.60  3.51
 2442.30  3.51
 2443.00  3.51
 2443.70  3.51
 2444.40  3.51
 2445.10  3.51
 2445.80  3.51
 2446.50  3.51
 2447.20  3.51
 2447.90  3.51
 2448.60  3.51
 2449.30  3.51
 2450.00  3.51
 2450.70  3.51
 2451.40  3.51
 2452.10  3.51
 2452.80  3.51
 2453.50  3.51
 2454.20  3.51
 2454.90  3.51
 2455.60  3.51
 2456.30  3.51
 2457.00  3.51
 2457.70  3.51
 2458.40  3.51
 2459.10  3.51
 2459.80  3.51
 2460.50  3.51
 2461.20  3.51
 2461.90  3.51
 2462.60  3.51
 2463.30  3.51
 2464.00  3.51
 2464.70  3.51
 2465.40  3.51
 2466.10  3.51
 2466.80  3.51
 2467.50  3.51
 2468.20  3.51
 2468.90  3.51
 2469.60  3.51
 2470.30  3.51
 2471.00  3.51
 2471.70  3.51
 2472.40  3.51
 2473.10  3.51
 2473.80  3.51
 2474.50  3.51
 2475.20  3.51
 2475.90  3.51
 2476.60  3.51
 2477.30  3.51
 2478.00  3.51
 2478.70  3.51
 2479.40  3.51
 2480.10  3.51
 2480.80  3.51
 2481.50  3.51
 2482.20  3.51
 2482.90  3.51
 2483.60  3.51
 2484.30  3.51
 2485.00  3.51
 2485.70  3.51
 2486.40  3.51
 2487.10  3.51
 2487.80  3.51
 2488.50  3.51
 2489.20  3.51
 2489.90  3.51
 2490.60  3.51
 2491.30  3.51
 2492.00  3.51
 2492.70  3.51
 2493.40  3.51
 2494.10  3.51
 2494.80  3.51
 2495.50  3.51
 2496.20  3.51
 2496.90  3.51
 2497.60  3.51
 2498.30  3.51
 2499.00  3.51
 2499.70  3.51
 2500.40  3.51
 2501.10  3.51
 2501.80  3.51
 2502.50  3.51
 2503.20  3.51
 2503.90  3.51
 2504.60  3.51
 2505.30  3.51
 2506.00  3.51
 2506.70  3.51
 2507.40  3.51
 2508.10  3.51
 2508.80  3.51
 2509.50  3.51
 2510.20  3.51
 2510.90  3.51
 2511.60  3.51
 2512.30  3.51
 2513.00  3.51
 2513.70  3.51
 2514.40  3.51
 2515.10  3.51
 2515.80  3.51
 2516.50  3.51
 2517.20  3.51
 2517.90  3.51
 2518.60  3.51
 2519.30  3.51
 2520.00  3.51
 2520.70  3.51
 2521.40  3.51
 2522.10  3.51
 2522.80  3.51
 2523.50  3.51
 2524.20  3.51
 2524.90  3.51
 2525.60  3.51
 2526.30  3.51
 2527.00  3.51
 2527.70  3.51
 2528.40  3.51
 2529.10  3.51
 2529.80  3.51
 2530.50  3.51
 2531.20  3.51
 2531.90  3.51
 2532.60  3.51
 2533.30  3.51
 2534.00  3.51
 2534.70  3.51
 2535.40  3.51
 2536.10  3.51
 2536.80  3.51
 2537.50  3.51
 2538.20  3.51
 2538.90  3.51
 2539.60  3.51
 2540.30  3.51
 2541.00  3.51
 2541.70  3.51
 2542.40  3.51
 2543.10  3.51
 2543.80  3.51
 2544.50  3.51
 2545.20  3.51
 2545.90  3.51
 2546.60  3.51
 2547.30  3.51
 2548.00  3.51
 2548.70  3.51
 2549.40  3.51
 2550.10  3.51
 2550.80  3.51
 2551.50  3.51
 2552.20  3.51
 2552.90  3.51
 2553.60  3.51
 2554.30  3.51
 2555.00  3.51
 2555.70  3.51
 2556.40  3.51
 2557.10  3.51
 2557.80  3.51
 2558.50  3.51
 2559.20  3.51
 2559.90  3.51
 2560.60  3.51
 2561.30  3.51
 2562.00  3.51
 2562.70  3.51
 2563.40  3.51
 2564.10  3.51
 2564.80  3.51
 2565.50  3.51
 2566.20  3.51
 2566.90  3.51
 2567.60  3.51
 2568.30  3.51
 2569.00  3.51
 2569.70  3.51
 2570.40  3.51
 2571.10  3.51
 2571.80  3.51
 2572.50  3.51
 2573.20  3.51
 2573.90  3.51
 2574.60  3.51
 2575.30  3.51
 2576.00  3.51
 2576.70  3.51
 2577.40  3.51
 2578.10  3.51
 2578.80  3.51
 2579.50  3.51
 2580.20  3.51
 2580.90  3.51
 2581.60  3.51
 2582.30  3.51
 2583.00  3.51
 2583.70  3.51
 2584.40  3.51
 2585.10  3.51
 2585.80  3.51
 2586.50  3.51
 2587.20  3.51
 2587.90  3.51
 2588.60  3.51
 2589.30  3.51
 2590.00  3.51
 2590.70  3.51
 2591.40  3.51
 2592.10  3.51
 2592.80  3.51
 2593.50  3.51
 2594.20  3.51
 2594.90  3.51
 2595.60  3.51
 2596.30  3.51
 2597.00  3.51
 2597.70  3.51
 2598.40  3.51
 2599.10  3.51
 2599.80  3.51
 2600.50  3.51
 2601.20  3.51
 2601.90  3.51
 2602.60  3.51
 2603.30  3.51
 2604.00  3.51
 2604.70  3.51
 2605.40  3.51
 2606.10  3.51
 2606.80  3.51
 2607.50  3.51
 2608.20  3.51
 2608.90  3.51
 2609.60  3.51
 2610.30  3.51
 2611.00  3.51
 2611.70  3.51
 2612.40  3.51
 2613.10  3.51
 2613.80  3.51
 2614.50  3.51
 2615.20  3.51
 2615.90  3.51
 2616.60  3.51
 2617.30  3.51
 2618.00  3.51
 2618.70  3.51
 2619.40  3.51
 2620.10  3.51
 2620.80  3.51
 2621.50  3.51
 2622.20  3.51
 2622.90  3.51
 2623.60  3.51
 2624.30  3.51
 2625.00  3.51
 2625.70  3.51
 2626.40  3.51
 2627.10  3.51
 2627.80  3.51
 2628.50  3.51
 2629.20  3.51
 2629.90  3.51
 2630.60  3.51
 2631.30  3.51
 2632.00  3.51
 2632.70  3.51
 2633.40  3.51
 2634.10  3.51
 2634.80  3.51
 2635.50  3.51
 2636.20  3.51
 2636.90  3.51
 2637.60  3.51
 2638.30  3.51
 2639.00  3.51
 2639.70  3.51
 2640.40  3.51
 2641.10  3.51
 2641.80  3.51
 2642.50  3.51
 2643.20  3.51
 2643.90  3.51
 2644.60  3.51
 2645.30  3.51
 2646.00  3.51
 2646.70  3.51
 2647.40  3.51
 2648.10  3.51
 2648.80  3.51
 2649.50  3.51
 2650.20  3.51
 2650.90  3.51
 2651.60  3.51
 2652.30  3.51
 2653.00  3.51
 2653.70  3.51
 2654.40  3.51
 2655.10  3.51
 2655.80  3.51
 2656.50  3.51
 2657.20  3.51
 2657.90  3.51
 2658.60  3.51
 2659.30  3.51
 2660.00  3.51
 2660.70  3.51
 2661.40  3.51
 2662.10  3.51
 2662.80  3.51
 2663.50  3.51
 2664.20  3.51
 2664.90  3.51
 2665.60  3.51
 2666.30  3.51
 2667.00  3.51
 2667.70  3.51
 2668.40  3.51
 2669.10  3.51
 2669.80  3.51
 2670.50  3.51
 2671.20  3.51
 2671.90  3.51
 2672.60  3.51
 2673.30  3.51
 2674.00  3.51
 2674.70  3.51
 2675.40  3.51
 2676.10  3.51
 2676.80  3.51
 2677.50  3.51
 2678.20  3.51
 2678.90  3.51
 2679.60  3.51
 2680.30  3.51
 2681.00  3.51
 2681.70  3.51
 2682.40  3.51
 2683.10  3.51
 2683.80  3.51
 2684.50  3.51
 2685.20  3.51
 2685.90  3.51
 2686.60  3.51
 2687.30  3.51
 2688.00  3.51
 2688.70  3.51
 2689.40  3.51
 2690.10  3.51
 2690.80  3.51
 2691.50  3.51
 2692.20  3.51
 2692.90  3.51
 2693.60  3.51
 2694.30  3.51
 2695.00  3.51
 2695.70  3.51
 2696.40  3.51
 2697.10  3.51
 2697.80  3.51
 2698.50  3.51
 2699.20  3.51
 2699.90  3.51
 2700.60  3.51
 2701.30  3.51
 2702.00  3.51
 2702.70  3.51
 2703.40  3.51
 2704.10  3.51
 2704.80  3.51
 2705.50  3.51
 2706.20  3.51
 2706.90  3.51
 2707.60  3.51
 2708.30  3.51
 2709.00  3.51
 2709.70  3.51
 2710.40  3.51
 2711.10  3.51
 2711.80  3.51
 2712.50  3.51
 2713.20  3.51
 2713.90  3.51
 2714.60  3.51
 2715.30  3.51
 2716.00  3.51
 2716.70  3.51
 2717.40  3.51
 2718.10  3.51
 2718.80  3.51
 2719.50  3.51
 2720.20  3.51
 2720.90  3.51
 2721.60  3.51
 2722.30  3.51
 2723.00  3.51
 2723.70  3.51
 2724.40  3.51
 2725.10  3.51
 2725.80  3.51
 2726.50  3.51
 2727.20  3.51
 2727.90  3.51
 2728.60  3.51
 2729.30  3.51
 2730.00  3.51
 2730.70  3.51
 2731.40  3.51
 2732.10  3.51
 2732.80  3.51
 2733.50  3.51
 2734.20  3.51
 2734.90  3.51
 2735.60  3.51
 2736.30  3.51
 2737.00  3.51
 2737.70  3.51
 2738.40  3.51
 2739.10  3.51
 2739.80  3.51
 2740.50  3.51
 2741.20  3.51
 2741.90  3.51
 2742.60  3.51
 2743.30  3.51
 2744.00  3.51
 2744.70  3.51
 2745.40  3.51
 2746.10  3.51
 2746.80  3.51
 2747.50  3.51
 2748.20  3.51
 2748.90  3.51
 2749.60  3.51
 2750.30  3.51
 2751.00  3.51
 2751.70  3.51
 2752.40  3.51
 2753.10  3.51
 2753.80  3.51
 2754.50  3.51
 2755.20  3.51
 2755.90  3.51
 2756.60  3.51
 2757.30  3.51
 2758.00  3.51
 2758.70  3.51
 2759.40  3.51
 2760.10  3.51
 2760.80  3.51
 2761.50  3.51
 2762.20  3.51
 2762.90  3.51
 2763.60  3.51
 2764.30  3.51
 2765.00  3.51
 2765.70  3.51
 2766.40  3.51
 2767.10  3.51
 2767.80  3.51
 2768.50  3.51
 2769.20  3.51
 2769.90  3.51
 2770.60  3.51
 2771.30  3.51
 2772.00  3.51
 2772.70  3.51
 2773.40  3.51
 2774.10  3.51
 2774.80  3.51
 2775.50  3.51
 2776.20  3.51
 2776.90  3.51
 2777.60  3.51
 2778.30  3.51
 2779.00  3.51
 2779.70  3.51
 2780.40  3.51
 2781.10  3.51
 2781.80  3.51
 2782.50  3.51
 2783.20  3.51
 2783.90  3.51
 2784.60  3.51
 2785.30  3.51
 2786.00  3.51
 2786.70  3.51
 2787.40  3.51
 2788.10  3.51
 2788.80  3.51
 2789.50  3.51
 2790.20  3.51
 2790.90  3.51
 2791.60  3.51
 2792.30  3.51
 2793.00  3.51
 2793.70  3.51
 2794.40  3.51
 2795.10  3.51
 2795.80  3.51
 2796.50  3.51
 2797.20  3.51
 2797.90  3.51
 2798.60  3.51
 2799.30  3.51
 2800.00  3.51
 2800.70  3.51
 2801.40  3.51
 2802.10  3.51
 2802.80  3.51
 2803.50  3.51
 2804.20  3.51
 2804.90  3.51
 2805.60  3.51
 2806.30  3.51
 2807.00  3.51
 2807.70  3.51
 2808.40  3.51
 2809.10  3.51
 2809.80  3.51
 2810.50  3.51
 2811.20  3.51
 2811.90  3.51
 2812.60  3.51
 2813.30  3.51
 2814.00  3.51
 2814.70  3.51
 2815.40  3.51
 2816.10  3.51
 2816.80  3.51
 2817.50  3.51
 2818.20  3.51
 2818.90  3.51
 2819.60  3.51
 2820.30  3.51
 2821.00  3.51
 2821.70  3.51
 2822.40  3.51
 2823.10  3.51
 2823.80  3.51
 2824.50  3.51
 2825.20  3.51
 2825.90  3.51
 2826.60  3.51
 2827.30  3.51
 2828.00  3.51
 2828.70  3.51
 2829.40  3.51
 2830.10  3.51
 2830.80  3.51
 2831.50  3.51
 2832.20  3.51
 2832.90  3.51
 2833.60  3.51
 2834.30  3.51
 2835.00  3.51
 2835.70  3.51
 2836.40  3.51
 2837.10  3.51
 2837.80  3.51
 2838.50  3.51
 2839.20  3.51
 2839.90  3.51
 2840.60  3.51
 2841.30  3.51
 2842.00  3.51
 2842.70  3.51
 2843.40  3.51
 2844.10  3.51
 2844.80  3.51
 2845.50  3.51
 2846.20  3.51
 2846.90  3.51
 2847.60  3.51
 2848.30  3.51
 2849.00  3.51
 2849.70  3.51
 2850.40  3.51
 2851.10  3.51
 2851.80  3.51
 2852.50  3.51
 2853.20  3.51
 2853.90  3.51
 2854.60  3.51
 2855.30  3.51
 2856.00  3.51
 2856.70  3.51
 2857.40  3.51
 2858.10  3.51
 2858.80  3.51
 2859.50  3.51
 2860.20  3.51
 2860.90  3.51
 2861.60  3.51
 2862.30  3.51
 2863.00  3.51
 2863.70  3.51
 2864.40  3.51
 2865.10  3.51
 2865.80  3.51
 2866.50  3.51
 2867.20  3.51
 2867.90  3.51
 2868.60  3.51
 2869.30  3.51
 2870.00  3.51
 2870.70  3.51
 2871.40  3.51
 2872.10  3.51
 2872.80  3.51
 2873.50  3.51
 2874.20  3.51
 2874.90  3.51
 2875.60  3.51
 2876.30  3.51
 2877.00  3.51
 2877.70  3.51
 2878.40  3.51
 2879.10  3.51
 2879.80  3.51
 2880.50  3.51
 2881.20  3.51
 2881.90  3.51
 2882.60  3.51
 2883.30  3.51
 2884.00  3.51
 2884.70  3.51
 2885.40  3.51
 2886.10  3.51
 2886.80  3.51
 2887.50  3.51
 2888.20  3.51
 2888.90  3.51
 2889.60  3.51
 2890.30  3.51
 2891.00  3.51
 2891.70  3.51
 2892.40  3.51
 2893.10  3.51
 2893.80  3.51
 2894.50  3.51
 2895.20  3.51
 2895.90  3.51
 2896.60  3.51
 2897.30  3.51
 2898.00  3.51
 2898.70  3.51
 2899.40  3.51
 2900.10  3.51
 2900.80  3.51
 2901.50  3.51
 2902.20  3.51
 2902.90  3.51
 2903.60  3.51
 2904.30  3.51
 2905.00  3.51
 2905.70  3.51
 2906.40  3.51
 2907.10  3.51
 2907.80  3.51
 2908.50  3.51
 2909.20  3.51
 2909.90  3.51
 2910.60  3.51
 2911.30  3.51
 2912.00  3.51
 2912.70  3.51
 2913.40  3.51
 2914.10  3.51
 2914.80  3.51
 2915.50  3.51
 2916.20  3.51
 2916.90  3.51
 2917.60  3.51
 2918.30  3.51
 2919.00  3.51
 2919.70  3.51
 2920.40  3.51
 2921.10  3.51
 2921.80  3.51
 2922.50  3.51
 2923.20  3.51
 2923.90  3.51
 2924.60  3.51
 2925.30  3.51
 2926.00  3.51
 2926.70  3.51
 2927.40  3.51
 2928.10  3.51
 2928.80  3.51
 2929.50  3.51
 2930.20  3.51
 2930.90  3.51
 2931.60  3.51
 2932.30  3.51
 2933.00  3.51
 2933.70  3.51
 2934.40  3.51
 2935.10  3.51
 2935.80  3.51
 2936.50  3.51
 2937.20  3.51
 2937.90  3.51
 2938.60  3.51
 2939.30  3.51
 2940.00  3.51
 2940.70  3.51
 2941.40  3.51
 2942.10  3.51
 2942.80  3.51
 2943.50  3.51
 2944.20  3.51
 2944.90  3.51
 2945.60  3.51
 2946.30  3.51
 2947.00  3.51
 2947.70  3.51
 2948.40  3.51
 2949.10  3.51
 2949.80  3.51
 2950.50  3.51
 2951.20  3.51
 2951.90  3.51
 2952.60  3.51
 2953.30  3.51
 2954.00  3.51
 2954.70  3.51
 2955.40  3.51
 2956.10  3.51
 2956.80  3.51
 2957.50  3.51
 2958.20  3.51
 2958.90  3.51
 2959.60  3.51
 2960.30  3.51
 2961.00  3.51
 2961.70  3.51
 2962.40  3.51
 2963.10  3.51
 2963.80  3.51
 2964.50  3.51
 2965.20  3.51
 2965.90  3.51
 2966.60  3.51
 2967.30  3.51
 2968.00  3.51
 2968.70  3.51
 2969.40  3.51
 2970.10  3.51
 2970.80  3.51
 2971.50  3.51
 2972.20  3.51
 2972.90  3.51
 2973.60  3.51
 2974.30  3.51
 2975.00  3.51
 2975.70  3.51
 2976.40  3.51
 2977.10  3.51
 2977.80  3.51
 2978.50  3.51
 2979.20  3.51
 2979.90  3.51
 2980.60  3.51
 2981.30  3.51
 2982.00  3.51
 2982.70  3.51
 2983.40  3.51
 2984.10  3.51
 2984.80  3.51
 2985.50  3.51
 2986.20  3.51
 2986.90  3.51
 2987.60  3.51
 2988.30  3.51
 2989.00  3.51
 2989.70  3.51
 2990.40  3.51
 2991.10  3.51
 2991.80  3.51
 2992.50  3.51
 2993.20  3.51
 2993.90  3.51
 2994.60  3.51
 2995.30  3.51
 2996.00  3.51
 2996.70  3.51
 2997.40  3.51
 2998.10  3.51
 2998.80  3.51
 2999.50  3.51
