#Navio B MarAd
#Manobra de Curva Giro
#
#Beta 
#
#temp      rot 
 0.00  -0.00
 0.70  -0.00
 1.40  -0.00
 2.10  0.00
 2.80  0.00
 3.50  0.00
 4.20  0.00
 4.90  0.00
 5.60  0.00
 6.30  0.01
 7.00  0.01
 7.70  0.01
 8.40  0.01
 9.10  0.01
 9.80  0.01
 10.50  0.01
 11.20  0.01
 11.90  0.01
 12.60  0.01
 13.30  0.01
 14.00  0.01
 14.70  0.02
 15.40  0.02
 16.10  0.02
 16.80  0.02
 17.50  0.02
 18.20  0.02
 18.90  0.02
 19.60  0.02
 20.30  0.02
 21.00  0.02
 21.70  0.03
 22.40  0.03
 23.10  0.03
 23.80  0.03
 24.50  0.03
 25.20  0.03
 25.90  0.03
 26.60  0.03
 27.30  0.03
 28.00  0.04
 28.70  0.04
 29.40  0.04
 30.10  0.04
 30.80  0.04
 31.50  0.04
 32.20  0.04
 32.90  0.04
 33.60  0.05
 34.30  0.05
 35.00  0.05
 35.70  0.05
 36.40  0.05
 37.10  0.05
 37.80  0.05
 38.50  0.05
 39.20  0.05
 39.90  0.06
 40.60  0.06
 41.30  0.06
 42.00  0.06
 42.70  0.06
 43.40  0.06
 44.10  0.06
 44.80  0.06
 45.50  0.07
 46.20  0.07
 46.90  0.07
 47.60  0.07
 48.30  0.07
 49.00  0.07
 49.70  0.07
 50.40  0.07
 51.10  0.08
 51.80  0.08
 52.50  0.08
 53.20  0.08
 53.90  0.08
 54.60  0.08
 55.30  0.08
 56.00  0.08
 56.70  0.09
 57.40  0.09
 58.10  0.09
 58.80  0.09
 59.50  0.09
 60.20  0.09
 60.90  0.09
 61.60  0.10
 62.30  0.10
 63.00  0.10
 63.70  0.10
 64.40  0.10
 65.10  0.10
 65.80  0.10
 66.50  0.10
 67.20  0.11
 67.90  0.11
 68.60  0.11
 69.30  0.11
 70.00  0.11
 70.70  0.11
 71.40  0.11
 72.10  0.11
 72.80  0.12
 73.50  0.12
 74.20  0.12
 74.90  0.12
 75.60  0.12
 76.30  0.12
 77.00  0.12
 77.70  0.13
 78.40  0.13
 79.10  0.13
 79.80  0.13
 80.50  0.13
 81.20  0.13
 81.90  0.13
 82.60  0.13
 83.30  0.14
 84.00  0.14
 84.70  0.14
 85.40  0.14
 86.10  0.14
 86.80  0.14
 87.50  0.14
 88.20  0.14
 88.90  0.15
 89.60  0.15
 90.30  0.15
 91.00  0.15
 91.70  0.15
 92.40  0.15
 93.10  0.15
 93.80  0.15
 94.50  0.16
 95.20  0.16
 95.90  0.16
 96.60  0.16
 97.30  0.16
 98.00  0.16
 98.70  0.16
 99.40  0.16
 100.10  0.17
 100.80  0.17
 101.50  0.17
 102.20  0.17
 102.90  0.17
 103.60  0.17
 104.30  0.17
 105.00  0.17
 105.70  0.17
 106.40  0.18
 107.10  0.18
 107.80  0.18
 108.50  0.18
 109.20  0.18
 109.90  0.18
 110.60  0.18
 111.30  0.18
 112.00  0.18
 112.70  0.19
 113.40  0.19
 114.10  0.19
 114.80  0.19
 115.50  0.19
 116.20  0.19
 116.90  0.19
 117.60  0.19
 118.30  0.19
 119.00  0.20
 119.70  0.20
 120.40  0.20
 121.10  0.20
 121.80  0.20
 122.50  0.20
 123.20  0.20
 123.90  0.20
 124.60  0.20
 125.30  0.21
 126.00  0.21
 126.70  0.21
 127.40  0.21
 128.10  0.21
 128.80  0.21
 129.50  0.21
 130.20  0.21
 130.90  0.21
 131.60  0.21
 132.30  0.22
 133.00  0.22
 133.70  0.22
 134.40  0.22
 135.10  0.22
 135.80  0.22
 136.50  0.22
 137.20  0.22
 137.90  0.22
 138.60  0.22
 139.30  0.23
 140.00  0.23
 140.70  0.23
 141.40  0.23
 142.10  0.23
 142.80  0.23
 143.50  0.23
 144.20  0.23
 144.90  0.23
 145.60  0.23
 146.30  0.24
 147.00  0.24
 147.70  0.24
 148.40  0.24
 149.10  0.24
 149.80  0.24
 150.50  0.24
 151.20  0.24
 151.90  0.24
 152.60  0.24
 153.30  0.24
 154.00  0.25
 154.70  0.25
 155.40  0.25
 156.10  0.25
 156.80  0.25
 157.50  0.25
 158.20  0.25
 158.90  0.25
 159.60  0.25
 160.30  0.25
 161.00  0.25
 161.70  0.25
 162.40  0.26
 163.10  0.26
 163.80  0.26
 164.50  0.26
 165.20  0.26
 165.90  0.26
 166.60  0.26
 167.30  0.26
 168.00  0.26
 168.70  0.26
 169.40  0.26
 170.10  0.26
 170.80  0.26
 171.50  0.27
 172.20  0.27
 172.90  0.27
 173.60  0.27
 174.30  0.27
 175.00  0.27
 175.70  0.27
 176.40  0.27
 177.10  0.27
 177.80  0.27
 178.50  0.27
 179.20  0.27
 179.90  0.27
 180.60  0.28
 181.30  0.28
 182.00  0.28
 182.70  0.28
 183.40  0.28
 184.10  0.28
 184.80  0.28
 185.50  0.28
 186.20  0.28
 186.90  0.28
 187.60  0.28
 188.30  0.28
 189.00  0.28
 189.70  0.28
 190.40  0.28
 191.10  0.29
 191.80  0.29
 192.50  0.29
 193.20  0.29
 193.90  0.29
 194.60  0.29
 195.30  0.29
 196.00  0.29
 196.70  0.29
 197.40  0.29
 198.10  0.29
 198.80  0.29
 199.50  0.29
 200.20  0.29
 200.90  0.29
 201.60  0.29
 202.30  0.30
 203.00  0.30
 203.70  0.30
 204.40  0.30
 205.10  0.30
 205.80  0.30
 206.50  0.30
 207.20  0.30
 207.90  0.30
 208.60  0.30
 209.30  0.30
 210.00  0.30
 210.70  0.30
 211.40  0.30
 212.10  0.30
 212.80  0.30
 213.50  0.30
 214.20  0.31
 214.90  0.31
 215.60  0.31
 216.30  0.31
 217.00  0.31
 217.70  0.31
 218.40  0.31
 219.10  0.31
 219.80  0.31
 220.50  0.31
 221.20  0.31
 221.90  0.31
 222.60  0.31
 223.30  0.31
 224.00  0.31
 224.70  0.31
 225.40  0.31
 226.10  0.31
 226.80  0.31
 227.50  0.32
 228.20  0.32
 228.90  0.32
 229.60  0.32
 230.30  0.32
 231.00  0.32
 231.70  0.32
 232.40  0.32
 233.10  0.32
 233.80  0.32
 234.50  0.32
 235.20  0.32
 235.90  0.32
 236.60  0.32
 237.30  0.32
 238.00  0.32
 238.70  0.32
 239.40  0.32
 240.10  0.32
 240.80  0.32
 241.50  0.32
 242.20  0.32
 242.90  0.33
 243.60  0.33
 244.30  0.33
 245.00  0.33
 245.70  0.33
 246.40  0.33
 247.10  0.33
 247.80  0.33
 248.50  0.33
 249.20  0.33
 249.90  0.33
 250.60  0.33
 251.30  0.33
 252.00  0.33
 252.70  0.33
 253.40  0.33
 254.10  0.33
 254.80  0.33
 255.50  0.33
 256.20  0.33
 256.90  0.33
 257.60  0.33
 258.30  0.33
 259.00  0.33
 259.70  0.33
 260.40  0.33
 261.10  0.34
 261.80  0.34
 262.50  0.34
 263.20  0.34
 263.90  0.34
 264.60  0.34
 265.30  0.34
 266.00  0.34
 266.70  0.34
 267.40  0.34
 268.10  0.34
 268.80  0.34
 269.50  0.34
 270.20  0.34
 270.90  0.34
 271.60  0.34
 272.30  0.34
 273.00  0.34
 273.70  0.34
 274.40  0.34
 275.10  0.34
 275.80  0.34
 276.50  0.34
 277.20  0.34
 277.90  0.34
 278.60  0.34
 279.30  0.34
 280.00  0.34
 280.70  0.34
 281.40  0.34
 282.10  0.35
 282.80  0.35
 283.50  0.35
 284.20  0.35
 284.90  0.35
 285.60  0.35
 286.30  0.35
 287.00  0.35
 287.70  0.35
 288.40  0.35
 289.10  0.35
 289.80  0.35
 290.50  0.35
 291.20  0.35
 291.90  0.35
 292.60  0.35
 293.30  0.35
 294.00  0.35
 294.70  0.35
 295.40  0.35
 296.10  0.35
 296.80  0.35
 297.50  0.35
 298.20  0.35
 298.90  0.35
 299.60  0.35
 300.30  0.35
 301.00  0.35
 301.70  0.35
 302.40  0.35
 303.10  0.35
 303.80  0.35
 304.50  0.35
 305.20  0.35
 305.90  0.35
 306.60  0.35
 307.30  0.35
 308.00  0.35
 308.70  0.35
 309.40  0.36
 310.10  0.36
 310.80  0.36
 311.50  0.36
 312.20  0.36
 312.90  0.36
 313.60  0.36
 314.30  0.36
 315.00  0.36
 315.70  0.36
 316.40  0.36
 317.10  0.36
 317.80  0.36
 318.50  0.36
 319.20  0.36
 319.90  0.36
 320.60  0.36
 321.30  0.36
 322.00  0.36
 322.70  0.36
 323.40  0.36
 324.10  0.36
 324.80  0.36
 325.50  0.36
 326.20  0.36
 326.90  0.36
 327.60  0.36
 328.30  0.36
 329.00  0.36
 329.70  0.36
 330.40  0.36
 331.10  0.36
 331.80  0.36
 332.50  0.36
 333.20  0.36
 333.90  0.36
 334.60  0.36
 335.30  0.36
 336.00  0.36
 336.70  0.36
 337.40  0.36
 338.10  0.36
 338.80  0.36
 339.50  0.36
 340.20  0.36
 340.90  0.36
 341.60  0.36
 342.30  0.36
 343.00  0.36
 343.70  0.36
 344.40  0.36
 345.10  0.36
 345.80  0.36
 346.50  0.36
 347.20  0.37
 347.90  0.37
 348.60  0.37
 349.30  0.37
 350.00  0.37
 350.70  0.37
 351.40  0.37
 352.10  0.37
 352.80  0.37
 353.50  0.37
 354.20  0.37
 354.90  0.37
 355.60  0.37
 356.30  0.37
 357.00  0.37
 357.70  0.37
 358.40  0.37
 359.10  0.37
 359.80  0.37
 360.50  0.37
 361.20  0.37
 361.90  0.37
 362.60  0.37
 363.30  0.37
 364.00  0.37
 364.70  0.37
 365.40  0.37
 366.10  0.37
 366.80  0.37
 367.50  0.37
 368.20  0.37
 368.90  0.37
 369.60  0.37
 370.30  0.37
 371.00  0.37
 371.70  0.37
 372.40  0.37
 373.10  0.37
 373.80  0.37
 374.50  0.37
 375.20  0.37
 375.90  0.37
 376.60  0.37
 377.30  0.37
 378.00  0.37
 378.70  0.37
 379.40  0.37
 380.10  0.37
 380.80  0.37
 381.50  0.37
 382.20  0.37
 382.90  0.37
 383.60  0.37
 384.30  0.37
 385.00  0.37
 385.70  0.37
 386.40  0.37
 387.10  0.37
 387.80  0.37
 388.50  0.37
 389.20  0.37
 389.90  0.37
 390.60  0.37
 391.30  0.37
 392.00  0.37
 392.70  0.37
 393.40  0.37
 394.10  0.37
 394.80  0.37
 395.50  0.37
 396.20  0.37
 396.90  0.37
 397.60  0.37
 398.30  0.37
 399.00  0.37
 399.70  0.37
 400.40  0.37
 401.10  0.37
 401.80  0.37
 402.50  0.37
 403.20  0.37
 403.90  0.37
 404.60  0.37
 405.30  0.37
 406.00  0.37
 406.70  0.37
 407.40  0.37
 408.10  0.37
 408.80  0.37
 409.50  0.37
 410.20  0.37
 410.90  0.37
 411.60  0.37
 412.30  0.37
 413.00  0.37
 413.70  0.37
 414.40  0.37
 415.10  0.37
 415.80  0.37
 416.50  0.37
 417.20  0.37
 417.90  0.37
 418.60  0.37
 419.30  0.37
 420.00  0.37
 420.70  0.37
 421.40  0.37
 422.10  0.37
 422.80  0.37
 423.50  0.37
 424.20  0.37
 424.90  0.37
 425.60  0.37
 426.30  0.37
 427.00  0.37
 427.70  0.37
 428.40  0.37
 429.10  0.37
 429.80  0.38
 430.50  0.38
 431.20  0.38
 431.90  0.38
 432.60  0.38
 433.30  0.38
 434.00  0.38
 434.70  0.38
 435.40  0.38
 436.10  0.38
 436.80  0.38
 437.50  0.38
 438.20  0.38
 438.90  0.38
 439.60  0.38
 440.30  0.38
 441.00  0.38
 441.70  0.38
 442.40  0.38
 443.10  0.38
 443.80  0.38
 444.50  0.38
 445.20  0.38
 445.90  0.38
 446.60  0.38
 447.30  0.38
 448.00  0.38
 448.70  0.38
 449.40  0.38
 450.10  0.38
 450.80  0.38
 451.50  0.38
 452.20  0.38
 452.90  0.38
 453.60  0.38
 454.30  0.38
 455.00  0.38
 455.70  0.38
 456.40  0.38
 457.10  0.38
 457.80  0.38
 458.50  0.38
 459.20  0.38
 459.90  0.38
 460.60  0.38
 461.30  0.38
 462.00  0.38
 462.70  0.38
 463.40  0.38
 464.10  0.38
 464.80  0.38
 465.50  0.38
 466.20  0.38
 466.90  0.38
 467.60  0.38
 468.30  0.38
 469.00  0.38
 469.70  0.38
 470.40  0.38
 471.10  0.38
 471.80  0.38
 472.50  0.38
 473.20  0.38
 473.90  0.38
 474.60  0.38
 475.30  0.38
 476.00  0.38
 476.70  0.38
 477.40  0.38
 478.10  0.38
 478.80  0.38
 479.50  0.38
 480.20  0.38
 480.90  0.38
 481.60  0.38
 482.30  0.38
 483.00  0.38
 483.70  0.38
 484.40  0.38
 485.10  0.38
 485.80  0.38
 486.50  0.38
 487.20  0.38
 487.90  0.38
 488.60  0.38
 489.30  0.38
 490.00  0.38
 490.70  0.38
 491.40  0.38
 492.10  0.38
 492.80  0.38
 493.50  0.38
 494.20  0.38
 494.90  0.38
 495.60  0.38
 496.30  0.38
 497.00  0.38
 497.70  0.38
 498.40  0.38
 499.10  0.38
 499.80  0.38
 500.50  0.38
 501.20  0.38
 501.90  0.38
 502.60  0.38
 503.30  0.38
 504.00  0.38
 504.70  0.38
 505.40  0.38
 506.10  0.38
 506.80  0.38
 507.50  0.38
 508.20  0.38
 508.90  0.38
 509.60  0.38
 510.30  0.38
 511.00  0.38
 511.70  0.38
 512.40  0.38
 513.10  0.38
 513.80  0.38
 514.50  0.38
 515.20  0.38
 515.90  0.38
 516.60  0.38
 517.30  0.38
 518.00  0.38
 518.70  0.38
 519.40  0.38
 520.10  0.38
 520.80  0.38
 521.50  0.38
 522.20  0.38
 522.90  0.37
 523.60  0.37
 524.30  0.37
 525.00  0.37
 525.70  0.37
 526.40  0.37
 527.10  0.37
 527.80  0.37
 528.50  0.37
 529.20  0.37
 529.90  0.37
 530.60  0.37
 531.30  0.37
 532.00  0.37
 532.70  0.37
 533.40  0.37
 534.10  0.37
 534.80  0.37
 535.50  0.37
 536.20  0.37
 536.90  0.37
 537.60  0.37
 538.30  0.37
 539.00  0.37
 539.70  0.37
 540.40  0.37
 541.10  0.37
 541.80  0.37
 542.50  0.37
 543.20  0.37
 543.90  0.37
 544.60  0.37
 545.30  0.37
 546.00  0.37
 546.70  0.37
 547.40  0.37
 548.10  0.37
 548.80  0.37
 549.50  0.37
 550.20  0.37
 550.90  0.37
 551.60  0.37
 552.30  0.37
 553.00  0.37
 553.70  0.37
 554.40  0.37
 555.10  0.37
 555.80  0.37
 556.50  0.37
 557.20  0.37
 557.90  0.37
 558.60  0.37
 559.30  0.37
 560.00  0.37
 560.70  0.37
 561.40  0.37
 562.10  0.37
 562.80  0.37
 563.50  0.37
 564.20  0.37
 564.90  0.37
 565.60  0.37
 566.30  0.37
 567.00  0.37
 567.70  0.37
 568.40  0.37
 569.10  0.37
 569.80  0.37
 570.50  0.37
 571.20  0.37
 571.90  0.37
 572.60  0.37
 573.30  0.37
 574.00  0.37
 574.70  0.37
 575.40  0.37
 576.10  0.37
 576.80  0.37
 577.50  0.37
 578.20  0.37
 578.90  0.37
 579.60  0.37
 580.30  0.37
 581.00  0.37
 581.70  0.37
 582.40  0.37
 583.10  0.37
 583.80  0.37
 584.50  0.37
 585.20  0.37
 585.90  0.37
 586.60  0.37
 587.30  0.37
 588.00  0.37
 588.70  0.37
 589.40  0.37
 590.10  0.37
 590.80  0.37
 591.50  0.37
 592.20  0.37
 592.90  0.37
 593.60  0.37
 594.30  0.37
 595.00  0.37
 595.70  0.37
 596.40  0.37
 597.10  0.37
 597.80  0.37
 598.50  0.37
 599.20  0.37
 599.90  0.37
 600.60  0.37
 601.30  0.37
 602.00  0.37
 602.70  0.37
 603.40  0.37
 604.10  0.37
 604.80  0.37
 605.50  0.37
 606.20  0.37
 606.90  0.37
 607.60  0.37
 608.30  0.37
 609.00  0.37
 609.70  0.37
 610.40  0.37
 611.10  0.37
 611.80  0.37
 612.50  0.37
 613.20  0.37
 613.90  0.37
 614.60  0.37
 615.30  0.37
 616.00  0.37
 616.70  0.37
 617.40  0.37
 618.10  0.37
 618.80  0.37
 619.50  0.37
 620.20  0.37
 620.90  0.37
 621.60  0.37
 622.30  0.37
 623.00  0.37
 623.70  0.37
 624.40  0.37
 625.10  0.37
 625.80  0.37
 626.50  0.37
 627.20  0.37
 627.90  0.37
 628.60  0.37
 629.30  0.37
 630.00  0.37
 630.70  0.37
 631.40  0.37
 632.10  0.37
 632.80  0.37
 633.50  0.37
 634.20  0.37
 634.90  0.37
 635.60  0.37
 636.30  0.37
 637.00  0.37
 637.70  0.37
 638.40  0.37
 639.10  0.37
 639.80  0.37
 640.50  0.37
 641.20  0.37
 641.90  0.37
 642.60  0.37
 643.30  0.37
 644.00  0.37
 644.70  0.37
 645.40  0.37
 646.10  0.37
 646.80  0.37
 647.50  0.37
 648.20  0.37
 648.90  0.37
 649.60  0.37
 650.30  0.37
 651.00  0.37
 651.70  0.37
 652.40  0.37
 653.10  0.37
 653.80  0.37
 654.50  0.37
 655.20  0.37
 655.90  0.37
 656.60  0.37
 657.30  0.37
 658.00  0.37
 658.70  0.37
 659.40  0.37
 660.10  0.37
 660.80  0.37
 661.50  0.37
 662.20  0.37
 662.90  0.37
 663.60  0.37
 664.30  0.37
 665.00  0.37
 665.70  0.37
 666.40  0.37
 667.10  0.37
 667.80  0.37
 668.50  0.37
 669.20  0.37
 669.90  0.37
 670.60  0.37
 671.30  0.37
 672.00  0.37
 672.70  0.37
 673.40  0.37
 674.10  0.37
 674.80  0.37
 675.50  0.37
 676.20  0.37
 676.90  0.37
 677.60  0.37
 678.30  0.37
 679.00  0.37
 679.70  0.37
 680.40  0.37
 681.10  0.37
 681.80  0.37
 682.50  0.37
 683.20  0.37
 683.90  0.37
 684.60  0.37
 685.30  0.37
 686.00  0.37
 686.70  0.37
 687.40  0.37
 688.10  0.37
 688.80  0.37
 689.50  0.37
 690.20  0.37
 690.90  0.37
 691.60  0.37
 692.30  0.37
 693.00  0.37
 693.70  0.37
 694.40  0.37
 695.10  0.36
 695.80  0.36
 696.50  0.36
 697.20  0.36
 697.90  0.36
 698.60  0.36
 699.30  0.36
 700.00  0.36
 700.70  0.36
 701.40  0.36
 702.10  0.36
 702.80  0.36
 703.50  0.36
 704.20  0.36
 704.90  0.36
 705.60  0.36
 706.30  0.36
 707.00  0.36
 707.70  0.36
 708.40  0.36
 709.10  0.36
 709.80  0.36
 710.50  0.36
 711.20  0.36
 711.90  0.36
 712.60  0.36
 713.30  0.36
 714.00  0.36
 714.70  0.36
 715.40  0.36
 716.10  0.36
 716.80  0.36
 717.50  0.36
 718.20  0.36
 718.90  0.36
 719.60  0.36
 720.30  0.36
 721.00  0.36
 721.70  0.36
 722.40  0.36
 723.10  0.36
 723.80  0.36
 724.50  0.36
 725.20  0.36
 725.90  0.36
 726.60  0.36
 727.30  0.36
 728.00  0.36
 728.70  0.36
 729.40  0.36
 730.10  0.36
 730.80  0.36
 731.50  0.36
 732.20  0.36
 732.90  0.36
 733.60  0.36
 734.30  0.36
 735.00  0.36
 735.70  0.36
 736.40  0.36
 737.10  0.36
 737.80  0.36
 738.50  0.36
 739.20  0.36
 739.90  0.36
 740.60  0.36
 741.30  0.36
 742.00  0.36
 742.70  0.36
 743.40  0.36
 744.10  0.36
 744.80  0.36
 745.50  0.36
 746.20  0.36
 746.90  0.36
 747.60  0.36
 748.30  0.36
 749.00  0.36
 749.70  0.36
 750.40  0.36
 751.10  0.36
 751.80  0.36
 752.50  0.36
 753.20  0.36
 753.90  0.36
 754.60  0.36
 755.30  0.36
 756.00  0.36
 756.70  0.36
 757.40  0.36
 758.10  0.36
 758.80  0.36
 759.50  0.36
 760.20  0.36
 760.90  0.36
 761.60  0.36
 762.30  0.36
 763.00  0.36
 763.70  0.36
 764.40  0.36
 765.10  0.36
 765.80  0.36
 766.50  0.36
 767.20  0.36
 767.90  0.36
 768.60  0.36
 769.30  0.36
 770.00  0.36
 770.70  0.36
 771.40  0.36
 772.10  0.36
 772.80  0.36
 773.50  0.36
 774.20  0.36
 774.90  0.36
 775.60  0.36
 776.30  0.36
 777.00  0.36
 777.70  0.36
 778.40  0.36
 779.10  0.36
 779.80  0.36
 780.50  0.36
 781.20  0.36
 781.90  0.36
 782.60  0.36
 783.30  0.36
 784.00  0.36
 784.70  0.36
 785.40  0.36
 786.10  0.36
 786.80  0.36
 787.50  0.36
 788.20  0.36
 788.90  0.36
 789.60  0.36
 790.30  0.36
 791.00  0.36
 791.70  0.36
 792.40  0.36
 793.10  0.36
 793.80  0.36
 794.50  0.36
 795.20  0.36
 795.90  0.36
 796.60  0.36
 797.30  0.36
 798.00  0.36
 798.70  0.36
 799.40  0.36
 800.10  0.36
 800.80  0.36
 801.50  0.36
 802.20  0.36
 802.90  0.36
 803.60  0.36
 804.30  0.36
 805.00  0.36
 805.70  0.36
 806.40  0.36
 807.10  0.36
 807.80  0.36
 808.50  0.36
 809.20  0.36
 809.90  0.36
 810.60  0.36
 811.30  0.36
 812.00  0.36
 812.70  0.36
 813.40  0.36
 814.10  0.36
 814.80  0.36
 815.50  0.36
 816.20  0.36
 816.90  0.36
 817.60  0.36
 818.30  0.36
 819.00  0.36
 819.70  0.36
 820.40  0.36
 821.10  0.36
 821.80  0.36
 822.50  0.36
 823.20  0.36
 823.90  0.36
 824.60  0.36
 825.30  0.36
 826.00  0.36
 826.70  0.36
 827.40  0.36
 828.10  0.36
 828.80  0.36
 829.50  0.36
 830.20  0.36
 830.90  0.36
 831.60  0.36
 832.30  0.36
 833.00  0.36
 833.70  0.36
 834.40  0.36
 835.10  0.36
 835.80  0.36
 836.50  0.36
 837.20  0.36
 837.90  0.36
 838.60  0.36
 839.30  0.36
 840.00  0.36
 840.70  0.36
 841.40  0.36
 842.10  0.36
 842.80  0.36
 843.50  0.36
 844.20  0.36
 844.90  0.36
 845.60  0.36
 846.30  0.36
 847.00  0.36
 847.70  0.36
 848.40  0.36
 849.10  0.36
 849.80  0.36
 850.50  0.36
 851.20  0.36
 851.90  0.36
 852.60  0.36
 853.30  0.36
 854.00  0.36
 854.70  0.36
 855.40  0.36
 856.10  0.36
 856.80  0.36
 857.50  0.36
 858.20  0.36
 858.90  0.36
 859.60  0.36
 860.30  0.36
 861.00  0.36
 861.70  0.36
 862.40  0.36
 863.10  0.36
 863.80  0.36
 864.50  0.36
 865.20  0.36
 865.90  0.36
 866.60  0.36
 867.30  0.36
 868.00  0.36
 868.70  0.36
 869.40  0.36
 870.10  0.36
 870.80  0.36
 871.50  0.36
 872.20  0.36
 872.90  0.36
 873.60  0.36
 874.30  0.35
 875.00  0.35
 875.70  0.35
 876.40  0.35
 877.10  0.35
 877.80  0.35
 878.50  0.35
 879.20  0.35
 879.90  0.35
 880.60  0.35
 881.30  0.35
 882.00  0.35
 882.70  0.35
 883.40  0.35
 884.10  0.35
 884.80  0.35
 885.50  0.35
 886.20  0.35
 886.90  0.35
 887.60  0.35
 888.30  0.35
 889.00  0.35
 889.70  0.35
 890.40  0.35
 891.10  0.35
 891.80  0.35
 892.50  0.35
 893.20  0.35
 893.90  0.35
 894.60  0.35
 895.30  0.35
 896.00  0.35
 896.70  0.35
 897.40  0.35
 898.10  0.35
 898.80  0.35
 899.50  0.35
 900.20  0.35
 900.90  0.35
 901.60  0.35
 902.30  0.35
 903.00  0.35
 903.70  0.35
 904.40  0.35
 905.10  0.35
 905.80  0.35
 906.50  0.35
 907.20  0.35
 907.90  0.35
 908.60  0.35
 909.30  0.35
 910.00  0.35
 910.70  0.35
 911.40  0.35
 912.10  0.35
 912.80  0.35
 913.50  0.35
 914.20  0.35
 914.90  0.35
 915.60  0.35
 916.30  0.35
 917.00  0.35
 917.70  0.35
 918.40  0.35
 919.10  0.35
 919.80  0.35
 920.50  0.35
 921.20  0.35
 921.90  0.35
 922.60  0.35
 923.30  0.35
 924.00  0.35
 924.70  0.35
 925.40  0.35
 926.10  0.35
 926.80  0.35
 927.50  0.35
 928.20  0.35
 928.90  0.35
 929.60  0.35
 930.30  0.35
 931.00  0.35
 931.70  0.35
 932.40  0.35
 933.10  0.35
 933.80  0.35
 934.50  0.35
 935.20  0.35
 935.90  0.35
 936.60  0.35
 937.30  0.35
 938.00  0.35
 938.70  0.35
 939.40  0.35
 940.10  0.35
 940.80  0.35
 941.50  0.35
 942.20  0.35
 942.90  0.35
 943.60  0.35
 944.30  0.35
 945.00  0.35
 945.70  0.35
 946.40  0.35
 947.10  0.35
 947.80  0.35
 948.50  0.35
 949.20  0.35
 949.90  0.35
 950.60  0.35
 951.30  0.35
 952.00  0.35
 952.70  0.35
 953.40  0.35
 954.10  0.35
 954.80  0.35
 955.50  0.35
 956.20  0.35
 956.90  0.35
 957.60  0.35
 958.30  0.35
 959.00  0.35
 959.70  0.35
 960.40  0.35
 961.10  0.35
 961.80  0.35
 962.50  0.35
 963.20  0.35
 963.90  0.35
 964.60  0.35
 965.30  0.35
 966.00  0.35
 966.70  0.35
 967.40  0.35
 968.10  0.35
 968.80  0.35
 969.50  0.35
 970.20  0.35
 970.90  0.35
 971.60  0.35
 972.30  0.35
 973.00  0.35
 973.70  0.35
 974.40  0.35
 975.10  0.35
 975.80  0.35
 976.50  0.35
 977.20  0.35
 977.90  0.35
 978.60  0.35
 979.30  0.35
 980.00  0.35
 980.70  0.35
 981.40  0.35
 982.10  0.35
 982.80  0.35
 983.50  0.35
 984.20  0.35
 984.90  0.35
 985.60  0.35
 986.30  0.35
 987.00  0.35
 987.70  0.35
 988.40  0.35
 989.10  0.35
 989.80  0.35
 990.50  0.35
 991.20  0.35
 991.90  0.35
 992.60  0.35
 993.30  0.35
 994.00  0.35
 994.70  0.35
 995.40  0.35
 996.10  0.35
 996.80  0.35
 997.50  0.35
 998.20  0.35
 998.90  0.35
 999.60  0.35
 1000.30  0.35
 1001.00  0.35
 1001.70  0.35
 1002.40  0.35
 1003.10  0.35
 1003.80  0.35
 1004.50  0.35
 1005.20  0.35
 1005.90  0.35
 1006.60  0.35
 1007.30  0.35
 1008.00  0.35
 1008.70  0.35
 1009.40  0.35
 1010.10  0.35
 1010.80  0.35
 1011.50  0.35
 1012.20  0.35
 1012.90  0.35
 1013.60  0.35
 1014.30  0.35
 1015.00  0.35
 1015.70  0.35
 1016.40  0.35
 1017.10  0.35
 1017.80  0.35
 1018.50  0.35
 1019.20  0.35
 1019.90  0.35
 1020.60  0.35
 1021.30  0.35
 1022.00  0.35
 1022.70  0.35
 1023.40  0.35
 1024.10  0.35
 1024.80  0.35
 1025.50  0.35
 1026.20  0.35
 1026.90  0.35
 1027.60  0.35
 1028.30  0.35
 1029.00  0.35
 1029.70  0.35
 1030.40  0.35
 1031.10  0.35
 1031.80  0.35
 1032.50  0.35
 1033.20  0.35
 1033.90  0.35
 1034.60  0.35
 1035.30  0.35
 1036.00  0.35
 1036.70  0.35
 1037.40  0.35
 1038.10  0.35
 1038.80  0.35
 1039.50  0.35
 1040.20  0.35
 1040.90  0.35
 1041.60  0.35
 1042.30  0.35
 1043.00  0.35
 1043.70  0.35
 1044.40  0.35
 1045.10  0.35
 1045.80  0.35
 1046.50  0.35
 1047.20  0.35
 1047.90  0.35
 1048.60  0.35
 1049.30  0.35
 1050.00  0.35
 1050.70  0.35
 1051.40  0.35
 1052.10  0.35
 1052.80  0.35
 1053.50  0.35
 1054.20  0.35
 1054.90  0.35
 1055.60  0.35
 1056.30  0.35
 1057.00  0.35
 1057.70  0.35
 1058.40  0.35
 1059.10  0.35
 1059.80  0.35
 1060.50  0.35
 1061.20  0.35
 1061.90  0.35
 1062.60  0.35
 1063.30  0.35
 1064.00  0.35
 1064.70  0.35
 1065.40  0.35
 1066.10  0.35
 1066.80  0.35
 1067.50  0.35
 1068.20  0.35
 1068.90  0.35
 1069.60  0.35
 1070.30  0.35
 1071.00  0.35
 1071.70  0.35
 1072.40  0.35
 1073.10  0.35
 1073.80  0.35
 1074.50  0.35
 1075.20  0.35
 1075.90  0.35
 1076.60  0.35
 1077.30  0.35
 1078.00  0.35
 1078.70  0.35
 1079.40  0.35
 1080.10  0.35
 1080.80  0.35
 1081.50  0.35
 1082.20  0.35
 1082.90  0.35
 1083.60  0.35
 1084.30  0.35
 1085.00  0.35
 1085.70  0.35
 1086.40  0.35
 1087.10  0.35
 1087.80  0.35
 1088.50  0.35
 1089.20  0.35
 1089.90  0.35
 1090.60  0.35
 1091.30  0.35
 1092.00  0.35
 1092.70  0.35
 1093.40  0.35
 1094.10  0.35
 1094.80  0.35
 1095.50  0.35
 1096.20  0.35
 1096.90  0.35
 1097.60  0.35
 1098.30  0.35
 1099.00  0.35
 1099.70  0.35
 1100.40  0.35
 1101.10  0.35
 1101.80  0.35
 1102.50  0.35
 1103.20  0.35
 1103.90  0.35
 1104.60  0.35
 1105.30  0.35
 1106.00  0.35
 1106.70  0.35
 1107.40  0.35
 1108.10  0.35
 1108.80  0.35
 1109.50  0.35
 1110.20  0.35
 1110.90  0.35
 1111.60  0.35
 1112.30  0.35
 1113.00  0.35
 1113.70  0.35
 1114.40  0.35
 1115.10  0.35
 1115.80  0.35
 1116.50  0.35
 1117.20  0.35
 1117.90  0.35
 1118.60  0.35
 1119.30  0.35
 1120.00  0.35
 1120.70  0.35
 1121.40  0.35
 1122.10  0.35
 1122.80  0.35
 1123.50  0.35
 1124.20  0.35
 1124.90  0.35
 1125.60  0.35
 1126.30  0.35
 1127.00  0.35
 1127.70  0.35
 1128.40  0.35
 1129.10  0.35
 1129.80  0.35
 1130.50  0.35
 1131.20  0.35
 1131.90  0.35
 1132.60  0.35
 1133.30  0.35
 1134.00  0.35
 1134.70  0.35
 1135.40  0.35
 1136.10  0.35
 1136.80  0.35
 1137.50  0.35
 1138.20  0.35
 1138.90  0.35
 1139.60  0.35
 1140.30  0.35
 1141.00  0.35
 1141.70  0.35
 1142.40  0.35
 1143.10  0.35
 1143.80  0.35
 1144.50  0.35
 1145.20  0.35
 1145.90  0.35
 1146.60  0.35
 1147.30  0.35
 1148.00  0.35
 1148.70  0.35
 1149.40  0.35
 1150.10  0.35
 1150.80  0.35
 1151.50  0.35
 1152.20  0.35
 1152.90  0.35
 1153.60  0.35
 1154.30  0.35
 1155.00  0.35
 1155.70  0.35
 1156.40  0.35
 1157.10  0.35
 1157.80  0.35
 1158.50  0.35
 1159.20  0.35
 1159.90  0.35
 1160.60  0.35
 1161.30  0.35
 1162.00  0.35
 1162.70  0.35
 1163.40  0.35
 1164.10  0.35
 1164.80  0.35
 1165.50  0.35
 1166.20  0.35
 1166.90  0.35
 1167.60  0.35
 1168.30  0.35
 1169.00  0.35
 1169.70  0.35
 1170.40  0.35
 1171.10  0.35
 1171.80  0.35
 1172.50  0.35
 1173.20  0.35
 1173.90  0.35
 1174.60  0.35
 1175.30  0.35
 1176.00  0.35
 1176.70  0.35
 1177.40  0.35
 1178.10  0.35
 1178.80  0.35
 1179.50  0.35
 1180.20  0.35
 1180.90  0.35
 1181.60  0.35
 1182.30  0.35
 1183.00  0.35
 1183.70  0.35
 1184.40  0.35
 1185.10  0.35
 1185.80  0.35
 1186.50  0.35
 1187.20  0.35
 1187.90  0.35
 1188.60  0.35
 1189.30  0.35
 1190.00  0.35
 1190.70  0.35
 1191.40  0.35
 1192.10  0.35
 1192.80  0.35
 1193.50  0.35
 1194.20  0.35
 1194.90  0.35
 1195.60  0.35
 1196.30  0.35
 1197.00  0.35
 1197.70  0.35
 1198.40  0.35
 1199.10  0.35
 1199.80  0.35
 1200.50  0.35
 1201.20  0.35
 1201.90  0.35
 1202.60  0.35
 1203.30  0.35
 1204.00  0.35
 1204.70  0.35
 1205.40  0.35
 1206.10  0.35
 1206.80  0.35
 1207.50  0.35
 1208.20  0.35
 1208.90  0.35
 1209.60  0.35
 1210.30  0.35
 1211.00  0.35
 1211.70  0.35
 1212.40  0.35
 1213.10  0.35
 1213.80  0.35
 1214.50  0.35
 1215.20  0.35
 1215.90  0.35
 1216.60  0.35
 1217.30  0.35
 1218.00  0.35
 1218.70  0.35
 1219.40  0.35
 1220.10  0.35
 1220.80  0.35
 1221.50  0.35
 1222.20  0.35
 1222.90  0.35
 1223.60  0.35
 1224.30  0.35
 1225.00  0.35
 1225.70  0.35
 1226.40  0.35
 1227.10  0.35
 1227.80  0.35
 1228.50  0.35
 1229.20  0.35
 1229.90  0.35
 1230.60  0.35
 1231.30  0.35
 1232.00  0.35
 1232.70  0.35
 1233.40  0.35
 1234.10  0.35
 1234.80  0.35
 1235.50  0.35
 1236.20  0.35
 1236.90  0.35
 1237.60  0.35
 1238.30  0.35
 1239.00  0.35
 1239.70  0.35
 1240.40  0.35
 1241.10  0.35
 1241.80  0.35
 1242.50  0.35
 1243.20  0.35
 1243.90  0.35
 1244.60  0.35
 1245.30  0.35
 1246.00  0.35
 1246.70  0.35
 1247.40  0.35
 1248.10  0.35
 1248.80  0.35
 1249.50  0.35
 1250.20  0.35
 1250.90  0.35
 1251.60  0.35
 1252.30  0.35
 1253.00  0.35
 1253.70  0.35
 1254.40  0.35
 1255.10  0.35
 1255.80  0.35
 1256.50  0.35
 1257.20  0.35
 1257.90  0.35
 1258.60  0.35
 1259.30  0.35
 1260.00  0.35
 1260.70  0.35
 1261.40  0.35
 1262.10  0.35
 1262.80  0.35
 1263.50  0.35
 1264.20  0.35
 1264.90  0.35
 1265.60  0.35
 1266.30  0.35
 1267.00  0.35
 1267.70  0.35
 1268.40  0.35
 1269.10  0.35
 1269.80  0.35
 1270.50  0.35
 1271.20  0.35
 1271.90  0.35
 1272.60  0.35
 1273.30  0.35
 1274.00  0.35
 1274.70  0.35
 1275.40  0.35
 1276.10  0.35
 1276.80  0.35
 1277.50  0.35
 1278.20  0.35
 1278.90  0.35
 1279.60  0.35
 1280.30  0.35
 1281.00  0.35
 1281.70  0.35
 1282.40  0.35
 1283.10  0.35
 1283.80  0.35
 1284.50  0.35
 1285.20  0.35
 1285.90  0.35
 1286.60  0.35
 1287.30  0.35
 1288.00  0.35
 1288.70  0.35
 1289.40  0.35
 1290.10  0.35
 1290.80  0.35
 1291.50  0.35
 1292.20  0.35
 1292.90  0.35
 1293.60  0.35
 1294.30  0.35
 1295.00  0.35
 1295.70  0.35
 1296.40  0.35
 1297.10  0.35
 1297.80  0.35
 1298.50  0.35
 1299.20  0.35
 1299.90  0.35
 1300.60  0.35
 1301.30  0.35
 1302.00  0.35
 1302.70  0.35
 1303.40  0.35
 1304.10  0.35
 1304.80  0.35
 1305.50  0.35
 1306.20  0.35
 1306.90  0.35
 1307.60  0.35
 1308.30  0.35
 1309.00  0.35
 1309.70  0.35
 1310.40  0.35
 1311.10  0.34
 1311.80  0.34
 1312.50  0.34
 1313.20  0.34
 1313.90  0.34
 1314.60  0.34
 1315.30  0.34
 1316.00  0.34
 1316.70  0.34
 1317.40  0.34
 1318.10  0.34
 1318.80  0.34
 1319.50  0.34
 1320.20  0.34
 1320.90  0.34
 1321.60  0.34
 1322.30  0.34
 1323.00  0.34
 1323.70  0.34
 1324.40  0.34
 1325.10  0.34
 1325.80  0.34
 1326.50  0.34
 1327.20  0.34
 1327.90  0.34
 1328.60  0.34
 1329.30  0.34
 1330.00  0.34
 1330.70  0.34
 1331.40  0.34
 1332.10  0.34
 1332.80  0.34
 1333.50  0.34
 1334.20  0.34
 1334.90  0.34
 1335.60  0.34
 1336.30  0.34
 1337.00  0.34
 1337.70  0.34
 1338.40  0.34
 1339.10  0.34
 1339.80  0.34
 1340.50  0.34
 1341.20  0.34
 1341.90  0.34
 1342.60  0.34
 1343.30  0.34
 1344.00  0.34
 1344.70  0.34
 1345.40  0.34
 1346.10  0.34
 1346.80  0.34
 1347.50  0.34
 1348.20  0.34
 1348.90  0.34
 1349.60  0.34
 1350.30  0.34
 1351.00  0.34
 1351.70  0.34
 1352.40  0.34
 1353.10  0.34
 1353.80  0.34
 1354.50  0.34
 1355.20  0.34
 1355.90  0.34
 1356.60  0.34
 1357.30  0.34
 1358.00  0.34
 1358.70  0.34
 1359.40  0.34
 1360.10  0.34
 1360.80  0.34
 1361.50  0.34
 1362.20  0.34
 1362.90  0.34
 1363.60  0.34
 1364.30  0.34
 1365.00  0.34
 1365.70  0.34
 1366.40  0.34
 1367.10  0.34
 1367.80  0.34
 1368.50  0.34
 1369.20  0.34
 1369.90  0.34
 1370.60  0.34
 1371.30  0.34
 1372.00  0.34
 1372.70  0.34
 1373.40  0.34
 1374.10  0.34
 1374.80  0.34
 1375.50  0.34
 1376.20  0.34
 1376.90  0.34
 1377.60  0.34
 1378.30  0.34
 1379.00  0.34
 1379.70  0.34
 1380.40  0.34
 1381.10  0.34
 1381.80  0.34
 1382.50  0.34
 1383.20  0.34
 1383.90  0.34
 1384.60  0.34
 1385.30  0.34
 1386.00  0.34
 1386.70  0.34
 1387.40  0.34
 1388.10  0.34
 1388.80  0.34
 1389.50  0.34
 1390.20  0.34
 1390.90  0.34
 1391.60  0.34
 1392.30  0.34
 1393.00  0.34
 1393.70  0.34
 1394.40  0.34
 1395.10  0.34
 1395.80  0.34
 1396.50  0.34
 1397.20  0.34
 1397.90  0.34
 1398.60  0.34
 1399.30  0.34
 1400.00  0.34
 1400.70  0.34
 1401.40  0.34
 1402.10  0.34
 1402.80  0.34
 1403.50  0.34
 1404.20  0.34
 1404.90  0.34
 1405.60  0.34
 1406.30  0.34
 1407.00  0.34
 1407.70  0.34
 1408.40  0.34
 1409.10  0.34
 1409.80  0.34
 1410.50  0.34
 1411.20  0.34
 1411.90  0.34
 1412.60  0.34
 1413.30  0.34
 1414.00  0.34
 1414.70  0.34
 1415.40  0.34
 1416.10  0.34
 1416.80  0.34
 1417.50  0.34
 1418.20  0.34
 1418.90  0.34
 1419.60  0.34
 1420.30  0.34
 1421.00  0.34
 1421.70  0.34
 1422.40  0.34
 1423.10  0.34
 1423.80  0.34
 1424.50  0.34
 1425.20  0.34
 1425.90  0.34
 1426.60  0.34
 1427.30  0.34
 1428.00  0.34
 1428.70  0.34
 1429.40  0.34
 1430.10  0.34
 1430.80  0.34
 1431.50  0.34
 1432.20  0.34
 1432.90  0.34
 1433.60  0.34
 1434.30  0.34
 1435.00  0.34
 1435.70  0.34
 1436.40  0.34
 1437.10  0.34
 1437.80  0.34
 1438.50  0.34
 1439.20  0.34
 1439.90  0.34
 1440.60  0.34
 1441.30  0.34
 1442.00  0.34
 1442.70  0.34
 1443.40  0.34
 1444.10  0.34
 1444.80  0.34
 1445.50  0.34
 1446.20  0.34
 1446.90  0.34
 1447.60  0.34
 1448.30  0.34
 1449.00  0.34
 1449.70  0.34
 1450.40  0.34
 1451.10  0.34
 1451.80  0.34
 1452.50  0.34
 1453.20  0.34
 1453.90  0.34
 1454.60  0.34
 1455.30  0.34
 1456.00  0.34
 1456.70  0.34
 1457.40  0.34
 1458.10  0.34
 1458.80  0.34
 1459.50  0.34
 1460.20  0.34
 1460.90  0.34
 1461.60  0.34
 1462.30  0.34
 1463.00  0.34
 1463.70  0.34
 1464.40  0.34
 1465.10  0.34
 1465.80  0.34
 1466.50  0.34
 1467.20  0.34
 1467.90  0.34
 1468.60  0.34
 1469.30  0.34
 1470.00  0.34
 1470.70  0.34
 1471.40  0.34
 1472.10  0.34
 1472.80  0.34
 1473.50  0.34
 1474.20  0.34
 1474.90  0.34
 1475.60  0.34
 1476.30  0.34
 1477.00  0.34
 1477.70  0.34
 1478.40  0.34
 1479.10  0.34
 1479.80  0.34
 1480.50  0.34
 1481.20  0.34
 1481.90  0.34
 1482.60  0.34
 1483.30  0.34
 1484.00  0.34
 1484.70  0.34
 1485.40  0.34
 1486.10  0.34
 1486.80  0.34
 1487.50  0.34
 1488.20  0.34
 1488.90  0.34
 1489.60  0.34
 1490.30  0.34
 1491.00  0.34
 1491.70  0.34
 1492.40  0.34
 1493.10  0.34
 1493.80  0.34
 1494.50  0.34
 1495.20  0.34
 1495.90  0.34
 1496.60  0.34
 1497.30  0.34
 1498.00  0.34
 1498.70  0.34
 1499.40  0.34
 1500.10  0.34
 1500.80  0.34
 1501.50  0.34
 1502.20  0.34
 1502.90  0.34
 1503.60  0.34
 1504.30  0.34
 1505.00  0.34
 1505.70  0.34
 1506.40  0.34
 1507.10  0.34
 1507.80  0.34
 1508.50  0.34
 1509.20  0.34
 1509.90  0.34
 1510.60  0.34
 1511.30  0.34
 1512.00  0.34
 1512.70  0.34
 1513.40  0.34
 1514.10  0.34
 1514.80  0.34
 1515.50  0.34
 1516.20  0.34
 1516.90  0.34
 1517.60  0.34
 1518.30  0.34
 1519.00  0.34
 1519.70  0.34
 1520.40  0.34
 1521.10  0.34
 1521.80  0.34
 1522.50  0.34
 1523.20  0.34
 1523.90  0.34
 1524.60  0.34
 1525.30  0.34
 1526.00  0.34
 1526.70  0.34
 1527.40  0.34
 1528.10  0.34
 1528.80  0.34
 1529.50  0.34
 1530.20  0.34
 1530.90  0.34
 1531.60  0.34
 1532.30  0.34
 1533.00  0.34
 1533.70  0.34
 1534.40  0.34
 1535.10  0.34
 1535.80  0.34
 1536.50  0.34
 1537.20  0.34
 1537.90  0.34
 1538.60  0.34
 1539.30  0.34
 1540.00  0.34
 1540.70  0.34
 1541.40  0.34
 1542.10  0.34
 1542.80  0.34
 1543.50  0.34
 1544.20  0.34
 1544.90  0.34
 1545.60  0.34
 1546.30  0.34
 1547.00  0.34
 1547.70  0.34
 1548.40  0.34
 1549.10  0.34
 1549.80  0.34
 1550.50  0.34
 1551.20  0.34
 1551.90  0.34
 1552.60  0.34
 1553.30  0.34
 1554.00  0.34
 1554.70  0.34
 1555.40  0.34
 1556.10  0.34
 1556.80  0.34
 1557.50  0.34
 1558.20  0.34
 1558.90  0.34
 1559.60  0.34
 1560.30  0.34
 1561.00  0.34
 1561.70  0.34
 1562.40  0.34
 1563.10  0.34
 1563.80  0.34
 1564.50  0.34
 1565.20  0.34
 1565.90  0.34
 1566.60  0.34
 1567.30  0.34
 1568.00  0.34
 1568.70  0.34
 1569.40  0.34
 1570.10  0.34
 1570.80  0.34
 1571.50  0.34
 1572.20  0.34
 1572.90  0.34
 1573.60  0.34
 1574.30  0.34
 1575.00  0.34
 1575.70  0.34
 1576.40  0.34
 1577.10  0.34
 1577.80  0.34
 1578.50  0.34
 1579.20  0.34
 1579.90  0.34
 1580.60  0.34
 1581.30  0.34
 1582.00  0.34
 1582.70  0.34
 1583.40  0.34
 1584.10  0.34
 1584.80  0.34
 1585.50  0.34
 1586.20  0.34
 1586.90  0.34
 1587.60  0.34
 1588.30  0.34
 1589.00  0.34
 1589.70  0.34
 1590.40  0.34
 1591.10  0.34
 1591.80  0.34
 1592.50  0.34
 1593.20  0.34
 1593.90  0.34
 1594.60  0.34
 1595.30  0.34
 1596.00  0.34
 1596.70  0.34
 1597.40  0.34
 1598.10  0.34
 1598.80  0.34
 1599.50  0.34
 1600.20  0.34
 1600.90  0.34
 1601.60  0.34
 1602.30  0.34
 1603.00  0.34
 1603.70  0.34
 1604.40  0.34
 1605.10  0.34
 1605.80  0.34
 1606.50  0.34
 1607.20  0.34
 1607.90  0.34
 1608.60  0.34
 1609.30  0.34
 1610.00  0.34
 1610.70  0.34
 1611.40  0.34
 1612.10  0.34
 1612.80  0.34
 1613.50  0.34
 1614.20  0.34
 1614.90  0.34
 1615.60  0.34
 1616.30  0.34
 1617.00  0.34
 1617.70  0.34
 1618.40  0.34
 1619.10  0.34
 1619.80  0.34
 1620.50  0.34
 1621.20  0.34
 1621.90  0.34
 1622.60  0.34
 1623.30  0.34
 1624.00  0.34
 1624.70  0.34
 1625.40  0.34
 1626.10  0.34
 1626.80  0.34
 1627.50  0.34
 1628.20  0.34
 1628.90  0.34
 1629.60  0.34
 1630.30  0.34
 1631.00  0.34
 1631.70  0.34
 1632.40  0.34
 1633.10  0.34
 1633.80  0.34
 1634.50  0.34
 1635.20  0.34
 1635.90  0.34
 1636.60  0.34
 1637.30  0.34
 1638.00  0.34
 1638.70  0.34
 1639.40  0.34
 1640.10  0.34
 1640.80  0.34
 1641.50  0.34
 1642.20  0.34
 1642.90  0.34
 1643.60  0.34
 1644.30  0.34
 1645.00  0.34
 1645.70  0.34
 1646.40  0.34
 1647.10  0.34
 1647.80  0.34
 1648.50  0.34
 1649.20  0.34
 1649.90  0.34
 1650.60  0.34
 1651.30  0.34
 1652.00  0.34
 1652.70  0.34
 1653.40  0.34
 1654.10  0.34
 1654.80  0.34
 1655.50  0.34
 1656.20  0.34
 1656.90  0.34
 1657.60  0.34
 1658.30  0.34
 1659.00  0.34
 1659.70  0.34
 1660.40  0.34
 1661.10  0.34
 1661.80  0.34
 1662.50  0.34
 1663.20  0.34
 1663.90  0.34
 1664.60  0.34
 1665.30  0.34
 1666.00  0.34
 1666.70  0.34
 1667.40  0.34
 1668.10  0.34
 1668.80  0.34
 1669.50  0.34
 1670.20  0.34
 1670.90  0.34
 1671.60  0.34
 1672.30  0.34
 1673.00  0.34
 1673.70  0.34
 1674.40  0.34
 1675.10  0.34
 1675.80  0.34
 1676.50  0.34
 1677.20  0.34
 1677.90  0.34
 1678.60  0.34
 1679.30  0.34
 1680.00  0.34
 1680.70  0.34
 1681.40  0.34
 1682.10  0.34
 1682.80  0.34
 1683.50  0.34
 1684.20  0.34
 1684.90  0.34
 1685.60  0.34
 1686.30  0.34
 1687.00  0.34
 1687.70  0.34
 1688.40  0.34
 1689.10  0.34
 1689.80  0.34
 1690.50  0.34
 1691.20  0.34
 1691.90  0.34
 1692.60  0.34
 1693.30  0.34
 1694.00  0.34
 1694.70  0.34
 1695.40  0.34
 1696.10  0.34
 1696.80  0.34
 1697.50  0.34
 1698.20  0.34
 1698.90  0.34
 1699.60  0.34
 1700.30  0.34
 1701.00  0.34
 1701.70  0.34
 1702.40  0.34
 1703.10  0.34
 1703.80  0.34
 1704.50  0.34
 1705.20  0.34
 1705.90  0.34
 1706.60  0.34
 1707.30  0.34
 1708.00  0.34
 1708.70  0.34
 1709.40  0.34
 1710.10  0.34
 1710.80  0.34
 1711.50  0.34
 1712.20  0.34
 1712.90  0.34
 1713.60  0.34
 1714.30  0.34
 1715.00  0.34
 1715.70  0.34
 1716.40  0.34
 1717.10  0.34
 1717.80  0.34
 1718.50  0.34
 1719.20  0.34
 1719.90  0.34
 1720.60  0.34
 1721.30  0.34
 1722.00  0.34
 1722.70  0.34
 1723.40  0.34
 1724.10  0.34
 1724.80  0.34
 1725.50  0.34
 1726.20  0.34
 1726.90  0.34
 1727.60  0.34
 1728.30  0.34
 1729.00  0.34
 1729.70  0.34
 1730.40  0.34
 1731.10  0.34
 1731.80  0.34
 1732.50  0.34
 1733.20  0.34
 1733.90  0.34
 1734.60  0.34
 1735.30  0.34
 1736.00  0.34
 1736.70  0.34
 1737.40  0.34
 1738.10  0.34
 1738.80  0.34
 1739.50  0.34
 1740.20  0.34
 1740.90  0.34
 1741.60  0.34
 1742.30  0.34
 1743.00  0.34
 1743.70  0.34
 1744.40  0.34
 1745.10  0.34
 1745.80  0.34
 1746.50  0.34
 1747.20  0.34
 1747.90  0.34
 1748.60  0.34
 1749.30  0.34
 1750.00  0.34
 1750.70  0.34
 1751.40  0.34
 1752.10  0.34
 1752.80  0.34
 1753.50  0.34
 1754.20  0.34
 1754.90  0.34
 1755.60  0.34
 1756.30  0.34
 1757.00  0.34
 1757.70  0.34
 1758.40  0.34
 1759.10  0.34
 1759.80  0.34
 1760.50  0.34
 1761.20  0.34
 1761.90  0.34
 1762.60  0.34
 1763.30  0.34
 1764.00  0.34
 1764.70  0.34
 1765.40  0.34
 1766.10  0.34
 1766.80  0.34
 1767.50  0.34
 1768.20  0.34
 1768.90  0.34
 1769.60  0.34
 1770.30  0.34
 1771.00  0.34
 1771.70  0.34
 1772.40  0.34
 1773.10  0.34
 1773.80  0.34
 1774.50  0.34
 1775.20  0.34
 1775.90  0.34
 1776.60  0.34
 1777.30  0.34
 1778.00  0.34
 1778.70  0.34
 1779.40  0.34
 1780.10  0.34
 1780.80  0.34
 1781.50  0.34
 1782.20  0.34
 1782.90  0.34
 1783.60  0.34
 1784.30  0.34
 1785.00  0.34
 1785.70  0.34
 1786.40  0.34
 1787.10  0.34
 1787.80  0.34
 1788.50  0.34
 1789.20  0.34
 1789.90  0.34
 1790.60  0.34
 1791.30  0.34
 1792.00  0.34
 1792.70  0.34
 1793.40  0.34
 1794.10  0.34
 1794.80  0.34
 1795.50  0.34
 1796.20  0.34
 1796.90  0.34
 1797.60  0.34
 1798.30  0.34
 1799.00  0.34
 1799.70  0.34
 1800.40  0.34
 1801.10  0.34
 1801.80  0.34
 1802.50  0.34
 1803.20  0.34
 1803.90  0.34
 1804.60  0.34
 1805.30  0.34
 1806.00  0.34
 1806.70  0.34
 1807.40  0.34
 1808.10  0.34
 1808.80  0.34
 1809.50  0.34
 1810.20  0.34
 1810.90  0.34
 1811.60  0.34
 1812.30  0.34
 1813.00  0.34
 1813.70  0.34
 1814.40  0.34
 1815.10  0.34
 1815.80  0.34
 1816.50  0.34
 1817.20  0.34
 1817.90  0.34
 1818.60  0.34
 1819.30  0.34
 1820.00  0.34
 1820.70  0.34
 1821.40  0.34
 1822.10  0.34
 1822.80  0.34
 1823.50  0.34
 1824.20  0.34
 1824.90  0.34
 1825.60  0.34
 1826.30  0.34
 1827.00  0.34
 1827.70  0.34
 1828.40  0.34
 1829.10  0.34
 1829.80  0.34
 1830.50  0.34
 1831.20  0.34
 1831.90  0.34
 1832.60  0.34
 1833.30  0.34
 1834.00  0.34
 1834.70  0.34
 1835.40  0.34
 1836.10  0.34
 1836.80  0.34
 1837.50  0.34
 1838.20  0.34
 1838.90  0.34
 1839.60  0.34
 1840.30  0.34
 1841.00  0.34
 1841.70  0.34
 1842.40  0.34
 1843.10  0.34
 1843.80  0.34
 1844.50  0.34
 1845.20  0.34
 1845.90  0.34
 1846.60  0.34
 1847.30  0.34
 1848.00  0.34
 1848.70  0.34
 1849.40  0.34
 1850.10  0.34
 1850.80  0.34
 1851.50  0.34
 1852.20  0.34
 1852.90  0.34
 1853.60  0.34
 1854.30  0.34
 1855.00  0.34
 1855.70  0.34
 1856.40  0.34
 1857.10  0.34
 1857.80  0.34
 1858.50  0.34
 1859.20  0.34
 1859.90  0.34
 1860.60  0.34
 1861.30  0.34
 1862.00  0.34
 1862.70  0.34
 1863.40  0.34
 1864.10  0.34
 1864.80  0.34
 1865.50  0.34
 1866.20  0.34
 1866.90  0.34
 1867.60  0.34
 1868.30  0.34
 1869.00  0.34
 1869.70  0.34
 1870.40  0.34
 1871.10  0.34
 1871.80  0.34
 1872.50  0.34
 1873.20  0.34
 1873.90  0.34
 1874.60  0.34
 1875.30  0.34
 1876.00  0.34
 1876.70  0.34
 1877.40  0.34
 1878.10  0.34
 1878.80  0.34
 1879.50  0.34
 1880.20  0.34
 1880.90  0.34
 1881.60  0.34
 1882.30  0.34
 1883.00  0.34
 1883.70  0.34
 1884.40  0.34
 1885.10  0.34
 1885.80  0.34
 1886.50  0.34
 1887.20  0.34
 1887.90  0.34
 1888.60  0.34
 1889.30  0.34
 1890.00  0.34
 1890.70  0.34
 1891.40  0.34
 1892.10  0.34
 1892.80  0.34
 1893.50  0.34
 1894.20  0.34
 1894.90  0.34
 1895.60  0.34
 1896.30  0.34
 1897.00  0.34
 1897.70  0.34
 1898.40  0.34
 1899.10  0.34
 1899.80  0.34
 1900.50  0.34
 1901.20  0.34
 1901.90  0.34
 1902.60  0.34
 1903.30  0.34
 1904.00  0.34
 1904.70  0.34
 1905.40  0.34
 1906.10  0.34
 1906.80  0.34
 1907.50  0.34
 1908.20  0.34
 1908.90  0.34
 1909.60  0.34
 1910.30  0.34
 1911.00  0.34
 1911.70  0.34
 1912.40  0.34
 1913.10  0.34
 1913.80  0.34
 1914.50  0.34
 1915.20  0.34
 1915.90  0.34
 1916.60  0.34
 1917.30  0.34
 1918.00  0.34
 1918.70  0.34
 1919.40  0.34
 1920.10  0.34
 1920.80  0.34
 1921.50  0.34
 1922.20  0.34
 1922.90  0.34
 1923.60  0.34
 1924.30  0.34
 1925.00  0.34
 1925.70  0.34
 1926.40  0.34
 1927.10  0.34
 1927.80  0.34
 1928.50  0.34
 1929.20  0.34
 1929.90  0.34
 1930.60  0.34
 1931.30  0.34
 1932.00  0.34
 1932.70  0.34
 1933.40  0.34
 1934.10  0.34
 1934.80  0.34
 1935.50  0.34
 1936.20  0.34
 1936.90  0.34
 1937.60  0.34
 1938.30  0.34
 1939.00  0.34
 1939.70  0.34
 1940.40  0.34
 1941.10  0.34
 1941.80  0.34
 1942.50  0.34
 1943.20  0.34
 1943.90  0.34
 1944.60  0.34
 1945.30  0.34
 1946.00  0.34
 1946.70  0.34
 1947.40  0.34
 1948.10  0.34
 1948.80  0.34
 1949.50  0.34
 1950.20  0.34
 1950.90  0.34
 1951.60  0.34
 1952.30  0.34
 1953.00  0.34
 1953.70  0.34
 1954.40  0.34
 1955.10  0.34
 1955.80  0.34
 1956.50  0.34
 1957.20  0.34
 1957.90  0.34
 1958.60  0.34
 1959.30  0.34
 1960.00  0.34
 1960.70  0.34
 1961.40  0.34
 1962.10  0.34
 1962.80  0.34
 1963.50  0.34
 1964.20  0.34
 1964.90  0.34
 1965.60  0.34
 1966.30  0.34
 1967.00  0.34
 1967.70  0.34
 1968.40  0.34
 1969.10  0.34
 1969.80  0.34
 1970.50  0.34
 1971.20  0.34
 1971.90  0.34
 1972.60  0.34
 1973.30  0.34
 1974.00  0.34
 1974.70  0.34
 1975.40  0.34
 1976.10  0.34
 1976.80  0.34
 1977.50  0.34
 1978.20  0.34
 1978.90  0.34
 1979.60  0.34
 1980.30  0.34
 1981.00  0.34
 1981.70  0.34
 1982.40  0.34
 1983.10  0.34
 1983.80  0.34
 1984.50  0.34
 1985.20  0.34
 1985.90  0.34
 1986.60  0.34
 1987.30  0.34
 1988.00  0.34
 1988.70  0.34
 1989.40  0.34
 1990.10  0.34
 1990.80  0.34
 1991.50  0.34
 1992.20  0.34
 1992.90  0.34
 1993.60  0.34
 1994.30  0.34
 1995.00  0.34
 1995.70  0.34
 1996.40  0.34
 1997.10  0.34
 1997.80  0.34
 1998.50  0.34
 1999.20  0.34
 1999.90  0.34
 2000.60  0.34
 2001.30  0.34
 2002.00  0.34
 2002.70  0.34
 2003.40  0.34
 2004.10  0.34
 2004.80  0.34
 2005.50  0.34
 2006.20  0.34
 2006.90  0.34
 2007.60  0.34
 2008.30  0.34
 2009.00  0.34
 2009.70  0.34
 2010.40  0.34
 2011.10  0.34
 2011.80  0.34
 2012.50  0.34
 2013.20  0.34
 2013.90  0.34
 2014.60  0.34
 2015.30  0.34
 2016.00  0.34
 2016.70  0.34
 2017.40  0.34
 2018.10  0.34
 2018.80  0.34
 2019.50  0.34
 2020.20  0.34
 2020.90  0.34
 2021.60  0.34
 2022.30  0.34
 2023.00  0.34
 2023.70  0.34
 2024.40  0.34
 2025.10  0.34
 2025.80  0.34
 2026.50  0.34
 2027.20  0.34
 2027.90  0.34
 2028.60  0.34
 2029.30  0.34
 2030.00  0.34
 2030.70  0.34
 2031.40  0.34
 2032.10  0.34
 2032.80  0.34
 2033.50  0.34
 2034.20  0.34
 2034.90  0.34
 2035.60  0.34
 2036.30  0.34
 2037.00  0.34
 2037.70  0.34
 2038.40  0.34
 2039.10  0.34
 2039.80  0.34
 2040.50  0.34
 2041.20  0.34
 2041.90  0.34
 2042.60  0.34
 2043.30  0.34
 2044.00  0.34
 2044.70  0.34
 2045.40  0.34
 2046.10  0.34
 2046.80  0.34
 2047.50  0.34
 2048.20  0.34
 2048.90  0.34
 2049.60  0.34
 2050.30  0.34
 2051.00  0.34
 2051.70  0.34
 2052.40  0.34
 2053.10  0.34
 2053.80  0.34
 2054.50  0.34
 2055.20  0.34
 2055.90  0.34
 2056.60  0.34
 2057.30  0.34
 2058.00  0.34
 2058.70  0.34
 2059.40  0.34
 2060.10  0.34
 2060.80  0.34
 2061.50  0.34
 2062.20  0.34
 2062.90  0.34
 2063.60  0.34
 2064.30  0.34
 2065.00  0.34
 2065.70  0.34
 2066.40  0.34
 2067.10  0.34
 2067.80  0.34
 2068.50  0.34
 2069.20  0.34
 2069.90  0.34
 2070.60  0.34
 2071.30  0.34
 2072.00  0.34
 2072.70  0.34
 2073.40  0.34
 2074.10  0.34
 2074.80  0.34
 2075.50  0.34
 2076.20  0.34
 2076.90  0.34
 2077.60  0.34
 2078.30  0.34
 2079.00  0.34
 2079.70  0.34
 2080.40  0.34
 2081.10  0.34
 2081.80  0.34
 2082.50  0.34
 2083.20  0.34
 2083.90  0.34
 2084.60  0.34
 2085.30  0.34
 2086.00  0.34
 2086.70  0.34
 2087.40  0.34
 2088.10  0.34
 2088.80  0.34
 2089.50  0.34
 2090.20  0.34
 2090.90  0.34
 2091.60  0.34
 2092.30  0.34
 2093.00  0.34
 2093.70  0.34
 2094.40  0.34
 2095.10  0.34
 2095.80  0.34
 2096.50  0.34
 2097.20  0.34
 2097.90  0.34
 2098.60  0.34
 2099.30  0.34
 2100.00  0.34
 2100.70  0.34
 2101.40  0.34
 2102.10  0.34
 2102.80  0.34
 2103.50  0.34
 2104.20  0.34
 2104.90  0.34
 2105.60  0.34
 2106.30  0.34
 2107.00  0.34
 2107.70  0.34
 2108.40  0.34
 2109.10  0.34
 2109.80  0.34
 2110.50  0.34
 2111.20  0.34
 2111.90  0.34
 2112.60  0.34
 2113.30  0.34
 2114.00  0.34
 2114.70  0.34
 2115.40  0.34
 2116.10  0.34
 2116.80  0.34
 2117.50  0.34
 2118.20  0.34
 2118.90  0.34
 2119.60  0.34
 2120.30  0.34
 2121.00  0.34
 2121.70  0.34
 2122.40  0.34
 2123.10  0.34
 2123.80  0.34
 2124.50  0.34
 2125.20  0.34
 2125.90  0.34
 2126.60  0.34
 2127.30  0.34
 2128.00  0.34
 2128.70  0.34
 2129.40  0.34
 2130.10  0.34
 2130.80  0.34
 2131.50  0.34
 2132.20  0.34
 2132.90  0.34
 2133.60  0.34
 2134.30  0.34
 2135.00  0.34
 2135.70  0.34
 2136.40  0.34
 2137.10  0.34
 2137.80  0.34
 2138.50  0.34
 2139.20  0.34
 2139.90  0.34
 2140.60  0.34
 2141.30  0.34
 2142.00  0.34
 2142.70  0.34
 2143.40  0.34
 2144.10  0.34
 2144.80  0.34
 2145.50  0.34
 2146.20  0.34
 2146.90  0.34
 2147.60  0.34
 2148.30  0.34
 2149.00  0.34
 2149.70  0.34
 2150.40  0.34
 2151.10  0.34
 2151.80  0.34
 2152.50  0.34
 2153.20  0.34
 2153.90  0.34
 2154.60  0.34
 2155.30  0.34
 2156.00  0.34
 2156.70  0.34
 2157.40  0.34
 2158.10  0.34
 2158.80  0.34
 2159.50  0.34
 2160.20  0.34
 2160.90  0.34
 2161.60  0.34
 2162.30  0.34
 2163.00  0.34
 2163.70  0.34
 2164.40  0.34
 2165.10  0.34
 2165.80  0.34
 2166.50  0.34
 2167.20  0.34
 2167.90  0.34
 2168.60  0.34
 2169.30  0.34
 2170.00  0.34
 2170.70  0.34
 2171.40  0.34
 2172.10  0.34
 2172.80  0.34
 2173.50  0.34
 2174.20  0.34
 2174.90  0.34
 2175.60  0.34
 2176.30  0.34
 2177.00  0.34
 2177.70  0.34
 2178.40  0.34
 2179.10  0.34
 2179.80  0.34
 2180.50  0.34
 2181.20  0.34
 2181.90  0.34
 2182.60  0.34
 2183.30  0.34
 2184.00  0.34
 2184.70  0.34
 2185.40  0.34
 2186.10  0.34
 2186.80  0.34
 2187.50  0.34
 2188.20  0.34
 2188.90  0.34
 2189.60  0.34
 2190.30  0.34
 2191.00  0.34
 2191.70  0.34
 2192.40  0.34
 2193.10  0.34
 2193.80  0.34
 2194.50  0.34
 2195.20  0.34
 2195.90  0.34
 2196.60  0.34
 2197.30  0.34
 2198.00  0.34
 2198.70  0.34
 2199.40  0.34
 2200.10  0.34
 2200.80  0.34
 2201.50  0.34
 2202.20  0.34
 2202.90  0.34
 2203.60  0.34
 2204.30  0.34
 2205.00  0.34
 2205.70  0.34
 2206.40  0.34
 2207.10  0.34
 2207.80  0.34
 2208.50  0.34
 2209.20  0.34
 2209.90  0.34
 2210.60  0.34
 2211.30  0.34
 2212.00  0.34
 2212.70  0.34
 2213.40  0.34
 2214.10  0.34
 2214.80  0.34
 2215.50  0.34
 2216.20  0.34
 2216.90  0.34
 2217.60  0.34
 2218.30  0.34
 2219.00  0.34
 2219.70  0.34
 2220.40  0.34
 2221.10  0.34
 2221.80  0.34
 2222.50  0.34
 2223.20  0.34
 2223.90  0.34
 2224.60  0.34
 2225.30  0.34
 2226.00  0.34
 2226.70  0.34
 2227.40  0.34
 2228.10  0.34
 2228.80  0.34
 2229.50  0.34
 2230.20  0.34
 2230.90  0.34
 2231.60  0.34
 2232.30  0.34
 2233.00  0.34
 2233.70  0.34
 2234.40  0.34
 2235.10  0.34
 2235.80  0.34
 2236.50  0.34
 2237.20  0.34
 2237.90  0.34
 2238.60  0.34
 2239.30  0.34
 2240.00  0.34
 2240.70  0.34
 2241.40  0.34
 2242.10  0.34
 2242.80  0.34
 2243.50  0.34
 2244.20  0.34
 2244.90  0.34
 2245.60  0.34
 2246.30  0.34
 2247.00  0.34
 2247.70  0.34
 2248.40  0.34
 2249.10  0.34
 2249.80  0.34
 2250.50  0.34
 2251.20  0.34
 2251.90  0.34
 2252.60  0.34
 2253.30  0.34
 2254.00  0.34
 2254.70  0.34
 2255.40  0.34
 2256.10  0.34
 2256.80  0.34
 2257.50  0.34
 2258.20  0.34
 2258.90  0.34
 2259.60  0.34
 2260.30  0.34
 2261.00  0.34
 2261.70  0.34
 2262.40  0.34
 2263.10  0.34
 2263.80  0.34
 2264.50  0.34
 2265.20  0.34
 2265.90  0.34
 2266.60  0.34
 2267.30  0.34
 2268.00  0.34
 2268.70  0.34
 2269.40  0.34
 2270.10  0.34
 2270.80  0.34
 2271.50  0.34
 2272.20  0.34
 2272.90  0.34
 2273.60  0.34
 2274.30  0.34
 2275.00  0.34
 2275.70  0.34
 2276.40  0.34
 2277.10  0.34
 2277.80  0.34
 2278.50  0.34
 2279.20  0.34
 2279.90  0.34
 2280.60  0.34
 2281.30  0.34
 2282.00  0.34
 2282.70  0.34
 2283.40  0.34
 2284.10  0.34
 2284.80  0.34
 2285.50  0.34
 2286.20  0.34
 2286.90  0.34
 2287.60  0.34
 2288.30  0.34
 2289.00  0.34
 2289.70  0.34
 2290.40  0.34
 2291.10  0.34
 2291.80  0.34
 2292.50  0.34
 2293.20  0.34
 2293.90  0.34
 2294.60  0.34
 2295.30  0.34
 2296.00  0.34
 2296.70  0.34
 2297.40  0.34
 2298.10  0.34
 2298.80  0.34
 2299.50  0.34
 2300.20  0.34
 2300.90  0.34
 2301.60  0.34
 2302.30  0.34
 2303.00  0.34
 2303.70  0.34
 2304.40  0.34
 2305.10  0.34
 2305.80  0.34
 2306.50  0.34
 2307.20  0.34
 2307.90  0.34
 2308.60  0.34
 2309.30  0.34
 2310.00  0.34
 2310.70  0.34
 2311.40  0.34
 2312.10  0.34
 2312.80  0.34
 2313.50  0.34
 2314.20  0.34
 2314.90  0.34
 2315.60  0.34
 2316.30  0.34
 2317.00  0.34
 2317.70  0.34
 2318.40  0.34
 2319.10  0.34
 2319.80  0.34
 2320.50  0.34
 2321.20  0.34
 2321.90  0.34
 2322.60  0.34
 2323.30  0.34
 2324.00  0.34
 2324.70  0.34
 2325.40  0.34
 2326.10  0.34
 2326.80  0.34
 2327.50  0.34
 2328.20  0.34
 2328.90  0.34
 2329.60  0.34
 2330.30  0.34
 2331.00  0.34
 2331.70  0.34
 2332.40  0.34
 2333.10  0.34
 2333.80  0.34
 2334.50  0.34
 2335.20  0.34
 2335.90  0.34
 2336.60  0.34
 2337.30  0.34
 2338.00  0.34
 2338.70  0.34
 2339.40  0.34
 2340.10  0.34
 2340.80  0.34
 2341.50  0.34
 2342.20  0.34
 2342.90  0.34
 2343.60  0.34
 2344.30  0.34
 2345.00  0.34
 2345.70  0.34
 2346.40  0.34
 2347.10  0.34
 2347.80  0.34
 2348.50  0.34
 2349.20  0.34
 2349.90  0.34
 2350.60  0.34
 2351.30  0.34
 2352.00  0.34
 2352.70  0.34
 2353.40  0.34
 2354.10  0.34
 2354.80  0.34
 2355.50  0.34
 2356.20  0.34
 2356.90  0.34
 2357.60  0.34
 2358.30  0.34
 2359.00  0.34
 2359.70  0.34
 2360.40  0.34
 2361.10  0.34
 2361.80  0.34
 2362.50  0.34
 2363.20  0.34
 2363.90  0.34
 2364.60  0.34
 2365.30  0.34
 2366.00  0.34
 2366.70  0.34
 2367.40  0.34
 2368.10  0.34
 2368.80  0.34
 2369.50  0.34
 2370.20  0.34
 2370.90  0.34
 2371.60  0.34
 2372.30  0.34
 2373.00  0.34
 2373.70  0.34
 2374.40  0.34
 2375.10  0.34
 2375.80  0.34
 2376.50  0.34
 2377.20  0.34
 2377.90  0.34
 2378.60  0.34
 2379.30  0.34
 2380.00  0.34
 2380.70  0.34
 2381.40  0.34
 2382.10  0.34
 2382.80  0.34
 2383.50  0.34
 2384.20  0.34
 2384.90  0.34
 2385.60  0.34
 2386.30  0.34
 2387.00  0.34
 2387.70  0.34
 2388.40  0.34
 2389.10  0.34
 2389.80  0.34
 2390.50  0.34
 2391.20  0.34
 2391.90  0.34
 2392.60  0.34
 2393.30  0.34
 2394.00  0.34
 2394.70  0.34
 2395.40  0.34
 2396.10  0.34
 2396.80  0.34
 2397.50  0.34
 2398.20  0.34
 2398.90  0.34
 2399.60  0.34
 2400.30  0.34
 2401.00  0.34
 2401.70  0.34
 2402.40  0.34
 2403.10  0.34
 2403.80  0.34
 2404.50  0.34
 2405.20  0.34
 2405.90  0.34
 2406.60  0.34
 2407.30  0.34
 2408.00  0.34
 2408.70  0.34
 2409.40  0.34
 2410.10  0.34
 2410.80  0.34
 2411.50  0.34
 2412.20  0.34
 2412.90  0.34
 2413.60  0.34
 2414.30  0.34
 2415.00  0.34
 2415.70  0.34
 2416.40  0.34
 2417.10  0.34
 2417.80  0.34
 2418.50  0.34
 2419.20  0.34
 2419.90  0.34
 2420.60  0.34
 2421.30  0.34
 2422.00  0.34
 2422.70  0.34
 2423.40  0.34
 2424.10  0.34
 2424.80  0.34
 2425.50  0.34
 2426.20  0.34
 2426.90  0.34
 2427.60  0.34
 2428.30  0.34
 2429.00  0.34
 2429.70  0.34
 2430.40  0.34
 2431.10  0.34
 2431.80  0.34
 2432.50  0.34
 2433.20  0.34
 2433.90  0.34
 2434.60  0.34
 2435.30  0.34
 2436.00  0.34
 2436.70  0.34
 2437.40  0.34
 2438.10  0.34
 2438.80  0.34
 2439.50  0.34
 2440.20  0.34
 2440.90  0.34
 2441.60  0.34
 2442.30  0.34
 2443.00  0.34
 2443.70  0.34
 2444.40  0.34
 2445.10  0.34
 2445.80  0.34
 2446.50  0.34
 2447.20  0.34
 2447.90  0.34
 2448.60  0.34
 2449.30  0.34
 2450.00  0.34
 2450.70  0.34
 2451.40  0.34
 2452.10  0.34
 2452.80  0.34
 2453.50  0.34
 2454.20  0.34
 2454.90  0.34
 2455.60  0.34
 2456.30  0.34
 2457.00  0.34
 2457.70  0.34
 2458.40  0.34
 2459.10  0.34
 2459.80  0.34
 2460.50  0.34
 2461.20  0.34
 2461.90  0.34
 2462.60  0.34
 2463.30  0.34
 2464.00  0.34
 2464.70  0.34
 2465.40  0.34
 2466.10  0.34
 2466.80  0.34
 2467.50  0.34
 2468.20  0.34
 2468.90  0.34
 2469.60  0.34
 2470.30  0.34
 2471.00  0.34
 2471.70  0.34
 2472.40  0.34
 2473.10  0.34
 2473.80  0.34
 2474.50  0.34
 2475.20  0.34
 2475.90  0.34
 2476.60  0.34
 2477.30  0.34
 2478.00  0.34
 2478.70  0.34
 2479.40  0.34
 2480.10  0.34
 2480.80  0.34
 2481.50  0.34
 2482.20  0.34
 2482.90  0.34
 2483.60  0.34
 2484.30  0.34
 2485.00  0.34
 2485.70  0.34
 2486.40  0.34
 2487.10  0.34
 2487.80  0.34
 2488.50  0.34
 2489.20  0.34
 2489.90  0.34
 2490.60  0.34
 2491.30  0.34
 2492.00  0.34
 2492.70  0.34
 2493.40  0.34
 2494.10  0.34
 2494.80  0.34
 2495.50  0.34
 2496.20  0.34
 2496.90  0.34
 2497.60  0.34
 2498.30  0.34
 2499.00  0.34
 2499.70  0.34
 2500.40  0.34
 2501.10  0.34
 2501.80  0.34
 2502.50  0.34
 2503.20  0.34
 2503.90  0.34
 2504.60  0.34
 2505.30  0.34
 2506.00  0.34
 2506.70  0.34
 2507.40  0.34
 2508.10  0.34
 2508.80  0.34
 2509.50  0.34
 2510.20  0.34
 2510.90  0.34
 2511.60  0.34
 2512.30  0.34
 2513.00  0.34
 2513.70  0.34
 2514.40  0.34
 2515.10  0.34
 2515.80  0.34
 2516.50  0.34
 2517.20  0.34
 2517.90  0.34
 2518.60  0.34
 2519.30  0.34
 2520.00  0.34
 2520.70  0.34
 2521.40  0.34
 2522.10  0.34
 2522.80  0.34
 2523.50  0.34
 2524.20  0.34
 2524.90  0.34
 2525.60  0.34
 2526.30  0.34
 2527.00  0.34
 2527.70  0.34
 2528.40  0.34
 2529.10  0.34
 2529.80  0.34
 2530.50  0.34
 2531.20  0.34
 2531.90  0.34
 2532.60  0.34
 2533.30  0.34
 2534.00  0.34
 2534.70  0.34
 2535.40  0.34
 2536.10  0.34
 2536.80  0.34
 2537.50  0.34
 2538.20  0.34
 2538.90  0.34
 2539.60  0.34
 2540.30  0.34
 2541.00  0.34
 2541.70  0.34
 2542.40  0.34
 2543.10  0.34
 2543.80  0.34
 2544.50  0.34
 2545.20  0.34
 2545.90  0.34
 2546.60  0.34
 2547.30  0.34
 2548.00  0.34
 2548.70  0.34
 2549.40  0.34
 2550.10  0.34
 2550.80  0.34
 2551.50  0.34
 2552.20  0.34
 2552.90  0.34
 2553.60  0.34
 2554.30  0.34
 2555.00  0.34
 2555.70  0.34
 2556.40  0.34
 2557.10  0.34
 2557.80  0.34
 2558.50  0.34
 2559.20  0.34
 2559.90  0.34
 2560.60  0.34
 2561.30  0.34
 2562.00  0.34
 2562.70  0.34
 2563.40  0.34
 2564.10  0.34
 2564.80  0.34
 2565.50  0.34
 2566.20  0.34
 2566.90  0.34
 2567.60  0.34
 2568.30  0.34
 2569.00  0.34
 2569.70  0.34
 2570.40  0.34
 2571.10  0.34
 2571.80  0.34
 2572.50  0.34
 2573.20  0.34
 2573.90  0.34
 2574.60  0.34
 2575.30  0.34
 2576.00  0.34
 2576.70  0.34
 2577.40  0.34
 2578.10  0.34
 2578.80  0.34
 2579.50  0.34
 2580.20  0.34
 2580.90  0.34
 2581.60  0.34
 2582.30  0.34
 2583.00  0.34
 2583.70  0.34
 2584.40  0.34
 2585.10  0.34
 2585.80  0.34
 2586.50  0.34
 2587.20  0.34
 2587.90  0.34
 2588.60  0.34
 2589.30  0.34
 2590.00  0.34
 2590.70  0.34
 2591.40  0.34
 2592.10  0.34
 2592.80  0.34
 2593.50  0.34
 2594.20  0.34
 2594.90  0.34
 2595.60  0.34
 2596.30  0.34
 2597.00  0.34
 2597.70  0.34
 2598.40  0.34
 2599.10  0.34
 2599.80  0.34
 2600.50  0.34
 2601.20  0.34
 2601.90  0.34
 2602.60  0.34
 2603.30  0.34
 2604.00  0.34
 2604.70  0.34
 2605.40  0.34
 2606.10  0.34
 2606.80  0.34
 2607.50  0.34
 2608.20  0.34
 2608.90  0.34
 2609.60  0.34
 2610.30  0.34
 2611.00  0.34
 2611.70  0.34
 2612.40  0.34
 2613.10  0.34
 2613.80  0.34
 2614.50  0.34
 2615.20  0.34
 2615.90  0.34
 2616.60  0.34
 2617.30  0.34
 2618.00  0.34
 2618.70  0.34
 2619.40  0.34
 2620.10  0.34
 2620.80  0.34
 2621.50  0.34
 2622.20  0.34
 2622.90  0.34
 2623.60  0.34
 2624.30  0.34
 2625.00  0.34
 2625.70  0.34
 2626.40  0.34
 2627.10  0.34
 2627.80  0.34
 2628.50  0.34
 2629.20  0.34
 2629.90  0.34
 2630.60  0.34
 2631.30  0.34
 2632.00  0.34
 2632.70  0.34
 2633.40  0.34
 2634.10  0.34
 2634.80  0.34
 2635.50  0.34
 2636.20  0.34
 2636.90  0.34
 2637.60  0.34
 2638.30  0.34
 2639.00  0.34
 2639.70  0.34
 2640.40  0.34
 2641.10  0.34
 2641.80  0.34
 2642.50  0.34
 2643.20  0.34
 2643.90  0.34
 2644.60  0.34
 2645.30  0.34
 2646.00  0.34
 2646.70  0.34
 2647.40  0.34
 2648.10  0.34
 2648.80  0.34
 2649.50  0.34
 2650.20  0.34
 2650.90  0.34
 2651.60  0.34
 2652.30  0.34
 2653.00  0.34
 2653.70  0.34
 2654.40  0.34
 2655.10  0.34
 2655.80  0.34
 2656.50  0.34
 2657.20  0.34
 2657.90  0.34
 2658.60  0.34
 2659.30  0.34
 2660.00  0.34
 2660.70  0.34
 2661.40  0.34
 2662.10  0.34
 2662.80  0.34
 2663.50  0.34
 2664.20  0.34
 2664.90  0.34
 2665.60  0.34
 2666.30  0.34
 2667.00  0.34
 2667.70  0.34
 2668.40  0.34
 2669.10  0.34
 2669.80  0.34
 2670.50  0.34
 2671.20  0.34
 2671.90  0.34
 2672.60  0.34
 2673.30  0.34
 2674.00  0.34
 2674.70  0.34
 2675.40  0.34
 2676.10  0.34
 2676.80  0.34
 2677.50  0.34
 2678.20  0.34
 2678.90  0.34
 2679.60  0.34
 2680.30  0.34
 2681.00  0.34
 2681.70  0.34
 2682.40  0.34
 2683.10  0.34
 2683.80  0.34
 2684.50  0.34
 2685.20  0.34
 2685.90  0.34
 2686.60  0.34
 2687.30  0.34
 2688.00  0.34
 2688.70  0.34
 2689.40  0.34
 2690.10  0.34
 2690.80  0.34
 2691.50  0.34
 2692.20  0.34
 2692.90  0.34
 2693.60  0.34
 2694.30  0.34
 2695.00  0.34
 2695.70  0.34
 2696.40  0.34
 2697.10  0.34
 2697.80  0.34
 2698.50  0.34
 2699.20  0.34
 2699.90  0.34
 2700.60  0.34
 2701.30  0.34
 2702.00  0.34
 2702.70  0.34
 2703.40  0.34
 2704.10  0.34
 2704.80  0.34
 2705.50  0.34
 2706.20  0.34
 2706.90  0.34
 2707.60  0.34
 2708.30  0.34
 2709.00  0.34
 2709.70  0.34
 2710.40  0.34
 2711.10  0.34
 2711.80  0.34
 2712.50  0.34
 2713.20  0.34
 2713.90  0.34
 2714.60  0.34
 2715.30  0.34
 2716.00  0.34
 2716.70  0.34
 2717.40  0.34
 2718.10  0.34
 2718.80  0.34
 2719.50  0.34
 2720.20  0.34
 2720.90  0.34
 2721.60  0.34
 2722.30  0.34
 2723.00  0.34
 2723.70  0.34
 2724.40  0.34
 2725.10  0.34
 2725.80  0.34
 2726.50  0.34
 2727.20  0.34
 2727.90  0.34
 2728.60  0.34
 2729.30  0.34
 2730.00  0.34
 2730.70  0.34
 2731.40  0.34
 2732.10  0.34
 2732.80  0.34
 2733.50  0.34
 2734.20  0.34
 2734.90  0.34
 2735.60  0.34
 2736.30  0.34
 2737.00  0.34
 2737.70  0.34
 2738.40  0.34
 2739.10  0.34
 2739.80  0.34
 2740.50  0.34
 2741.20  0.34
 2741.90  0.34
 2742.60  0.34
 2743.30  0.34
 2744.00  0.34
 2744.70  0.34
 2745.40  0.34
 2746.10  0.34
 2746.80  0.34
 2747.50  0.34
 2748.20  0.34
 2748.90  0.34
 2749.60  0.34
 2750.30  0.34
 2751.00  0.34
 2751.70  0.34
 2752.40  0.34
 2753.10  0.34
 2753.80  0.34
 2754.50  0.34
 2755.20  0.34
 2755.90  0.34
 2756.60  0.34
 2757.30  0.34
 2758.00  0.34
 2758.70  0.34
 2759.40  0.34
 2760.10  0.34
 2760.80  0.34
 2761.50  0.34
 2762.20  0.34
 2762.90  0.34
 2763.60  0.34
 2764.30  0.34
 2765.00  0.34
 2765.70  0.34
 2766.40  0.34
 2767.10  0.34
 2767.80  0.34
 2768.50  0.34
 2769.20  0.34
 2769.90  0.34
 2770.60  0.34
 2771.30  0.34
 2772.00  0.34
 2772.70  0.34
 2773.40  0.34
 2774.10  0.34
 2774.80  0.34
 2775.50  0.34
 2776.20  0.34
 2776.90  0.34
 2777.60  0.34
 2778.30  0.34
 2779.00  0.34
 2779.70  0.34
 2780.40  0.34
 2781.10  0.34
 2781.80  0.34
 2782.50  0.34
 2783.20  0.34
 2783.90  0.34
 2784.60  0.34
 2785.30  0.34
 2786.00  0.34
 2786.70  0.34
 2787.40  0.34
 2788.10  0.34
 2788.80  0.34
 2789.50  0.34
 2790.20  0.34
 2790.90  0.34
 2791.60  0.34
 2792.30  0.34
 2793.00  0.34
 2793.70  0.34
 2794.40  0.34
 2795.10  0.34
 2795.80  0.34
 2796.50  0.34
 2797.20  0.34
 2797.90  0.34
 2798.60  0.34
 2799.30  0.34
 2800.00  0.34
 2800.70  0.34
 2801.40  0.34
 2802.10  0.34
 2802.80  0.34
 2803.50  0.34
 2804.20  0.34
 2804.90  0.34
 2805.60  0.34
 2806.30  0.34
 2807.00  0.34
 2807.70  0.34
 2808.40  0.34
 2809.10  0.34
 2809.80  0.34
 2810.50  0.34
 2811.20  0.34
 2811.90  0.34
 2812.60  0.34
 2813.30  0.34
 2814.00  0.34
 2814.70  0.34
 2815.40  0.34
 2816.10  0.34
 2816.80  0.34
 2817.50  0.34
 2818.20  0.34
 2818.90  0.34
 2819.60  0.34
 2820.30  0.34
 2821.00  0.34
 2821.70  0.34
 2822.40  0.34
 2823.10  0.34
 2823.80  0.34
 2824.50  0.34
 2825.20  0.34
 2825.90  0.34
 2826.60  0.34
 2827.30  0.34
 2828.00  0.34
 2828.70  0.34
 2829.40  0.34
 2830.10  0.34
 2830.80  0.34
 2831.50  0.34
 2832.20  0.34
 2832.90  0.34
 2833.60  0.34
 2834.30  0.34
 2835.00  0.34
 2835.70  0.34
 2836.40  0.34
 2837.10  0.34
 2837.80  0.34
 2838.50  0.34
 2839.20  0.34
 2839.90  0.34
 2840.60  0.34
 2841.30  0.34
 2842.00  0.34
 2842.70  0.34
 2843.40  0.34
 2844.10  0.34
 2844.80  0.34
 2845.50  0.34
 2846.20  0.34
 2846.90  0.34
 2847.60  0.34
 2848.30  0.34
 2849.00  0.34
 2849.70  0.34
 2850.40  0.34
 2851.10  0.34
 2851.80  0.34
 2852.50  0.34
 2853.20  0.34
 2853.90  0.34
 2854.60  0.34
 2855.30  0.34
 2856.00  0.34
 2856.70  0.34
 2857.40  0.34
 2858.10  0.34
 2858.80  0.34
 2859.50  0.34
 2860.20  0.34
 2860.90  0.34
 2861.60  0.34
 2862.30  0.34
 2863.00  0.34
 2863.70  0.34
 2864.40  0.34
 2865.10  0.34
 2865.80  0.34
 2866.50  0.34
 2867.20  0.34
 2867.90  0.34
 2868.60  0.34
 2869.30  0.34
 2870.00  0.34
 2870.70  0.34
 2871.40  0.34
 2872.10  0.34
 2872.80  0.34
 2873.50  0.34
 2874.20  0.34
 2874.90  0.34
 2875.60  0.34
 2876.30  0.34
 2877.00  0.34
 2877.70  0.34
 2878.40  0.34
 2879.10  0.34
 2879.80  0.34
 2880.50  0.34
 2881.20  0.34
 2881.90  0.34
 2882.60  0.34
 2883.30  0.34
 2884.00  0.34
 2884.70  0.34
 2885.40  0.34
 2886.10  0.34
 2886.80  0.34
 2887.50  0.34
 2888.20  0.34
 2888.90  0.34
 2889.60  0.34
 2890.30  0.34
 2891.00  0.34
 2891.70  0.34
 2892.40  0.34
 2893.10  0.34
 2893.80  0.34
 2894.50  0.34
 2895.20  0.34
 2895.90  0.34
 2896.60  0.34
 2897.30  0.34
 2898.00  0.34
 2898.70  0.34
 2899.40  0.34
 2900.10  0.34
 2900.80  0.34
 2901.50  0.34
 2902.20  0.34
 2902.90  0.34
 2903.60  0.34
 2904.30  0.34
 2905.00  0.34
 2905.70  0.34
 2906.40  0.34
 2907.10  0.34
 2907.80  0.34
 2908.50  0.34
 2909.20  0.34
 2909.90  0.34
 2910.60  0.34
 2911.30  0.34
 2912.00  0.34
 2912.70  0.34
 2913.40  0.34
 2914.10  0.34
 2914.80  0.34
 2915.50  0.34
 2916.20  0.34
 2916.90  0.34
 2917.60  0.34
 2918.30  0.34
 2919.00  0.34
 2919.70  0.34
 2920.40  0.34
 2921.10  0.34
 2921.80  0.34
 2922.50  0.34
 2923.20  0.34
 2923.90  0.34
 2924.60  0.34
 2925.30  0.34
 2926.00  0.34
 2926.70  0.34
 2927.40  0.34
 2928.10  0.34
 2928.80  0.34
 2929.50  0.34
 2930.20  0.34
 2930.90  0.34
 2931.60  0.34
 2932.30  0.34
 2933.00  0.34
 2933.70  0.34
 2934.40  0.34
 2935.10  0.34
 2935.80  0.34
 2936.50  0.34
 2937.20  0.34
 2937.90  0.34
 2938.60  0.34
 2939.30  0.34
 2940.00  0.34
 2940.70  0.34
 2941.40  0.34
 2942.10  0.34
 2942.80  0.34
 2943.50  0.34
 2944.20  0.34
 2944.90  0.34
 2945.60  0.34
 2946.30  0.34
 2947.00  0.34
 2947.70  0.34
 2948.40  0.34
 2949.10  0.34
 2949.80  0.34
 2950.50  0.34
 2951.20  0.34
 2951.90  0.34
 2952.60  0.34
 2953.30  0.34
 2954.00  0.34
 2954.70  0.34
 2955.40  0.34
 2956.10  0.34
 2956.80  0.34
 2957.50  0.34
 2958.20  0.34
 2958.90  0.34
 2959.60  0.34
 2960.30  0.34
 2961.00  0.34
 2961.70  0.34
 2962.40  0.34
 2963.10  0.34
 2963.80  0.34
 2964.50  0.34
 2965.20  0.34
 2965.90  0.34
 2966.60  0.34
 2967.30  0.34
 2968.00  0.34
 2968.70  0.34
 2969.40  0.34
 2970.10  0.34
 2970.80  0.34
 2971.50  0.34
 2972.20  0.34
 2972.90  0.34
 2973.60  0.34
 2974.30  0.34
 2975.00  0.34
 2975.70  0.34
 2976.40  0.34
 2977.10  0.34
 2977.80  0.34
 2978.50  0.34
 2979.20  0.34
 2979.90  0.34
 2980.60  0.34
 2981.30  0.34
 2982.00  0.34
 2982.70  0.34
 2983.40  0.34
 2984.10  0.34
 2984.80  0.34
 2985.50  0.34
 2986.20  0.34
 2986.90  0.34
 2987.60  0.34
 2988.30  0.34
 2989.00  0.34
 2989.70  0.34
 2990.40  0.34
 2991.10  0.34
 2991.80  0.34
 2992.50  0.34
 2993.20  0.34
 2993.90  0.34
 2994.60  0.34
 2995.30  0.34
 2996.00  0.34
 2996.70  0.34
 2997.40  0.34
 2998.10  0.34
 2998.80  0.34
 2999.50  0.34
