#Navio B MarAd
#Manobra de Curva Giro
#
#Eta 
#
#temp      rot 
 0.00  1.00
 0.70  1.00
 1.40  1.00
 2.10  1.00
 2.80  1.00
 3.50  1.00
 4.20  1.00
 4.90  1.00
 5.60  1.00
 6.30  1.00
 7.00  1.00
 7.70  1.00
 8.40  1.00
 9.10  1.00
 9.80  1.01
 10.50  1.01
 11.20  1.01
 11.90  1.01
 12.60  1.01
 13.30  1.01
 14.00  1.01
 14.70  1.01
 15.40  1.01
 16.10  1.01
 16.80  1.01
 17.50  1.01
 18.20  1.01
 18.90  1.01
 19.60  1.01
 20.30  1.01
 21.00  1.01
 21.70  1.01
 22.40  1.01
 23.10  1.01
 23.80  1.01
 24.50  1.02
 25.20  1.02
 25.90  1.02
 26.60  1.02
 27.30  1.02
 28.00  1.02
 28.70  1.02
 29.40  1.02
 30.10  1.02
 30.80  1.02
 31.50  1.02
 32.20  1.02
 32.90  1.02
 33.60  1.02
 34.30  1.02
 35.00  1.02
 35.70  1.02
 36.40  1.02
 37.10  1.03
 37.80  1.03
 38.50  1.03
 39.20  1.03
 39.90  1.03
 40.60  1.03
 41.30  1.03
 42.00  1.03
 42.70  1.03
 43.40  1.03
 44.10  1.03
 44.80  1.03
 45.50  1.03
 46.20  1.03
 46.90  1.03
 47.60  1.04
 48.30  1.04
 49.00  1.04
 49.70  1.04
 50.40  1.04
 51.10  1.04
 51.80  1.04
 52.50  1.04
 53.20  1.04
 53.90  1.04
 54.60  1.04
 55.30  1.04
 56.00  1.04
 56.70  1.05
 57.40  1.05
 58.10  1.05
 58.80  1.05
 59.50  1.05
 60.20  1.05
 60.90  1.05
 61.60  1.05
 62.30  1.05
 63.00  1.05
 63.70  1.05
 64.40  1.05
 65.10  1.06
 65.80  1.06
 66.50  1.06
 67.20  1.06
 67.90  1.06
 68.60  1.06
 69.30  1.06
 70.00  1.06
 70.70  1.06
 71.40  1.06
 72.10  1.07
 72.80  1.07
 73.50  1.07
 74.20  1.07
 74.90  1.07
 75.60  1.07
 76.30  1.07
 77.00  1.07
 77.70  1.07
 78.40  1.08
 79.10  1.08
 79.80  1.08
 80.50  1.08
 81.20  1.08
 81.90  1.08
 82.60  1.08
 83.30  1.08
 84.00  1.09
 84.70  1.09
 85.40  1.09
 86.10  1.09
 86.80  1.09
 87.50  1.09
 88.20  1.09
 88.90  1.09
 89.60  1.10
 90.30  1.10
 91.00  1.10
 91.70  1.10
 92.40  1.10
 93.10  1.10
 93.80  1.10
 94.50  1.11
 95.20  1.11
 95.90  1.11
 96.60  1.11
 97.30  1.11
 98.00  1.11
 98.70  1.11
 99.40  1.12
 100.10  1.12
 100.80  1.12
 101.50  1.12
 102.20  1.12
 102.90  1.12
 103.60  1.13
 104.30  1.13
 105.00  1.13
 105.70  1.13
 106.40  1.13
 107.10  1.13
 107.80  1.14
 108.50  1.14
 109.20  1.14
 109.90  1.14
 110.60  1.14
 111.30  1.14
 112.00  1.15
 112.70  1.15
 113.40  1.15
 114.10  1.15
 114.80  1.15
 115.50  1.16
 116.20  1.16
 116.90  1.16
 117.60  1.16
 118.30  1.16
 119.00  1.16
 119.70  1.17
 120.40  1.17
 121.10  1.17
 121.80  1.17
 122.50  1.17
 123.20  1.18
 123.90  1.18
 124.60  1.18
 125.30  1.18
 126.00  1.18
 126.70  1.19
 127.40  1.19
 128.10  1.19
 128.80  1.19
 129.50  1.19
 130.20  1.20
 130.90  1.20
 131.60  1.20
 132.30  1.20
 133.00  1.21
 133.70  1.21
 134.40  1.21
 135.10  1.21
 135.80  1.21
 136.50  1.22
 137.20  1.22
 137.90  1.22
 138.60  1.22
 139.30  1.23
 140.00  1.23
 140.70  1.23
 141.40  1.23
 142.10  1.23
 142.80  1.24
 143.50  1.24
 144.20  1.24
 144.90  1.24
 145.60  1.25
 146.30  1.25
 147.00  1.25
 147.70  1.25
 148.40  1.26
 149.10  1.26
 149.80  1.26
 150.50  1.26
 151.20  1.27
 151.90  1.27
 152.60  1.27
 153.30  1.27
 154.00  1.28
 154.70  1.28
 155.40  1.28
 156.10  1.28
 156.80  1.29
 157.50  1.29
 158.20  1.29
 158.90  1.29
 159.60  1.30
 160.30  1.30
 161.00  1.30
 161.70  1.30
 162.40  1.31
 163.10  1.31
 163.80  1.31
 164.50  1.31
 165.20  1.32
 165.90  1.32
 166.60  1.32
 167.30  1.32
 168.00  1.33
 168.70  1.33
 169.40  1.33
 170.10  1.34
 170.80  1.34
 171.50  1.34
 172.20  1.34
 172.90  1.35
 173.60  1.35
 174.30  1.35
 175.00  1.35
 175.70  1.36
 176.40  1.36
 177.10  1.36
 177.80  1.37
 178.50  1.37
 179.20  1.37
 179.90  1.37
 180.60  1.38
 181.30  1.38
 182.00  1.38
 182.70  1.39
 183.40  1.39
 184.10  1.39
 184.80  1.39
 185.50  1.40
 186.20  1.40
 186.90  1.40
 187.60  1.41
 188.30  1.41
 189.00  1.41
 189.70  1.41
 190.40  1.42
 191.10  1.42
 191.80  1.42
 192.50  1.43
 193.20  1.43
 193.90  1.43
 194.60  1.44
 195.30  1.44
 196.00  1.44
 196.70  1.44
 197.40  1.45
 198.10  1.45
 198.80  1.45
 199.50  1.46
 200.20  1.46
 200.90  1.46
 201.60  1.47
 202.30  1.47
 203.00  1.47
 203.70  1.48
 204.40  1.48
 205.10  1.48
 205.80  1.48
 206.50  1.49
 207.20  1.49
 207.90  1.49
 208.60  1.50
 209.30  1.50
 210.00  1.50
 210.70  1.51
 211.40  1.51
 212.10  1.51
 212.80  1.52
 213.50  1.52
 214.20  1.52
 214.90  1.53
 215.60  1.53
 216.30  1.53
 217.00  1.53
 217.70  1.54
 218.40  1.54
 219.10  1.54
 219.80  1.55
 220.50  1.55
 221.20  1.55
 221.90  1.56
 222.60  1.56
 223.30  1.56
 224.00  1.57
 224.70  1.57
 225.40  1.57
 226.10  1.58
 226.80  1.58
 227.50  1.58
 228.20  1.59
 228.90  1.59
 229.60  1.59
 230.30  1.60
 231.00  1.60
 231.70  1.60
 232.40  1.61
 233.10  1.61
 233.80  1.61
 234.50  1.62
 235.20  1.62
 235.90  1.62
 236.60  1.63
 237.30  1.63
 238.00  1.63
 238.70  1.64
 239.40  1.64
 240.10  1.64
 240.80  1.65
 241.50  1.65
 242.20  1.65
 242.90  1.66
 243.60  1.66
 244.30  1.66
 245.00  1.67
 245.70  1.67
 246.40  1.67
 247.10  1.68
 247.80  1.68
 248.50  1.68
 249.20  1.69
 249.90  1.69
 250.60  1.69
 251.30  1.70
 252.00  1.70
 252.70  1.70
 253.40  1.71
 254.10  1.71
 254.80  1.71
 255.50  1.72
 256.20  1.72
 256.90  1.72
 257.60  1.73
 258.30  1.73
 259.00  1.73
 259.70  1.74
 260.40  1.74
 261.10  1.74
 261.80  1.75
 262.50  1.75
 263.20  1.75
 263.90  1.76
 264.60  1.76
 265.30  1.76
 266.00  1.77
 266.70  1.77
 267.40  1.77
 268.10  1.78
 268.80  1.78
 269.50  1.78
 270.20  1.79
 270.90  1.79
 271.60  1.79
 272.30  1.80
 273.00  1.80
 273.70  1.80
 274.40  1.81
 275.10  1.81
 275.80  1.81
 276.50  1.82
 277.20  1.82
 277.90  1.82
 278.60  1.83
 279.30  1.83
 280.00  1.83
 280.70  1.84
 281.40  1.84
 282.10  1.84
 282.80  1.85
 283.50  1.85
 284.20  1.85
 284.90  1.86
 285.60  1.86
 286.30  1.86
 287.00  1.87
 287.70  1.87
 288.40  1.87
 289.10  1.88
 289.80  1.88
 290.50  1.88
 291.20  1.89
 291.90  1.89
 292.60  1.89
 293.30  1.90
 294.00  1.90
 294.70  1.90
 295.40  1.91
 296.10  1.91
 296.80  1.91
 297.50  1.92
 298.20  1.92
 298.90  1.92
 299.60  1.93
 300.30  1.93
 301.00  1.93
 301.70  1.94
 302.40  1.94
 303.10  1.94
 303.80  1.95
 304.50  1.95
 305.20  1.95
 305.90  1.96
 306.60  1.96
 307.30  1.96
 308.00  1.97
 308.70  1.97
 309.40  1.97
 310.10  1.98
 310.80  1.98
 311.50  1.98
 312.20  1.99
 312.90  1.99
 313.60  1.99
 314.30  2.00
 315.00  2.00
 315.70  2.00
 316.40  2.01
 317.10  2.01
 317.80  2.01
 318.50  2.02
 319.20  2.02
 319.90  2.02
 320.60  2.03
 321.30  2.03
 322.00  2.03
 322.70  2.04
 323.40  2.04
 324.10  2.04
 324.80  2.05
 325.50  2.05
 326.20  2.05
 326.90  2.06
 327.60  2.06
 328.30  2.06
 329.00  2.07
 329.70  2.07
 330.40  2.07
 331.10  2.07
 331.80  2.08
 332.50  2.08
 333.20  2.08
 333.90  2.09
 334.60  2.09
 335.30  2.09
 336.00  2.10
 336.70  2.10
 337.40  2.10
 338.10  2.11
 338.80  2.11
 339.50  2.11
 340.20  2.12
 340.90  2.12
 341.60  2.12
 342.30  2.13
 343.00  2.13
 343.70  2.13
 344.40  2.14
 345.10  2.14
 345.80  2.14
 346.50  2.15
 347.20  2.15
 347.90  2.15
 348.60  2.16
 349.30  2.16
 350.00  2.16
 350.70  2.16
 351.40  2.17
 352.10  2.17
 352.80  2.17
 353.50  2.18
 354.20  2.18
 354.90  2.18
 355.60  2.19
 356.30  2.19
 357.00  2.19
 357.70  2.20
 358.40  2.20
 359.10  2.20
 359.80  2.21
 360.50  2.21
 361.20  2.21
 361.90  2.21
 362.60  2.22
 363.30  2.22
 364.00  2.22
 364.70  2.23
 365.40  2.23
 366.10  2.23
 366.80  2.24
 367.50  2.24
 368.20  2.24
 368.90  2.25
 369.60  2.25
 370.30  2.25
 371.00  2.25
 371.70  2.26
 372.40  2.26
 373.10  2.26
 373.80  2.27
 374.50  2.27
 375.20  2.27
 375.90  2.28
 376.60  2.28
 377.30  2.28
 378.00  2.28
 378.70  2.29
 379.40  2.29
 380.10  2.29
 380.80  2.30
 381.50  2.30
 382.20  2.30
 382.90  2.31
 383.60  2.31
 384.30  2.31
 385.00  2.31
 385.70  2.32
 386.40  2.32
 387.10  2.32
 387.80  2.33
 388.50  2.33
 389.20  2.33
 389.90  2.33
 390.60  2.34
 391.30  2.34
 392.00  2.34
 392.70  2.35
 393.40  2.35
 394.10  2.35
 394.80  2.35
 395.50  2.36
 396.20  2.36
 396.90  2.36
 397.60  2.37
 398.30  2.37
 399.00  2.37
 399.70  2.37
 400.40  2.38
 401.10  2.38
 401.80  2.38
 402.50  2.39
 403.20  2.39
 403.90  2.39
 404.60  2.39
 405.30  2.40
 406.00  2.40
 406.70  2.40
 407.40  2.41
 408.10  2.41
 408.80  2.41
 409.50  2.41
 410.20  2.42
 410.90  2.42
 411.60  2.42
 412.30  2.42
 413.00  2.43
 413.70  2.43
 414.40  2.43
 415.10  2.44
 415.80  2.44
 416.50  2.44
 417.20  2.44
 417.90  2.45
 418.60  2.45
 419.30  2.45
 420.00  2.45
 420.70  2.46
 421.40  2.46
 422.10  2.46
 422.80  2.47
 423.50  2.47
 424.20  2.47
 424.90  2.47
 425.60  2.48
 426.30  2.48
 427.00  2.48
 427.70  2.48
 428.40  2.49
 429.10  2.49
 429.80  2.49
 430.50  2.49
 431.20  2.50
 431.90  2.50
 432.60  2.50
 433.30  2.50
 434.00  2.51
 434.70  2.51
 435.40  2.51
 436.10  2.51
 436.80  2.52
 437.50  2.52
 438.20  2.52
 438.90  2.52
 439.60  2.53
 440.30  2.53
 441.00  2.53
 441.70  2.53
 442.40  2.54
 443.10  2.54
 443.80  2.54
 444.50  2.54
 445.20  2.55
 445.90  2.55
 446.60  2.55
 447.30  2.55
 448.00  2.56
 448.70  2.56
 449.40  2.56
 450.10  2.56
 450.80  2.57
 451.50  2.57
 452.20  2.57
 452.90  2.57
 453.60  2.58
 454.30  2.58
 455.00  2.58
 455.70  2.58
 456.40  2.59
 457.10  2.59
 457.80  2.59
 458.50  2.59
 459.20  2.60
 459.90  2.60
 460.60  2.60
 461.30  2.60
 462.00  2.61
 462.70  2.61
 463.40  2.61
 464.10  2.61
 464.80  2.61
 465.50  2.62
 466.20  2.62
 466.90  2.62
 467.60  2.62
 468.30  2.63
 469.00  2.63
 469.70  2.63
 470.40  2.63
 471.10  2.64
 471.80  2.64
 472.50  2.64
 473.20  2.64
 473.90  2.64
 474.60  2.65
 475.30  2.65
 476.00  2.65
 476.70  2.65
 477.40  2.66
 478.10  2.66
 478.80  2.66
 479.50  2.66
 480.20  2.66
 480.90  2.67
 481.60  2.67
 482.30  2.67
 483.00  2.67
 483.70  2.68
 484.40  2.68
 485.10  2.68
 485.80  2.68
 486.50  2.68
 487.20  2.69
 487.90  2.69
 488.60  2.69
 489.30  2.69
 490.00  2.69
 490.70  2.70
 491.40  2.70
 492.10  2.70
 492.80  2.70
 493.50  2.71
 494.20  2.71
 494.90  2.71
 495.60  2.71
 496.30  2.71
 497.00  2.72
 497.70  2.72
 498.40  2.72
 499.10  2.72
 499.80  2.72
 500.50  2.73
 501.20  2.73
 501.90  2.73
 502.60  2.73
 503.30  2.73
 504.00  2.74
 504.70  2.74
 505.40  2.74
 506.10  2.74
 506.80  2.74
 507.50  2.75
 508.20  2.75
 508.90  2.75
 509.60  2.75
 510.30  2.75
 511.00  2.76
 511.70  2.76
 512.40  2.76
 513.10  2.76
 513.80  2.76
 514.50  2.77
 515.20  2.77
 515.90  2.77
 516.60  2.77
 517.30  2.77
 518.00  2.78
 518.70  2.78
 519.40  2.78
 520.10  2.78
 520.80  2.78
 521.50  2.78
 522.20  2.79
 522.90  2.79
 523.60  2.79
 524.30  2.79
 525.00  2.79
 525.70  2.80
 526.40  2.80
 527.10  2.80
 527.80  2.80
 528.50  2.80
 529.20  2.81
 529.90  2.81
 530.60  2.81
 531.30  2.81
 532.00  2.81
 532.70  2.81
 533.40  2.82
 534.10  2.82
 534.80  2.82
 535.50  2.82
 536.20  2.82
 536.90  2.83
 537.60  2.83
 538.30  2.83
 539.00  2.83
 539.70  2.83
 540.40  2.83
 541.10  2.84
 541.80  2.84
 542.50  2.84
 543.20  2.84
 543.90  2.84
 544.60  2.84
 545.30  2.85
 546.00  2.85
 546.70  2.85
 547.40  2.85
 548.10  2.85
 548.80  2.86
 549.50  2.86
 550.20  2.86
 550.90  2.86
 551.60  2.86
 552.30  2.86
 553.00  2.87
 553.70  2.87
 554.40  2.87
 555.10  2.87
 555.80  2.87
 556.50  2.87
 557.20  2.88
 557.90  2.88
 558.60  2.88
 559.30  2.88
 560.00  2.88
 560.70  2.88
 561.40  2.88
 562.10  2.89
 562.80  2.89
 563.50  2.89
 564.20  2.89
 564.90  2.89
 565.60  2.89
 566.30  2.90
 567.00  2.90
 567.70  2.90
 568.40  2.90
 569.10  2.90
 569.80  2.90
 570.50  2.91
 571.20  2.91
 571.90  2.91
 572.60  2.91
 573.30  2.91
 574.00  2.91
 574.70  2.91
 575.40  2.92
 576.10  2.92
 576.80  2.92
 577.50  2.92
 578.20  2.92
 578.90  2.92
 579.60  2.93
 580.30  2.93
 581.00  2.93
 581.70  2.93
 582.40  2.93
 583.10  2.93
 583.80  2.93
 584.50  2.94
 585.20  2.94
 585.90  2.94
 586.60  2.94
 587.30  2.94
 588.00  2.94
 588.70  2.94
 589.40  2.95
 590.10  2.95
 590.80  2.95
 591.50  2.95
 592.20  2.95
 592.90  2.95
 593.60  2.95
 594.30  2.96
 595.00  2.96
 595.70  2.96
 596.40  2.96
 597.10  2.96
 597.80  2.96
 598.50  2.96
 599.20  2.97
 599.90  2.97
 600.60  2.97
 601.30  2.97
 602.00  2.97
 602.70  2.97
 603.40  2.97
 604.10  2.98
 604.80  2.98
 605.50  2.98
 606.20  2.98
 606.90  2.98
 607.60  2.98
 608.30  2.98
 609.00  2.98
 609.70  2.99
 610.40  2.99
 611.10  2.99
 611.80  2.99
 612.50  2.99
 613.20  2.99
 613.90  2.99
 614.60  2.99
 615.30  3.00
 616.00  3.00
 616.70  3.00
 617.40  3.00
 618.10  3.00
 618.80  3.00
 619.50  3.00
 620.20  3.01
 620.90  3.01
 621.60  3.01
 622.30  3.01
 623.00  3.01
 623.70  3.01
 624.40  3.01
 625.10  3.01
 625.80  3.02
 626.50  3.02
 627.20  3.02
 627.90  3.02
 628.60  3.02
 629.30  3.02
 630.00  3.02
 630.70  3.02
 631.40  3.02
 632.10  3.03
 632.80  3.03
 633.50  3.03
 634.20  3.03
 634.90  3.03
 635.60  3.03
 636.30  3.03
 637.00  3.03
 637.70  3.04
 638.40  3.04
 639.10  3.04
 639.80  3.04
 640.50  3.04
 641.20  3.04
 641.90  3.04
 642.60  3.04
 643.30  3.04
 644.00  3.05
 644.70  3.05
 645.40  3.05
 646.10  3.05
 646.80  3.05
 647.50  3.05
 648.20  3.05
 648.90  3.05
 649.60  3.05
 650.30  3.06
 651.00  3.06
 651.70  3.06
 652.40  3.06
 653.10  3.06
 653.80  3.06
 654.50  3.06
 655.20  3.06
 655.90  3.06
 656.60  3.07
 657.30  3.07
 658.00  3.07
 658.70  3.07
 659.40  3.07
 660.10  3.07
 660.80  3.07
 661.50  3.07
 662.20  3.07
 662.90  3.07
 663.60  3.08
 664.30  3.08
 665.00  3.08
 665.70  3.08
 666.40  3.08
 667.10  3.08
 667.80  3.08
 668.50  3.08
 669.20  3.08
 669.90  3.09
 670.60  3.09
 671.30  3.09
 672.00  3.09
 672.70  3.09
 673.40  3.09
 674.10  3.09
 674.80  3.09
 675.50  3.09
 676.20  3.09
 676.90  3.09
 677.60  3.10
 678.30  3.10
 679.00  3.10
 679.70  3.10
 680.40  3.10
 681.10  3.10
 681.80  3.10
 682.50  3.10
 683.20  3.10
 683.90  3.10
 684.60  3.11
 685.30  3.11
 686.00  3.11
 686.70  3.11
 687.40  3.11
 688.10  3.11
 688.80  3.11
 689.50  3.11
 690.20  3.11
 690.90  3.11
 691.60  3.11
 692.30  3.12
 693.00  3.12
 693.70  3.12
 694.40  3.12
 695.10  3.12
 695.80  3.12
 696.50  3.12
 697.20  3.12
 697.90  3.12
 698.60  3.12
 699.30  3.12
 700.00  3.13
 700.70  3.13
 701.40  3.13
 702.10  3.13
 702.80  3.13
 703.50  3.13
 704.20  3.13
 704.90  3.13
 705.60  3.13
 706.30  3.13
 707.00  3.13
 707.70  3.13
 708.40  3.14
 709.10  3.14
 709.80  3.14
 710.50  3.14
 711.20  3.14
 711.90  3.14
 712.60  3.14
 713.30  3.14
 714.00  3.14
 714.70  3.14
 715.40  3.14
 716.10  3.14
 716.80  3.15
 717.50  3.15
 718.20  3.15
 718.90  3.15
 719.60  3.15
 720.30  3.15
 721.00  3.15
 721.70  3.15
 722.40  3.15
 723.10  3.15
 723.80  3.15
 724.50  3.15
 725.20  3.15
 725.90  3.16
 726.60  3.16
 727.30  3.16
 728.00  3.16
 728.70  3.16
 729.40  3.16
 730.10  3.16
 730.80  3.16
 731.50  3.16
 732.20  3.16
 732.90  3.16
 733.60  3.16
 734.30  3.16
 735.00  3.17
 735.70  3.17
 736.40  3.17
 737.10  3.17
 737.80  3.17
 738.50  3.17
 739.20  3.17
 739.90  3.17
 740.60  3.17
 741.30  3.17
 742.00  3.17
 742.70  3.17
 743.40  3.17
 744.10  3.17
 744.80  3.18
 745.50  3.18
 746.20  3.18
 746.90  3.18
 747.60  3.18
 748.30  3.18
 749.00  3.18
 749.70  3.18
 750.40  3.18
 751.10  3.18
 751.80  3.18
 752.50  3.18
 753.20  3.18
 753.90  3.18
 754.60  3.19
 755.30  3.19
 756.00  3.19
 756.70  3.19
 757.40  3.19
 758.10  3.19
 758.80  3.19
 759.50  3.19
 760.20  3.19
 760.90  3.19
 761.60  3.19
 762.30  3.19
 763.00  3.19
 763.70  3.19
 764.40  3.19
 765.10  3.19
 765.80  3.20
 766.50  3.20
 767.20  3.20
 767.90  3.20
 768.60  3.20
 769.30  3.20
 770.00  3.20
 770.70  3.20
 771.40  3.20
 772.10  3.20
 772.80  3.20
 773.50  3.20
 774.20  3.20
 774.90  3.20
 775.60  3.20
 776.30  3.20
 777.00  3.21
 777.70  3.21
 778.40  3.21
 779.10  3.21
 779.80  3.21
 780.50  3.21
 781.20  3.21
 781.90  3.21
 782.60  3.21
 783.30  3.21
 784.00  3.21
 784.70  3.21
 785.40  3.21
 786.10  3.21
 786.80  3.21
 787.50  3.21
 788.20  3.21
 788.90  3.22
 789.60  3.22
 790.30  3.22
 791.00  3.22
 791.70  3.22
 792.40  3.22
 793.10  3.22
 793.80  3.22
 794.50  3.22
 795.20  3.22
 795.90  3.22
 796.60  3.22
 797.30  3.22
 798.00  3.22
 798.70  3.22
 799.40  3.22
 800.10  3.22
 800.80  3.22
 801.50  3.23
 802.20  3.23
 802.90  3.23
 803.60  3.23
 804.30  3.23
 805.00  3.23
 805.70  3.23
 806.40  3.23
 807.10  3.23
 807.80  3.23
 808.50  3.23
 809.20  3.23
 809.90  3.23
 810.60  3.23
 811.30  3.23
 812.00  3.23
 812.70  3.23
 813.40  3.23
 814.10  3.23
 814.80  3.23
 815.50  3.24
 816.20  3.24
 816.90  3.24
 817.60  3.24
 818.30  3.24
 819.00  3.24
 819.70  3.24
 820.40  3.24
 821.10  3.24
 821.80  3.24
 822.50  3.24
 823.20  3.24
 823.90  3.24
 824.60  3.24
 825.30  3.24
 826.00  3.24
 826.70  3.24
 827.40  3.24
 828.10  3.24
 828.80  3.24
 829.50  3.24
 830.20  3.25
 830.90  3.25
 831.60  3.25
 832.30  3.25
 833.00  3.25
 833.70  3.25
 834.40  3.25
 835.10  3.25
 835.80  3.25
 836.50  3.25
 837.20  3.25
 837.90  3.25
 838.60  3.25
 839.30  3.25
 840.00  3.25
 840.70  3.25
 841.40  3.25
 842.10  3.25
 842.80  3.25
 843.50  3.25
 844.20  3.25
 844.90  3.25
 845.60  3.26
 846.30  3.26
 847.00  3.26
 847.70  3.26
 848.40  3.26
 849.10  3.26
 849.80  3.26
 850.50  3.26
 851.20  3.26
 851.90  3.26
 852.60  3.26
 853.30  3.26
 854.00  3.26
 854.70  3.26
 855.40  3.26
 856.10  3.26
 856.80  3.26
 857.50  3.26
 858.20  3.26
 858.90  3.26
 859.60  3.26
 860.30  3.26
 861.00  3.26
 861.70  3.26
 862.40  3.26
 863.10  3.27
 863.80  3.27
 864.50  3.27
 865.20  3.27
 865.90  3.27
 866.60  3.27
 867.30  3.27
 868.00  3.27
 868.70  3.27
 869.40  3.27
 870.10  3.27
 870.80  3.27
 871.50  3.27
 872.20  3.27
 872.90  3.27
 873.60  3.27
 874.30  3.27
 875.00  3.27
 875.70  3.27
 876.40  3.27
 877.10  3.27
 877.80  3.27
 878.50  3.27
 879.20  3.27
 879.90  3.27
 880.60  3.27
 881.30  3.27
 882.00  3.28
 882.70  3.28
 883.40  3.28
 884.10  3.28
 884.80  3.28
 885.50  3.28
 886.20  3.28
 886.90  3.28
 887.60  3.28
 888.30  3.28
 889.00  3.28
 889.70  3.28
 890.40  3.28
 891.10  3.28
 891.80  3.28
 892.50  3.28
 893.20  3.28
 893.90  3.28
 894.60  3.28
 895.30  3.28
 896.00  3.28
 896.70  3.28
 897.40  3.28
 898.10  3.28
 898.80  3.28
 899.50  3.28
 900.20  3.28
 900.90  3.28
 901.60  3.28
 902.30  3.28
 903.00  3.29
 903.70  3.29
 904.40  3.29
 905.10  3.29
 905.80  3.29
 906.50  3.29
 907.20  3.29
 907.90  3.29
 908.60  3.29
 909.30  3.29
 910.00  3.29
 910.70  3.29
 911.40  3.29
 912.10  3.29
 912.80  3.29
 913.50  3.29
 914.20  3.29
 914.90  3.29
 915.60  3.29
 916.30  3.29
 917.00  3.29
 917.70  3.29
 918.40  3.29
 919.10  3.29
 919.80  3.29
 920.50  3.29
 921.20  3.29
 921.90  3.29
 922.60  3.29
 923.30  3.29
 924.00  3.29
 924.70  3.29
 925.40  3.29
 926.10  3.29
 926.80  3.30
 927.50  3.30
 928.20  3.30
 928.90  3.30
 929.60  3.30
 930.30  3.30
 931.00  3.30
 931.70  3.30
 932.40  3.30
 933.10  3.30
 933.80  3.30
 934.50  3.30
 935.20  3.30
 935.90  3.30
 936.60  3.30
 937.30  3.30
 938.00  3.30
 938.70  3.30
 939.40  3.30
 940.10  3.30
 940.80  3.30
 941.50  3.30
 942.20  3.30
 942.90  3.30
 943.60  3.30
 944.30  3.30
 945.00  3.30
 945.70  3.30
 946.40  3.30
 947.10  3.30
 947.80  3.30
 948.50  3.30
 949.20  3.30
 949.90  3.30
 950.60  3.30
 951.30  3.30
 952.00  3.30
 952.70  3.30
 953.40  3.30
 954.10  3.31
 954.80  3.31
 955.50  3.31
 956.20  3.31
 956.90  3.31
 957.60  3.31
 958.30  3.31
 959.00  3.31
 959.70  3.31
 960.40  3.31
 961.10  3.31
 961.80  3.31
 962.50  3.31
 963.20  3.31
 963.90  3.31
 964.60  3.31
 965.30  3.31
 966.00  3.31
 966.70  3.31
 967.40  3.31
 968.10  3.31
 968.80  3.31
 969.50  3.31
 970.20  3.31
 970.90  3.31
 971.60  3.31
 972.30  3.31
 973.00  3.31
 973.70  3.31
 974.40  3.31
 975.10  3.31
 975.80  3.31
 976.50  3.31
 977.20  3.31
 977.90  3.31
 978.60  3.31
 979.30  3.31
 980.00  3.31
 980.70  3.31
 981.40  3.31
 982.10  3.31
 982.80  3.31
 983.50  3.31
 984.20  3.31
 984.90  3.31
 985.60  3.31
 986.30  3.32
 987.00  3.32
 987.70  3.32
 988.40  3.32
 989.10  3.32
 989.80  3.32
 990.50  3.32
 991.20  3.32
 991.90  3.32
 992.60  3.32
 993.30  3.32
 994.00  3.32
 994.70  3.32
 995.40  3.32
 996.10  3.32
 996.80  3.32
 997.50  3.32
 998.20  3.32
 998.90  3.32
 999.60  3.32
 1000.30  3.32
 1001.00  3.32
 1001.70  3.32
 1002.40  3.32
 1003.10  3.32
 1003.80  3.32
 1004.50  3.32
 1005.20  3.32
 1005.90  3.32
 1006.60  3.32
 1007.30  3.32
 1008.00  3.32
 1008.70  3.32
 1009.40  3.32
 1010.10  3.32
 1010.80  3.32
 1011.50  3.32
 1012.20  3.32
 1012.90  3.32
 1013.60  3.32
 1014.30  3.32
 1015.00  3.32
 1015.70  3.32
 1016.40  3.32
 1017.10  3.32
 1017.80  3.32
 1018.50  3.32
 1019.20  3.32
 1019.90  3.32
 1020.60  3.32
 1021.30  3.32
 1022.00  3.32
 1022.70  3.32
 1023.40  3.32
 1024.10  3.32
 1024.80  3.32
 1025.50  3.33
 1026.20  3.33
 1026.90  3.33
 1027.60  3.33
 1028.30  3.33
 1029.00  3.33
 1029.70  3.33
 1030.40  3.33
 1031.10  3.33
 1031.80  3.33
 1032.50  3.33
 1033.20  3.33
 1033.90  3.33
 1034.60  3.33
 1035.30  3.33
 1036.00  3.33
 1036.70  3.33
 1037.40  3.33
 1038.10  3.33
 1038.80  3.33
 1039.50  3.33
 1040.20  3.33
 1040.90  3.33
 1041.60  3.33
 1042.30  3.33
 1043.00  3.33
 1043.70  3.33
 1044.40  3.33
 1045.10  3.33
 1045.80  3.33
 1046.50  3.33
 1047.20  3.33
 1047.90  3.33
 1048.60  3.33
 1049.30  3.33
 1050.00  3.33
 1050.70  3.33
 1051.40  3.33
 1052.10  3.33
 1052.80  3.33
 1053.50  3.33
 1054.20  3.33
 1054.90  3.33
 1055.60  3.33
 1056.30  3.33
 1057.00  3.33
 1057.70  3.33
 1058.40  3.33
 1059.10  3.33
 1059.80  3.33
 1060.50  3.33
 1061.20  3.33
 1061.90  3.33
 1062.60  3.33
 1063.30  3.33
 1064.00  3.33
 1064.70  3.33
 1065.40  3.33
 1066.10  3.33
 1066.80  3.33
 1067.50  3.33
 1068.20  3.33
 1068.90  3.33
 1069.60  3.33
 1070.30  3.33
 1071.00  3.33
 1071.70  3.33
 1072.40  3.33
 1073.10  3.33
 1073.80  3.33
 1074.50  3.33
 1075.20  3.34
 1075.90  3.34
 1076.60  3.34
 1077.30  3.34
 1078.00  3.34
 1078.70  3.34
 1079.40  3.34
 1080.10  3.34
 1080.80  3.34
 1081.50  3.34
 1082.20  3.34
 1082.90  3.34
 1083.60  3.34
 1084.30  3.34
 1085.00  3.34
 1085.70  3.34
 1086.40  3.34
 1087.10  3.34
 1087.80  3.34
 1088.50  3.34
 1089.20  3.34
 1089.90  3.34
 1090.60  3.34
 1091.30  3.34
 1092.00  3.34
 1092.70  3.34
 1093.40  3.34
 1094.10  3.34
 1094.80  3.34
 1095.50  3.34
 1096.20  3.34
 1096.90  3.34
 1097.60  3.34
 1098.30  3.34
 1099.00  3.34
 1099.70  3.34
 1100.40  3.34
 1101.10  3.34
 1101.80  3.34
 1102.50  3.34
 1103.20  3.34
 1103.90  3.34
 1104.60  3.34
 1105.30  3.34
 1106.00  3.34
 1106.70  3.34
 1107.40  3.34
 1108.10  3.34
 1108.80  3.34
 1109.50  3.34
 1110.20  3.34
 1110.90  3.34
 1111.60  3.34
 1112.30  3.34
 1113.00  3.34
 1113.70  3.34
 1114.40  3.34
 1115.10  3.34
 1115.80  3.34
 1116.50  3.34
 1117.20  3.34
 1117.90  3.34
 1118.60  3.34
 1119.30  3.34
 1120.00  3.34
 1120.70  3.34
 1121.40  3.34
 1122.10  3.34
 1122.80  3.34
 1123.50  3.34
 1124.20  3.34
 1124.90  3.34
 1125.60  3.34
 1126.30  3.34
 1127.00  3.34
 1127.70  3.34
 1128.40  3.34
 1129.10  3.34
 1129.80  3.34
 1130.50  3.34
 1131.20  3.34
 1131.90  3.34
 1132.60  3.34
 1133.30  3.34
 1134.00  3.34
 1134.70  3.34
 1135.40  3.34
 1136.10  3.34
 1136.80  3.34
 1137.50  3.34
 1138.20  3.34
 1138.90  3.34
 1139.60  3.34
 1140.30  3.34
 1141.00  3.34
 1141.70  3.34
 1142.40  3.34
 1143.10  3.34
 1143.80  3.34
 1144.50  3.34
 1145.20  3.35
 1145.90  3.35
 1146.60  3.35
 1147.30  3.35
 1148.00  3.35
 1148.70  3.35
 1149.40  3.35
 1150.10  3.35
 1150.80  3.35
 1151.50  3.35
 1152.20  3.35
 1152.90  3.35
 1153.60  3.35
 1154.30  3.35
 1155.00  3.35
 1155.70  3.35
 1156.40  3.35
 1157.10  3.35
 1157.80  3.35
 1158.50  3.35
 1159.20  3.35
 1159.90  3.35
 1160.60  3.35
 1161.30  3.35
 1162.00  3.35
 1162.70  3.35
 1163.40  3.35
 1164.10  3.35
 1164.80  3.35
 1165.50  3.35
 1166.20  3.35
 1166.90  3.35
 1167.60  3.35
 1168.30  3.35
 1169.00  3.35
 1169.70  3.35
 1170.40  3.35
 1171.10  3.35
 1171.80  3.35
 1172.50  3.35
 1173.20  3.35
 1173.90  3.35
 1174.60  3.35
 1175.30  3.35
 1176.00  3.35
 1176.70  3.35
 1177.40  3.35
 1178.10  3.35
 1178.80  3.35
 1179.50  3.35
 1180.20  3.35
 1180.90  3.35
 1181.60  3.35
 1182.30  3.35
 1183.00  3.35
 1183.70  3.35
 1184.40  3.35
 1185.10  3.35
 1185.80  3.35
 1186.50  3.35
 1187.20  3.35
 1187.90  3.35
 1188.60  3.35
 1189.30  3.35
 1190.00  3.35
 1190.70  3.35
 1191.40  3.35
 1192.10  3.35
 1192.80  3.35
 1193.50  3.35
 1194.20  3.35
 1194.90  3.35
 1195.60  3.35
 1196.30  3.35
 1197.00  3.35
 1197.70  3.35
 1198.40  3.35
 1199.10  3.35
 1199.80  3.35
 1200.50  3.35
 1201.20  3.35
 1201.90  3.35
 1202.60  3.35
 1203.30  3.35
 1204.00  3.35
 1204.70  3.35
 1205.40  3.35
 1206.10  3.35
 1206.80  3.35
 1207.50  3.35
 1208.20  3.35
 1208.90  3.35
 1209.60  3.35
 1210.30  3.35
 1211.00  3.35
 1211.70  3.35
 1212.40  3.35
 1213.10  3.35
 1213.80  3.35
 1214.50  3.35
 1215.20  3.35
 1215.90  3.35
 1216.60  3.35
 1217.30  3.35
 1218.00  3.35
 1218.70  3.35
 1219.40  3.35
 1220.10  3.35
 1220.80  3.35
 1221.50  3.35
 1222.20  3.35
 1222.90  3.35
 1223.60  3.35
 1224.30  3.35
 1225.00  3.35
 1225.70  3.35
 1226.40  3.35
 1227.10  3.35
 1227.80  3.35
 1228.50  3.35
 1229.20  3.35
 1229.90  3.35
 1230.60  3.35
 1231.30  3.35
 1232.00  3.35
 1232.70  3.35
 1233.40  3.35
 1234.10  3.35
 1234.80  3.35
 1235.50  3.35
 1236.20  3.35
 1236.90  3.35
 1237.60  3.35
 1238.30  3.35
 1239.00  3.35
 1239.70  3.35
 1240.40  3.35
 1241.10  3.35
 1241.80  3.35
 1242.50  3.35
 1243.20  3.35
 1243.90  3.35
 1244.60  3.35
 1245.30  3.35
 1246.00  3.35
 1246.70  3.35
 1247.40  3.35
 1248.10  3.35
 1248.80  3.35
 1249.50  3.35
 1250.20  3.35
 1250.90  3.35
 1251.60  3.35
 1252.30  3.35
 1253.00  3.35
 1253.70  3.35
 1254.40  3.35
 1255.10  3.35
 1255.80  3.35
 1256.50  3.35
 1257.20  3.35
 1257.90  3.35
 1258.60  3.35
 1259.30  3.35
 1260.00  3.35
 1260.70  3.35
 1261.40  3.35
 1262.10  3.35
 1262.80  3.35
 1263.50  3.35
 1264.20  3.35
 1264.90  3.35
 1265.60  3.35
 1266.30  3.36
 1267.00  3.36
 1267.70  3.36
 1268.40  3.36
 1269.10  3.36
 1269.80  3.36
 1270.50  3.36
 1271.20  3.36
 1271.90  3.36
 1272.60  3.36
 1273.30  3.36
 1274.00  3.36
 1274.70  3.36
 1275.40  3.36
 1276.10  3.36
 1276.80  3.36
 1277.50  3.36
 1278.20  3.36
 1278.90  3.36
 1279.60  3.36
 1280.30  3.36
 1281.00  3.36
 1281.70  3.36
 1282.40  3.36
 1283.10  3.36
 1283.80  3.36
 1284.50  3.36
 1285.20  3.36
 1285.90  3.36
 1286.60  3.36
 1287.30  3.36
 1288.00  3.36
 1288.70  3.36
 1289.40  3.36
 1290.10  3.36
 1290.80  3.36
 1291.50  3.36
 1292.20  3.36
 1292.90  3.36
 1293.60  3.36
 1294.30  3.36
 1295.00  3.36
 1295.70  3.36
 1296.40  3.36
 1297.10  3.36
 1297.80  3.36
 1298.50  3.36
 1299.20  3.36
 1299.90  3.36
 1300.60  3.36
 1301.30  3.36
 1302.00  3.36
 1302.70  3.36
 1303.40  3.36
 1304.10  3.36
 1304.80  3.36
 1305.50  3.36
 1306.20  3.36
 1306.90  3.36
 1307.60  3.36
 1308.30  3.36
 1309.00  3.36
 1309.70  3.36
 1310.40  3.36
 1311.10  3.36
 1311.80  3.36
 1312.50  3.36
 1313.20  3.36
 1313.90  3.36
 1314.60  3.36
 1315.30  3.36
 1316.00  3.36
 1316.70  3.36
 1317.40  3.36
 1318.10  3.36
 1318.80  3.36
 1319.50  3.36
 1320.20  3.36
 1320.90  3.36
 1321.60  3.36
 1322.30  3.36
 1323.00  3.36
 1323.70  3.36
 1324.40  3.36
 1325.10  3.36
 1325.80  3.36
 1326.50  3.36
 1327.20  3.36
 1327.90  3.36
 1328.60  3.36
 1329.30  3.36
 1330.00  3.36
 1330.70  3.36
 1331.40  3.36
 1332.10  3.36
 1332.80  3.36
 1333.50  3.36
 1334.20  3.36
 1334.90  3.36
 1335.60  3.36
 1336.30  3.36
 1337.00  3.36
 1337.70  3.36
 1338.40  3.36
 1339.10  3.36
 1339.80  3.36
 1340.50  3.36
 1341.20  3.36
 1341.90  3.36
 1342.60  3.36
 1343.30  3.36
 1344.00  3.36
 1344.70  3.36
 1345.40  3.36
 1346.10  3.36
 1346.80  3.36
 1347.50  3.36
 1348.20  3.36
 1348.90  3.36
 1349.60  3.36
 1350.30  3.36
 1351.00  3.36
 1351.70  3.36
 1352.40  3.36
 1353.10  3.36
 1353.80  3.36
 1354.50  3.36
 1355.20  3.36
 1355.90  3.36
 1356.60  3.36
 1357.30  3.36
 1358.00  3.36
 1358.70  3.36
 1359.40  3.36
 1360.10  3.36
 1360.80  3.36
 1361.50  3.36
 1362.20  3.36
 1362.90  3.36
 1363.60  3.36
 1364.30  3.36
 1365.00  3.36
 1365.70  3.36
 1366.40  3.36
 1367.10  3.36
 1367.80  3.36
 1368.50  3.36
 1369.20  3.36
 1369.90  3.36
 1370.60  3.36
 1371.30  3.36
 1372.00  3.36
 1372.70  3.36
 1373.40  3.36
 1374.10  3.36
 1374.80  3.36
 1375.50  3.36
 1376.20  3.36
 1376.90  3.36
 1377.60  3.36
 1378.30  3.36
 1379.00  3.36
 1379.70  3.36
 1380.40  3.36
 1381.10  3.36
 1381.80  3.36
 1382.50  3.36
 1383.20  3.36
 1383.90  3.36
 1384.60  3.36
 1385.30  3.36
 1386.00  3.36
 1386.70  3.36
 1387.40  3.36
 1388.10  3.36
 1388.80  3.36
 1389.50  3.36
 1390.20  3.36
 1390.90  3.36
 1391.60  3.36
 1392.30  3.36
 1393.00  3.36
 1393.70  3.36
 1394.40  3.36
 1395.10  3.36
 1395.80  3.36
 1396.50  3.36
 1397.20  3.36
 1397.90  3.36
 1398.60  3.36
 1399.30  3.36
 1400.00  3.36
 1400.70  3.36
 1401.40  3.36
 1402.10  3.36
 1402.80  3.36
 1403.50  3.36
 1404.20  3.36
 1404.90  3.36
 1405.60  3.36
 1406.30  3.36
 1407.00  3.36
 1407.70  3.36
 1408.40  3.36
 1409.10  3.36
 1409.80  3.36
 1410.50  3.36
 1411.20  3.36
 1411.90  3.36
 1412.60  3.36
 1413.30  3.36
 1414.00  3.36
 1414.70  3.36
 1415.40  3.36
 1416.10  3.36
 1416.80  3.36
 1417.50  3.36
 1418.20  3.36
 1418.90  3.36
 1419.60  3.36
 1420.30  3.36
 1421.00  3.36
 1421.70  3.36
 1422.40  3.36
 1423.10  3.36
 1423.80  3.36
 1424.50  3.36
 1425.20  3.36
 1425.90  3.36
 1426.60  3.36
 1427.30  3.36
 1428.00  3.36
 1428.70  3.36
 1429.40  3.36
 1430.10  3.36
 1430.80  3.36
 1431.50  3.36
 1432.20  3.36
 1432.90  3.36
 1433.60  3.36
 1434.30  3.36
 1435.00  3.36
 1435.70  3.36
 1436.40  3.36
 1437.10  3.36
 1437.80  3.36
 1438.50  3.36
 1439.20  3.36
 1439.90  3.36
 1440.60  3.36
 1441.30  3.36
 1442.00  3.36
 1442.70  3.36
 1443.40  3.36
 1444.10  3.36
 1444.80  3.36
 1445.50  3.36
 1446.20  3.36
 1446.90  3.36
 1447.60  3.36
 1448.30  3.36
 1449.00  3.36
 1449.70  3.36
 1450.40  3.36
 1451.10  3.36
 1451.80  3.36
 1452.50  3.36
 1453.20  3.36
 1453.90  3.36
 1454.60  3.36
 1455.30  3.36
 1456.00  3.36
 1456.70  3.36
 1457.40  3.36
 1458.10  3.36
 1458.80  3.36
 1459.50  3.36
 1460.20  3.36
 1460.90  3.36
 1461.60  3.36
 1462.30  3.36
 1463.00  3.36
 1463.70  3.36
 1464.40  3.36
 1465.10  3.36
 1465.80  3.36
 1466.50  3.36
 1467.20  3.36
 1467.90  3.36
 1468.60  3.36
 1469.30  3.36
 1470.00  3.36
 1470.70  3.36
 1471.40  3.36
 1472.10  3.36
 1472.80  3.36
 1473.50  3.36
 1474.20  3.36
 1474.90  3.36
 1475.60  3.36
 1476.30  3.36
 1477.00  3.36
 1477.70  3.36
 1478.40  3.36
 1479.10  3.36
 1479.80  3.36
 1480.50  3.36
 1481.20  3.36
 1481.90  3.36
 1482.60  3.36
 1483.30  3.36
 1484.00  3.36
 1484.70  3.36
 1485.40  3.36
 1486.10  3.36
 1486.80  3.36
 1487.50  3.36
 1488.20  3.36
 1488.90  3.36
 1489.60  3.36
 1490.30  3.36
 1491.00  3.36
 1491.70  3.36
 1492.40  3.36
 1493.10  3.36
 1493.80  3.36
 1494.50  3.36
 1495.20  3.36
 1495.90  3.36
 1496.60  3.36
 1497.30  3.36
 1498.00  3.36
 1498.70  3.36
 1499.40  3.36
 1500.10  3.36
 1500.80  3.36
 1501.50  3.36
 1502.20  3.36
 1502.90  3.36
 1503.60  3.36
 1504.30  3.36
 1505.00  3.36
 1505.70  3.36
 1506.40  3.36
 1507.10  3.36
 1507.80  3.36
 1508.50  3.36
 1509.20  3.36
 1509.90  3.36
 1510.60  3.36
 1511.30  3.36
 1512.00  3.36
 1512.70  3.36
 1513.40  3.36
 1514.10  3.36
 1514.80  3.36
 1515.50  3.36
 1516.20  3.36
 1516.90  3.36
 1517.60  3.36
 1518.30  3.36
 1519.00  3.36
 1519.70  3.36
 1520.40  3.36
 1521.10  3.36
 1521.80  3.36
 1522.50  3.36
 1523.20  3.36
 1523.90  3.36
 1524.60  3.36
 1525.30  3.36
 1526.00  3.36
 1526.70  3.36
 1527.40  3.36
 1528.10  3.36
 1528.80  3.36
 1529.50  3.36
 1530.20  3.36
 1530.90  3.36
 1531.60  3.36
 1532.30  3.36
 1533.00  3.36
 1533.70  3.36
 1534.40  3.36
 1535.10  3.36
 1535.80  3.36
 1536.50  3.36
 1537.20  3.36
 1537.90  3.36
 1538.60  3.36
 1539.30  3.36
 1540.00  3.36
 1540.70  3.36
 1541.40  3.36
 1542.10  3.36
 1542.80  3.36
 1543.50  3.36
 1544.20  3.36
 1544.90  3.36
 1545.60  3.36
 1546.30  3.36
 1547.00  3.36
 1547.70  3.36
 1548.40  3.36
 1549.10  3.36
 1549.80  3.36
 1550.50  3.36
 1551.20  3.36
 1551.90  3.36
 1552.60  3.36
 1553.30  3.36
 1554.00  3.36
 1554.70  3.36
 1555.40  3.36
 1556.10  3.36
 1556.80  3.36
 1557.50  3.36
 1558.20  3.36
 1558.90  3.36
 1559.60  3.36
 1560.30  3.36
 1561.00  3.36
 1561.70  3.36
 1562.40  3.36
 1563.10  3.36
 1563.80  3.36
 1564.50  3.36
 1565.20  3.36
 1565.90  3.36
 1566.60  3.36
 1567.30  3.36
 1568.00  3.36
 1568.70  3.36
 1569.40  3.36
 1570.10  3.36
 1570.80  3.36
 1571.50  3.36
 1572.20  3.36
 1572.90  3.36
 1573.60  3.36
 1574.30  3.36
 1575.00  3.36
 1575.70  3.36
 1576.40  3.36
 1577.10  3.36
 1577.80  3.36
 1578.50  3.36
 1579.20  3.36
 1579.90  3.36
 1580.60  3.36
 1581.30  3.36
 1582.00  3.36
 1582.70  3.36
 1583.40  3.36
 1584.10  3.36
 1584.80  3.36
 1585.50  3.36
 1586.20  3.36
 1586.90  3.36
 1587.60  3.36
 1588.30  3.36
 1589.00  3.36
 1589.70  3.36
 1590.40  3.36
 1591.10  3.36
 1591.80  3.36
 1592.50  3.36
 1593.20  3.36
 1593.90  3.36
 1594.60  3.36
 1595.30  3.36
 1596.00  3.36
 1596.70  3.36
 1597.40  3.36
 1598.10  3.36
 1598.80  3.36
 1599.50  3.36
 1600.20  3.36
 1600.90  3.36
 1601.60  3.36
 1602.30  3.36
 1603.00  3.36
 1603.70  3.36
 1604.40  3.36
 1605.10  3.36
 1605.80  3.36
 1606.50  3.36
 1607.20  3.36
 1607.90  3.36
 1608.60  3.36
 1609.30  3.36
 1610.00  3.36
 1610.70  3.36
 1611.40  3.36
 1612.10  3.36
 1612.80  3.36
 1613.50  3.36
 1614.20  3.36
 1614.90  3.36
 1615.60  3.36
 1616.30  3.36
 1617.00  3.36
 1617.70  3.36
 1618.40  3.36
 1619.10  3.36
 1619.80  3.36
 1620.50  3.36
 1621.20  3.36
 1621.90  3.36
 1622.60  3.36
 1623.30  3.36
 1624.00  3.36
 1624.70  3.36
 1625.40  3.36
 1626.10  3.36
 1626.80  3.36
 1627.50  3.36
 1628.20  3.36
 1628.90  3.36
 1629.60  3.36
 1630.30  3.36
 1631.00  3.36
 1631.70  3.36
 1632.40  3.36
 1633.10  3.36
 1633.80  3.36
 1634.50  3.36
 1635.20  3.36
 1635.90  3.36
 1636.60  3.36
 1637.30  3.36
 1638.00  3.36
 1638.70  3.36
 1639.40  3.36
 1640.10  3.36
 1640.80  3.36
 1641.50  3.36
 1642.20  3.36
 1642.90  3.36
 1643.60  3.36
 1644.30  3.36
 1645.00  3.36
 1645.70  3.36
 1646.40  3.36
 1647.10  3.36
 1647.80  3.36
 1648.50  3.36
 1649.20  3.36
 1649.90  3.36
 1650.60  3.36
 1651.30  3.36
 1652.00  3.36
 1652.70  3.36
 1653.40  3.36
 1654.10  3.36
 1654.80  3.36
 1655.50  3.36
 1656.20  3.36
 1656.90  3.36
 1657.60  3.36
 1658.30  3.36
 1659.00  3.36
 1659.70  3.36
 1660.40  3.36
 1661.10  3.36
 1661.80  3.36
 1662.50  3.36
 1663.20  3.36
 1663.90  3.36
 1664.60  3.36
 1665.30  3.36
 1666.00  3.36
 1666.70  3.36
 1667.40  3.36
 1668.10  3.36
 1668.80  3.36
 1669.50  3.36
 1670.20  3.36
 1670.90  3.36
 1671.60  3.36
 1672.30  3.36
 1673.00  3.36
 1673.70  3.36
 1674.40  3.36
 1675.10  3.36
 1675.80  3.36
 1676.50  3.36
 1677.20  3.36
 1677.90  3.36
 1678.60  3.36
 1679.30  3.36
 1680.00  3.36
 1680.70  3.36
 1681.40  3.36
 1682.10  3.36
 1682.80  3.36
 1683.50  3.36
 1684.20  3.36
 1684.90  3.36
 1685.60  3.36
 1686.30  3.36
 1687.00  3.36
 1687.70  3.36
 1688.40  3.36
 1689.10  3.36
 1689.80  3.36
 1690.50  3.36
 1691.20  3.36
 1691.90  3.36
 1692.60  3.36
 1693.30  3.36
 1694.00  3.36
 1694.70  3.36
 1695.40  3.36
 1696.10  3.36
 1696.80  3.36
 1697.50  3.36
 1698.20  3.36
 1698.90  3.36
 1699.60  3.36
 1700.30  3.36
 1701.00  3.36
 1701.70  3.36
 1702.40  3.36
 1703.10  3.36
 1703.80  3.36
 1704.50  3.36
 1705.20  3.36
 1705.90  3.36
 1706.60  3.36
 1707.30  3.36
 1708.00  3.36
 1708.70  3.36
 1709.40  3.36
 1710.10  3.36
 1710.80  3.36
 1711.50  3.36
 1712.20  3.36
 1712.90  3.36
 1713.60  3.36
 1714.30  3.36
 1715.00  3.36
 1715.70  3.36
 1716.40  3.36
 1717.10  3.36
 1717.80  3.36
 1718.50  3.36
 1719.20  3.36
 1719.90  3.36
 1720.60  3.36
 1721.30  3.36
 1722.00  3.36
 1722.70  3.36
 1723.40  3.36
 1724.10  3.36
 1724.80  3.36
 1725.50  3.36
 1726.20  3.36
 1726.90  3.36
 1727.60  3.36
 1728.30  3.36
 1729.00  3.36
 1729.70  3.36
 1730.40  3.36
 1731.10  3.36
 1731.80  3.36
 1732.50  3.36
 1733.20  3.36
 1733.90  3.36
 1734.60  3.36
 1735.30  3.36
 1736.00  3.36
 1736.70  3.36
 1737.40  3.36
 1738.10  3.36
 1738.80  3.36
 1739.50  3.36
 1740.20  3.36
 1740.90  3.36
 1741.60  3.36
 1742.30  3.36
 1743.00  3.36
 1743.70  3.36
 1744.40  3.36
 1745.10  3.36
 1745.80  3.36
 1746.50  3.36
 1747.20  3.36
 1747.90  3.36
 1748.60  3.36
 1749.30  3.36
 1750.00  3.36
 1750.70  3.36
 1751.40  3.36
 1752.10  3.36
 1752.80  3.36
 1753.50  3.36
 1754.20  3.36
 1754.90  3.36
 1755.60  3.36
 1756.30  3.36
 1757.00  3.36
 1757.70  3.36
 1758.40  3.36
 1759.10  3.36
 1759.80  3.36
 1760.50  3.36
 1761.20  3.36
 1761.90  3.36
 1762.60  3.36
 1763.30  3.36
 1764.00  3.36
 1764.70  3.36
 1765.40  3.36
 1766.10  3.36
 1766.80  3.36
 1767.50  3.36
 1768.20  3.36
 1768.90  3.36
 1769.60  3.36
 1770.30  3.36
 1771.00  3.36
 1771.70  3.36
 1772.40  3.36
 1773.10  3.36
 1773.80  3.36
 1774.50  3.36
 1775.20  3.36
 1775.90  3.36
 1776.60  3.36
 1777.30  3.36
 1778.00  3.36
 1778.70  3.36
 1779.40  3.36
 1780.10  3.36
 1780.80  3.36
 1781.50  3.36
 1782.20  3.36
 1782.90  3.36
 1783.60  3.36
 1784.30  3.36
 1785.00  3.36
 1785.70  3.36
 1786.40  3.36
 1787.10  3.36
 1787.80  3.36
 1788.50  3.36
 1789.20  3.36
 1789.90  3.36
 1790.60  3.36
 1791.30  3.36
 1792.00  3.36
 1792.70  3.36
 1793.40  3.36
 1794.10  3.36
 1794.80  3.36
 1795.50  3.36
 1796.20  3.36
 1796.90  3.36
 1797.60  3.36
 1798.30  3.36
 1799.00  3.36
 1799.70  3.36
 1800.40  3.36
 1801.10  3.36
 1801.80  3.36
 1802.50  3.36
 1803.20  3.36
 1803.90  3.36
 1804.60  3.36
 1805.30  3.36
 1806.00  3.36
 1806.70  3.36
 1807.40  3.36
 1808.10  3.36
 1808.80  3.36
 1809.50  3.36
 1810.20  3.36
 1810.90  3.36
 1811.60  3.36
 1812.30  3.36
 1813.00  3.36
 1813.70  3.36
 1814.40  3.36
 1815.10  3.36
 1815.80  3.36
 1816.50  3.36
 1817.20  3.36
 1817.90  3.36
 1818.60  3.36
 1819.30  3.36
 1820.00  3.36
 1820.70  3.36
 1821.40  3.36
 1822.10  3.36
 1822.80  3.36
 1823.50  3.36
 1824.20  3.36
 1824.90  3.36
 1825.60  3.36
 1826.30  3.36
 1827.00  3.36
 1827.70  3.36
 1828.40  3.36
 1829.10  3.36
 1829.80  3.36
 1830.50  3.36
 1831.20  3.36
 1831.90  3.36
 1832.60  3.36
 1833.30  3.36
 1834.00  3.36
 1834.70  3.36
 1835.40  3.36
 1836.10  3.36
 1836.80  3.36
 1837.50  3.36
 1838.20  3.36
 1838.90  3.36
 1839.60  3.36
 1840.30  3.36
 1841.00  3.36
 1841.70  3.36
 1842.40  3.36
 1843.10  3.36
 1843.80  3.36
 1844.50  3.36
 1845.20  3.36
 1845.90  3.36
 1846.60  3.36
 1847.30  3.36
 1848.00  3.36
 1848.70  3.36
 1849.40  3.36
 1850.10  3.36
 1850.80  3.36
 1851.50  3.36
 1852.20  3.36
 1852.90  3.36
 1853.60  3.36
 1854.30  3.36
 1855.00  3.36
 1855.70  3.36
 1856.40  3.36
 1857.10  3.36
 1857.80  3.36
 1858.50  3.36
 1859.20  3.36
 1859.90  3.36
 1860.60  3.36
 1861.30  3.36
 1862.00  3.36
 1862.70  3.36
 1863.40  3.36
 1864.10  3.36
 1864.80  3.36
 1865.50  3.36
 1866.20  3.36
 1866.90  3.36
 1867.60  3.36
 1868.30  3.36
 1869.00  3.36
 1869.70  3.36
 1870.40  3.36
 1871.10  3.36
 1871.80  3.36
 1872.50  3.36
 1873.20  3.36
 1873.90  3.36
 1874.60  3.36
 1875.30  3.36
 1876.00  3.36
 1876.70  3.36
 1877.40  3.36
 1878.10  3.36
 1878.80  3.36
 1879.50  3.36
 1880.20  3.36
 1880.90  3.36
 1881.60  3.36
 1882.30  3.36
 1883.00  3.36
 1883.70  3.36
 1884.40  3.36
 1885.10  3.36
 1885.80  3.36
 1886.50  3.36
 1887.20  3.36
 1887.90  3.36
 1888.60  3.36
 1889.30  3.36
 1890.00  3.36
 1890.70  3.36
 1891.40  3.36
 1892.10  3.36
 1892.80  3.36
 1893.50  3.36
 1894.20  3.36
 1894.90  3.36
 1895.60  3.36
 1896.30  3.36
 1897.00  3.36
 1897.70  3.36
 1898.40  3.36
 1899.10  3.36
 1899.80  3.36
 1900.50  3.36
 1901.20  3.36
 1901.90  3.36
 1902.60  3.36
 1903.30  3.36
 1904.00  3.36
 1904.70  3.36
 1905.40  3.36
 1906.10  3.36
 1906.80  3.36
 1907.50  3.36
 1908.20  3.36
 1908.90  3.36
 1909.60  3.36
 1910.30  3.36
 1911.00  3.36
 1911.70  3.36
 1912.40  3.36
 1913.10  3.36
 1913.80  3.36
 1914.50  3.36
 1915.20  3.36
 1915.90  3.36
 1916.60  3.36
 1917.30  3.36
 1918.00  3.36
 1918.70  3.36
 1919.40  3.36
 1920.10  3.36
 1920.80  3.36
 1921.50  3.36
 1922.20  3.36
 1922.90  3.36
 1923.60  3.36
 1924.30  3.36
 1925.00  3.36
 1925.70  3.36
 1926.40  3.36
 1927.10  3.36
 1927.80  3.36
 1928.50  3.36
 1929.20  3.36
 1929.90  3.36
 1930.60  3.36
 1931.30  3.36
 1932.00  3.36
 1932.70  3.36
 1933.40  3.36
 1934.10  3.36
 1934.80  3.36
 1935.50  3.36
 1936.20  3.36
 1936.90  3.36
 1937.60  3.36
 1938.30  3.36
 1939.00  3.36
 1939.70  3.36
 1940.40  3.36
 1941.10  3.36
 1941.80  3.36
 1942.50  3.36
 1943.20  3.36
 1943.90  3.36
 1944.60  3.36
 1945.30  3.36
 1946.00  3.36
 1946.70  3.36
 1947.40  3.36
 1948.10  3.36
 1948.80  3.36
 1949.50  3.36
 1950.20  3.36
 1950.90  3.36
 1951.60  3.36
 1952.30  3.36
 1953.00  3.36
 1953.70  3.36
 1954.40  3.36
 1955.10  3.36
 1955.80  3.36
 1956.50  3.36
 1957.20  3.36
 1957.90  3.36
 1958.60  3.36
 1959.30  3.36
 1960.00  3.36
 1960.70  3.36
 1961.40  3.36
 1962.10  3.36
 1962.80  3.36
 1963.50  3.36
 1964.20  3.36
 1964.90  3.36
 1965.60  3.36
 1966.30  3.36
 1967.00  3.36
 1967.70  3.36
 1968.40  3.36
 1969.10  3.36
 1969.80  3.36
 1970.50  3.36
 1971.20  3.36
 1971.90  3.36
 1972.60  3.36
 1973.30  3.36
 1974.00  3.36
 1974.70  3.36
 1975.40  3.36
 1976.10  3.36
 1976.80  3.36
 1977.50  3.36
 1978.20  3.36
 1978.90  3.36
 1979.60  3.36
 1980.30  3.36
 1981.00  3.36
 1981.70  3.36
 1982.40  3.36
 1983.10  3.36
 1983.80  3.36
 1984.50  3.36
 1985.20  3.36
 1985.90  3.36
 1986.60  3.36
 1987.30  3.36
 1988.00  3.36
 1988.70  3.36
 1989.40  3.36
 1990.10  3.36
 1990.80  3.36
 1991.50  3.36
 1992.20  3.36
 1992.90  3.36
 1993.60  3.36
 1994.30  3.36
 1995.00  3.36
 1995.70  3.36
 1996.40  3.36
 1997.10  3.36
 1997.80  3.36
 1998.50  3.36
 1999.20  3.36
 1999.90  3.36
 2000.60  3.36
 2001.30  3.36
 2002.00  3.36
 2002.70  3.36
 2003.40  3.36
 2004.10  3.36
 2004.80  3.36
 2005.50  3.36
 2006.20  3.36
 2006.90  3.36
 2007.60  3.36
 2008.30  3.36
 2009.00  3.36
 2009.70  3.36
 2010.40  3.36
 2011.10  3.36
 2011.80  3.36
 2012.50  3.36
 2013.20  3.36
 2013.90  3.36
 2014.60  3.36
 2015.30  3.36
 2016.00  3.36
 2016.70  3.36
 2017.40  3.36
 2018.10  3.36
 2018.80  3.36
 2019.50  3.36
 2020.20  3.36
 2020.90  3.36
 2021.60  3.36
 2022.30  3.36
 2023.00  3.36
 2023.70  3.36
 2024.40  3.36
 2025.10  3.36
 2025.80  3.36
 2026.50  3.36
 2027.20  3.36
 2027.90  3.36
 2028.60  3.36
 2029.30  3.36
 2030.00  3.36
 2030.70  3.36
 2031.40  3.36
 2032.10  3.36
 2032.80  3.36
 2033.50  3.36
 2034.20  3.36
 2034.90  3.36
 2035.60  3.36
 2036.30  3.36
 2037.00  3.36
 2037.70  3.36
 2038.40  3.36
 2039.10  3.36
 2039.80  3.36
 2040.50  3.36
 2041.20  3.36
 2041.90  3.36
 2042.60  3.36
 2043.30  3.36
 2044.00  3.36
 2044.70  3.36
 2045.40  3.36
 2046.10  3.36
 2046.80  3.36
 2047.50  3.36
 2048.20  3.36
 2048.90  3.36
 2049.60  3.36
 2050.30  3.36
 2051.00  3.36
 2051.70  3.36
 2052.40  3.36
 2053.10  3.36
 2053.80  3.36
 2054.50  3.36
 2055.20  3.36
 2055.90  3.36
 2056.60  3.36
 2057.30  3.36
 2058.00  3.36
 2058.70  3.36
 2059.40  3.36
 2060.10  3.36
 2060.80  3.36
 2061.50  3.36
 2062.20  3.36
 2062.90  3.36
 2063.60  3.36
 2064.30  3.36
 2065.00  3.36
 2065.70  3.36
 2066.40  3.36
 2067.10  3.36
 2067.80  3.36
 2068.50  3.36
 2069.20  3.36
 2069.90  3.36
 2070.60  3.36
 2071.30  3.36
 2072.00  3.36
 2072.70  3.36
 2073.40  3.36
 2074.10  3.36
 2074.80  3.36
 2075.50  3.36
 2076.20  3.36
 2076.90  3.36
 2077.60  3.36
 2078.30  3.36
 2079.00  3.36
 2079.70  3.36
 2080.40  3.36
 2081.10  3.36
 2081.80  3.36
 2082.50  3.36
 2083.20  3.36
 2083.90  3.36
 2084.60  3.36
 2085.30  3.36
 2086.00  3.36
 2086.70  3.36
 2087.40  3.36
 2088.10  3.36
 2088.80  3.36
 2089.50  3.36
 2090.20  3.36
 2090.90  3.36
 2091.60  3.36
 2092.30  3.36
 2093.00  3.36
 2093.70  3.36
 2094.40  3.36
 2095.10  3.36
 2095.80  3.36
 2096.50  3.36
 2097.20  3.36
 2097.90  3.36
 2098.60  3.36
 2099.30  3.36
 2100.00  3.36
 2100.70  3.36
 2101.40  3.36
 2102.10  3.36
 2102.80  3.36
 2103.50  3.36
 2104.20  3.36
 2104.90  3.36
 2105.60  3.36
 2106.30  3.36
 2107.00  3.36
 2107.70  3.36
 2108.40  3.36
 2109.10  3.36
 2109.80  3.36
 2110.50  3.36
 2111.20  3.36
 2111.90  3.36
 2112.60  3.36
 2113.30  3.36
 2114.00  3.36
 2114.70  3.36
 2115.40  3.36
 2116.10  3.36
 2116.80  3.36
 2117.50  3.36
 2118.20  3.36
 2118.90  3.36
 2119.60  3.36
 2120.30  3.36
 2121.00  3.36
 2121.70  3.36
 2122.40  3.36
 2123.10  3.36
 2123.80  3.36
 2124.50  3.36
 2125.20  3.36
 2125.90  3.36
 2126.60  3.36
 2127.30  3.36
 2128.00  3.36
 2128.70  3.36
 2129.40  3.36
 2130.10  3.36
 2130.80  3.36
 2131.50  3.36
 2132.20  3.36
 2132.90  3.36
 2133.60  3.36
 2134.30  3.36
 2135.00  3.36
 2135.70  3.36
 2136.40  3.36
 2137.10  3.36
 2137.80  3.36
 2138.50  3.36
 2139.20  3.36
 2139.90  3.36
 2140.60  3.36
 2141.30  3.36
 2142.00  3.36
 2142.70  3.36
 2143.40  3.36
 2144.10  3.36
 2144.80  3.36
 2145.50  3.36
 2146.20  3.36
 2146.90  3.36
 2147.60  3.36
 2148.30  3.36
 2149.00  3.36
 2149.70  3.36
 2150.40  3.36
 2151.10  3.36
 2151.80  3.36
 2152.50  3.36
 2153.20  3.36
 2153.90  3.36
 2154.60  3.36
 2155.30  3.36
 2156.00  3.36
 2156.70  3.36
 2157.40  3.36
 2158.10  3.36
 2158.80  3.36
 2159.50  3.36
 2160.20  3.36
 2160.90  3.36
 2161.60  3.36
 2162.30  3.36
 2163.00  3.36
 2163.70  3.36
 2164.40  3.36
 2165.10  3.36
 2165.80  3.36
 2166.50  3.36
 2167.20  3.36
 2167.90  3.36
 2168.60  3.36
 2169.30  3.36
 2170.00  3.36
 2170.70  3.36
 2171.40  3.36
 2172.10  3.36
 2172.80  3.36
 2173.50  3.36
 2174.20  3.36
 2174.90  3.36
 2175.60  3.36
 2176.30  3.36
 2177.00  3.36
 2177.70  3.36
 2178.40  3.36
 2179.10  3.36
 2179.80  3.36
 2180.50  3.36
 2181.20  3.36
 2181.90  3.36
 2182.60  3.36
 2183.30  3.36
 2184.00  3.36
 2184.70  3.36
 2185.40  3.36
 2186.10  3.36
 2186.80  3.36
 2187.50  3.36
 2188.20  3.36
 2188.90  3.36
 2189.60  3.36
 2190.30  3.36
 2191.00  3.36
 2191.70  3.36
 2192.40  3.36
 2193.10  3.36
 2193.80  3.36
 2194.50  3.36
 2195.20  3.36
 2195.90  3.36
 2196.60  3.36
 2197.30  3.36
 2198.00  3.36
 2198.70  3.36
 2199.40  3.36
 2200.10  3.36
 2200.80  3.36
 2201.50  3.36
 2202.20  3.36
 2202.90  3.36
 2203.60  3.36
 2204.30  3.36
 2205.00  3.36
 2205.70  3.36
 2206.40  3.36
 2207.10  3.36
 2207.80  3.36
 2208.50  3.36
 2209.20  3.36
 2209.90  3.36
 2210.60  3.36
 2211.30  3.36
 2212.00  3.36
 2212.70  3.36
 2213.40  3.36
 2214.10  3.36
 2214.80  3.36
 2215.50  3.36
 2216.20  3.36
 2216.90  3.36
 2217.60  3.36
 2218.30  3.36
 2219.00  3.36
 2219.70  3.36
 2220.40  3.36
 2221.10  3.36
 2221.80  3.36
 2222.50  3.36
 2223.20  3.36
 2223.90  3.36
 2224.60  3.36
 2225.30  3.36
 2226.00  3.36
 2226.70  3.36
 2227.40  3.36
 2228.10  3.36
 2228.80  3.36
 2229.50  3.36
 2230.20  3.36
 2230.90  3.36
 2231.60  3.36
 2232.30  3.36
 2233.00  3.36
 2233.70  3.36
 2234.40  3.36
 2235.10  3.36
 2235.80  3.36
 2236.50  3.36
 2237.20  3.36
 2237.90  3.36
 2238.60  3.36
 2239.30  3.36
 2240.00  3.36
 2240.70  3.36
 2241.40  3.36
 2242.10  3.36
 2242.80  3.36
 2243.50  3.36
 2244.20  3.36
 2244.90  3.36
 2245.60  3.36
 2246.30  3.36
 2247.00  3.36
 2247.70  3.36
 2248.40  3.36
 2249.10  3.36
 2249.80  3.36
 2250.50  3.36
 2251.20  3.36
 2251.90  3.36
 2252.60  3.36
 2253.30  3.36
 2254.00  3.36
 2254.70  3.36
 2255.40  3.36
 2256.10  3.36
 2256.80  3.36
 2257.50  3.36
 2258.20  3.36
 2258.90  3.36
 2259.60  3.36
 2260.30  3.36
 2261.00  3.36
 2261.70  3.36
 2262.40  3.36
 2263.10  3.36
 2263.80  3.36
 2264.50  3.36
 2265.20  3.36
 2265.90  3.36
 2266.60  3.36
 2267.30  3.36
 2268.00  3.36
 2268.70  3.36
 2269.40  3.36
 2270.10  3.36
 2270.80  3.36
 2271.50  3.36
 2272.20  3.36
 2272.90  3.36
 2273.60  3.36
 2274.30  3.36
 2275.00  3.36
 2275.70  3.36
 2276.40  3.36
 2277.10  3.36
 2277.80  3.36
 2278.50  3.36
 2279.20  3.36
 2279.90  3.36
 2280.60  3.36
 2281.30  3.36
 2282.00  3.36
 2282.70  3.36
 2283.40  3.36
 2284.10  3.36
 2284.80  3.36
 2285.50  3.36
 2286.20  3.36
 2286.90  3.36
 2287.60  3.36
 2288.30  3.36
 2289.00  3.36
 2289.70  3.36
 2290.40  3.36
 2291.10  3.36
 2291.80  3.36
 2292.50  3.36
 2293.20  3.36
 2293.90  3.36
 2294.60  3.36
 2295.30  3.36
 2296.00  3.36
 2296.70  3.36
 2297.40  3.36
 2298.10  3.36
 2298.80  3.36
 2299.50  3.36
 2300.20  3.36
 2300.90  3.36
 2301.60  3.36
 2302.30  3.36
 2303.00  3.36
 2303.70  3.36
 2304.40  3.36
 2305.10  3.36
 2305.80  3.36
 2306.50  3.36
 2307.20  3.36
 2307.90  3.36
 2308.60  3.36
 2309.30  3.36
 2310.00  3.36
 2310.70  3.36
 2311.40  3.36
 2312.10  3.36
 2312.80  3.36
 2313.50  3.36
 2314.20  3.36
 2314.90  3.36
 2315.60  3.36
 2316.30  3.36
 2317.00  3.36
 2317.70  3.36
 2318.40  3.36
 2319.10  3.36
 2319.80  3.36
 2320.50  3.36
 2321.20  3.36
 2321.90  3.36
 2322.60  3.36
 2323.30  3.36
 2324.00  3.36
 2324.70  3.36
 2325.40  3.36
 2326.10  3.36
 2326.80  3.36
 2327.50  3.36
 2328.20  3.36
 2328.90  3.36
 2329.60  3.36
 2330.30  3.36
 2331.00  3.36
 2331.70  3.36
 2332.40  3.36
 2333.10  3.36
 2333.80  3.36
 2334.50  3.36
 2335.20  3.36
 2335.90  3.36
 2336.60  3.36
 2337.30  3.36
 2338.00  3.36
 2338.70  3.36
 2339.40  3.36
 2340.10  3.36
 2340.80  3.36
 2341.50  3.36
 2342.20  3.36
 2342.90  3.36
 2343.60  3.36
 2344.30  3.36
 2345.00  3.36
 2345.70  3.36
 2346.40  3.36
 2347.10  3.36
 2347.80  3.36
 2348.50  3.36
 2349.20  3.36
 2349.90  3.36
 2350.60  3.36
 2351.30  3.36
 2352.00  3.36
 2352.70  3.36
 2353.40  3.36
 2354.10  3.36
 2354.80  3.36
 2355.50  3.36
 2356.20  3.36
 2356.90  3.36
 2357.60  3.36
 2358.30  3.36
 2359.00  3.36
 2359.70  3.36
 2360.40  3.36
 2361.10  3.36
 2361.80  3.36
 2362.50  3.36
 2363.20  3.36
 2363.90  3.36
 2364.60  3.36
 2365.30  3.36
 2366.00  3.36
 2366.70  3.36
 2367.40  3.36
 2368.10  3.36
 2368.80  3.36
 2369.50  3.36
 2370.20  3.36
 2370.90  3.36
 2371.60  3.36
 2372.30  3.36
 2373.00  3.36
 2373.70  3.36
 2374.40  3.36
 2375.10  3.36
 2375.80  3.36
 2376.50  3.36
 2377.20  3.36
 2377.90  3.36
 2378.60  3.36
 2379.30  3.36
 2380.00  3.36
 2380.70  3.36
 2381.40  3.36
 2382.10  3.36
 2382.80  3.36
 2383.50  3.36
 2384.20  3.36
 2384.90  3.36
 2385.60  3.36
 2386.30  3.36
 2387.00  3.36
 2387.70  3.36
 2388.40  3.36
 2389.10  3.36
 2389.80  3.36
 2390.50  3.36
 2391.20  3.36
 2391.90  3.36
 2392.60  3.36
 2393.30  3.36
 2394.00  3.36
 2394.70  3.36
 2395.40  3.36
 2396.10  3.36
 2396.80  3.36
 2397.50  3.36
 2398.20  3.36
 2398.90  3.36
 2399.60  3.36
 2400.30  3.36
 2401.00  3.36
 2401.70  3.36
 2402.40  3.36
 2403.10  3.36
 2403.80  3.36
 2404.50  3.36
 2405.20  3.36
 2405.90  3.36
 2406.60  3.36
 2407.30  3.36
 2408.00  3.36
 2408.70  3.36
 2409.40  3.36
 2410.10  3.36
 2410.80  3.36
 2411.50  3.36
 2412.20  3.36
 2412.90  3.36
 2413.60  3.36
 2414.30  3.36
 2415.00  3.36
 2415.70  3.36
 2416.40  3.36
 2417.10  3.36
 2417.80  3.36
 2418.50  3.36
 2419.20  3.36
 2419.90  3.36
 2420.60  3.36
 2421.30  3.36
 2422.00  3.36
 2422.70  3.36
 2423.40  3.36
 2424.10  3.36
 2424.80  3.36
 2425.50  3.36
 2426.20  3.36
 2426.90  3.36
 2427.60  3.36
 2428.30  3.36
 2429.00  3.36
 2429.70  3.36
 2430.40  3.36
 2431.10  3.36
 2431.80  3.36
 2432.50  3.36
 2433.20  3.36
 2433.90  3.36
 2434.60  3.36
 2435.30  3.36
 2436.00  3.36
 2436.70  3.36
 2437.40  3.36
 2438.10  3.36
 2438.80  3.36
 2439.50  3.36
 2440.20  3.36
 2440.90  3.36
 2441.60  3.36
 2442.30  3.36
 2443.00  3.36
 2443.70  3.36
 2444.40  3.36
 2445.10  3.36
 2445.80  3.36
 2446.50  3.36
 2447.20  3.36
 2447.90  3.36
 2448.60  3.36
 2449.30  3.36
 2450.00  3.36
 2450.70  3.36
 2451.40  3.36
 2452.10  3.36
 2452.80  3.36
 2453.50  3.36
 2454.20  3.36
 2454.90  3.36
 2455.60  3.36
 2456.30  3.36
 2457.00  3.36
 2457.70  3.36
 2458.40  3.36
 2459.10  3.36
 2459.80  3.36
 2460.50  3.36
 2461.20  3.36
 2461.90  3.36
 2462.60  3.36
 2463.30  3.36
 2464.00  3.36
 2464.70  3.36
 2465.40  3.36
 2466.10  3.36
 2466.80  3.36
 2467.50  3.36
 2468.20  3.36
 2468.90  3.36
 2469.60  3.36
 2470.30  3.36
 2471.00  3.36
 2471.70  3.36
 2472.40  3.36
 2473.10  3.36
 2473.80  3.36
 2474.50  3.36
 2475.20  3.36
 2475.90  3.36
 2476.60  3.36
 2477.30  3.36
 2478.00  3.36
 2478.70  3.36
 2479.40  3.36
 2480.10  3.36
 2480.80  3.36
 2481.50  3.36
 2482.20  3.36
 2482.90  3.36
 2483.60  3.36
 2484.30  3.36
 2485.00  3.36
 2485.70  3.36
 2486.40  3.36
 2487.10  3.36
 2487.80  3.36
 2488.50  3.36
 2489.20  3.36
 2489.90  3.36
 2490.60  3.36
 2491.30  3.36
 2492.00  3.36
 2492.70  3.36
 2493.40  3.36
 2494.10  3.36
 2494.80  3.36
 2495.50  3.36
 2496.20  3.36
 2496.90  3.36
 2497.60  3.36
 2498.30  3.36
 2499.00  3.36
 2499.70  3.36
 2500.40  3.36
 2501.10  3.36
 2501.80  3.36
 2502.50  3.36
 2503.20  3.36
 2503.90  3.36
 2504.60  3.36
 2505.30  3.36
 2506.00  3.36
 2506.70  3.36
 2507.40  3.36
 2508.10  3.36
 2508.80  3.36
 2509.50  3.36
 2510.20  3.36
 2510.90  3.36
 2511.60  3.36
 2512.30  3.36
 2513.00  3.36
 2513.70  3.36
 2514.40  3.36
 2515.10  3.36
 2515.80  3.36
 2516.50  3.36
 2517.20  3.36
 2517.90  3.36
 2518.60  3.36
 2519.30  3.36
 2520.00  3.36
 2520.70  3.36
 2521.40  3.36
 2522.10  3.36
 2522.80  3.36
 2523.50  3.36
 2524.20  3.36
 2524.90  3.36
 2525.60  3.36
 2526.30  3.36
 2527.00  3.36
 2527.70  3.36
 2528.40  3.36
 2529.10  3.36
 2529.80  3.36
 2530.50  3.36
 2531.20  3.36
 2531.90  3.36
 2532.60  3.36
 2533.30  3.36
 2534.00  3.36
 2534.70  3.36
 2535.40  3.36
 2536.10  3.36
 2536.80  3.36
 2537.50  3.36
 2538.20  3.36
 2538.90  3.36
 2539.60  3.36
 2540.30  3.36
 2541.00  3.36
 2541.70  3.36
 2542.40  3.36
 2543.10  3.36
 2543.80  3.36
 2544.50  3.36
 2545.20  3.36
 2545.90  3.36
 2546.60  3.36
 2547.30  3.36
 2548.00  3.36
 2548.70  3.36
 2549.40  3.36
 2550.10  3.36
 2550.80  3.36
 2551.50  3.36
 2552.20  3.36
 2552.90  3.36
 2553.60  3.36
 2554.30  3.36
 2555.00  3.36
 2555.70  3.36
 2556.40  3.36
 2557.10  3.36
 2557.80  3.36
 2558.50  3.36
 2559.20  3.36
 2559.90  3.36
 2560.60  3.36
 2561.30  3.36
 2562.00  3.36
 2562.70  3.36
 2563.40  3.36
 2564.10  3.36
 2564.80  3.36
 2565.50  3.36
 2566.20  3.36
 2566.90  3.36
 2567.60  3.36
 2568.30  3.36
 2569.00  3.36
 2569.70  3.36
 2570.40  3.36
 2571.10  3.36
 2571.80  3.36
 2572.50  3.36
 2573.20  3.36
 2573.90  3.36
 2574.60  3.36
 2575.30  3.36
 2576.00  3.36
 2576.70  3.36
 2577.40  3.36
 2578.10  3.36
 2578.80  3.36
 2579.50  3.36
 2580.20  3.36
 2580.90  3.36
 2581.60  3.36
 2582.30  3.36
 2583.00  3.36
 2583.70  3.36
 2584.40  3.36
 2585.10  3.36
 2585.80  3.36
 2586.50  3.36
 2587.20  3.36
 2587.90  3.36
 2588.60  3.36
 2589.30  3.36
 2590.00  3.36
 2590.70  3.36
 2591.40  3.36
 2592.10  3.36
 2592.80  3.36
 2593.50  3.36
 2594.20  3.36
 2594.90  3.36
 2595.60  3.36
 2596.30  3.36
 2597.00  3.36
 2597.70  3.36
 2598.40  3.36
 2599.10  3.36
 2599.80  3.36
 2600.50  3.36
 2601.20  3.36
 2601.90  3.36
 2602.60  3.36
 2603.30  3.36
 2604.00  3.36
 2604.70  3.36
 2605.40  3.36
 2606.10  3.36
 2606.80  3.36
 2607.50  3.36
 2608.20  3.36
 2608.90  3.36
 2609.60  3.36
 2610.30  3.36
 2611.00  3.36
 2611.70  3.36
 2612.40  3.36
 2613.10  3.36
 2613.80  3.36
 2614.50  3.36
 2615.20  3.36
 2615.90  3.36
 2616.60  3.36
 2617.30  3.36
 2618.00  3.36
 2618.70  3.36
 2619.40  3.36
 2620.10  3.36
 2620.80  3.36
 2621.50  3.36
 2622.20  3.36
 2622.90  3.36
 2623.60  3.36
 2624.30  3.36
 2625.00  3.36
 2625.70  3.36
 2626.40  3.36
 2627.10  3.36
 2627.80  3.36
 2628.50  3.36
 2629.20  3.36
 2629.90  3.36
 2630.60  3.36
 2631.30  3.36
 2632.00  3.36
 2632.70  3.36
 2633.40  3.36
 2634.10  3.36
 2634.80  3.36
 2635.50  3.36
 2636.20  3.36
 2636.90  3.36
 2637.60  3.36
 2638.30  3.36
 2639.00  3.36
 2639.70  3.36
 2640.40  3.36
 2641.10  3.36
 2641.80  3.36
 2642.50  3.36
 2643.20  3.36
 2643.90  3.36
 2644.60  3.36
 2645.30  3.36
 2646.00  3.36
 2646.70  3.36
 2647.40  3.36
 2648.10  3.36
 2648.80  3.36
 2649.50  3.36
 2650.20  3.36
 2650.90  3.36
 2651.60  3.36
 2652.30  3.36
 2653.00  3.36
 2653.70  3.36
 2654.40  3.36
 2655.10  3.36
 2655.80  3.36
 2656.50  3.36
 2657.20  3.36
 2657.90  3.36
 2658.60  3.36
 2659.30  3.36
 2660.00  3.36
 2660.70  3.36
 2661.40  3.36
 2662.10  3.36
 2662.80  3.36
 2663.50  3.36
 2664.20  3.36
 2664.90  3.36
 2665.60  3.36
 2666.30  3.36
 2667.00  3.36
 2667.70  3.36
 2668.40  3.36
 2669.10  3.36
 2669.80  3.36
 2670.50  3.36
 2671.20  3.36
 2671.90  3.36
 2672.60  3.36
 2673.30  3.36
 2674.00  3.36
 2674.70  3.36
 2675.40  3.36
 2676.10  3.36
 2676.80  3.36
 2677.50  3.36
 2678.20  3.36
 2678.90  3.36
 2679.60  3.36
 2680.30  3.36
 2681.00  3.36
 2681.70  3.36
 2682.40  3.36
 2683.10  3.36
 2683.80  3.36
 2684.50  3.36
 2685.20  3.36
 2685.90  3.36
 2686.60  3.36
 2687.30  3.36
 2688.00  3.36
 2688.70  3.36
 2689.40  3.36
 2690.10  3.36
 2690.80  3.36
 2691.50  3.36
 2692.20  3.36
 2692.90  3.36
 2693.60  3.36
 2694.30  3.36
 2695.00  3.36
 2695.70  3.36
 2696.40  3.36
 2697.10  3.36
 2697.80  3.36
 2698.50  3.36
 2699.20  3.36
 2699.90  3.36
 2700.60  3.36
 2701.30  3.36
 2702.00  3.36
 2702.70  3.36
 2703.40  3.36
 2704.10  3.36
 2704.80  3.36
 2705.50  3.36
 2706.20  3.36
 2706.90  3.36
 2707.60  3.36
 2708.30  3.36
 2709.00  3.36
 2709.70  3.36
 2710.40  3.36
 2711.10  3.36
 2711.80  3.36
 2712.50  3.36
 2713.20  3.36
 2713.90  3.36
 2714.60  3.36
 2715.30  3.36
 2716.00  3.36
 2716.70  3.36
 2717.40  3.36
 2718.10  3.36
 2718.80  3.36
 2719.50  3.36
 2720.20  3.36
 2720.90  3.36
 2721.60  3.36
 2722.30  3.36
 2723.00  3.36
 2723.70  3.36
 2724.40  3.36
 2725.10  3.36
 2725.80  3.36
 2726.50  3.36
 2727.20  3.36
 2727.90  3.36
 2728.60  3.36
 2729.30  3.36
 2730.00  3.36
 2730.70  3.36
 2731.40  3.36
 2732.10  3.36
 2732.80  3.36
 2733.50  3.36
 2734.20  3.36
 2734.90  3.36
 2735.60  3.36
 2736.30  3.36
 2737.00  3.36
 2737.70  3.36
 2738.40  3.36
 2739.10  3.36
 2739.80  3.36
 2740.50  3.36
 2741.20  3.36
 2741.90  3.36
 2742.60  3.36
 2743.30  3.36
 2744.00  3.36
 2744.70  3.36
 2745.40  3.36
 2746.10  3.36
 2746.80  3.36
 2747.50  3.36
 2748.20  3.36
 2748.90  3.36
 2749.60  3.36
 2750.30  3.36
 2751.00  3.36
 2751.70  3.36
 2752.40  3.36
 2753.10  3.36
 2753.80  3.36
 2754.50  3.36
 2755.20  3.36
 2755.90  3.36
 2756.60  3.36
 2757.30  3.36
 2758.00  3.36
 2758.70  3.36
 2759.40  3.36
 2760.10  3.36
 2760.80  3.36
 2761.50  3.36
 2762.20  3.36
 2762.90  3.36
 2763.60  3.36
 2764.30  3.36
 2765.00  3.36
 2765.70  3.36
 2766.40  3.36
 2767.10  3.36
 2767.80  3.36
 2768.50  3.36
 2769.20  3.36
 2769.90  3.36
 2770.60  3.36
 2771.30  3.36
 2772.00  3.36
 2772.70  3.36
 2773.40  3.36
 2774.10  3.36
 2774.80  3.36
 2775.50  3.36
 2776.20  3.36
 2776.90  3.36
 2777.60  3.36
 2778.30  3.36
 2779.00  3.36
 2779.70  3.36
 2780.40  3.36
 2781.10  3.36
 2781.80  3.36
 2782.50  3.36
 2783.20  3.36
 2783.90  3.36
 2784.60  3.36
 2785.30  3.36
 2786.00  3.36
 2786.70  3.36
 2787.40  3.36
 2788.10  3.36
 2788.80  3.36
 2789.50  3.36
 2790.20  3.36
 2790.90  3.36
 2791.60  3.36
 2792.30  3.36
 2793.00  3.36
 2793.70  3.36
 2794.40  3.36
 2795.10  3.36
 2795.80  3.36
 2796.50  3.36
 2797.20  3.36
 2797.90  3.36
 2798.60  3.36
 2799.30  3.36
 2800.00  3.36
 2800.70  3.36
 2801.40  3.36
 2802.10  3.36
 2802.80  3.36
 2803.50  3.36
 2804.20  3.36
 2804.90  3.36
 2805.60  3.36
 2806.30  3.36
 2807.00  3.36
 2807.70  3.36
 2808.40  3.36
 2809.10  3.36
 2809.80  3.36
 2810.50  3.36
 2811.20  3.36
 2811.90  3.36
 2812.60  3.36
 2813.30  3.36
 2814.00  3.36
 2814.70  3.36
 2815.40  3.36
 2816.10  3.36
 2816.80  3.36
 2817.50  3.36
 2818.20  3.36
 2818.90  3.36
 2819.60  3.36
 2820.30  3.36
 2821.00  3.36
 2821.70  3.36
 2822.40  3.36
 2823.10  3.36
 2823.80  3.36
 2824.50  3.36
 2825.20  3.36
 2825.90  3.36
 2826.60  3.36
 2827.30  3.36
 2828.00  3.36
 2828.70  3.36
 2829.40  3.36
 2830.10  3.36
 2830.80  3.36
 2831.50  3.36
 2832.20  3.36
 2832.90  3.36
 2833.60  3.36
 2834.30  3.36
 2835.00  3.36
 2835.70  3.36
 2836.40  3.36
 2837.10  3.36
 2837.80  3.36
 2838.50  3.36
 2839.20  3.36
 2839.90  3.36
 2840.60  3.36
 2841.30  3.36
 2842.00  3.36
 2842.70  3.36
 2843.40  3.36
 2844.10  3.36
 2844.80  3.36
 2845.50  3.36
 2846.20  3.36
 2846.90  3.36
 2847.60  3.36
 2848.30  3.36
 2849.00  3.36
 2849.70  3.36
 2850.40  3.36
 2851.10  3.36
 2851.80  3.36
 2852.50  3.36
 2853.20  3.36
 2853.90  3.36
 2854.60  3.36
 2855.30  3.36
 2856.00  3.36
 2856.70  3.36
 2857.40  3.36
 2858.10  3.36
 2858.80  3.36
 2859.50  3.36
 2860.20  3.36
 2860.90  3.36
 2861.60  3.36
 2862.30  3.36
 2863.00  3.36
 2863.70  3.36
 2864.40  3.36
 2865.10  3.36
 2865.80  3.36
 2866.50  3.36
 2867.20  3.36
 2867.90  3.36
 2868.60  3.36
 2869.30  3.36
 2870.00  3.36
 2870.70  3.36
 2871.40  3.36
 2872.10  3.36
 2872.80  3.36
 2873.50  3.36
 2874.20  3.36
 2874.90  3.36
 2875.60  3.36
 2876.30  3.36
 2877.00  3.36
 2877.70  3.36
 2878.40  3.36
 2879.10  3.36
 2879.80  3.36
 2880.50  3.36
 2881.20  3.36
 2881.90  3.36
 2882.60  3.36
 2883.30  3.36
 2884.00  3.36
 2884.70  3.36
 2885.40  3.36
 2886.10  3.36
 2886.80  3.36
 2887.50  3.36
 2888.20  3.36
 2888.90  3.36
 2889.60  3.36
 2890.30  3.36
 2891.00  3.36
 2891.70  3.36
 2892.40  3.36
 2893.10  3.36
 2893.80  3.36
 2894.50  3.36
 2895.20  3.36
 2895.90  3.36
 2896.60  3.36
 2897.30  3.36
 2898.00  3.36
 2898.70  3.36
 2899.40  3.36
 2900.10  3.36
 2900.80  3.36
 2901.50  3.36
 2902.20  3.36
 2902.90  3.36
 2903.60  3.36
 2904.30  3.36
 2905.00  3.36
 2905.70  3.36
 2906.40  3.36
 2907.10  3.36
 2907.80  3.36
 2908.50  3.36
 2909.20  3.36
 2909.90  3.36
 2910.60  3.36
 2911.30  3.36
 2912.00  3.36
 2912.70  3.36
 2913.40  3.36
 2914.10  3.36
 2914.80  3.36
 2915.50  3.36
 2916.20  3.36
 2916.90  3.36
 2917.60  3.36
 2918.30  3.36
 2919.00  3.36
 2919.70  3.36
 2920.40  3.36
 2921.10  3.36
 2921.80  3.36
 2922.50  3.36
 2923.20  3.36
 2923.90  3.36
 2924.60  3.36
 2925.30  3.36
 2926.00  3.36
 2926.70  3.36
 2927.40  3.36
 2928.10  3.36
 2928.80  3.36
 2929.50  3.36
 2930.20  3.36
 2930.90  3.36
 2931.60  3.36
 2932.30  3.36
 2933.00  3.36
 2933.70  3.36
 2934.40  3.36
 2935.10  3.36
 2935.80  3.36
 2936.50  3.36
 2937.20  3.36
 2937.90  3.36
 2938.60  3.36
 2939.30  3.36
 2940.00  3.36
 2940.70  3.36
 2941.40  3.36
 2942.10  3.36
 2942.80  3.36
 2943.50  3.36
 2944.20  3.36
 2944.90  3.36
 2945.60  3.36
 2946.30  3.36
 2947.00  3.36
 2947.70  3.36
 2948.40  3.36
 2949.10  3.36
 2949.80  3.36
 2950.50  3.36
 2951.20  3.36
 2951.90  3.36
 2952.60  3.36
 2953.30  3.36
 2954.00  3.36
 2954.70  3.36
 2955.40  3.36
 2956.10  3.36
 2956.80  3.36
 2957.50  3.36
 2958.20  3.36
 2958.90  3.36
 2959.60  3.36
 2960.30  3.36
 2961.00  3.36
 2961.70  3.36
 2962.40  3.36
 2963.10  3.36
 2963.80  3.36
 2964.50  3.36
 2965.20  3.36
 2965.90  3.36
 2966.60  3.36
 2967.30  3.36
 2968.00  3.36
 2968.70  3.36
 2969.40  3.36
 2970.10  3.36
 2970.80  3.36
 2971.50  3.36
 2972.20  3.36
 2972.90  3.36
 2973.60  3.36
 2974.30  3.36
 2975.00  3.36
 2975.70  3.36
 2976.40  3.36
 2977.10  3.36
 2977.80  3.36
 2978.50  3.36
 2979.20  3.36
 2979.90  3.36
 2980.60  3.36
 2981.30  3.36
 2982.00  3.36
 2982.70  3.36
 2983.40  3.36
 2984.10  3.36
 2984.80  3.36
 2985.50  3.36
 2986.20  3.36
 2986.90  3.36
 2987.60  3.36
 2988.30  3.36
 2989.00  3.36
 2989.70  3.36
 2990.40  3.36
 2991.10  3.36
 2991.80  3.36
 2992.50  3.36
 2993.20  3.36
 2993.90  3.36
 2994.60  3.36
 2995.30  3.36
 2996.00  3.36
 2996.70  3.36
 2997.40  3.36
 2998.10  3.36
 2998.80  3.36
 2999.50  3.36
