#Navio B MarAd
#Manobra de Curva             de Zig-Zag
#
#eta 
#
#temp      rot 
 0.00  1.00
 0.70  1.00
 1.40  1.00
 2.10  1.00
 2.80  1.00
 3.50  1.00
 4.20  1.00
 4.90  1.00
 5.60  1.00
 6.30  1.00
 7.00  1.00
 7.70  1.00
 8.40  1.00
 9.10  1.00
 9.80  1.00
 10.50  1.00
 11.20  1.00
 11.90  1.01
 12.60  1.01
 13.30  1.01
 14.00  1.01
 14.70  1.01
 15.40  1.01
 16.10  1.01
 16.80  1.01
 17.50  1.01
 18.20  1.01
 18.90  1.01
 19.60  1.01
 20.30  1.01
 21.00  1.01
 21.70  1.01
 22.40  1.01
 23.10  1.01
 23.80  1.01
 24.50  1.01
 25.20  1.01
 25.90  1.01
 26.60  1.01
 27.30  1.01
 28.00  1.02
 28.70  1.02
 29.40  1.02
 30.10  1.02
 30.80  1.02
 31.50  1.02
 32.20  1.02
 32.90  1.02
 33.60  1.02
 34.30  1.02
 35.00  1.02
 35.70  1.02
 36.40  1.02
 37.10  1.02
 37.80  1.03
 38.50  1.03
 39.20  1.03
 39.90  1.03
 40.60  1.03
 41.30  1.03
 42.00  1.03
 42.70  1.03
 43.40  1.03
 44.10  1.03
 44.80  1.03
 45.50  1.04
 46.20  1.04
 46.90  1.04
 47.60  1.04
 48.30  1.04
 49.00  1.04
 49.70  1.04
 50.40  1.04
 51.10  1.04
 51.80  1.05
 52.50  1.05
 53.20  1.05
 53.90  1.05
 54.60  1.05
 55.30  1.05
 56.00  1.05
 56.70  1.05
 57.40  1.06
 58.10  1.06
 58.80  1.06
 59.50  1.06
 60.20  1.06
 60.90  1.06
 61.60  1.07
 62.30  1.07
 63.00  1.07
 63.70  1.07
 64.40  1.07
 65.10  1.07
 65.80  1.08
 66.50  1.08
 67.20  1.08
 67.90  1.08
 68.60  1.08
 69.30  1.08
 70.00  1.09
 70.70  1.09
 71.40  1.09
 72.10  1.09
 72.80  1.09
 73.50  1.09
 74.20  1.10
 74.90  1.10
 75.60  1.10
 76.30  1.10
 77.00  1.10
 77.70  1.10
 78.40  1.10
 79.10  1.11
 79.80  1.11
 80.50  1.11
 81.20  1.11
 81.90  1.11
 82.60  1.11
 83.30  1.11
 84.00  1.11
 84.70  1.11
 85.40  1.11
 86.10  1.12
 86.80  1.12
 87.50  1.12
 88.20  1.12
 88.90  1.12
 89.60  1.12
 90.30  1.12
 91.00  1.12
 91.70  1.12
 92.40  1.12
 93.10  1.12
 93.80  1.12
 94.50  1.12
 95.20  1.12
 95.90  1.12
 96.60  1.13
 97.30  1.13
 98.00  1.13
 98.70  1.13
 99.40  1.13
 100.10  1.13
 100.80  1.13
 101.50  1.13
 102.20  1.13
 102.90  1.13
 103.60  1.13
 104.30  1.13
 105.00  1.13
 105.70  1.13
 106.40  1.13
 107.10  1.13
 107.80  1.13
 108.50  1.13
 109.20  1.13
 109.90  1.13
 110.60  1.13
 111.30  1.13
 112.00  1.13
 112.70  1.13
 113.40  1.13
 114.10  1.13
 114.80  1.13
 115.50  1.13
 116.20  1.13
 116.90  1.13
 117.60  1.13
 118.30  1.13
 119.00  1.13
 119.70  1.13
 120.40  1.13
 121.10  1.13
 121.80  1.13
 122.50  1.13
 123.20  1.13
 123.90  1.13
 124.60  1.13
 125.30  1.13
 126.00  1.13
 126.70  1.13
 127.40  1.13
 128.10  1.13
 128.80  1.13
 129.50  1.13
 130.20  1.13
 130.90  1.13
 131.60  1.13
 132.30  1.13
 133.00  1.13
 133.70  1.13
 134.40  1.13
 135.10  1.13
 135.80  1.13
 136.50  1.13
 137.20  1.13
 137.90  1.13
 138.60  1.13
 139.30  1.13
 140.00  1.13
 140.70  1.13
 141.40  1.13
 142.10  1.14
 142.80  1.14
 143.50  1.14
 144.20  1.14
 144.90  1.14
 145.60  1.14
 146.30  1.14
 147.00  1.14
 147.70  1.14
 148.40  1.14
 149.10  1.14
 149.80  1.14
 150.50  1.14
 151.20  1.14
 151.90  1.14
 152.60  1.14
 153.30  1.14
 154.00  1.14
 154.70  1.14
 155.40  1.14
 156.10  1.14
 156.80  1.14
 157.50  1.14
 158.20  1.14
 158.90  1.14
 159.60  1.14
 160.30  1.14
 161.00  1.14
 161.70  1.14
 162.40  1.14
 163.10  1.14
 163.80  1.14
 164.50  1.14
 165.20  1.14
 165.90  1.14
 166.60  1.14
 167.30  1.14
 168.00  1.14
 168.70  1.14
 169.40  1.14
 170.10  1.14
 170.80  1.14
 171.50  1.14
 172.20  1.14
 172.90  1.14
 173.60  1.15
 174.30  1.15
 175.00  1.15
 175.70  1.15
 176.40  1.15
 177.10  1.15
 177.80  1.15
 178.50  1.15
 179.20  1.15
 179.90  1.15
 180.60  1.15
 181.30  1.15
 182.00  1.15
 182.70  1.15
 183.40  1.15
 184.10  1.16
 184.80  1.16
 185.50  1.16
 186.20  1.16
 186.90  1.16
 187.60  1.16
 188.30  1.16
 189.00  1.16
 189.70  1.16
 190.40  1.16
 191.10  1.17
 191.80  1.17
 192.50  1.17
 193.20  1.17
 193.90  1.17
 194.60  1.17
 195.30  1.17
 196.00  1.17
 196.70  1.18
 197.40  1.18
 198.10  1.18
 198.80  1.18
 199.50  1.18
 200.20  1.18
 200.90  1.18
 201.60  1.19
 202.30  1.19
 203.00  1.19
 203.70  1.19
 204.40  1.19
 205.10  1.19
 205.80  1.19
 206.50  1.20
 207.20  1.20
 207.90  1.20
 208.60  1.20
 209.30  1.20
 210.00  1.20
 210.70  1.21
 211.40  1.21
 212.10  1.21
 212.80  1.21
 213.50  1.21
 214.20  1.22
 214.90  1.22
 215.60  1.22
 216.30  1.22
 217.00  1.22
 217.70  1.23
 218.40  1.23
 219.10  1.23
 219.80  1.23
 220.50  1.23
 221.20  1.24
 221.90  1.24
 222.60  1.24
 223.30  1.24
 224.00  1.25
 224.70  1.25
 225.40  1.25
 226.10  1.25
 226.80  1.26
 227.50  1.26
 228.20  1.26
 228.90  1.26
 229.60  1.27
 230.30  1.27
 231.00  1.27
 231.70  1.27
 232.40  1.28
 233.10  1.28
 233.80  1.28
 234.50  1.28
 235.20  1.29
 235.90  1.29
 236.60  1.29
 237.30  1.29
 238.00  1.30
 238.70  1.30
 239.40  1.30
 240.10  1.30
 240.80  1.31
 241.50  1.31
 242.20  1.31
 242.90  1.32
 243.60  1.32
 244.30  1.32
 245.00  1.32
 245.70  1.33
 246.40  1.33
 247.10  1.33
 247.80  1.34
 248.50  1.34
 249.20  1.34
 249.90  1.35
 250.60  1.35
 251.30  1.35
 252.00  1.35
 252.70  1.36
 253.40  1.36
 254.10  1.36
 254.80  1.37
 255.50  1.37
 256.20  1.37
 256.90  1.38
 257.60  1.38
 258.30  1.38
 259.00  1.39
 259.70  1.39
 260.40  1.39
 261.10  1.40
 261.80  1.40
 262.50  1.40
 263.20  1.40
 263.90  1.41
 264.60  1.41
 265.30  1.41
 266.00  1.41
 266.70  1.42
 267.40  1.42
 268.10  1.42
 268.80  1.42
 269.50  1.42
 270.20  1.43
 270.90  1.43
 271.60  1.43
 272.30  1.43
 273.00  1.43
 273.70  1.43
 274.40  1.44
 275.10  1.44
 275.80  1.44
 276.50  1.44
 277.20  1.44
 277.90  1.44
 278.60  1.44
 279.30  1.44
 280.00  1.44
 280.70  1.45
 281.40  1.45
 282.10  1.45
 282.80  1.45
 283.50  1.45
 284.20  1.45
 284.90  1.45
 285.60  1.45
 286.30  1.45
 287.00  1.45
 287.70  1.45
 288.40  1.45
 289.10  1.45
 289.80  1.45
 290.50  1.45
 291.20  1.45
 291.90  1.45
 292.60  1.45
 293.30  1.45
 294.00  1.45
 294.70  1.45
 295.40  1.45
 296.10  1.45
 296.80  1.45
 297.50  1.45
 298.20  1.45
 298.90  1.45
 299.60  1.45
 300.30  1.45
 301.00  1.45
 301.70  1.45
 302.40  1.45
 303.10  1.45
 303.80  1.45
 304.50  1.45
 305.20  1.45
 305.90  1.45
 306.60  1.45
 307.30  1.45
 308.00  1.45
 308.70  1.45
 309.40  1.45
 310.10  1.45
 310.80  1.45
 311.50  1.45
 312.20  1.45
 312.90  1.45
 313.60  1.45
 314.30  1.45
 315.00  1.45
 315.70  1.45
 316.40  1.45
 317.10  1.45
 317.80  1.45
 318.50  1.45
 319.20  1.45
 319.90  1.45
 320.60  1.45
 321.30  1.45
 322.00  1.45
 322.70  1.44
 323.40  1.44
 324.10  1.44
 324.80  1.44
 325.50  1.44
 326.20  1.44
 326.90  1.44
 327.60  1.44
 328.30  1.44
 329.00  1.44
 329.70  1.44
 330.40  1.44
 331.10  1.44
 331.80  1.44
 332.50  1.44
 333.20  1.44
 333.90  1.44
 334.60  1.44
 335.30  1.43
 336.00  1.43
 336.70  1.43
 337.40  1.43
 338.10  1.43
 338.80  1.43
 339.50  1.43
 340.20  1.43
 340.90  1.43
 341.60  1.43
 342.30  1.43
 343.00  1.43
 343.70  1.43
 344.40  1.43
 345.10  1.43
 345.80  1.43
 346.50  1.42
 347.20  1.42
 347.90  1.42
 348.60  1.42
 349.30  1.42
 350.00  1.42
 350.70  1.42
 351.40  1.42
 352.10  1.42
 352.80  1.42
 353.50  1.42
 354.20  1.42
 354.90  1.42
 355.60  1.42
 356.30  1.42
 357.00  1.42
 357.70  1.42
 358.40  1.41
 359.10  1.41
 359.80  1.41
 360.50  1.41
 361.20  1.41
 361.90  1.41
 362.60  1.41
 363.30  1.41
 364.00  1.41
 364.70  1.41
 365.40  1.41
 366.10  1.41
 366.80  1.41
 367.50  1.41
 368.20  1.41
 368.90  1.41
 369.60  1.41
 370.30  1.41
 371.00  1.41
 371.70  1.40
 372.40  1.40
 373.10  1.40
 373.80  1.40
 374.50  1.40
 375.20  1.40
 375.90  1.40
 376.60  1.40
 377.30  1.40
 378.00  1.40
 378.70  1.40
 379.40  1.40
 380.10  1.40
 380.80  1.40
 381.50  1.40
 382.20  1.40
 382.90  1.40
 383.60  1.40
 384.30  1.40
 385.00  1.40
 385.70  1.40
 386.40  1.40
 387.10  1.40
 387.80  1.40
 388.50  1.40
 389.20  1.40
 389.90  1.40
 390.60  1.40
 391.30  1.40
 392.00  1.40
 392.70  1.40
 393.40  1.40
 394.10  1.40
 394.80  1.40
 395.50  1.40
 396.20  1.40
 396.90  1.40
 397.60  1.40
 398.30  1.40
 399.00  1.40
 399.70  1.40
 400.40  1.40
 401.10  1.40
 401.80  1.40
 402.50  1.40
 403.20  1.40
 403.90  1.40
 404.60  1.40
 405.30  1.40
 406.00  1.40
 406.70  1.40
 407.40  1.40
 408.10  1.40
 408.80  1.40
 409.50  1.40
 410.20  1.40
 410.90  1.40
 411.60  1.40
 412.30  1.40
 413.00  1.40
 413.70  1.40
 414.40  1.40
 415.10  1.40
 415.80  1.40
 416.50  1.40
 417.20  1.40
 417.90  1.40
 418.60  1.40
 419.30  1.40
 420.00  1.40
 420.70  1.41
 421.40  1.41
 422.10  1.41
 422.80  1.41
 423.50  1.41
 424.20  1.41
 424.90  1.41
 425.60  1.41
 426.30  1.41
 427.00  1.41
 427.70  1.41
 428.40  1.41
 429.10  1.41
 429.80  1.42
 430.50  1.42
 431.20  1.42
 431.90  1.42
 432.60  1.42
 433.30  1.42
 434.00  1.42
 434.70  1.42
 435.40  1.42
 436.10  1.42
 436.80  1.42
 437.50  1.43
 438.20  1.43
 438.90  1.43
 439.60  1.43
 440.30  1.43
 441.00  1.43
 441.70  1.43
 442.40  1.43
 443.10  1.44
 443.80  1.44
 444.50  1.44
 445.20  1.44
 445.90  1.44
 446.60  1.44
 447.30  1.44
 448.00  1.44
 448.70  1.45
 449.40  1.45
 450.10  1.45
 450.80  1.45
 451.50  1.45
 452.20  1.45
 452.90  1.45
 453.60  1.46
 454.30  1.46
 455.00  1.46
 455.70  1.46
 456.40  1.46
 457.10  1.46
 457.80  1.47
 458.50  1.47
 459.20  1.47
 459.90  1.47
 460.60  1.47
 461.30  1.47
 462.00  1.48
 462.70  1.48
 463.40  1.48
 464.10  1.48
 464.80  1.48
 465.50  1.48
 466.20  1.49
 466.90  1.49
 467.60  1.49
 468.30  1.49
 469.00  1.49
 469.70  1.50
 470.40  1.50
 471.10  1.50
 471.80  1.50
 472.50  1.50
 473.20  1.50
 473.90  1.51
 474.60  1.51
 475.30  1.51
 476.00  1.51
 476.70  1.51
 477.40  1.52
 478.10  1.52
 478.80  1.52
 479.50  1.52
 480.20  1.52
 480.90  1.53
 481.60  1.53
 482.30  1.53
 483.00  1.53
 483.70  1.54
 484.40  1.54
 485.10  1.54
 485.80  1.54
 486.50  1.54
 487.20  1.55
 487.90  1.55
 488.60  1.55
 489.30  1.55
 490.00  1.55
 490.70  1.56
 491.40  1.56
 492.10  1.56
 492.80  1.56
 493.50  1.57
 494.20  1.57
 494.90  1.57
 495.60  1.57
 496.30  1.58
 497.00  1.58
 497.70  1.58
 498.40  1.58
 499.10  1.58
 499.80  1.59
 500.50  1.59
 501.20  1.59
 501.90  1.59
 502.60  1.60
 503.30  1.60
 504.00  1.60
 504.70  1.60
 505.40  1.61
 506.10  1.61
 506.80  1.61
 507.50  1.61
 508.20  1.61
 508.90  1.62
 509.60  1.62
 510.30  1.62
 511.00  1.62
 511.70  1.63
 512.40  1.63
 513.10  1.63
 513.80  1.63
 514.50  1.63
 515.20  1.63
 515.90  1.64
 516.60  1.64
 517.30  1.64
 518.00  1.64
 518.70  1.64
 519.40  1.64
 520.10  1.64
 520.80  1.64
 521.50  1.64
 522.20  1.64
 522.90  1.64
 523.60  1.65
 524.30  1.65
 525.00  1.65
 525.70  1.65
 526.40  1.65
 527.10  1.65
 527.80  1.65
 528.50  1.65
 529.20  1.65
 529.90  1.65
 530.60  1.65
 531.30  1.65
 532.00  1.65
 532.70  1.65
 533.40  1.65
 534.10  1.65
 534.80  1.65
 535.50  1.65
 536.20  1.65
 536.90  1.65
 537.60  1.65
 538.30  1.64
 539.00  1.64
 539.70  1.64
 540.40  1.64
 541.10  1.64
 541.80  1.64
 542.50  1.64
 543.20  1.64
 543.90  1.64
 544.60  1.64
 545.30  1.64
 546.00  1.64
 546.70  1.64
 547.40  1.64
 548.10  1.64
 548.80  1.63
 549.50  1.63
 550.20  1.63
 550.90  1.63
 551.60  1.63
 552.30  1.63
 553.00  1.63
 553.70  1.63
 554.40  1.63
 555.10  1.63
 555.80  1.63
 556.50  1.62
 557.20  1.62
 557.90  1.62
 558.60  1.62
 559.30  1.62
 560.00  1.62
 560.70  1.62
 561.40  1.62
 562.10  1.62
 562.80  1.62
 563.50  1.61
 564.20  1.61
 564.90  1.61
 565.60  1.61
 566.30  1.61
 567.00  1.61
 567.70  1.61
 568.40  1.61
 569.10  1.61
 569.80  1.61
 570.50  1.60
 571.20  1.60
 571.90  1.60
 572.60  1.60
 573.30  1.60
 574.00  1.60
 574.70  1.60
 575.40  1.60
 576.10  1.60
 576.80  1.59
 577.50  1.59
 578.20  1.59
 578.90  1.59
 579.60  1.59
 580.30  1.59
 581.00  1.59
 581.70  1.59
 582.40  1.59
 583.10  1.58
 583.80  1.58
 584.50  1.58
 585.20  1.58
 585.90  1.58
 586.60  1.58
 587.30  1.58
 588.00  1.58
 588.70  1.58
 589.40  1.57
 590.10  1.57
 590.80  1.57
 591.50  1.57
 592.20  1.57
 592.90  1.57
 593.60  1.57
 594.30  1.57
 595.00  1.57
 595.70  1.57
 596.40  1.56
 597.10  1.56
 597.80  1.56
 598.50  1.56
 599.20  1.56
 599.90  1.56
 600.60  1.56
 601.30  1.56
 602.00  1.56
 602.70  1.56
 603.40  1.56
 604.10  1.55
 604.80  1.55
 605.50  1.55
 606.20  1.55
 606.90  1.55
 607.60  1.55
 608.30  1.55
 609.00  1.55
 609.70  1.55
 610.40  1.55
 611.10  1.55
 611.80  1.55
 612.50  1.55
 613.20  1.55
 613.90  1.54
 614.60  1.54
 615.30  1.54
 616.00  1.54
 616.70  1.54
 617.40  1.54
 618.10  1.54
 618.80  1.54
 619.50  1.54
 620.20  1.54
 620.90  1.54
 621.60  1.54
 622.30  1.54
 623.00  1.54
 623.70  1.54
 624.40  1.54
 625.10  1.54
 625.80  1.54
 626.50  1.54
 627.20  1.54
 627.90  1.54
 628.60  1.54
 629.30  1.53
 630.00  1.53
 630.70  1.53
 631.40  1.53
 632.10  1.53
 632.80  1.53
 633.50  1.53
 634.20  1.53
 634.90  1.53
 635.60  1.53
 636.30  1.53
 637.00  1.53
 637.70  1.53
 638.40  1.53
 639.10  1.53
 639.80  1.53
 640.50  1.53
 641.20  1.53
 641.90  1.53
 642.60  1.53
 643.30  1.53
 644.00  1.53
 644.70  1.53
 645.40  1.54
 646.10  1.54
 646.80  1.54
 647.50  1.54
 648.20  1.54
 648.90  1.54
 649.60  1.54
 650.30  1.54
 651.00  1.54
 651.70  1.54
 652.40  1.54
 653.10  1.54
 653.80  1.54
 654.50  1.54
 655.20  1.54
 655.90  1.54
 656.60  1.54
 657.30  1.54
 658.00  1.54
 658.70  1.54
 659.40  1.55
 660.10  1.55
 660.80  1.55
 661.50  1.55
 662.20  1.55
 662.90  1.55
 663.60  1.55
 664.30  1.55
 665.00  1.55
 665.70  1.55
 666.40  1.55
 667.10  1.55
 667.80  1.56
 668.50  1.56
 669.20  1.56
 669.90  1.56
 670.60  1.56
 671.30  1.56
 672.00  1.56
 672.70  1.56
 673.40  1.56
 674.10  1.57
 674.80  1.57
 675.50  1.57
 676.20  1.57
 676.90  1.57
 677.60  1.57
 678.30  1.57
 679.00  1.57
 679.70  1.58
 680.40  1.58
 681.10  1.58
 681.80  1.58
 682.50  1.58
 683.20  1.58
 683.90  1.58
 684.60  1.59
 685.30  1.59
 686.00  1.59
 686.70  1.59
 687.40  1.59
 688.10  1.59
 688.80  1.60
 689.50  1.60
 690.20  1.60
 690.90  1.60
 691.60  1.60
 692.30  1.60
 693.00  1.61
 693.70  1.61
 694.40  1.61
 695.10  1.61
 695.80  1.61
 696.50  1.61
 697.20  1.62
 697.90  1.62
 698.60  1.62
 699.30  1.62
 700.00  1.62
 700.70  1.63
 701.40  1.63
 702.10  1.63
 702.80  1.63
 703.50  1.63
 704.20  1.64
 704.90  1.64
 705.60  1.64
 706.30  1.64
 707.00  1.64
 707.70  1.65
 708.40  1.65
 709.10  1.65
 709.80  1.65
 710.50  1.65
 711.20  1.66
 711.90  1.66
 712.60  1.66
 713.30  1.66
 714.00  1.66
 714.70  1.67
 715.40  1.67
 716.10  1.67
 716.80  1.67
 717.50  1.68
 718.20  1.68
 718.90  1.68
 719.60  1.68
 720.30  1.68
 721.00  1.69
 721.70  1.69
 722.40  1.69
 723.10  1.69
 723.80  1.70
 724.50  1.70
 725.20  1.70
 725.90  1.70
 726.60  1.71
 727.30  1.71
 728.00  1.71
 728.70  1.71
 729.40  1.71
 730.10  1.72
 730.80  1.72
 731.50  1.72
 732.20  1.72
 732.90  1.72
 733.60  1.72
 734.30  1.73
 735.00  1.73
 735.70  1.73
 736.40  1.73
 737.10  1.73
 737.80  1.73
 738.50  1.73
 739.20  1.73
 739.90  1.73
 740.60  1.73
 741.30  1.73
 742.00  1.74
 742.70  1.74
 743.40  1.74
 744.10  1.74
 744.80  1.74
 745.50  1.74
 746.20  1.74
 746.90  1.74
 747.60  1.74
 748.30  1.74
 749.00  1.74
 749.70  1.74
 750.40  1.74
 751.10  1.74
 751.80  1.74
 752.50  1.74
 753.20  1.74
 753.90  1.74
 754.60  1.73
 755.30  1.73
 756.00  1.73
 756.70  1.73
 757.40  1.73
 758.10  1.73
 758.80  1.73
 759.50  1.73
 760.20  1.73
 760.90  1.73
 761.60  1.73
 762.30  1.73
 763.00  1.73
 763.70  1.73
 764.40  1.73
 765.10  1.73
 765.80  1.72
 766.50  1.72
 767.20  1.72
 767.90  1.72
 768.60  1.72
 769.30  1.72
 770.00  1.72
 770.70  1.72
 771.40  1.72
 772.10  1.72
 772.80  1.71
 773.50  1.71
 774.20  1.71
 774.90  1.71
 775.60  1.71
 776.30  1.71
 777.00  1.71
 777.70  1.71
 778.40  1.71
 779.10  1.70
 779.80  1.70
 780.50  1.70
 781.20  1.70
 781.90  1.70
 782.60  1.70
 783.30  1.70
 784.00  1.70
 784.70  1.70
 785.40  1.69
 786.10  1.69
 786.80  1.69
 787.50  1.69
 788.20  1.69
 788.90  1.69
 789.60  1.69
 790.30  1.69
 791.00  1.68
 791.70  1.68
 792.40  1.68
 793.10  1.68
 793.80  1.68
 794.50  1.68
 795.20  1.68
 795.90  1.68
 796.60  1.67
 797.30  1.67
 798.00  1.67
 798.70  1.67
 799.40  1.67
 800.10  1.67
 800.80  1.67
 801.50  1.67
 802.20  1.66
 802.90  1.66
 803.60  1.66
 804.30  1.66
 805.00  1.66
 805.70  1.66
 806.40  1.66
 807.10  1.66
 807.80  1.65
 808.50  1.65
 809.20  1.65
 809.90  1.65
 810.60  1.65
 811.30  1.65
 812.00  1.65
 812.70  1.65
 813.40  1.64
 814.10  1.64
 814.80  1.64
 815.50  1.64
 816.20  1.64
 816.90  1.64
 817.60  1.64
 818.30  1.64
 819.00  1.63
 819.70  1.63
 820.40  1.63
 821.10  1.63
 821.80  1.63
 822.50  1.63
 823.20  1.63
 823.90  1.63
 824.60  1.63
 825.30  1.62
 826.00  1.62
 826.70  1.62
 827.40  1.62
 828.10  1.62
 828.80  1.62
 829.50  1.62
 830.20  1.62
 830.90  1.62
 831.60  1.61
 832.30  1.61
 833.00  1.61
 833.70  1.61
 834.40  1.61
 835.10  1.61
 835.80  1.61
 836.50  1.61
 837.20  1.61
 837.90  1.61
 838.60  1.61
 839.30  1.60
 840.00  1.60
 840.70  1.60
 841.40  1.60
 842.10  1.60
 842.80  1.60
 843.50  1.60
 844.20  1.60
 844.90  1.60
 845.60  1.60
 846.30  1.60
 847.00  1.60
 847.70  1.60
 848.40  1.59
 849.10  1.59
 849.80  1.59
 850.50  1.59
 851.20  1.59
 851.90  1.59
 852.60  1.59
 853.30  1.59
 854.00  1.59
 854.70  1.59
 855.40  1.59
 856.10  1.59
 856.80  1.59
 857.50  1.59
 858.20  1.59
 858.90  1.59
 859.60  1.59
 860.30  1.58
 861.00  1.58
 861.70  1.58
 862.40  1.58
 863.10  1.58
 863.80  1.58
 864.50  1.58
 865.20  1.58
 865.90  1.58
 866.60  1.58
 867.30  1.58
 868.00  1.58
 868.70  1.58
 869.40  1.58
 870.10  1.58
 870.80  1.58
 871.50  1.58
 872.20  1.58
 872.90  1.58
 873.60  1.58
 874.30  1.58
 875.00  1.58
 875.70  1.58
 876.40  1.58
 877.10  1.58
 877.80  1.58
 878.50  1.58
 879.20  1.58
 879.90  1.58
 880.60  1.58
 881.30  1.58
 882.00  1.58
 882.70  1.58
 883.40  1.58
 884.10  1.58
 884.80  1.58
 885.50  1.58
 886.20  1.58
 886.90  1.58
 887.60  1.58
 888.30  1.58
 889.00  1.58
 889.70  1.58
 890.40  1.58
 891.10  1.58
 891.80  1.59
 892.50  1.59
 893.20  1.59
 893.90  1.59
 894.60  1.59
 895.30  1.59
 896.00  1.59
 896.70  1.59
 897.40  1.59
 898.10  1.59
 898.80  1.59
 899.50  1.59
 900.20  1.59
 900.90  1.59
 901.60  1.59
 902.30  1.59
 903.00  1.59
 903.70  1.60
 904.40  1.60
 905.10  1.60
 905.80  1.60
 906.50  1.60
 907.20  1.60
 907.90  1.60
 908.60  1.60
 909.30  1.60
 910.00  1.60
 910.70  1.60
 911.40  1.60
 912.10  1.61
 912.80  1.61
 913.50  1.61
 914.20  1.61
 914.90  1.61
 915.60  1.61
 916.30  1.61
 917.00  1.61
 917.70  1.61
 918.40  1.61
 919.10  1.62
 919.80  1.62
 920.50  1.62
 921.20  1.62
 921.90  1.62
 922.60  1.62
 923.30  1.62
 924.00  1.62
 924.70  1.63
 925.40  1.63
 926.10  1.63
 926.80  1.63
 927.50  1.63
 928.20  1.63
 928.90  1.63
 929.60  1.63
 930.30  1.64
 931.00  1.64
 931.70  1.64
 932.40  1.64
 933.10  1.64
 933.80  1.64
 934.50  1.64
 935.20  1.65
 935.90  1.65
 936.60  1.65
 937.30  1.65
 938.00  1.65
 938.70  1.65
 939.40  1.65
 940.10  1.66
 940.80  1.66
 941.50  1.66
 942.20  1.66
 942.90  1.66
 943.60  1.66
 944.30  1.67
 945.00  1.67
 945.70  1.67
 946.40  1.67
 947.10  1.67
 947.80  1.67
 948.50  1.68
 949.20  1.68
 949.90  1.68
 950.60  1.68
 951.30  1.68
 952.00  1.68
 952.70  1.69
 953.40  1.69
 954.10  1.69
 954.80  1.69
 955.50  1.69
 956.20  1.69
 956.90  1.70
 957.60  1.70
 958.30  1.70
 959.00  1.70
 959.70  1.70
 960.40  1.71
 961.10  1.71
 961.80  1.71
 962.50  1.71
 963.20  1.71
 963.90  1.71
 964.60  1.72
 965.30  1.72
 966.00  1.72
 966.70  1.72
 967.40  1.72
 968.10  1.73
 968.80  1.73
 969.50  1.73
 970.20  1.73
 970.90  1.73
 971.60  1.74
 972.30  1.74
 973.00  1.74
 973.70  1.74
 974.40  1.74
 975.10  1.74
 975.80  1.74
 976.50  1.75
 977.20  1.75
 977.90  1.75
 978.60  1.75
 979.30  1.75
 980.00  1.75
 980.70  1.75
 981.40  1.75
 982.10  1.75
 982.80  1.75
 983.50  1.75
 984.20  1.75
 984.90  1.75
 985.60  1.75
 986.30  1.75
 987.00  1.75
 987.70  1.75
 988.40  1.75
 989.10  1.75
 989.80  1.75
 990.50  1.75
 991.20  1.75
 991.90  1.75
 992.60  1.75
 993.30  1.75
 994.00  1.75
 994.70  1.75
 995.40  1.75
 996.10  1.75
 996.80  1.75
 997.50  1.75
 998.20  1.75
 998.90  1.74
 999.60  1.74
 1000.30  1.74
 1001.00  1.74
 1001.70  1.74
 1002.40  1.74
 1003.10  1.74
 1003.80  1.74
 1004.50  1.74
 1005.20  1.74
 1005.90  1.74
 1006.60  1.73
 1007.30  1.73
 1008.00  1.73
 1008.70  1.73
 1009.40  1.73
 1010.10  1.73
 1010.80  1.73
 1011.50  1.73
 1012.20  1.73
 1012.90  1.72
 1013.60  1.72
 1014.30  1.72
 1015.00  1.72
 1015.70  1.72
 1016.40  1.72
 1017.10  1.72
 1017.80  1.72
 1018.50  1.71
 1019.20  1.71
 1019.90  1.71
 1020.60  1.71
 1021.30  1.71
 1022.00  1.71
 1022.70  1.71
 1023.40  1.71
 1024.10  1.70
 1024.80  1.70
 1025.50  1.70
 1026.20  1.70
 1026.90  1.70
 1027.60  1.70
 1028.30  1.70
 1029.00  1.69
 1029.70  1.69
 1030.40  1.69
 1031.10  1.69
 1031.80  1.69
 1032.50  1.69
 1033.20  1.69
 1033.90  1.69
 1034.60  1.68
 1035.30  1.68
 1036.00  1.68
 1036.70  1.68
 1037.40  1.68
 1038.10  1.68
 1038.80  1.68
 1039.50  1.67
 1040.20  1.67
 1040.90  1.67
 1041.60  1.67
 1042.30  1.67
 1043.00  1.67
 1043.70  1.67
 1044.40  1.67
 1045.10  1.66
 1045.80  1.66
 1046.50  1.66
 1047.20  1.66
 1047.90  1.66
 1048.60  1.66
 1049.30  1.66
 1050.00  1.66
 1050.70  1.65
 1051.40  1.65
 1052.10  1.65
 1052.80  1.65
 1053.50  1.65
 1054.20  1.65
 1054.90  1.65
 1055.60  1.65
 1056.30  1.64
 1057.00  1.64
 1057.70  1.64
 1058.40  1.64
 1059.10  1.64
 1059.80  1.64
 1060.50  1.64
 1061.20  1.64
 1061.90  1.64
 1062.60  1.63
 1063.30  1.63
 1064.00  1.63
 1064.70  1.63
 1065.40  1.63
 1066.10  1.63
 1066.80  1.63
 1067.50  1.63
 1068.20  1.63
 1068.90  1.63
 1069.60  1.62
 1070.30  1.62
 1071.00  1.62
 1071.70  1.62
 1072.40  1.62
 1073.10  1.62
 1073.80  1.62
 1074.50  1.62
 1075.20  1.62
 1075.90  1.62
 1076.60  1.62
 1077.30  1.62
 1078.00  1.61
 1078.70  1.61
 1079.40  1.61
 1080.10  1.61
 1080.80  1.61
 1081.50  1.61
 1082.20  1.61
 1082.90  1.61
 1083.60  1.61
 1084.30  1.61
 1085.00  1.61
 1085.70  1.61
 1086.40  1.61
 1087.10  1.61
 1087.80  1.61
 1088.50  1.61
 1089.20  1.61
 1089.90  1.61
 1090.60  1.61
 1091.30  1.61
 1092.00  1.60
 1092.70  1.60
 1093.40  1.60
 1094.10  1.60
 1094.80  1.60
 1095.50  1.60
 1096.20  1.60
 1096.90  1.60
 1097.60  1.60
 1098.30  1.60
 1099.00  1.60
 1099.70  1.60
 1100.40  1.60
 1101.10  1.60
 1101.80  1.60
 1102.50  1.60
 1103.20  1.60
 1103.90  1.60
 1104.60  1.60
 1105.30  1.60
 1106.00  1.60
 1106.70  1.60
 1107.40  1.60
 1108.10  1.60
 1108.80  1.60
 1109.50  1.60
 1110.20  1.60
 1110.90  1.61
 1111.60  1.61
 1112.30  1.61
 1113.00  1.61
 1113.70  1.61
 1114.40  1.61
 1115.10  1.61
 1115.80  1.61
 1116.50  1.61
 1117.20  1.61
 1117.90  1.61
 1118.60  1.61
 1119.30  1.61
 1120.00  1.61
 1120.70  1.61
 1121.40  1.61
 1122.10  1.61
 1122.80  1.61
 1123.50  1.61
 1124.20  1.62
 1124.90  1.62
 1125.60  1.62
 1126.30  1.62
 1127.00  1.62
 1127.70  1.62
 1128.40  1.62
 1129.10  1.62
 1129.80  1.62
 1130.50  1.62
 1131.20  1.62
 1131.90  1.63
 1132.60  1.63
 1133.30  1.63
 1134.00  1.63
 1134.70  1.63
 1135.40  1.63
 1136.10  1.63
 1136.80  1.63
 1137.50  1.63
 1138.20  1.64
 1138.90  1.64
 1139.60  1.64
 1140.30  1.64
 1141.00  1.64
 1141.70  1.64
 1142.40  1.64
 1143.10  1.64
 1143.80  1.65
 1144.50  1.65
 1145.20  1.65
 1145.90  1.65
 1146.60  1.65
 1147.30  1.65
 1148.00  1.65
 1148.70  1.66
 1149.40  1.66
 1150.10  1.66
 1150.80  1.66
 1151.50  1.66
 1152.20  1.66
 1152.90  1.66
 1153.60  1.67
 1154.30  1.67
 1155.00  1.67
 1155.70  1.67
 1156.40  1.67
 1157.10  1.67
 1157.80  1.68
 1158.50  1.68
 1159.20  1.68
 1159.90  1.68
 1160.60  1.68
 1161.30  1.68
 1162.00  1.69
 1162.70  1.69
 1163.40  1.69
 1164.10  1.69
 1164.80  1.69
 1165.50  1.70
 1166.20  1.70
 1166.90  1.70
 1167.60  1.70
 1168.30  1.70
 1169.00  1.70
 1169.70  1.71
 1170.40  1.71
 1171.10  1.71
 1171.80  1.71
 1172.50  1.71
 1173.20  1.72
 1173.90  1.72
 1174.60  1.72
 1175.30  1.72
 1176.00  1.72
 1176.70  1.73
 1177.40  1.73
 1178.10  1.73
 1178.80  1.73
 1179.50  1.73
 1180.20  1.74
 1180.90  1.74
 1181.60  1.74
 1182.30  1.74
 1183.00  1.75
 1183.70  1.75
 1184.40  1.75
 1185.10  1.75
 1185.80  1.75
 1186.50  1.76
 1187.20  1.76
 1187.90  1.76
 1188.60  1.76
 1189.30  1.76
 1190.00  1.76
 1190.70  1.77
 1191.40  1.77
 1192.10  1.77
 1192.80  1.77
 1193.50  1.77
 1194.20  1.77
 1194.90  1.77
 1195.60  1.77
 1196.30  1.77
 1197.00  1.78
 1197.70  1.78
 1198.40  1.78
 1199.10  1.78
 1199.80  1.78
 1200.50  1.78
 1201.20  1.78
 1201.90  1.78
 1202.60  1.78
 1203.30  1.78
 1204.00  1.78
 1204.70  1.78
 1205.40  1.78
 1206.10  1.78
 1206.80  1.78
 1207.50  1.78
 1208.20  1.78
 1208.90  1.78
 1209.60  1.78
 1210.30  1.78
 1211.00  1.78
 1211.70  1.78
 1212.40  1.78
 1213.10  1.77
 1213.80  1.77
 1214.50  1.77
 1215.20  1.77
 1215.90  1.77
 1216.60  1.77
 1217.30  1.77
 1218.00  1.77
 1218.70  1.77
 1219.40  1.77
 1220.10  1.77
 1220.80  1.77
 1221.50  1.77
 1222.20  1.76
 1222.90  1.76
 1223.60  1.76
 1224.30  1.76
 1225.00  1.76
 1225.70  1.76
 1226.40  1.76
 1227.10  1.76
 1227.80  1.76
 1228.50  1.76
 1229.20  1.75
 1229.90  1.75
 1230.60  1.75
 1231.30  1.75
 1232.00  1.75
 1232.70  1.75
 1233.40  1.75
 1234.10  1.75
 1234.80  1.74
 1235.50  1.74
 1236.20  1.74
 1236.90  1.74
 1237.60  1.74
 1238.30  1.74
 1239.00  1.74
 1239.70  1.74
 1240.40  1.73
 1241.10  1.73
 1241.80  1.73
 1242.50  1.73
 1243.20  1.73
 1243.90  1.73
 1244.60  1.73
 1245.30  1.73
 1246.00  1.72
 1246.70  1.72
 1247.40  1.72
 1248.10  1.72
 1248.80  1.72
 1249.50  1.72
 1250.20  1.72
 1250.90  1.71
 1251.60  1.71
 1252.30  1.71
 1253.00  1.71
 1253.70  1.71
 1254.40  1.71
 1255.10  1.71
 1255.80  1.70
 1256.50  1.70
 1257.20  1.70
 1257.90  1.70
 1258.60  1.70
 1259.30  1.70
 1260.00  1.70
 1260.70  1.70
 1261.40  1.69
 1262.10  1.69
 1262.80  1.69
 1263.50  1.69
 1264.20  1.69
 1264.90  1.69
 1265.60  1.69
 1266.30  1.68
 1267.00  1.68
 1267.70  1.68
 1268.40  1.68
 1269.10  1.68
 1269.80  1.68
 1270.50  1.68
 1271.20  1.68
 1271.90  1.67
 1272.60  1.67
 1273.30  1.67
 1274.00  1.67
 1274.70  1.67
 1275.40  1.67
 1276.10  1.67
 1276.80  1.66
 1277.50  1.66
 1278.20  1.66
 1278.90  1.66
 1279.60  1.66
 1280.30  1.66
 1281.00  1.66
 1281.70  1.66
 1282.40  1.66
 1283.10  1.65
 1283.80  1.65
 1284.50  1.65
 1285.20  1.65
 1285.90  1.65
 1286.60  1.65
 1287.30  1.65
 1288.00  1.65
 1288.70  1.65
 1289.40  1.64
 1290.10  1.64
 1290.80  1.64
 1291.50  1.64
 1292.20  1.64
 1292.90  1.64
 1293.60  1.64
 1294.30  1.64
 1295.00  1.64
 1295.70  1.63
 1296.40  1.63
 1297.10  1.63
 1297.80  1.63
 1298.50  1.63
 1299.20  1.63
 1299.90  1.63
 1300.60  1.63
 1301.30  1.63
 1302.00  1.63
 1302.70  1.63
 1303.40  1.62
 1304.10  1.62
 1304.80  1.62
 1305.50  1.62
 1306.20  1.62
 1306.90  1.62
 1307.60  1.62
 1308.30  1.62
 1309.00  1.62
 1309.70  1.62
 1310.40  1.62
 1311.10  1.62
 1311.80  1.62
 1312.50  1.62
 1313.20  1.61
 1313.90  1.61
 1314.60  1.61
 1315.30  1.61
 1316.00  1.61
 1316.70  1.61
 1317.40  1.61
 1318.10  1.61
 1318.80  1.61
 1319.50  1.61
 1320.20  1.61
 1320.90  1.61
 1321.60  1.61
 1322.30  1.61
 1323.00  1.61
 1323.70  1.61
 1324.40  1.61
 1325.10  1.61
 1325.80  1.61
 1326.50  1.61
 1327.20  1.61
 1327.90  1.61
 1328.60  1.61
 1329.30  1.61
 1330.00  1.61
 1330.70  1.61
 1331.40  1.61
 1332.10  1.61
 1332.80  1.61
 1333.50  1.61
 1334.20  1.61
 1334.90  1.61
 1335.60  1.61
 1336.30  1.61
 1337.00  1.61
 1337.70  1.61
 1338.40  1.61
 1339.10  1.61
 1339.80  1.61
 1340.50  1.61
 1341.20  1.61
 1341.90  1.61
 1342.60  1.61
 1343.30  1.61
 1344.00  1.61
 1344.70  1.61
 1345.40  1.61
 1346.10  1.61
 1346.80  1.61
 1347.50  1.61
 1348.20  1.61
 1348.90  1.61
 1349.60  1.61
 1350.30  1.61
 1351.00  1.61
 1351.70  1.61
 1352.40  1.61
 1353.10  1.61
 1353.80  1.61
 1354.50  1.61
 1355.20  1.61
 1355.90  1.61
 1356.60  1.61
 1357.30  1.61
 1358.00  1.62
 1358.70  1.62
 1359.40  1.62
 1360.10  1.62
 1360.80  1.62
 1361.50  1.62
 1362.20  1.62
 1362.90  1.62
 1363.60  1.62
 1364.30  1.62
 1365.00  1.62
 1365.70  1.62
 1366.40  1.62
 1367.10  1.62
 1367.80  1.63
 1368.50  1.63
 1369.20  1.63
 1369.90  1.63
 1370.60  1.63
 1371.30  1.63
 1372.00  1.63
 1372.70  1.63
 1373.40  1.63
 1374.10  1.63
 1374.80  1.63
 1375.50  1.64
 1376.20  1.64
 1376.90  1.64
 1377.60  1.64
 1378.30  1.64
 1379.00  1.64
 1379.70  1.64
 1380.40  1.64
 1381.10  1.64
 1381.80  1.65
 1382.50  1.65
 1383.20  1.65
 1383.90  1.65
 1384.60  1.65
 1385.30  1.65
 1386.00  1.65
 1386.70  1.65
 1387.40  1.66
 1388.10  1.66
 1388.80  1.66
 1389.50  1.66
 1390.20  1.66
 1390.90  1.66
 1391.60  1.66
 1392.30  1.67
 1393.00  1.67
 1393.70  1.67
 1394.40  1.67
 1395.10  1.67
 1395.80  1.67
 1396.50  1.67
 1397.20  1.68
 1397.90  1.68
 1398.60  1.68
 1399.30  1.68
 1400.00  1.68
 1400.70  1.68
 1401.40  1.68
 1402.10  1.69
 1402.80  1.69
 1403.50  1.69
 1404.20  1.69
 1404.90  1.69
 1405.60  1.69
 1406.30  1.70
 1407.00  1.70
 1407.70  1.70
 1408.40  1.70
 1409.10  1.70
 1409.80  1.70
 1410.50  1.71
 1411.20  1.71
 1411.90  1.71
 1412.60  1.71
 1413.30  1.71
 1414.00  1.71
 1414.70  1.72
 1415.40  1.72
 1416.10  1.72
 1416.80  1.72
 1417.50  1.72
 1418.20  1.72
 1418.90  1.73
 1419.60  1.73
 1420.30  1.73
 1421.00  1.73
 1421.70  1.73
 1422.40  1.73
 1423.10  1.74
 1423.80  1.74
 1424.50  1.74
 1425.20  1.74
 1425.90  1.74
 1426.60  1.75
 1427.30  1.75
 1428.00  1.75
 1428.70  1.75
 1429.40  1.75
 1430.10  1.75
 1430.80  1.75
 1431.50  1.76
 1432.20  1.76
 1432.90  1.76
 1433.60  1.76
 1434.30  1.76
 1435.00  1.76
 1435.70  1.76
 1436.40  1.76
 1437.10  1.76
 1437.80  1.76
 1438.50  1.76
 1439.20  1.76
 1439.90  1.76
 1440.60  1.76
 1441.30  1.76
 1442.00  1.76
 1442.70  1.76
 1443.40  1.76
 1444.10  1.76
 1444.80  1.76
 1445.50  1.76
 1446.20  1.76
 1446.90  1.76
 1447.60  1.76
 1448.30  1.76
 1449.00  1.76
 1449.70  1.76
 1450.40  1.76
 1451.10  1.76
 1451.80  1.76
 1452.50  1.76
 1453.20  1.76
 1453.90  1.76
 1454.60  1.76
 1455.30  1.76
 1456.00  1.76
 1456.70  1.75
 1457.40  1.75
 1458.10  1.75
 1458.80  1.75
 1459.50  1.75
 1460.20  1.75
 1460.90  1.75
 1461.60  1.75
 1462.30  1.75
 1463.00  1.75
 1463.70  1.74
 1464.40  1.74
 1465.10  1.74
 1465.80  1.74
 1466.50  1.74
 1467.20  1.74
 1467.90  1.74
 1468.60  1.74
 1469.30  1.74
 1470.00  1.73
 1470.70  1.73
 1471.40  1.73
 1472.10  1.73
 1472.80  1.73
 1473.50  1.73
 1474.20  1.73
 1474.90  1.73
 1475.60  1.72
 1476.30  1.72
 1477.00  1.72
 1477.70  1.72
 1478.40  1.72
 1479.10  1.72
 1479.80  1.72
 1480.50  1.71
 1481.20  1.71
 1481.90  1.71
 1482.60  1.71
 1483.30  1.71
 1484.00  1.71
 1484.70  1.71
 1485.40  1.70
 1486.10  1.70
 1486.80  1.70
 1487.50  1.70
 1488.20  1.70
 1488.90  1.70
 1489.60  1.70
 1490.30  1.69
 1491.00  1.69
 1491.70  1.69
 1492.40  1.69
 1493.10  1.69
 1493.80  1.69
 1494.50  1.69
 1495.20  1.69
 1495.90  1.68
 1496.60  1.68
 1497.30  1.68
 1498.00  1.68
 1498.70  1.68
 1499.40  1.68
 1500.10  1.68
 1500.80  1.67
 1501.50  1.67
 1502.20  1.67
 1502.90  1.67
 1503.60  1.67
 1504.30  1.67
 1505.00  1.67
 1505.70  1.67
 1506.40  1.66
 1507.10  1.66
 1507.80  1.66
 1508.50  1.66
 1509.20  1.66
 1509.90  1.66
 1510.60  1.66
 1511.30  1.66
 1512.00  1.65
 1512.70  1.65
 1513.40  1.65
 1514.10  1.65
 1514.80  1.65
 1515.50  1.65
 1516.20  1.65
 1516.90  1.65
 1517.60  1.65
 1518.30  1.64
 1519.00  1.64
 1519.70  1.64
 1520.40  1.64
 1521.10  1.64
 1521.80  1.64
 1522.50  1.64
 1523.20  1.64
 1523.90  1.64
 1524.60  1.63
 1525.30  1.63
 1526.00  1.63
 1526.70  1.63
 1527.40  1.63
 1528.10  1.63
 1528.80  1.63
 1529.50  1.63
 1530.20  1.63
 1530.90  1.63
 1531.60  1.63
 1532.30  1.63
 1533.00  1.62
 1533.70  1.62
 1534.40  1.62
 1535.10  1.62
 1535.80  1.62
 1536.50  1.62
 1537.20  1.62
 1537.90  1.62
 1538.60  1.62
 1539.30  1.62
 1540.00  1.62
 1540.70  1.62
 1541.40  1.62
 1542.10  1.62
 1542.80  1.62
 1543.50  1.62
 1544.20  1.62
 1544.90  1.61
 1545.60  1.61
 1546.30  1.61
 1547.00  1.61
 1547.70  1.61
 1548.40  1.61
 1549.10  1.61
 1549.80  1.61
 1550.50  1.61
 1551.20  1.61
 1551.90  1.61
 1552.60  1.61
 1553.30  1.61
 1554.00  1.61
 1554.70  1.61
 1555.40  1.61
 1556.10  1.61
 1556.80  1.61
 1557.50  1.61
 1558.20  1.61
 1558.90  1.61
 1559.60  1.61
 1560.30  1.61
 1561.00  1.61
 1561.70  1.61
 1562.40  1.61
 1563.10  1.61
 1563.80  1.61
 1564.50  1.61
 1565.20  1.61
 1565.90  1.61
 1566.60  1.61
 1567.30  1.61
 1568.00  1.61
 1568.70  1.61
 1569.40  1.61
 1570.10  1.61
 1570.80  1.62
 1571.50  1.62
 1572.20  1.62
 1572.90  1.62
 1573.60  1.62
 1574.30  1.62
 1575.00  1.62
 1575.70  1.62
 1576.40  1.62
 1577.10  1.62
 1577.80  1.62
 1578.50  1.62
 1579.20  1.62
 1579.90  1.62
 1580.60  1.62
 1581.30  1.62
 1582.00  1.63
 1582.70  1.63
 1583.40  1.63
 1584.10  1.63
 1584.80  1.63
 1585.50  1.63
 1586.20  1.63
 1586.90  1.63
 1587.60  1.63
 1588.30  1.63
 1589.00  1.63
 1589.70  1.64
 1590.40  1.64
 1591.10  1.64
 1591.80  1.64
 1592.50  1.64
 1593.20  1.64
 1593.90  1.64
 1594.60  1.64
 1595.30  1.64
 1596.00  1.65
 1596.70  1.65
 1597.40  1.65
 1598.10  1.65
 1598.80  1.65
 1599.50  1.65
 1600.20  1.65
 1600.90  1.65
 1601.60  1.66
 1602.30  1.66
 1603.00  1.66
 1603.70  1.66
 1604.40  1.66
 1605.10  1.66
 1605.80  1.66
 1606.50  1.67
 1607.20  1.67
 1607.90  1.67
 1608.60  1.67
 1609.30  1.67
 1610.00  1.67
 1610.70  1.68
 1611.40  1.68
 1612.10  1.68
 1612.80  1.68
 1613.50  1.68
 1614.20  1.68
 1614.90  1.69
 1615.60  1.69
 1616.30  1.69
 1617.00  1.69
 1617.70  1.69
 1618.40  1.69
 1619.10  1.70
 1619.80  1.70
 1620.50  1.70
 1621.20  1.70
 1621.90  1.70
 1622.60  1.70
 1623.30  1.71
 1624.00  1.71
 1624.70  1.71
 1625.40  1.71
 1626.10  1.71
 1626.80  1.72
 1627.50  1.72
 1628.20  1.72
 1628.90  1.72
 1629.60  1.72
 1630.30  1.73
 1631.00  1.73
 1631.70  1.73
 1632.40  1.73
 1633.10  1.73
 1633.80  1.74
 1634.50  1.74
 1635.20  1.74
 1635.90  1.74
 1636.60  1.74
 1637.30  1.75
 1638.00  1.75
 1638.70  1.75
 1639.40  1.75
 1640.10  1.75
 1640.80  1.76
 1641.50  1.76
 1642.20  1.76
 1642.90  1.76
 1643.60  1.77
 1644.30  1.77
 1645.00  1.77
 1645.70  1.77
 1646.40  1.77
 1647.10  1.77
 1647.80  1.77
 1648.50  1.78
 1649.20  1.78
 1649.90  1.78
 1650.60  1.78
 1651.30  1.78
 1652.00  1.78
 1652.70  1.78
 1653.40  1.78
 1654.10  1.78
 1654.80  1.78
 1655.50  1.78
 1656.20  1.78
 1656.90  1.78
 1657.60  1.78
 1658.30  1.78
 1659.00  1.78
 1659.70  1.78
 1660.40  1.78
 1661.10  1.78
 1661.80  1.78
 1662.50  1.78
 1663.20  1.78
 1663.90  1.78
 1664.60  1.78
 1665.30  1.78
 1666.00  1.78
 1666.70  1.78
 1667.40  1.78
 1668.10  1.78
 1668.80  1.78
 1669.50  1.78
 1670.20  1.78
 1670.90  1.78
 1671.60  1.78
 1672.30  1.78
 1673.00  1.77
 1673.70  1.77
 1674.40  1.77
 1675.10  1.77
 1675.80  1.77
 1676.50  1.77
 1677.20  1.77
 1677.90  1.77
 1678.60  1.77
 1679.30  1.77
 1680.00  1.77
 1680.70  1.76
 1681.40  1.76
 1682.10  1.76
 1682.80  1.76
 1683.50  1.76
 1684.20  1.76
 1684.90  1.76
 1685.60  1.76
 1686.30  1.76
 1687.00  1.75
 1687.70  1.75
 1688.40  1.75
 1689.10  1.75
 1689.80  1.75
 1690.50  1.75
 1691.20  1.75
 1691.90  1.75
 1692.60  1.74
 1693.30  1.74
 1694.00  1.74
 1694.70  1.74
 1695.40  1.74
 1696.10  1.74
 1696.80  1.74
 1697.50  1.74
 1698.20  1.73
 1698.90  1.73
 1699.60  1.73
 1700.30  1.73
 1701.00  1.73
 1701.70  1.73
 1702.40  1.73
 1703.10  1.72
 1703.80  1.72
 1704.50  1.72
 1705.20  1.72
 1705.90  1.72
 1706.60  1.72
 1707.30  1.72
 1708.00  1.72
 1708.70  1.71
 1709.40  1.71
 1710.10  1.71
 1710.80  1.71
 1711.50  1.71
 1712.20  1.71
 1712.90  1.71
 1713.60  1.70
 1714.30  1.70
 1715.00  1.70
 1715.70  1.70
 1716.40  1.70
 1717.10  1.70
 1717.80  1.70
 1718.50  1.69
 1719.20  1.69
 1719.90  1.69
 1720.60  1.69
 1721.30  1.69
 1722.00  1.69
 1722.70  1.69
 1723.40  1.68
 1724.10  1.68
 1724.80  1.68
 1725.50  1.68
 1726.20  1.68
 1726.90  1.68
 1727.60  1.68
 1728.30  1.68
 1729.00  1.67
 1729.70  1.67
 1730.40  1.67
 1731.10  1.67
 1731.80  1.67
 1732.50  1.67
 1733.20  1.67
 1733.90  1.67
 1734.60  1.66
 1735.30  1.66
 1736.00  1.66
 1736.70  1.66
 1737.40  1.66
 1738.10  1.66
 1738.80  1.66
 1739.50  1.66
 1740.20  1.65
 1740.90  1.65
 1741.60  1.65
 1742.30  1.65
 1743.00  1.65
 1743.70  1.65
 1744.40  1.65
 1745.10  1.65
 1745.80  1.65
 1746.50  1.64
 1747.20  1.64
 1747.90  1.64
 1748.60  1.64
 1749.30  1.64
 1750.00  1.64
 1750.70  1.64
 1751.40  1.64
 1752.10  1.64
 1752.80  1.64
 1753.50  1.63
 1754.20  1.63
 1754.90  1.63
 1755.60  1.63
 1756.30  1.63
 1757.00  1.63
 1757.70  1.63
 1758.40  1.63
 1759.10  1.63
 1759.80  1.63
 1760.50  1.63
 1761.20  1.63
 1761.90  1.62
 1762.60  1.62
 1763.30  1.62
 1764.00  1.62
 1764.70  1.62
 1765.40  1.62
 1766.10  1.62
 1766.80  1.62
 1767.50  1.62
 1768.20  1.62
 1768.90  1.62
 1769.60  1.62
 1770.30  1.62
 1771.00  1.62
 1771.70  1.62
 1772.40  1.62
 1773.10  1.61
 1773.80  1.61
 1774.50  1.61
 1775.20  1.61
 1775.90  1.61
 1776.60  1.61
 1777.30  1.61
 1778.00  1.61
 1778.70  1.61
 1779.40  1.61
 1780.10  1.61
 1780.80  1.61
 1781.50  1.61
 1782.20  1.61
 1782.90  1.61
 1783.60  1.61
 1784.30  1.61
 1785.00  1.61
 1785.70  1.61
 1786.40  1.61
 1787.10  1.61
 1787.80  1.61
 1788.50  1.61
 1789.20  1.61
 1789.90  1.61
 1790.60  1.61
 1791.30  1.61
 1792.00  1.61
 1792.70  1.61
 1793.40  1.61
 1794.10  1.61
 1794.80  1.61
 1795.50  1.61
 1796.20  1.61
 1796.90  1.61
 1797.60  1.61
 1798.30  1.61
 1799.00  1.61
 1799.70  1.61
 1800.40  1.61
 1801.10  1.61
 1801.80  1.61
 1802.50  1.61
 1803.20  1.61
 1803.90  1.61
 1804.60  1.61
 1805.30  1.61
 1806.00  1.61
 1806.70  1.61
 1807.40  1.61
 1808.10  1.61
 1808.80  1.61
 1809.50  1.61
 1810.20  1.61
 1810.90  1.62
 1811.60  1.62
 1812.30  1.62
 1813.00  1.62
 1813.70  1.62
 1814.40  1.62
 1815.10  1.62
 1815.80  1.62
 1816.50  1.62
 1817.20  1.62
 1817.90  1.62
 1818.60  1.62
 1819.30  1.62
 1820.00  1.62
 1820.70  1.62
 1821.40  1.63
 1822.10  1.63
 1822.80  1.63
 1823.50  1.63
 1824.20  1.63
 1824.90  1.63
 1825.60  1.63
 1826.30  1.63
 1827.00  1.63
 1827.70  1.63
 1828.40  1.63
 1829.10  1.64
 1829.80  1.64
 1830.50  1.64
 1831.20  1.64
 1831.90  1.64
 1832.60  1.64
 1833.30  1.64
 1834.00  1.64
 1834.70  1.64
 1835.40  1.64
 1836.10  1.65
 1836.80  1.65
 1837.50  1.65
 1838.20  1.65
 1838.90  1.65
 1839.60  1.65
 1840.30  1.65
 1841.00  1.65
 1841.70  1.66
 1842.40  1.66
 1843.10  1.66
 1843.80  1.66
 1844.50  1.66
 1845.20  1.66
 1845.90  1.66
 1846.60  1.66
 1847.30  1.67
 1848.00  1.67
 1848.70  1.67
 1849.40  1.67
 1850.10  1.67
 1850.80  1.67
 1851.50  1.67
 1852.20  1.68
 1852.90  1.68
 1853.60  1.68
 1854.30  1.68
 1855.00  1.68
 1855.70  1.68
 1856.40  1.69
 1857.10  1.69
 1857.80  1.69
 1858.50  1.69
 1859.20  1.69
 1859.90  1.69
 1860.60  1.69
 1861.30  1.70
 1862.00  1.70
 1862.70  1.70
 1863.40  1.70
 1864.10  1.70
 1864.80  1.70
 1865.50  1.71
 1866.20  1.71
 1866.90  1.71
 1867.60  1.71
 1868.30  1.71
 1869.00  1.71
 1869.70  1.72
 1870.40  1.72
 1871.10  1.72
 1871.80  1.72
 1872.50  1.72
 1873.20  1.72
 1873.90  1.73
 1874.60  1.73
 1875.30  1.73
 1876.00  1.73
 1876.70  1.73
 1877.40  1.74
 1878.10  1.74
 1878.80  1.74
 1879.50  1.74
 1880.20  1.74
 1880.90  1.74
 1881.60  1.75
 1882.30  1.75
 1883.00  1.75
 1883.70  1.75
 1884.40  1.75
 1885.10  1.75
 1885.80  1.76
 1886.50  1.76
 1887.20  1.76
 1887.90  1.76
 1888.60  1.76
 1889.30  1.76
 1890.00  1.76
 1890.70  1.76
 1891.40  1.76
 1892.10  1.77
 1892.80  1.77
 1893.50  1.77
 1894.20  1.77
 1894.90  1.77
 1895.60  1.77
 1896.30  1.77
 1897.00  1.77
 1897.70  1.77
 1898.40  1.77
 1899.10  1.77
 1899.80  1.77
 1900.50  1.77
 1901.20  1.77
 1901.90  1.77
 1902.60  1.77
 1903.30  1.77
 1904.00  1.77
 1904.70  1.77
 1905.40  1.77
 1906.10  1.77
 1906.80  1.77
 1907.50  1.76
 1908.20  1.76
 1908.90  1.76
 1909.60  1.76
 1910.30  1.76
 1911.00  1.76
 1911.70  1.76
 1912.40  1.76
 1913.10  1.76
 1913.80  1.76
 1914.50  1.76
 1915.20  1.76
 1915.90  1.75
 1916.60  1.75
 1917.30  1.75
 1918.00  1.75
 1918.70  1.75
 1919.40  1.75
 1920.10  1.75
 1920.80  1.75
 1921.50  1.75
 1922.20  1.75
 1922.90  1.74
 1923.60  1.74
 1924.30  1.74
 1925.00  1.74
 1925.70  1.74
 1926.40  1.74
 1927.10  1.74
 1927.80  1.74
 1928.50  1.73
 1929.20  1.73
 1929.90  1.73
 1930.60  1.73
 1931.30  1.73
 1932.00  1.73
 1932.70  1.73
 1933.40  1.72
 1934.10  1.72
 1934.80  1.72
 1935.50  1.72
 1936.20  1.72
 1936.90  1.72
 1937.60  1.72
 1938.30  1.72
 1939.00  1.71
 1939.70  1.71
 1940.40  1.71
 1941.10  1.71
 1941.80  1.71
 1942.50  1.71
 1943.20  1.71
 1943.90  1.70
 1944.60  1.70
 1945.30  1.70
 1946.00  1.70
 1946.70  1.70
 1947.40  1.70
 1948.10  1.70
 1948.80  1.69
 1949.50  1.69
 1950.20  1.69
 1950.90  1.69
 1951.60  1.69
 1952.30  1.69
 1953.00  1.69
 1953.70  1.68
 1954.40  1.68
 1955.10  1.68
 1955.80  1.68
 1956.50  1.68
 1957.20  1.68
 1957.90  1.68
 1958.60  1.67
 1959.30  1.67
 1960.00  1.67
 1960.70  1.67
 1961.40  1.67
 1962.10  1.67
 1962.80  1.67
 1963.50  1.67
 1964.20  1.66
 1964.90  1.66
 1965.60  1.66
 1966.30  1.66
 1967.00  1.66
 1967.70  1.66
 1968.40  1.66
 1969.10  1.66
 1969.80  1.65
 1970.50  1.65
 1971.20  1.65
 1971.90  1.65
 1972.60  1.65
 1973.30  1.65
 1974.00  1.65
 1974.70  1.65
 1975.40  1.65
 1976.10  1.64
 1976.80  1.64
 1977.50  1.64
 1978.20  1.64
 1978.90  1.64
 1979.60  1.64
 1980.30  1.64
 1981.00  1.64
 1981.70  1.64
 1982.40  1.64
 1983.10  1.63
 1983.80  1.63
 1984.50  1.63
 1985.20  1.63
 1985.90  1.63
 1986.60  1.63
 1987.30  1.63
 1988.00  1.63
 1988.70  1.63
 1989.40  1.63
 1990.10  1.63
 1990.80  1.63
 1991.50  1.63
 1992.20  1.62
 1992.90  1.62
 1993.60  1.62
 1994.30  1.62
 1995.00  1.62
 1995.70  1.62
 1996.40  1.62
 1997.10  1.62
 1997.80  1.62
 1998.50  1.62
 1999.20  1.62
 1999.90  1.62
 2000.60  1.62
 2001.30  1.62
 2002.00  1.62
 2002.70  1.62
 2003.40  1.62
 2004.10  1.62
 2004.80  1.62
 2005.50  1.62
 2006.20  1.61
 2006.90  1.61
 2007.60  1.61
 2008.30  1.61
 2009.00  1.61
 2009.70  1.61
 2010.40  1.61
 2011.10  1.61
 2011.80  1.61
 2012.50  1.61
 2013.20  1.61
 2013.90  1.61
 2014.60  1.61
 2015.30  1.61
 2016.00  1.61
 2016.70  1.61
 2017.40  1.61
 2018.10  1.61
 2018.80  1.61
 2019.50  1.61
 2020.20  1.61
 2020.90  1.61
 2021.60  1.61
 2022.30  1.61
 2023.00  1.62
 2023.70  1.62
 2024.40  1.62
 2025.10  1.62
 2025.80  1.62
 2026.50  1.62
 2027.20  1.62
 2027.90  1.62
 2028.60  1.62
 2029.30  1.62
 2030.00  1.62
 2030.70  1.62
 2031.40  1.62
 2032.10  1.62
 2032.80  1.62
 2033.50  1.62
 2034.20  1.62
 2034.90  1.62
 2035.60  1.62
 2036.30  1.62
 2037.00  1.63
 2037.70  1.63
 2038.40  1.63
 2039.10  1.63
 2039.80  1.63
 2040.50  1.63
 2041.20  1.63
 2041.90  1.63
 2042.60  1.63
 2043.30  1.63
 2044.00  1.63
 2044.70  1.64
 2045.40  1.64
 2046.10  1.64
 2046.80  1.64
 2047.50  1.64
 2048.20  1.64
 2048.90  1.64
 2049.60  1.64
 2050.30  1.64
 2051.00  1.65
 2051.70  1.65
 2052.40  1.65
 2053.10  1.65
 2053.80  1.65
 2054.50  1.65
 2055.20  1.65
 2055.90  1.65
 2056.60  1.66
 2057.30  1.66
 2058.00  1.66
 2058.70  1.66
 2059.40  1.66
 2060.10  1.66
 2060.80  1.66
 2061.50  1.66
 2062.20  1.67
 2062.90  1.67
 2063.60  1.67
 2064.30  1.67
 2065.00  1.67
 2065.70  1.67
 2066.40  1.68
 2067.10  1.68
 2067.80  1.68
 2068.50  1.68
 2069.20  1.68
 2069.90  1.68
 2070.60  1.69
 2071.30  1.69
 2072.00  1.69
 2072.70  1.69
 2073.40  1.69
 2074.10  1.69
 2074.80  1.70
 2075.50  1.70
 2076.20  1.70
 2076.90  1.70
 2077.60  1.70
 2078.30  1.70
 2079.00  1.71
 2079.70  1.71
 2080.40  1.71
 2081.10  1.71
 2081.80  1.71
 2082.50  1.72
 2083.20  1.72
 2083.90  1.72
 2084.60  1.72
 2085.30  1.72
 2086.00  1.73
 2086.70  1.73
 2087.40  1.73
 2088.10  1.73
 2088.80  1.73
 2089.50  1.74
 2090.20  1.74
 2090.90  1.74
 2091.60  1.74
 2092.30  1.74
 2093.00  1.75
 2093.70  1.75
 2094.40  1.75
 2095.10  1.75
 2095.80  1.75
 2096.50  1.76
 2097.20  1.76
 2097.90  1.76
 2098.60  1.76
 2099.30  1.76
 2100.00  1.77
 2100.70  1.77
 2101.40  1.77
 2102.10  1.77
 2102.80  1.77
 2103.50  1.77
 2104.20  1.78
 2104.90  1.78
 2105.60  1.78
 2106.30  1.78
 2107.00  1.78
 2107.70  1.78
 2108.40  1.78
 2109.10  1.78
 2109.80  1.78
 2110.50  1.78
 2111.20  1.78
 2111.90  1.79
 2112.60  1.79
 2113.30  1.79
 2114.00  1.79
 2114.70  1.79
 2115.40  1.79
 2116.10  1.79
 2116.80  1.79
 2117.50  1.79
 2118.20  1.79
 2118.90  1.79
 2119.60  1.79
 2120.30  1.79
 2121.00  1.79
 2121.70  1.79
 2122.40  1.78
 2123.10  1.78
 2123.80  1.78
 2124.50  1.78
 2125.20  1.78
 2125.90  1.78
 2126.60  1.78
 2127.30  1.78
 2128.00  1.78
 2128.70  1.78
 2129.40  1.78
 2130.10  1.78
 2130.80  1.78
 2131.50  1.78
 2132.20  1.78
 2132.90  1.77
 2133.60  1.77
 2134.30  1.77
 2135.00  1.77
 2135.70  1.77
 2136.40  1.77
 2137.10  1.77
 2137.80  1.77
 2138.50  1.77
 2139.20  1.77
 2139.90  1.76
 2140.60  1.76
 2141.30  1.76
 2142.00  1.76
 2142.70  1.76
 2143.40  1.76
 2144.10  1.76
 2144.80  1.76
 2145.50  1.76
 2146.20  1.75
 2146.90  1.75
 2147.60  1.75
 2148.30  1.75
 2149.00  1.75
 2149.70  1.75
 2150.40  1.75
 2151.10  1.75
 2151.80  1.74
 2152.50  1.74
 2153.20  1.74
 2153.90  1.74
 2154.60  1.74
 2155.30  1.74
 2156.00  1.74
 2156.70  1.73
 2157.40  1.73
 2158.10  1.73
 2158.80  1.73
 2159.50  1.73
 2160.20  1.73
 2160.90  1.73
 2161.60  1.72
 2162.30  1.72
 2163.00  1.72
 2163.70  1.72
 2164.40  1.72
 2165.10  1.72
 2165.80  1.72
 2166.50  1.72
 2167.20  1.71
 2167.90  1.71
 2168.60  1.71
 2169.30  1.71
 2170.00  1.71
 2170.70  1.71
 2171.40  1.71
 2172.10  1.70
 2172.80  1.70
 2173.50  1.70
 2174.20  1.70
 2174.90  1.70
 2175.60  1.70
 2176.30  1.70
 2177.00  1.69
 2177.70  1.69
 2178.40  1.69
 2179.10  1.69
 2179.80  1.69
 2180.50  1.69
 2181.20  1.69
 2181.90  1.68
 2182.60  1.68
 2183.30  1.68
 2184.00  1.68
 2184.70  1.68
 2185.40  1.68
 2186.10  1.68
 2186.80  1.68
 2187.50  1.67
 2188.20  1.67
 2188.90  1.67
 2189.60  1.67
 2190.30  1.67
 2191.00  1.67
 2191.70  1.67
 2192.40  1.67
 2193.10  1.66
 2193.80  1.66
 2194.50  1.66
 2195.20  1.66
 2195.90  1.66
 2196.60  1.66
 2197.30  1.66
 2198.00  1.66
 2198.70  1.66
 2199.40  1.65
 2200.10  1.65
 2200.80  1.65
 2201.50  1.65
 2202.20  1.65
 2202.90  1.65
 2203.60  1.65
 2204.30  1.65
 2205.00  1.65
 2205.70  1.64
 2206.40  1.64
 2207.10  1.64
 2207.80  1.64
 2208.50  1.64
 2209.20  1.64
 2209.90  1.64
 2210.60  1.64
 2211.30  1.64
 2212.00  1.64
 2212.70  1.63
 2213.40  1.63
 2214.10  1.63
 2214.80  1.63
 2215.50  1.63
 2216.20  1.63
 2216.90  1.63
 2217.60  1.63
 2218.30  1.63
 2219.00  1.63
 2219.70  1.63
 2220.40  1.63
 2221.10  1.62
 2221.80  1.62
 2222.50  1.62
 2223.20  1.62
 2223.90  1.62
 2224.60  1.62
 2225.30  1.62
 2226.00  1.62
 2226.70  1.62
 2227.40  1.62
 2228.10  1.62
 2228.80  1.62
 2229.50  1.62
 2230.20  1.62
 2230.90  1.62
 2231.60  1.62
 2232.30  1.62
 2233.00  1.61
 2233.70  1.61
 2234.40  1.61
 2235.10  1.61
 2235.80  1.61
 2236.50  1.61
 2237.20  1.61
 2237.90  1.61
 2238.60  1.61
 2239.30  1.61
 2240.00  1.61
 2240.70  1.61
 2241.40  1.61
 2242.10  1.61
 2242.80  1.61
 2243.50  1.61
 2244.20  1.61
 2244.90  1.61
 2245.60  1.61
 2246.30  1.61
 2247.00  1.61
 2247.70  1.61
 2248.40  1.61
 2249.10  1.61
 2249.80  1.61
 2250.50  1.61
 2251.20  1.61
 2251.90  1.61
 2252.60  1.61
 2253.30  1.61
 2254.00  1.61
 2254.70  1.61
 2255.40  1.61
 2256.10  1.61
 2256.80  1.61
 2257.50  1.61
 2258.20  1.61
 2258.90  1.61
 2259.60  1.61
 2260.30  1.61
 2261.00  1.61
 2261.70  1.61
 2262.40  1.61
 2263.10  1.61
 2263.80  1.61
 2264.50  1.61
 2265.20  1.62
 2265.90  1.62
 2266.60  1.62
 2267.30  1.62
 2268.00  1.62
 2268.70  1.62
 2269.40  1.62
 2270.10  1.62
 2270.80  1.62
 2271.50  1.62
 2272.20  1.62
 2272.90  1.62
 2273.60  1.62
 2274.30  1.62
 2275.00  1.62
 2275.70  1.62
 2276.40  1.62
 2277.10  1.63
 2277.80  1.63
 2278.50  1.63
 2279.20  1.63
 2279.90  1.63
 2280.60  1.63
 2281.30  1.63
 2282.00  1.63
 2282.70  1.63
 2283.40  1.63
 2284.10  1.63
 2284.80  1.64
 2285.50  1.64
 2286.20  1.64
 2286.90  1.64
 2287.60  1.64
 2288.30  1.64
 2289.00  1.64
 2289.70  1.64
 2290.40  1.64
 2291.10  1.64
 2291.80  1.65
 2292.50  1.65
 2293.20  1.65
 2293.90  1.65
 2294.60  1.65
 2295.30  1.65
 2296.00  1.65
 2296.70  1.65
 2297.40  1.65
 2298.10  1.66
 2298.80  1.66
 2299.50  1.66
 2300.20  1.66
 2300.90  1.66
 2301.60  1.66
 2302.30  1.66
 2303.00  1.66
 2303.70  1.67
 2304.40  1.67
 2305.10  1.67
 2305.80  1.67
 2306.50  1.67
 2307.20  1.67
 2307.90  1.67
 2308.60  1.68
 2309.30  1.68
 2310.00  1.68
 2310.70  1.68
 2311.40  1.68
 2312.10  1.68
 2312.80  1.68
 2313.50  1.69
 2314.20  1.69
 2314.90  1.69
 2315.60  1.69
 2316.30  1.69
 2317.00  1.69
 2317.70  1.70
 2318.40  1.70
 2319.10  1.70
 2319.80  1.70
 2320.50  1.70
 2321.20  1.70
 2321.90  1.71
 2322.60  1.71
 2323.30  1.71
 2324.00  1.71
 2324.70  1.71
 2325.40  1.71
 2326.10  1.72
 2326.80  1.72
 2327.50  1.72
 2328.20  1.72
 2328.90  1.72
 2329.60  1.72
 2330.30  1.73
 2331.00  1.73
 2331.70  1.73
 2332.40  1.73
 2333.10  1.73
 2333.80  1.73
 2334.50  1.74
 2335.20  1.74
 2335.90  1.74
 2336.60  1.74
 2337.30  1.74
 2338.00  1.75
 2338.70  1.75
 2339.40  1.75
 2340.10  1.75
 2340.80  1.75
 2341.50  1.75
 2342.20  1.76
 2342.90  1.76
 2343.60  1.76
 2344.30  1.76
 2345.00  1.76
 2345.70  1.76
 2346.40  1.76
 2347.10  1.76
 2347.80  1.77
 2348.50  1.77
 2349.20  1.77
 2349.90  1.77
 2350.60  1.77
 2351.30  1.77
 2352.00  1.77
 2352.70  1.77
 2353.40  1.77
 2354.10  1.77
 2354.80  1.77
 2355.50  1.77
 2356.20  1.77
 2356.90  1.77
 2357.60  1.77
 2358.30  1.77
 2359.00  1.77
 2359.70  1.77
 2360.40  1.77
 2361.10  1.77
 2361.80  1.77
 2362.50  1.77
 2363.20  1.77
 2363.90  1.77
 2364.60  1.77
 2365.30  1.76
 2366.00  1.76
 2366.70  1.76
 2367.40  1.76
 2368.10  1.76
 2368.80  1.76
 2369.50  1.76
 2370.20  1.76
 2370.90  1.76
 2371.60  1.76
 2372.30  1.76
 2373.00  1.76
 2373.70  1.75
 2374.40  1.75
 2375.10  1.75
 2375.80  1.75
 2376.50  1.75
 2377.20  1.75
 2377.90  1.75
 2378.60  1.75
 2379.30  1.75
 2380.00  1.74
 2380.70  1.74
 2381.40  1.74
 2382.10  1.74
 2382.80  1.74
 2383.50  1.74
 2384.20  1.74
 2384.90  1.74
 2385.60  1.73
 2386.30  1.73
 2387.00  1.73
 2387.70  1.73
 2388.40  1.73
 2389.10  1.73
 2389.80  1.73
 2390.50  1.73
 2391.20  1.72
 2391.90  1.72
 2392.60  1.72
 2393.30  1.72
 2394.00  1.72
 2394.70  1.72
 2395.40  1.72
 2396.10  1.71
 2396.80  1.71
 2397.50  1.71
 2398.20  1.71
 2398.90  1.71
 2399.60  1.71
 2400.30  1.71
 2401.00  1.70
 2401.70  1.70
 2402.40  1.70
 2403.10  1.70
 2403.80  1.70
 2404.50  1.70
 2405.20  1.70
 2405.90  1.69
 2406.60  1.69
 2407.30  1.69
 2408.00  1.69
 2408.70  1.69
 2409.40  1.69
 2410.10  1.69
 2410.80  1.69
 2411.50  1.68
 2412.20  1.68
 2412.90  1.68
 2413.60  1.68
 2414.30  1.68
 2415.00  1.68
 2415.70  1.68
 2416.40  1.67
 2417.10  1.67
 2417.80  1.67
 2418.50  1.67
 2419.20  1.67
 2419.90  1.67
 2420.60  1.67
 2421.30  1.67
 2422.00  1.66
 2422.70  1.66
 2423.40  1.66
 2424.10  1.66
 2424.80  1.66
 2425.50  1.66
 2426.20  1.66
 2426.90  1.66
 2427.60  1.65
 2428.30  1.65
 2429.00  1.65
 2429.70  1.65
 2430.40  1.65
 2431.10  1.65
 2431.80  1.65
 2432.50  1.65
 2433.20  1.65
 2433.90  1.64
 2434.60  1.64
 2435.30  1.64
 2436.00  1.64
 2436.70  1.64
 2437.40  1.64
 2438.10  1.64
 2438.80  1.64
 2439.50  1.64
 2440.20  1.64
 2440.90  1.63
 2441.60  1.63
 2442.30  1.63
 2443.00  1.63
 2443.70  1.63
 2444.40  1.63
 2445.10  1.63
 2445.80  1.63
 2446.50  1.63
 2447.20  1.63
 2447.90  1.63
 2448.60  1.63
 2449.30  1.63
 2450.00  1.62
 2450.70  1.62
 2451.40  1.62
 2452.10  1.62
 2452.80  1.62
 2453.50  1.62
 2454.20  1.62
 2454.90  1.62
 2455.60  1.62
 2456.30  1.62
 2457.00  1.62
 2457.70  1.62
 2458.40  1.62
 2459.10  1.62
 2459.80  1.62
 2460.50  1.62
 2461.20  1.62
 2461.90  1.62
 2462.60  1.62
 2463.30  1.62
 2464.00  1.62
 2464.70  1.61
 2465.40  1.61
 2466.10  1.61
 2466.80  1.61
 2467.50  1.61
 2468.20  1.61
 2468.90  1.61
 2469.60  1.61
 2470.30  1.61
 2471.00  1.61
 2471.70  1.61
 2472.40  1.61
 2473.10  1.61
 2473.80  1.61
 2474.50  1.61
 2475.20  1.61
 2475.90  1.61
 2476.60  1.61
 2477.30  1.61
 2478.00  1.62
 2478.70  1.62
 2479.40  1.62
 2480.10  1.62
 2480.80  1.62
 2481.50  1.62
 2482.20  1.62
 2482.90  1.62
 2483.60  1.62
 2484.30  1.62
 2485.00  1.62
 2485.70  1.62
 2486.40  1.62
 2487.10  1.62
 2487.80  1.62
 2488.50  1.62
 2489.20  1.62
 2489.90  1.62
 2490.60  1.62
 2491.30  1.62
 2492.00  1.62
 2492.70  1.62
 2493.40  1.63
 2494.10  1.63
 2494.80  1.63
 2495.50  1.63
 2496.20  1.63
 2496.90  1.63
 2497.60  1.63
 2498.30  1.63
 2499.00  1.63
 2499.70  1.63
 2500.40  1.63
 2501.10  1.63
 2501.80  1.64
 2502.50  1.64
 2503.20  1.64
 2503.90  1.64
 2504.60  1.64
 2505.30  1.64
 2506.00  1.64
 2506.70  1.64
 2507.40  1.64
 2508.10  1.65
 2508.80  1.65
 2509.50  1.65
 2510.20  1.65
 2510.90  1.65
 2511.60  1.65
 2512.30  1.65
 2513.00  1.65
 2513.70  1.66
 2514.40  1.66
 2515.10  1.66
 2515.80  1.66
 2516.50  1.66
 2517.20  1.66
 2517.90  1.66
 2518.60  1.67
 2519.30  1.67
 2520.00  1.67
 2520.70  1.67
 2521.40  1.67
 2522.10  1.67
 2522.80  1.67
 2523.50  1.68
 2524.20  1.68
 2524.90  1.68
 2525.60  1.68
 2526.30  1.68
 2527.00  1.68
 2527.70  1.69
 2528.40  1.69
 2529.10  1.69
 2529.80  1.69
 2530.50  1.69
 2531.20  1.69
 2531.90  1.70
 2532.60  1.70
 2533.30  1.70
 2534.00  1.70
 2534.70  1.70
 2535.40  1.71
 2536.10  1.71
 2536.80  1.71
 2537.50  1.71
 2538.20  1.71
 2538.90  1.71
 2539.60  1.72
 2540.30  1.72
 2541.00  1.72
 2541.70  1.72
 2542.40  1.72
 2543.10  1.73
 2543.80  1.73
 2544.50  1.73
 2545.20  1.73
 2545.90  1.73
 2546.60  1.74
 2547.30  1.74
 2548.00  1.74
 2548.70  1.74
 2549.40  1.74
 2550.10  1.75
 2550.80  1.75
 2551.50  1.75
 2552.20  1.75
 2552.90  1.75
 2553.60  1.76
 2554.30  1.76
 2555.00  1.76
 2555.70  1.76
 2556.40  1.77
 2557.10  1.77
 2557.80  1.77
 2558.50  1.77
 2559.20  1.77
 2559.90  1.77
 2560.60  1.78
 2561.30  1.78
 2562.00  1.78
 2562.70  1.78
 2563.40  1.78
 2564.10  1.78
 2564.80  1.78
 2565.50  1.78
 2566.20  1.78
 2566.90  1.78
 2567.60  1.78
 2568.30  1.79
 2569.00  1.79
 2569.70  1.79
 2570.40  1.79
 2571.10  1.79
 2571.80  1.79
 2572.50  1.79
 2573.20  1.79
 2573.90  1.79
 2574.60  1.79
 2575.30  1.79
 2576.00  1.79
 2576.70  1.79
 2577.40  1.79
 2578.10  1.79
 2578.80  1.79
 2579.50  1.79
 2580.20  1.79
 2580.90  1.78
 2581.60  1.78
 2582.30  1.78
 2583.00  1.78
 2583.70  1.78
 2584.40  1.78
 2585.10  1.78
 2585.80  1.78
 2586.50  1.78
 2587.20  1.78
 2587.90  1.78
 2588.60  1.78
 2589.30  1.78
 2590.00  1.78
 2590.70  1.77
 2591.40  1.77
 2592.10  1.77
 2592.80  1.77
 2593.50  1.77
 2594.20  1.77
 2594.90  1.77
 2595.60  1.77
 2596.30  1.77
 2597.00  1.77
 2597.70  1.76
 2598.40  1.76
 2599.10  1.76
 2599.80  1.76
 2600.50  1.76
 2601.20  1.76
 2601.90  1.76
 2602.60  1.76
 2603.30  1.75
 2604.00  1.75
 2604.70  1.75
 2605.40  1.75
 2606.10  1.75
 2606.80  1.75
 2607.50  1.75
 2608.20  1.75
 2608.90  1.74
 2609.60  1.74
 2610.30  1.74
 2611.00  1.74
 2611.70  1.74
 2612.40  1.74
 2613.10  1.74
 2613.80  1.73
 2614.50  1.73
 2615.20  1.73
 2615.90  1.73
 2616.60  1.73
 2617.30  1.73
 2618.00  1.73
 2618.70  1.73
 2619.40  1.72
 2620.10  1.72
 2620.80  1.72
 2621.50  1.72
 2622.20  1.72
 2622.90  1.72
 2623.60  1.72
 2624.30  1.71
 2625.00  1.71
 2625.70  1.71
 2626.40  1.71
 2627.10  1.71
 2627.80  1.71
 2628.50  1.71
 2629.20  1.70
 2629.90  1.70
 2630.60  1.70
 2631.30  1.70
 2632.00  1.70
 2632.70  1.70
 2633.40  1.70
 2634.10  1.69
 2634.80  1.69
 2635.50  1.69
 2636.20  1.69
 2636.90  1.69
 2637.60  1.69
 2638.30  1.69
 2639.00  1.69
 2639.70  1.68
 2640.40  1.68
 2641.10  1.68
 2641.80  1.68
 2642.50  1.68
 2643.20  1.68
 2643.90  1.68
 2644.60  1.67
 2645.30  1.67
 2646.00  1.67
 2646.70  1.67
 2647.40  1.67
 2648.10  1.67
 2648.80  1.67
 2649.50  1.67
 2650.20  1.66
 2650.90  1.66
 2651.60  1.66
 2652.30  1.66
 2653.00  1.66
 2653.70  1.66
 2654.40  1.66
 2655.10  1.66
 2655.80  1.66
 2656.50  1.65
 2657.20  1.65
 2657.90  1.65
 2658.60  1.65
 2659.30  1.65
 2660.00  1.65
 2660.70  1.65
 2661.40  1.65
 2662.10  1.65
 2662.80  1.64
 2663.50  1.64
 2664.20  1.64
 2664.90  1.64
 2665.60  1.64
 2666.30  1.64
 2667.00  1.64
 2667.70  1.64
 2668.40  1.64
 2669.10  1.64
 2669.80  1.63
 2670.50  1.63
 2671.20  1.63
 2671.90  1.63
 2672.60  1.63
 2673.30  1.63
 2674.00  1.63
 2674.70  1.63
 2675.40  1.63
 2676.10  1.63
 2676.80  1.63
 2677.50  1.63
 2678.20  1.62
 2678.90  1.62
 2679.60  1.62
 2680.30  1.62
 2681.00  1.62
 2681.70  1.62
 2682.40  1.62
 2683.10  1.62
 2683.80  1.62
 2684.50  1.62
 2685.20  1.62
 2685.90  1.62
 2686.60  1.62
 2687.30  1.62
 2688.00  1.62
 2688.70  1.62
 2689.40  1.62
 2690.10  1.62
 2690.80  1.61
 2691.50  1.61
 2692.20  1.61
 2692.90  1.61
 2693.60  1.61
 2694.30  1.61
 2695.00  1.61
 2695.70  1.61
 2696.40  1.61
 2697.10  1.61
 2697.80  1.61
 2698.50  1.61
 2699.20  1.61
 2699.90  1.61
 2700.60  1.61
 2701.30  1.61
 2702.00  1.61
 2702.70  1.61
 2703.40  1.61
 2704.10  1.61
 2704.80  1.61
 2705.50  1.61
 2706.20  1.61
 2706.90  1.61
 2707.60  1.61
 2708.30  1.61
 2709.00  1.61
 2709.70  1.61
 2710.40  1.61
 2711.10  1.61
 2711.80  1.61
 2712.50  1.61
 2713.20  1.61
 2713.90  1.61
 2714.60  1.61
 2715.30  1.61
 2716.00  1.61
 2716.70  1.61
 2717.40  1.61
 2718.10  1.61
 2718.80  1.61
 2719.50  1.61
 2720.20  1.61
 2720.90  1.61
 2721.60  1.62
 2722.30  1.62
 2723.00  1.62
 2723.70  1.62
 2724.40  1.62
 2725.10  1.62
 2725.80  1.62
 2726.50  1.62
 2727.20  1.62
 2727.90  1.62
 2728.60  1.62
 2729.30  1.62
 2730.00  1.62
 2730.70  1.62
 2731.40  1.62
 2732.10  1.62
 2732.80  1.62
 2733.50  1.63
 2734.20  1.63
 2734.90  1.63
 2735.60  1.63
 2736.30  1.63
 2737.00  1.63
 2737.70  1.63
 2738.40  1.63
 2739.10  1.63
 2739.80  1.63
 2740.50  1.63
 2741.20  1.63
 2741.90  1.64
 2742.60  1.64
 2743.30  1.64
 2744.00  1.64
 2744.70  1.64
 2745.40  1.64
 2746.10  1.64
 2746.80  1.64
 2747.50  1.64
 2748.20  1.64
 2748.90  1.65
 2749.60  1.65
 2750.30  1.65
 2751.00  1.65
 2751.70  1.65
 2752.40  1.65
 2753.10  1.65
 2753.80  1.65
 2754.50  1.65
 2755.20  1.66
 2755.90  1.66
 2756.60  1.66
 2757.30  1.66
 2758.00  1.66
 2758.70  1.66
 2759.40  1.66
 2760.10  1.67
 2760.80  1.67
 2761.50  1.67
 2762.20  1.67
 2762.90  1.67
 2763.60  1.67
 2764.30  1.67
 2765.00  1.67
 2765.70  1.68
 2766.40  1.68
 2767.10  1.68
 2767.80  1.68
 2768.50  1.68
 2769.20  1.68
 2769.90  1.69
 2770.60  1.69
 2771.30  1.69
 2772.00  1.69
 2772.70  1.69
 2773.40  1.69
 2774.10  1.69
 2774.80  1.70
 2775.50  1.70
 2776.20  1.70
 2776.90  1.70
 2777.60  1.70
 2778.30  1.70
 2779.00  1.71
 2779.70  1.71
 2780.40  1.71
 2781.10  1.71
 2781.80  1.71
 2782.50  1.71
 2783.20  1.72
 2783.90  1.72
 2784.60  1.72
 2785.30  1.72
 2786.00  1.72
 2786.70  1.72
 2787.40  1.73
 2788.10  1.73
 2788.80  1.73
 2789.50  1.73
 2790.20  1.73
 2790.90  1.73
 2791.60  1.74
 2792.30  1.74
 2793.00  1.74
 2793.70  1.74
 2794.40  1.74
 2795.10  1.75
 2795.80  1.75
 2796.50  1.75
 2797.20  1.75
 2797.90  1.75
 2798.60  1.75
 2799.30  1.76
 2800.00  1.76
 2800.70  1.76
 2801.40  1.76
 2802.10  1.76
 2802.80  1.76
 2803.50  1.76
 2804.20  1.76
 2804.90  1.77
 2805.60  1.77
 2806.30  1.77
 2807.00  1.77
 2807.70  1.77
 2808.40  1.77
 2809.10  1.77
 2809.80  1.77
 2810.50  1.77
 2811.20  1.77
 2811.90  1.77
 2812.60  1.77
 2813.30  1.77
 2814.00  1.77
 2814.70  1.77
 2815.40  1.77
 2816.10  1.77
 2816.80  1.77
 2817.50  1.77
 2818.20  1.77
 2818.90  1.77
 2819.60  1.77
 2820.30  1.77
 2821.00  1.77
 2821.70  1.77
 2822.40  1.76
 2823.10  1.76
 2823.80  1.76
 2824.50  1.76
 2825.20  1.76
 2825.90  1.76
 2826.60  1.76
 2827.30  1.76
 2828.00  1.76
 2828.70  1.76
 2829.40  1.76
 2830.10  1.76
 2830.80  1.75
 2831.50  1.75
 2832.20  1.75
 2832.90  1.75
 2833.60  1.75
 2834.30  1.75
 2835.00  1.75
 2835.70  1.75
 2836.40  1.75
 2837.10  1.74
 2837.80  1.74
 2838.50  1.74
 2839.20  1.74
 2839.90  1.74
 2840.60  1.74
 2841.30  1.74
 2842.00  1.74
 2842.70  1.73
 2843.40  1.73
 2844.10  1.73
 2844.80  1.73
 2845.50  1.73
 2846.20  1.73
 2846.90  1.73
 2847.60  1.73
 2848.30  1.72
 2849.00  1.72
 2849.70  1.72
 2850.40  1.72
 2851.10  1.72
 2851.80  1.72
 2852.50  1.72
 2853.20  1.71
 2853.90  1.71
 2854.60  1.71
 2855.30  1.71
 2856.00  1.71
 2856.70  1.71
 2857.40  1.71
 2858.10  1.70
 2858.80  1.70
 2859.50  1.70
 2860.20  1.70
 2860.90  1.70
 2861.60  1.70
 2862.30  1.70
 2863.00  1.69
 2863.70  1.69
 2864.40  1.69
 2865.10  1.69
 2865.80  1.69
 2866.50  1.69
 2867.20  1.69
 2867.90  1.69
 2868.60  1.68
 2869.30  1.68
 2870.00  1.68
 2870.70  1.68
 2871.40  1.68
 2872.10  1.68
 2872.80  1.68
 2873.50  1.67
 2874.20  1.67
 2874.90  1.67
 2875.60  1.67
 2876.30  1.67
 2877.00  1.67
 2877.70  1.67
 2878.40  1.67
 2879.10  1.66
 2879.80  1.66
 2880.50  1.66
 2881.20  1.66
 2881.90  1.66
 2882.60  1.66
 2883.30  1.66
 2884.00  1.66
 2884.70  1.65
 2885.40  1.65
 2886.10  1.65
 2886.80  1.65
 2887.50  1.65
 2888.20  1.65
 2888.90  1.65
 2889.60  1.65
 2890.30  1.65
 2891.00  1.64
 2891.70  1.64
 2892.40  1.64
 2893.10  1.64
 2893.80  1.64
 2894.50  1.64
 2895.20  1.64
 2895.90  1.64
 2896.60  1.64
 2897.30  1.64
 2898.00  1.63
 2898.70  1.63
 2899.40  1.63
 2900.10  1.63
 2900.80  1.63
 2901.50  1.63
 2902.20  1.63
 2902.90  1.63
 2903.60  1.63
 2904.30  1.63
 2905.00  1.63
 2905.70  1.63
 2906.40  1.63
 2907.10  1.62
 2907.80  1.62
 2908.50  1.62
 2909.20  1.62
 2909.90  1.62
 2910.60  1.62
 2911.30  1.62
 2912.00  1.62
 2912.70  1.62
 2913.40  1.62
 2914.10  1.62
 2914.80  1.62
 2915.50  1.62
 2916.20  1.62
 2916.90  1.62
 2917.60  1.62
 2918.30  1.62
 2919.00  1.62
 2919.70  1.62
 2920.40  1.62
 2921.10  1.62
 2921.80  1.62
 2922.50  1.61
 2923.20  1.61
 2923.90  1.61
 2924.60  1.61
 2925.30  1.61
 2926.00  1.61
 2926.70  1.61
 2927.40  1.61
 2928.10  1.61
 2928.80  1.61
 2929.50  1.61
 2930.20  1.61
 2930.90  1.61
 2931.60  1.61
 2932.30  1.61
 2933.00  1.61
 2933.70  1.61
 2934.40  1.61
 2935.10  1.62
 2935.80  1.62
 2936.50  1.62
 2937.20  1.62
 2937.90  1.62
 2938.60  1.62
 2939.30  1.62
 2940.00  1.62
 2940.70  1.62
 2941.40  1.62
 2942.10  1.62
 2942.80  1.62
 2943.50  1.62
 2944.20  1.62
 2944.90  1.62
 2945.60  1.62
 2946.30  1.62
 2947.00  1.62
 2947.70  1.62
 2948.40  1.62
 2949.10  1.62
 2949.80  1.62
 2950.50  1.63
 2951.20  1.63
 2951.90  1.63
 2952.60  1.63
 2953.30  1.63
 2954.00  1.63
 2954.70  1.63
 2955.40  1.63
 2956.10  1.63
 2956.80  1.63
 2957.50  1.63
 2958.20  1.63
 2958.90  1.64
 2959.60  1.64
 2960.30  1.64
 2961.00  1.64
 2961.70  1.64
 2962.40  1.64
 2963.10  1.64
 2963.80  1.64
 2964.50  1.64
 2965.20  1.65
 2965.90  1.65
 2966.60  1.65
 2967.30  1.65
 2968.00  1.65
 2968.70  1.65
 2969.40  1.65
 2970.10  1.65
 2970.80  1.66
 2971.50  1.66
 2972.20  1.66
 2972.90  1.66
 2973.60  1.66
 2974.30  1.66
 2975.00  1.66
 2975.70  1.67
 2976.40  1.67
 2977.10  1.67
 2977.80  1.67
 2978.50  1.67
 2979.20  1.67
 2979.90  1.67
 2980.60  1.68
 2981.30  1.68
 2982.00  1.68
 2982.70  1.68
 2983.40  1.68
 2984.10  1.68
 2984.80  1.69
 2985.50  1.69
 2986.20  1.69
 2986.90  1.69
 2987.60  1.69
 2988.30  1.69
 2989.00  1.70
 2989.70  1.70
 2990.40  1.70
 2991.10  1.70
 2991.80  1.70
 2992.50  1.71
 2993.20  1.71
 2993.90  1.71
 2994.60  1.71
 2995.30  1.71
 2996.00  1.71
 2996.70  1.72
 2997.40  1.72
 2998.10  1.72
 2998.80  1.72
 2999.50  1.72
 3000.20  1.73
 3000.90  1.73
 3001.60  1.73
 3002.30  1.73
 3003.00  1.73
 3003.70  1.74
 3004.40  1.74
 3005.10  1.74
 3005.80  1.74
 3006.50  1.74
 3007.20  1.75
 3007.90  1.75
 3008.60  1.75
 3009.30  1.75
 3010.00  1.75
 3010.70  1.76
 3011.40  1.76
 3012.10  1.76
 3012.80  1.76
 3013.50  1.77
 3014.20  1.77
 3014.90  1.77
 3015.60  1.77
 3016.30  1.77
 3017.00  1.77
 3017.70  1.78
 3018.40  1.78
 3019.10  1.78
 3019.80  1.78
 3020.50  1.78
 3021.20  1.78
 3021.90  1.78
 3022.60  1.78
 3023.30  1.78
 3024.00  1.78
 3024.70  1.78
 3025.40  1.79
 3026.10  1.79
 3026.80  1.79
 3027.50  1.79
 3028.20  1.79
 3028.90  1.79
 3029.60  1.79
 3030.30  1.79
 3031.00  1.79
 3031.70  1.79
 3032.40  1.79
 3033.10  1.79
 3033.80  1.79
 3034.50  1.79
 3035.20  1.79
 3035.90  1.79
 3036.60  1.79
 3037.30  1.79
 3038.00  1.78
 3038.70  1.78
 3039.40  1.78
 3040.10  1.78
 3040.80  1.78
 3041.50  1.78
 3042.20  1.78
 3042.90  1.78
 3043.60  1.78
 3044.30  1.78
 3045.00  1.78
 3045.70  1.78
 3046.40  1.78
 3047.10  1.78
 3047.80  1.77
 3048.50  1.77
 3049.20  1.77
 3049.90  1.77
 3050.60  1.77
 3051.30  1.77
 3052.00  1.77
 3052.70  1.77
 3053.40  1.77
 3054.10  1.77
 3054.80  1.76
 3055.50  1.76
 3056.20  1.76
 3056.90  1.76
 3057.60  1.76
 3058.30  1.76
 3059.00  1.76
 3059.70  1.76
 3060.40  1.75
 3061.10  1.75
 3061.80  1.75
 3062.50  1.75
 3063.20  1.75
 3063.90  1.75
 3064.60  1.75
 3065.30  1.75
 3066.00  1.74
 3066.70  1.74
 3067.40  1.74
 3068.10  1.74
 3068.80  1.74
 3069.50  1.74
 3070.20  1.74
 3070.90  1.74
 3071.60  1.73
 3072.30  1.73
 3073.00  1.73
 3073.70  1.73
 3074.40  1.73
 3075.10  1.73
 3075.80  1.73
 3076.50  1.72
 3077.20  1.72
 3077.90  1.72
 3078.60  1.72
 3079.30  1.72
 3080.00  1.72
 3080.70  1.72
 3081.40  1.71
 3082.10  1.71
 3082.80  1.71
 3083.50  1.71
 3084.20  1.71
 3084.90  1.71
 3085.60  1.71
 3086.30  1.70
 3087.00  1.70
 3087.70  1.70
 3088.40  1.70
 3089.10  1.70
 3089.80  1.70
 3090.50  1.70
 3091.20  1.69
 3091.90  1.69
 3092.60  1.69
 3093.30  1.69
 3094.00  1.69
 3094.70  1.69
 3095.40  1.69
 3096.10  1.69
 3096.80  1.68
 3097.50  1.68
 3098.20  1.68
 3098.90  1.68
 3099.60  1.68
 3100.30  1.68
 3101.00  1.68
 3101.70  1.67
 3102.40  1.67
 3103.10  1.67
 3103.80  1.67
 3104.50  1.67
 3105.20  1.67
 3105.90  1.67
 3106.60  1.67
 3107.30  1.66
 3108.00  1.66
 3108.70  1.66
 3109.40  1.66
 3110.10  1.66
 3110.80  1.66
 3111.50  1.66
 3112.20  1.66
 3112.90  1.66
 3113.60  1.65
 3114.30  1.65
 3115.00  1.65
 3115.70  1.65
 3116.40  1.65
 3117.10  1.65
 3117.80  1.65
 3118.50  1.65
 3119.20  1.65
 3119.90  1.64
 3120.60  1.64
 3121.30  1.64
 3122.00  1.64
 3122.70  1.64
 3123.40  1.64
 3124.10  1.64
 3124.80  1.64
 3125.50  1.64
 3126.20  1.64
 3126.90  1.63
 3127.60  1.63
 3128.30  1.63
 3129.00  1.63
 3129.70  1.63
 3130.40  1.63
 3131.10  1.63
 3131.80  1.63
 3132.50  1.63
 3133.20  1.63
 3133.90  1.63
 3134.60  1.63
 3135.30  1.63
 3136.00  1.62
 3136.70  1.62
 3137.40  1.62
 3138.10  1.62
 3138.80  1.62
 3139.50  1.62
 3140.20  1.62
 3140.90  1.62
 3141.60  1.62
 3142.30  1.62
 3143.00  1.62
 3143.70  1.62
 3144.40  1.62
 3145.10  1.62
 3145.80  1.62
 3146.50  1.62
 3147.20  1.62
 3147.90  1.61
 3148.60  1.61
 3149.30  1.61
 3150.00  1.61
 3150.70  1.61
 3151.40  1.61
 3152.10  1.61
 3152.80  1.61
 3153.50  1.61
 3154.20  1.61
 3154.90  1.61
 3155.60  1.61
 3156.30  1.61
 3157.00  1.61
 3157.70  1.61
 3158.40  1.61
 3159.10  1.61
 3159.80  1.61
 3160.50  1.61
 3161.20  1.61
 3161.90  1.61
 3162.60  1.61
 3163.30  1.61
 3164.00  1.61
 3164.70  1.61
 3165.40  1.61
 3166.10  1.61
 3166.80  1.61
 3167.50  1.61
 3168.20  1.61
 3168.90  1.61
 3169.60  1.61
 3170.30  1.61
 3171.00  1.61
 3171.70  1.61
 3172.40  1.61
 3173.10  1.61
 3173.80  1.61
 3174.50  1.61
 3175.20  1.61
 3175.90  1.61
 3176.60  1.61
 3177.30  1.61
 3178.00  1.61
 3178.70  1.62
 3179.40  1.62
 3180.10  1.62
 3180.80  1.62
 3181.50  1.62
 3182.20  1.62
 3182.90  1.62
 3183.60  1.62
 3184.30  1.62
 3185.00  1.62
 3185.70  1.62
 3186.40  1.62
 3187.10  1.62
 3187.80  1.62
 3188.50  1.62
 3189.20  1.62
 3189.90  1.62
 3190.60  1.63
 3191.30  1.63
 3192.00  1.63
 3192.70  1.63
 3193.40  1.63
 3194.10  1.63
 3194.80  1.63
 3195.50  1.63
 3196.20  1.63
 3196.90  1.63
 3197.60  1.63
 3198.30  1.63
 3199.00  1.64
 3199.70  1.64
 3200.40  1.64
 3201.10  1.64
 3201.80  1.64
 3202.50  1.64
 3203.20  1.64
 3203.90  1.64
 3204.60  1.64
 3205.30  1.64
 3206.00  1.65
 3206.70  1.65
 3207.40  1.65
 3208.10  1.65
 3208.80  1.65
 3209.50  1.65
 3210.20  1.65
 3210.90  1.65
 3211.60  1.65
 3212.30  1.66
 3213.00  1.66
 3213.70  1.66
 3214.40  1.66
 3215.10  1.66
 3215.80  1.66
 3216.50  1.66
 3217.20  1.67
 3217.90  1.67
 3218.60  1.67
 3219.30  1.67
 3220.00  1.67
 3220.70  1.67
 3221.40  1.67
 3222.10  1.67
 3222.80  1.68
 3223.50  1.68
 3224.20  1.68
 3224.90  1.68
 3225.60  1.68
 3226.30  1.68
 3227.00  1.69
 3227.70  1.69
 3228.40  1.69
 3229.10  1.69
 3229.80  1.69
 3230.50  1.69
 3231.20  1.69
 3231.90  1.70
 3232.60  1.70
 3233.30  1.70
 3234.00  1.70
 3234.70  1.70
 3235.40  1.70
 3236.10  1.71
 3236.80  1.71
 3237.50  1.71
 3238.20  1.71
 3238.90  1.71
 3239.60  1.71
 3240.30  1.72
 3241.00  1.72
 3241.70  1.72
 3242.40  1.72
 3243.10  1.72
 3243.80  1.72
 3244.50  1.73
 3245.20  1.73
 3245.90  1.73
 3246.60  1.73
 3247.30  1.73
 3248.00  1.73
 3248.70  1.74
 3249.40  1.74
 3250.10  1.74
 3250.80  1.74
 3251.50  1.74
 3252.20  1.75
 3252.90  1.75
 3253.60  1.75
 3254.30  1.75
 3255.00  1.75
 3255.70  1.75
 3256.40  1.76
 3257.10  1.76
 3257.80  1.76
 3258.50  1.76
 3259.20  1.76
 3259.90  1.76
 3260.60  1.76
 3261.30  1.76
 3262.00  1.77
 3262.70  1.77
 3263.40  1.77
 3264.10  1.77
 3264.80  1.77
 3265.50  1.77
 3266.20  1.77
 3266.90  1.77
 3267.60  1.77
 3268.30  1.77
 3269.00  1.77
 3269.70  1.77
 3270.40  1.77
 3271.10  1.77
 3271.80  1.77
 3272.50  1.77
 3273.20  1.77
 3273.90  1.77
 3274.60  1.77
 3275.30  1.77
 3276.00  1.77
 3276.70  1.77
 3277.40  1.77
 3278.10  1.77
 3278.80  1.77
 3279.50  1.77
 3280.20  1.76
 3280.90  1.76
 3281.60  1.76
 3282.30  1.76
 3283.00  1.76
 3283.70  1.76
 3284.40  1.76
 3285.10  1.76
 3285.80  1.76
 3286.50  1.76
 3287.20  1.76
 3287.90  1.75
 3288.60  1.75
 3289.30  1.75
 3290.00  1.75
 3290.70  1.75
 3291.40  1.75
 3292.10  1.75
 3292.80  1.75
 3293.50  1.75
 3294.20  1.74
 3294.90  1.74
 3295.60  1.74
 3296.30  1.74
 3297.00  1.74
 3297.70  1.74
 3298.40  1.74
 3299.10  1.74
 3299.80  1.73
 3300.50  1.73
 3301.20  1.73
 3301.90  1.73
 3302.60  1.73
 3303.30  1.73
 3304.00  1.73
 3304.70  1.73
 3305.40  1.72
 3306.10  1.72
 3306.80  1.72
 3307.50  1.72
 3308.20  1.72
 3308.90  1.72
 3309.60  1.72
 3310.30  1.71
 3311.00  1.71
 3311.70  1.71
 3312.40  1.71
 3313.10  1.71
 3313.80  1.71
 3314.50  1.71
 3315.20  1.70
 3315.90  1.70
 3316.60  1.70
 3317.30  1.70
 3318.00  1.70
 3318.70  1.70
 3319.40  1.70
 3320.10  1.69
 3320.80  1.69
 3321.50  1.69
 3322.20  1.69
 3322.90  1.69
 3323.60  1.69
 3324.30  1.69
 3325.00  1.69
 3325.70  1.68
 3326.40  1.68
 3327.10  1.68
 3327.80  1.68
 3328.50  1.68
 3329.20  1.68
 3329.90  1.68
 3330.60  1.67
 3331.30  1.67
 3332.00  1.67
 3332.70  1.67
 3333.40  1.67
 3334.10  1.67
 3334.80  1.67
 3335.50  1.67
 3336.20  1.66
 3336.90  1.66
 3337.60  1.66
 3338.30  1.66
 3339.00  1.66
 3339.70  1.66
 3340.40  1.66
 3341.10  1.66
 3341.80  1.65
 3342.50  1.65
 3343.20  1.65
 3343.90  1.65
 3344.60  1.65
 3345.30  1.65
 3346.00  1.65
 3346.70  1.65
 3347.40  1.65
 3348.10  1.64
 3348.80  1.64
 3349.50  1.64
 3350.20  1.64
 3350.90  1.64
 3351.60  1.64
 3352.30  1.64
 3353.00  1.64
 3353.70  1.64
 3354.40  1.64
 3355.10  1.63
 3355.80  1.63
 3356.50  1.63
 3357.20  1.63
 3357.90  1.63
 3358.60  1.63
 3359.30  1.63
 3360.00  1.63
 3360.70  1.63
 3361.40  1.63
 3362.10  1.63
 3362.80  1.63
 3363.50  1.63
 3364.20  1.62
 3364.90  1.62
 3365.60  1.62
 3366.30  1.62
 3367.00  1.62
 3367.70  1.62
 3368.40  1.62
 3369.10  1.62
 3369.80  1.62
 3370.50  1.62
 3371.20  1.62
 3371.90  1.62
 3372.60  1.62
 3373.30  1.62
 3374.00  1.62
 3374.70  1.62
 3375.40  1.62
 3376.10  1.62
 3376.80  1.62
 3377.50  1.62
 3378.20  1.62
 3378.90  1.62
 3379.60  1.61
 3380.30  1.61
 3381.00  1.61
 3381.70  1.61
 3382.40  1.61
 3383.10  1.61
 3383.80  1.61
 3384.50  1.61
 3385.20  1.61
 3385.90  1.61
 3386.60  1.61
 3387.30  1.61
 3388.00  1.61
 3388.70  1.61
 3389.40  1.61
 3390.10  1.61
 3390.80  1.61
 3391.50  1.61
 3392.20  1.62
 3392.90  1.62
 3393.60  1.62
 3394.30  1.62
 3395.00  1.62
 3395.70  1.62
 3396.40  1.62
 3397.10  1.62
 3397.80  1.62
 3398.50  1.62
 3399.20  1.62
 3399.90  1.62
 3400.60  1.62
 3401.30  1.62
 3402.00  1.62
 3402.70  1.62
 3403.40  1.62
 3404.10  1.62
 3404.80  1.62
 3405.50  1.62
 3406.20  1.62
 3406.90  1.62
 3407.60  1.63
 3408.30  1.63
 3409.00  1.63
 3409.70  1.63
 3410.40  1.63
 3411.10  1.63
 3411.80  1.63
 3412.50  1.63
 3413.20  1.63
 3413.90  1.63
 3414.60  1.63
 3415.30  1.63
 3416.00  1.64
 3416.70  1.64
 3417.40  1.64
 3418.10  1.64
 3418.80  1.64
 3419.50  1.64
 3420.20  1.64
 3420.90  1.64
 3421.60  1.64
 3422.30  1.65
 3423.00  1.65
 3423.70  1.65
 3424.40  1.65
 3425.10  1.65
 3425.80  1.65
 3426.50  1.65
 3427.20  1.65
 3427.90  1.66
 3428.60  1.66
 3429.30  1.66
 3430.00  1.66
 3430.70  1.66
 3431.40  1.66
 3432.10  1.66
 3432.80  1.67
 3433.50  1.67
 3434.20  1.67
 3434.90  1.67
 3435.60  1.67
 3436.30  1.67
 3437.00  1.67
 3437.70  1.68
 3438.40  1.68
 3439.10  1.68
 3439.80  1.68
 3440.50  1.68
 3441.20  1.68
 3441.90  1.69
 3442.60  1.69
 3443.30  1.69
 3444.00  1.69
 3444.70  1.69
 3445.40  1.69
 3446.10  1.70
 3446.80  1.70
 3447.50  1.70
 3448.20  1.70
 3448.90  1.70
 3449.60  1.71
 3450.30  1.71
 3451.00  1.71
 3451.70  1.71
 3452.40  1.71
 3453.10  1.71
 3453.80  1.72
 3454.50  1.72
 3455.20  1.72
 3455.90  1.72
 3456.60  1.72
 3457.30  1.73
 3458.00  1.73
 3458.70  1.73
 3459.40  1.73
 3460.10  1.73
 3460.80  1.74
 3461.50  1.74
 3462.20  1.74
 3462.90  1.74
 3463.60  1.74
 3464.30  1.75
 3465.00  1.75
 3465.70  1.75
 3466.40  1.75
 3467.10  1.75
 3467.80  1.76
 3468.50  1.76
 3469.20  1.76
 3469.90  1.76
 3470.60  1.77
 3471.30  1.77
 3472.00  1.77
 3472.70  1.77
 3473.40  1.77
 3474.10  1.77
 3474.80  1.77
 3475.50  1.78
 3476.20  1.78
 3476.90  1.78
 3477.60  1.78
 3478.30  1.78
 3479.00  1.78
 3479.70  1.78
 3480.40  1.78
 3481.10  1.78
 3481.80  1.78
 3482.50  1.78
 3483.20  1.78
 3483.90  1.78
 3484.60  1.78
 3485.30  1.78
 3486.00  1.78
 3486.70  1.78
 3487.40  1.79
 3488.10  1.78
 3488.80  1.78
 3489.50  1.78
 3490.20  1.78
 3490.90  1.78
 3491.60  1.78
 3492.30  1.78
 3493.00  1.78
 3493.70  1.78
 3494.40  1.78
 3495.10  1.78
 3495.80  1.78
 3496.50  1.78
 3497.20  1.78
 3497.90  1.78
 3498.60  1.78
 3499.30  1.78
 3500.00  1.78
 3500.70  1.78
 3501.40  1.78
 3502.10  1.78
 3502.80  1.77
 3503.50  1.77
 3504.20  1.77
 3504.90  1.77
 3505.60  1.77
 3506.30  1.77
 3507.00  1.77
 3507.70  1.77
 3508.40  1.77
 3509.10  1.77
 3509.80  1.76
 3510.50  1.76
 3511.20  1.76
 3511.90  1.76
 3512.60  1.76
 3513.30  1.76
 3514.00  1.76
 3514.70  1.76
 3515.40  1.76
 3516.10  1.75
 3516.80  1.75
 3517.50  1.75
 3518.20  1.75
 3518.90  1.75
 3519.60  1.75
 3520.30  1.75
 3521.00  1.75
 3521.70  1.74
 3522.40  1.74
 3523.10  1.74
 3523.80  1.74
 3524.50  1.74
 3525.20  1.74
 3525.90  1.74
 3526.60  1.73
 3527.30  1.73
 3528.00  1.73
 3528.70  1.73
 3529.40  1.73
 3530.10  1.73
 3530.80  1.73
 3531.50  1.72
 3532.20  1.72
 3532.90  1.72
 3533.60  1.72
 3534.30  1.72
 3535.00  1.72
 3535.70  1.72
 3536.40  1.72
 3537.10  1.71
 3537.80  1.71
 3538.50  1.71
 3539.20  1.71
 3539.90  1.71
 3540.60  1.71
 3541.30  1.71
 3542.00  1.70
 3542.70  1.70
 3543.40  1.70
 3544.10  1.70
 3544.80  1.70
 3545.50  1.70
 3546.20  1.70
 3546.90  1.69
 3547.60  1.69
 3548.30  1.69
 3549.00  1.69
 3549.70  1.69
 3550.40  1.69
 3551.10  1.69
 3551.80  1.68
 3552.50  1.68
 3553.20  1.68
 3553.90  1.68
 3554.60  1.68
 3555.30  1.68
 3556.00  1.68
 3556.70  1.68
 3557.40  1.67
 3558.10  1.67
 3558.80  1.67
 3559.50  1.67
 3560.20  1.67
 3560.90  1.67
 3561.60  1.67
 3562.30  1.67
 3563.00  1.66
 3563.70  1.66
 3564.40  1.66
 3565.10  1.66
 3565.80  1.66
 3566.50  1.66
 3567.20  1.66
 3567.90  1.66
 3568.60  1.65
 3569.30  1.65
 3570.00  1.65
 3570.70  1.65
 3571.40  1.65
 3572.10  1.65
 3572.80  1.65
 3573.50  1.65
 3574.20  1.65
 3574.90  1.65
 3575.60  1.64
 3576.30  1.64
 3577.00  1.64
 3577.70  1.64
 3578.40  1.64
 3579.10  1.64
 3579.80  1.64
 3580.50  1.64
 3581.20  1.64
 3581.90  1.64
 3582.60  1.63
 3583.30  1.63
 3584.00  1.63
 3584.70  1.63
 3585.40  1.63
 3586.10  1.63
 3586.80  1.63
 3587.50  1.63
 3588.20  1.63
 3588.90  1.63
 3589.60  1.63
 3590.30  1.63
 3591.00  1.62
 3591.70  1.62
 3592.40  1.62
 3593.10  1.62
 3593.80  1.62
 3594.50  1.62
 3595.20  1.62
 3595.90  1.62
 3596.60  1.62
 3597.30  1.62
 3598.00  1.62
 3598.70  1.62
 3599.40  1.62
 3600.10  1.62
 3600.80  1.62
 3601.50  1.62
 3602.20  1.61
 3602.90  1.61
 3603.60  1.61
 3604.30  1.61
 3605.00  1.61
 3605.70  1.61
 3606.40  1.61
 3607.10  1.61
 3607.80  1.61
 3608.50  1.61
 3609.20  1.61
 3609.90  1.61
 3610.60  1.61
 3611.30  1.61
 3612.00  1.61
 3612.70  1.61
 3613.40  1.61
 3614.10  1.61
 3614.80  1.61
 3615.50  1.61
 3616.20  1.61
 3616.90  1.61
 3617.60  1.61
 3618.30  1.61
 3619.00  1.61
 3619.70  1.61
 3620.40  1.61
 3621.10  1.61
 3621.80  1.61
 3622.50  1.61
 3623.20  1.61
 3623.90  1.61
 3624.60  1.61
 3625.30  1.61
 3626.00  1.61
 3626.70  1.61
 3627.40  1.61
 3628.10  1.61
 3628.80  1.61
 3629.50  1.61
 3630.20  1.61
 3630.90  1.61
 3631.60  1.61
 3632.30  1.61
 3633.00  1.61
 3633.70  1.61
 3634.40  1.61
 3635.10  1.61
 3635.80  1.61
 3636.50  1.62
 3637.20  1.62
 3637.90  1.62
 3638.60  1.62
 3639.30  1.62
 3640.00  1.62
 3640.70  1.62
 3641.40  1.62
 3642.10  1.62
 3642.80  1.62
 3643.50  1.62
 3644.20  1.62
 3644.90  1.62
 3645.60  1.62
 3646.30  1.62
 3647.00  1.62
 3647.70  1.62
 3648.40  1.63
 3649.10  1.63
 3649.80  1.63
 3650.50  1.63
 3651.20  1.63
 3651.90  1.63
 3652.60  1.63
 3653.30  1.63
 3654.00  1.63
 3654.70  1.63
 3655.40  1.63
 3656.10  1.64
 3656.80  1.64
 3657.50  1.64
 3658.20  1.64
 3658.90  1.64
 3659.60  1.64
 3660.30  1.64
 3661.00  1.64
 3661.70  1.64
 3662.40  1.64
 3663.10  1.65
 3663.80  1.65
 3664.50  1.65
 3665.20  1.65
 3665.90  1.65
 3666.60  1.65
 3667.30  1.65
 3668.00  1.65
 3668.70  1.66
 3669.40  1.66
 3670.10  1.66
 3670.80  1.66
 3671.50  1.66
 3672.20  1.66
 3672.90  1.66
 3673.60  1.66
 3674.30  1.67
 3675.00  1.67
 3675.70  1.67
 3676.40  1.67
 3677.10  1.67
 3677.80  1.67
 3678.50  1.67
 3679.20  1.68
 3679.90  1.68
 3680.60  1.68
 3681.30  1.68
 3682.00  1.68
 3682.70  1.68
 3683.40  1.68
 3684.10  1.69
 3684.80  1.69
 3685.50  1.69
 3686.20  1.69
 3686.90  1.69
 3687.60  1.69
 3688.30  1.70
 3689.00  1.70
 3689.70  1.70
 3690.40  1.70
 3691.10  1.70
 3691.80  1.70
 3692.50  1.71
 3693.20  1.71
 3693.90  1.71
 3694.60  1.71
 3695.30  1.71
 3696.00  1.71
 3696.70  1.72
 3697.40  1.72
 3698.10  1.72
 3698.80  1.72
 3699.50  1.72
 3700.20  1.72
 3700.90  1.73
 3701.60  1.73
 3702.30  1.73
 3703.00  1.73
 3703.70  1.73
 3704.40  1.73
 3705.10  1.74
 3705.80  1.74
 3706.50  1.74
 3707.20  1.74
 3707.90  1.74
 3708.60  1.74
 3709.30  1.75
 3710.00  1.75
 3710.70  1.75
 3711.40  1.75
 3712.10  1.75
 3712.80  1.76
 3713.50  1.76
 3714.20  1.76
 3714.90  1.76
 3715.60  1.76
 3716.30  1.76
 3717.00  1.76
 3717.70  1.76
 3718.40  1.76
 3719.10  1.76
 3719.80  1.77
 3720.50  1.77
 3721.20  1.77
 3721.90  1.77
 3722.60  1.77
 3723.30  1.77
 3724.00  1.77
 3724.70  1.77
 3725.40  1.77
 3726.10  1.77
 3726.80  1.77
 3727.50  1.77
 3728.20  1.77
 3728.90  1.77
 3729.60  1.77
 3730.30  1.77
 3731.00  1.77
 3731.70  1.77
 3732.40  1.77
 3733.10  1.76
 3733.80  1.76
 3734.50  1.76
 3735.20  1.76
 3735.90  1.76
 3736.60  1.76
 3737.30  1.76
 3738.00  1.76
 3738.70  1.76
 3739.40  1.76
 3740.10  1.76
 3740.80  1.76
 3741.50  1.76
 3742.20  1.75
 3742.90  1.75
 3743.60  1.75
 3744.30  1.75
 3745.00  1.75
 3745.70  1.75
 3746.40  1.75
 3747.10  1.75
 3747.80  1.75
 3748.50  1.75
 3749.20  1.74
 3749.90  1.74
 3750.60  1.74
 3751.30  1.74
 3752.00  1.74
 3752.70  1.74
 3753.40  1.74
 3754.10  1.74
 3754.80  1.73
 3755.50  1.73
 3756.20  1.73
 3756.90  1.73
 3757.60  1.73
 3758.30  1.73
 3759.00  1.73
 3759.70  1.72
 3760.40  1.72
 3761.10  1.72
 3761.80  1.72
 3762.50  1.72
 3763.20  1.72
 3763.90  1.72
 3764.60  1.72
 3765.30  1.71
 3766.00  1.71
 3766.70  1.71
 3767.40  1.71
 3768.10  1.71
 3768.80  1.71
 3769.50  1.71
 3770.20  1.70
 3770.90  1.70
 3771.60  1.70
 3772.30  1.70
 3773.00  1.70
 3773.70  1.70
 3774.40  1.70
 3775.10  1.69
 3775.80  1.69
 3776.50  1.69
 3777.20  1.69
 3777.90  1.69
 3778.60  1.69
 3779.30  1.69
 3780.00  1.68
 3780.70  1.68
 3781.40  1.68
 3782.10  1.68
 3782.80  1.68
 3783.50  1.68
 3784.20  1.68
 3784.90  1.68
 3785.60  1.67
 3786.30  1.67
 3787.00  1.67
 3787.70  1.67
 3788.40  1.67
 3789.10  1.67
 3789.80  1.67
 3790.50  1.66
 3791.20  1.66
 3791.90  1.66
 3792.60  1.66
 3793.30  1.66
 3794.00  1.66
 3794.70  1.66
 3795.40  1.66
 3796.10  1.66
 3796.80  1.65
 3797.50  1.65
 3798.20  1.65
 3798.90  1.65
 3799.60  1.65
 3800.30  1.65
 3801.00  1.65
 3801.70  1.65
 3802.40  1.64
 3803.10  1.64
 3803.80  1.64
 3804.50  1.64
 3805.20  1.64
 3805.90  1.64
 3806.60  1.64
 3807.30  1.64
 3808.00  1.64
 3808.70  1.64
 3809.40  1.63
 3810.10  1.63
 3810.80  1.63
 3811.50  1.63
 3812.20  1.63
 3812.90  1.63
 3813.60  1.63
 3814.30  1.63
 3815.00  1.63
 3815.70  1.63
 3816.40  1.63
 3817.10  1.63
 3817.80  1.63
 3818.50  1.62
 3819.20  1.62
 3819.90  1.62
 3820.60  1.62
 3821.30  1.62
 3822.00  1.62
 3822.70  1.62
 3823.40  1.62
 3824.10  1.62
 3824.80  1.62
 3825.50  1.62
 3826.20  1.62
 3826.90  1.62
 3827.60  1.62
 3828.30  1.62
 3829.00  1.62
 3829.70  1.62
 3830.40  1.62
 3831.10  1.62
 3831.80  1.61
 3832.50  1.61
 3833.20  1.61
 3833.90  1.61
 3834.60  1.61
 3835.30  1.61
 3836.00  1.61
 3836.70  1.61
 3837.40  1.61
 3838.10  1.61
 3838.80  1.61
 3839.50  1.61
 3840.20  1.61
 3840.90  1.61
 3841.60  1.61
 3842.30  1.61
 3843.00  1.61
 3843.70  1.61
 3844.40  1.61
 3845.10  1.61
 3845.80  1.61
 3846.50  1.61
 3847.20  1.61
 3847.90  1.61
 3848.60  1.61
 3849.30  1.61
 3850.00  1.61
 3850.70  1.61
 3851.40  1.62
 3852.10  1.62
 3852.80  1.62
 3853.50  1.62
 3854.20  1.62
 3854.90  1.62
 3855.60  1.62
 3856.30  1.62
 3857.00  1.62
 3857.70  1.62
 3858.40  1.62
 3859.10  1.62
 3859.80  1.62
 3860.50  1.62
 3861.20  1.62
 3861.90  1.62
 3862.60  1.62
 3863.30  1.62
 3864.00  1.63
 3864.70  1.63
 3865.40  1.63
 3866.10  1.63
 3866.80  1.63
 3867.50  1.63
 3868.20  1.63
 3868.90  1.63
 3869.60  1.63
 3870.30  1.63
 3871.00  1.63
 3871.70  1.63
 3872.40  1.64
 3873.10  1.64
 3873.80  1.64
 3874.50  1.64
 3875.20  1.64
 3875.90  1.64
 3876.60  1.64
 3877.30  1.64
 3878.00  1.64
 3878.70  1.65
 3879.40  1.65
 3880.10  1.65
 3880.80  1.65
 3881.50  1.65
 3882.20  1.65
 3882.90  1.65
 3883.60  1.65
 3884.30  1.66
 3885.00  1.66
 3885.70  1.66
 3886.40  1.66
 3887.10  1.66
 3887.80  1.66
 3888.50  1.66
 3889.20  1.67
 3889.90  1.67
 3890.60  1.67
 3891.30  1.67
 3892.00  1.67
 3892.70  1.67
 3893.40  1.68
 3894.10  1.68
 3894.80  1.68
 3895.50  1.68
 3896.20  1.68
 3896.90  1.68
 3897.60  1.69
 3898.30  1.69
 3899.00  1.69
 3899.70  1.69
 3900.40  1.69
 3901.10  1.69
 3901.80  1.70
 3902.50  1.70
 3903.20  1.70
 3903.90  1.70
 3904.60  1.70
 3905.30  1.70
 3906.00  1.71
 3906.70  1.71
 3907.40  1.71
 3908.10  1.71
 3908.80  1.71
 3909.50  1.72
 3910.20  1.72
 3910.90  1.72
 3911.60  1.72
 3912.30  1.72
 3913.00  1.73
 3913.70  1.73
 3914.40  1.73
 3915.10  1.73
 3915.80  1.73
 3916.50  1.74
 3917.20  1.74
 3917.90  1.74
 3918.60  1.74
 3919.30  1.74
 3920.00  1.75
 3920.70  1.75
 3921.40  1.75
 3922.10  1.75
 3922.80  1.75
 3923.50  1.76
 3924.20  1.76
 3924.90  1.76
 3925.60  1.76
 3926.30  1.76
 3927.00  1.77
 3927.70  1.77
 3928.40  1.77
 3929.10  1.77
 3929.80  1.77
 3930.50  1.77
 3931.20  1.78
 3931.90  1.78
 3932.60  1.78
 3933.30  1.78
 3934.00  1.78
 3934.70  1.78
 3935.40  1.78
 3936.10  1.78
 3936.80  1.78
 3937.50  1.78
 3938.20  1.78
 3938.90  1.78
 3939.60  1.78
 3940.30  1.78
 3941.00  1.78
 3941.70  1.78
 3942.40  1.78
 3943.10  1.78
 3943.80  1.78
 3944.50  1.78
 3945.20  1.78
 3945.90  1.78
 3946.60  1.78
 3947.30  1.78
 3948.00  1.78
 3948.70  1.78
 3949.40  1.78
 3950.10  1.78
 3950.80  1.78
 3951.50  1.78
 3952.20  1.78
 3952.90  1.78
 3953.60  1.78
 3954.30  1.78
 3955.00  1.78
 3955.70  1.78
 3956.40  1.78
 3957.10  1.78
 3957.80  1.77
 3958.50  1.77
 3959.20  1.77
 3959.90  1.77
 3960.60  1.77
 3961.30  1.77
 3962.00  1.77
 3962.70  1.77
 3963.40  1.77
 3964.10  1.77
 3964.80  1.76
 3965.50  1.76
 3966.20  1.76
 3966.90  1.76
 3967.60  1.76
 3968.30  1.76
 3969.00  1.76
 3969.70  1.76
 3970.40  1.76
 3971.10  1.75
 3971.80  1.75
 3972.50  1.75
 3973.20  1.75
 3973.90  1.75
 3974.60  1.75
 3975.30  1.75
 3976.00  1.75
 3976.70  1.74
 3977.40  1.74
 3978.10  1.74
 3978.80  1.74
 3979.50  1.74
 3980.20  1.74
 3980.90  1.74
 3981.60  1.74
 3982.30  1.73
 3983.00  1.73
 3983.70  1.73
 3984.40  1.73
 3985.10  1.73
 3985.80  1.73
 3986.50  1.73
 3987.20  1.72
 3987.90  1.72
 3988.60  1.72
 3989.30  1.72
 3990.00  1.72
 3990.70  1.72
 3991.40  1.72
 3992.10  1.71
 3992.80  1.71
 3993.50  1.71
 3994.20  1.71
 3994.90  1.71
 3995.60  1.71
 3996.30  1.71
 3997.00  1.70
 3997.70  1.70
 3998.40  1.70
 3999.10  1.70
 3999.80  1.70
