#Navio B MarAd
#Manobra de Curva                     de Zig-Zag
#
#Valor do leme em rad
#temp     leme 
 0.00  0.00
 0.70  0.00
 1.40  -0.35
 2.10  -0.35
 2.80  -0.35
 3.50  -0.35
 4.20  -0.35
 4.90  -0.35
 5.60  -0.35
 6.30  -0.35
 7.00  -0.35
 7.70  -0.35
 8.40  -0.35
 9.10  -0.35
 9.80  -0.35
 10.50  -0.35
 11.20  -0.35
 11.90  -0.35
 12.60  -0.35
 13.30  -0.35
 14.00  -0.35
 14.70  -0.35
 15.40  -0.35
 16.10  -0.35
 16.80  -0.35
 17.50  -0.35
 18.20  -0.35
 18.90  -0.35
 19.60  -0.35
 20.30  -0.35
 21.00  -0.35
 21.70  -0.35
 22.40  -0.35
 23.10  -0.35
 23.80  -0.35
 24.50  -0.35
 25.20  -0.35
 25.90  -0.35
 26.60  -0.35
 27.30  -0.35
 28.00  -0.35
 28.70  -0.35
 29.40  -0.35
 30.10  -0.35
 30.80  -0.35
 31.50  -0.35
 32.20  -0.35
 32.90  -0.35
 33.60  -0.35
 34.30  -0.35
 35.00  -0.35
 35.70  -0.35
 36.40  -0.35
 37.10  -0.35
 37.80  -0.35
 38.50  -0.35
 39.20  -0.35
 39.90  -0.35
 40.60  -0.35
 41.30  -0.35
 42.00  -0.35
 42.70  -0.35
 43.40  -0.35
 44.10  -0.35
 44.80  -0.35
 45.50  -0.35
 46.20  -0.35
 46.90  -0.35
 47.60  -0.35
 48.30  -0.35
 49.00  -0.35
 49.70  -0.35
 50.40  -0.35
 51.10  -0.35
 51.80  -0.35
 52.50  -0.35
 53.20  -0.35
 53.90  -0.35
 54.60  -0.35
 55.30  -0.35
 56.00  -0.35
 56.70  -0.35
 57.40  -0.35
 58.10  -0.35
 58.80  -0.35
 59.50  -0.35
 60.20  -0.35
 60.90  -0.35
 61.60  -0.35
 62.30  -0.35
 63.00  -0.35
 63.70  -0.35
 64.40  -0.35
 65.10  -0.35
 65.80  -0.35
 66.50  -0.35
 67.20  -0.35
 67.90  -0.35
 68.60  0.35
 69.30  0.35
 70.00  0.35
 70.70  0.35
 71.40  0.35
 72.10  0.35
 72.80  0.35
 73.50  0.35
 74.20  0.35
 74.90  0.35
 75.60  0.35
 76.30  0.35
 77.00  0.35
 77.70  0.35
 78.40  0.35
 79.10  0.35
 79.80  0.35
 80.50  0.35
 81.20  0.35
 81.90  0.35
 82.60  0.35
 83.30  0.35
 84.00  0.35
 84.70  0.35
 85.40  0.35
 86.10  0.35
 86.80  0.35
 87.50  0.35
 88.20  0.35
 88.90  0.35
 89.60  0.35
 90.30  0.35
 91.00  0.35
 91.70  0.35
 92.40  0.35
 93.10  0.35
 93.80  0.35
 94.50  0.35
 95.20  0.35
 95.90  0.35
 96.60  0.35
 97.30  0.35
 98.00  0.35
 98.70  0.35
 99.40  0.35
 100.10  0.35
 100.80  0.35
 101.50  0.35
 102.20  0.35
 102.90  0.35
 103.60  0.35
 104.30  0.35
 105.00  0.35
 105.70  0.35
 106.40  0.35
 107.10  0.35
 107.80  0.35
 108.50  0.35
 109.20  0.35
 109.90  0.35
 110.60  0.35
 111.30  0.35
 112.00  0.35
 112.70  0.35
 113.40  0.35
 114.10  0.35
 114.80  0.35
 115.50  0.35
 116.20  0.35
 116.90  0.35
 117.60  0.35
 118.30  0.35
 119.00  0.35
 119.70  0.35
 120.40  0.35
 121.10  0.35
 121.80  0.35
 122.50  0.35
 123.20  0.35
 123.90  0.35
 124.60  0.35
 125.30  0.35
 126.00  0.35
 126.70  0.35
 127.40  0.35
 128.10  0.35
 128.80  0.35
 129.50  0.35
 130.20  0.35
 130.90  0.35
 131.60  0.35
 132.30  0.35
 133.00  0.35
 133.70  0.35
 134.40  0.35
 135.10  0.35
 135.80  0.35
 136.50  0.35
 137.20  0.35
 137.90  0.35
 138.60  0.35
 139.30  0.35
 140.00  0.35
 140.70  0.35
 141.40  0.35
 142.10  0.35
 142.80  0.35
 143.50  0.35
 144.20  0.35
 144.90  0.35
 145.60  0.35
 146.30  0.35
 147.00  0.35
 147.70  0.35
 148.40  0.35
 149.10  0.35
 149.80  0.35
 150.50  0.35
 151.20  0.35
 151.90  0.35
 152.60  0.35
 153.30  0.35
 154.00  0.35
 154.70  0.35
 155.40  0.35
 156.10  0.35
 156.80  0.35
 157.50  0.35
 158.20  0.35
 158.90  0.35
 159.60  0.35
 160.30  0.35
 161.00  0.35
 161.70  0.35
 162.40  0.35
 163.10  0.35
 163.80  0.35
 164.50  0.35
 165.20  0.35
 165.90  0.35
 166.60  0.35
 167.30  0.35
 168.00  0.35
 168.70  0.35
 169.40  0.35
 170.10  0.35
 170.80  0.35
 171.50  0.35
 172.20  0.35
 172.90  0.35
 173.60  0.35
 174.30  0.35
 175.00  0.35
 175.70  0.35
 176.40  0.35
 177.10  0.35
 177.80  0.35
 178.50  0.35
 179.20  0.35
 179.90  0.35
 180.60  0.35
 181.30  0.35
 182.00  0.35
 182.70  0.35
 183.40  0.35
 184.10  0.35
 184.80  0.35
 185.50  0.35
 186.20  0.35
 186.90  0.35
 187.60  0.35
 188.30  0.35
 189.00  0.35
 189.70  0.35
 190.40  0.35
 191.10  0.35
 191.80  0.35
 192.50  0.35
 193.20  0.35
 193.90  0.35
 194.60  0.35
 195.30  0.35
 196.00  0.35
 196.70  0.35
 197.40  0.35
 198.10  0.35
 198.80  0.35
 199.50  0.35
 200.20  0.35
 200.90  0.35
 201.60  0.35
 202.30  0.35
 203.00  0.35
 203.70  0.35
 204.40  0.35
 205.10  0.35
 205.80  0.35
 206.50  0.35
 207.20  0.35
 207.90  0.35
 208.60  0.35
 209.30  0.35
 210.00  0.35
 210.70  0.35
 211.40  0.35
 212.10  0.35
 212.80  0.35
 213.50  0.35
 214.20  0.35
 214.90  0.35
 215.60  0.35
 216.30  0.35
 217.00  0.35
 217.70  0.35
 218.40  0.35
 219.10  0.35
 219.80  0.35
 220.50  0.35
 221.20  0.35
 221.90  0.35
 222.60  0.35
 223.30  0.35
 224.00  0.35
 224.70  0.35
 225.40  0.35
 226.10  0.35
 226.80  0.35
 227.50  0.35
 228.20  0.35
 228.90  0.35
 229.60  0.35
 230.30  0.35
 231.00  0.35
 231.70  0.35
 232.40  0.35
 233.10  0.35
 233.80  0.35
 234.50  0.35
 235.20  0.35
 235.90  0.35
 236.60  0.35
 237.30  0.35
 238.00  0.35
 238.70  0.35
 239.40  0.35
 240.10  0.35
 240.80  0.35
 241.50  0.35
 242.20  0.35
 242.90  0.35
 243.60  0.35
 244.30  0.35
 245.00  0.35
 245.70  0.35
 246.40  0.35
 247.10  0.35
 247.80  0.35
 248.50  0.35
 249.20  0.35
 249.90  0.35
 250.60  0.35
 251.30  0.35
 252.00  0.35
 252.70  0.35
 253.40  0.35
 254.10  0.35
 254.80  0.35
 255.50  0.35
 256.20  0.35
 256.90  0.35
 257.60  0.35
 258.30  0.35
 259.00  -0.35
 259.70  -0.35
 260.40  -0.35
 261.10  -0.35
 261.80  -0.35
 262.50  -0.35
 263.20  -0.35
 263.90  -0.35
 264.60  -0.35
 265.30  -0.35
 266.00  -0.35
 266.70  -0.35
 267.40  -0.35
 268.10  -0.35
 268.80  -0.35
 269.50  -0.35
 270.20  -0.35
 270.90  -0.35
 271.60  -0.35
 272.30  -0.35
 273.00  -0.35
 273.70  -0.35
 274.40  -0.35
 275.10  -0.35
 275.80  -0.35
 276.50  -0.35
 277.20  -0.35
 277.90  -0.35
 278.60  -0.35
 279.30  -0.35
 280.00  -0.35
 280.70  -0.35
 281.40  -0.35
 282.10  -0.35
 282.80  -0.35
 283.50  -0.35
 284.20  -0.35
 284.90  -0.35
 285.60  -0.35
 286.30  -0.35
 287.00  -0.35
 287.70  -0.35
 288.40  -0.35
 289.10  -0.35
 289.80  -0.35
 290.50  -0.35
 291.20  -0.35
 291.90  -0.35
 292.60  -0.35
 293.30  -0.35
 294.00  -0.35
 294.70  -0.35
 295.40  -0.35
 296.10  -0.35
 296.80  -0.35
 297.50  -0.35
 298.20  -0.35
 298.90  -0.35
 299.60  -0.35
 300.30  -0.35
 301.00  -0.35
 301.70  -0.35
 302.40  -0.35
 303.10  -0.35
 303.80  -0.35
 304.50  -0.35
 305.20  -0.35
 305.90  -0.35
 306.60  -0.35
 307.30  -0.35
 308.00  -0.35
 308.70  -0.35
 309.40  -0.35
 310.10  -0.35
 310.80  -0.35
 311.50  -0.35
 312.20  -0.35
 312.90  -0.35
 313.60  -0.35
 314.30  -0.35
 315.00  -0.35
 315.70  -0.35
 316.40  -0.35
 317.10  -0.35
 317.80  -0.35
 318.50  -0.35
 319.20  -0.35
 319.90  -0.35
 320.60  -0.35
 321.30  -0.35
 322.00  -0.35
 322.70  -0.35
 323.40  -0.35
 324.10  -0.35
 324.80  -0.35
 325.50  -0.35
 326.20  -0.35
 326.90  -0.35
 327.60  -0.35
 328.30  -0.35
 329.00  -0.35
 329.70  -0.35
 330.40  -0.35
 331.10  -0.35
 331.80  -0.35
 332.50  -0.35
 333.20  -0.35
 333.90  -0.35
 334.60  -0.35
 335.30  -0.35
 336.00  -0.35
 336.70  -0.35
 337.40  -0.35
 338.10  -0.35
 338.80  -0.35
 339.50  -0.35
 340.20  -0.35
 340.90  -0.35
 341.60  -0.35
 342.30  -0.35
 343.00  -0.35
 343.70  -0.35
 344.40  -0.35
 345.10  -0.35
 345.80  -0.35
 346.50  -0.35
 347.20  -0.35
 347.90  -0.35
 348.60  -0.35
 349.30  -0.35
 350.00  -0.35
 350.70  -0.35
 351.40  -0.35
 352.10  -0.35
 352.80  -0.35
 353.50  -0.35
 354.20  -0.35
 354.90  -0.35
 355.60  -0.35
 356.30  -0.35
 357.00  -0.35
 357.70  -0.35
 358.40  -0.35
 359.10  -0.35
 359.80  -0.35
 360.50  -0.35
 361.20  -0.35
 361.90  -0.35
 362.60  -0.35
 363.30  -0.35
 364.00  -0.35
 364.70  -0.35
 365.40  -0.35
 366.10  -0.35
 366.80  -0.35
 367.50  -0.35
 368.20  -0.35
 368.90  -0.35
 369.60  -0.35
 370.30  -0.35
 371.00  -0.35
 371.70  -0.35
 372.40  -0.35
 373.10  -0.35
 373.80  -0.35
 374.50  -0.35
 375.20  -0.35
 375.90  -0.35
 376.60  -0.35
 377.30  -0.35
 378.00  -0.35
 378.70  -0.35
 379.40  -0.35
 380.10  -0.35
 380.80  -0.35
 381.50  -0.35
 382.20  -0.35
 382.90  -0.35
 383.60  -0.35
 384.30  -0.35
 385.00  -0.35
 385.70  -0.35
 386.40  -0.35
 387.10  -0.35
 387.80  -0.35
 388.50  -0.35
 389.20  -0.35
 389.90  -0.35
 390.60  -0.35
 391.30  -0.35
 392.00  -0.35
 392.70  -0.35
 393.40  -0.35
 394.10  -0.35
 394.80  -0.35
 395.50  -0.35
 396.20  -0.35
 396.90  -0.35
 397.60  -0.35
 398.30  -0.35
 399.00  -0.35
 399.70  -0.35
 400.40  -0.35
 401.10  -0.35
 401.80  -0.35
 402.50  -0.35
 403.20  -0.35
 403.90  -0.35
 404.60  -0.35
 405.30  -0.35
 406.00  -0.35
 406.70  -0.35
 407.40  -0.35
 408.10  -0.35
 408.80  -0.35
 409.50  -0.35
 410.20  -0.35
 410.90  -0.35
 411.60  -0.35
 412.30  -0.35
 413.00  -0.35
 413.70  -0.35
 414.40  -0.35
 415.10  -0.35
 415.80  -0.35
 416.50  -0.35
 417.20  -0.35
 417.90  -0.35
 418.60  -0.35
 419.30  -0.35
 420.00  -0.35
 420.70  -0.35
 421.40  -0.35
 422.10  -0.35
 422.80  -0.35
 423.50  -0.35
 424.20  -0.35
 424.90  -0.35
 425.60  -0.35
 426.30  -0.35
 427.00  -0.35
 427.70  -0.35
 428.40  -0.35
 429.10  -0.35
 429.80  -0.35
 430.50  -0.35
 431.20  -0.35
 431.90  -0.35
 432.60  -0.35
 433.30  -0.35
 434.00  -0.35
 434.70  -0.35
 435.40  -0.35
 436.10  -0.35
 436.80  -0.35
 437.50  -0.35
 438.20  -0.35
 438.90  -0.35
 439.60  -0.35
 440.30  -0.35
 441.00  -0.35
 441.70  -0.35
 442.40  -0.35
 443.10  -0.35
 443.80  -0.35
 444.50  -0.35
 445.20  -0.35
 445.90  -0.35
 446.60  -0.35
 447.30  -0.35
 448.00  -0.35
 448.70  -0.35
 449.40  -0.35
 450.10  -0.35
 450.80  -0.35
 451.50  -0.35
 452.20  -0.35
 452.90  -0.35
 453.60  -0.35
 454.30  -0.35
 455.00  -0.35
 455.70  -0.35
 456.40  -0.35
 457.10  -0.35
 457.80  -0.35
 458.50  -0.35
 459.20  -0.35
 459.90  -0.35
 460.60  -0.35
 461.30  -0.35
 462.00  -0.35
 462.70  -0.35
 463.40  -0.35
 464.10  -0.35
 464.80  -0.35
 465.50  -0.35
 466.20  -0.35
 466.90  -0.35
 467.60  -0.35
 468.30  -0.35
 469.00  -0.35
 469.70  -0.35
 470.40  -0.35
 471.10  -0.35
 471.80  -0.35
 472.50  -0.35
 473.20  -0.35
 473.90  -0.35
 474.60  -0.35
 475.30  -0.35
 476.00  -0.35
 476.70  -0.35
 477.40  -0.35
 478.10  -0.35
 478.80  -0.35
 479.50  -0.35
 480.20  -0.35
 480.90  -0.35
 481.60  -0.35
 482.30  -0.35
 483.00  -0.35
 483.70  -0.35
 484.40  -0.35
 485.10  -0.35
 485.80  -0.35
 486.50  -0.35
 487.20  -0.35
 487.90  -0.35
 488.60  -0.35
 489.30  -0.35
 490.00  -0.35
 490.70  -0.35
 491.40  -0.35
 492.10  -0.35
 492.80  -0.35
 493.50  -0.35
 494.20  -0.35
 494.90  -0.35
 495.60  -0.35
 496.30  -0.35
 497.00  -0.35
 497.70  -0.35
 498.40  -0.35
 499.10  -0.35
 499.80  -0.35
 500.50  -0.35
 501.20  -0.35
 501.90  -0.35
 502.60  -0.35
 503.30  -0.35
 504.00  -0.35
 504.70  -0.35
 505.40  -0.35
 506.10  -0.35
 506.80  -0.35
 507.50  -0.35
 508.20  0.35
 508.90  0.35
 509.60  0.35
 510.30  0.35
 511.00  0.35
 511.70  0.35
 512.40  0.35
 513.10  0.35
 513.80  0.35
 514.50  0.35
 515.20  0.35
 515.90  0.35
 516.60  0.35
 517.30  0.35
 518.00  0.35
 518.70  0.35
 519.40  0.35
 520.10  0.35
 520.80  0.35
 521.50  0.35
 522.20  0.35
 522.90  0.35
 523.60  0.35
 524.30  0.35
 525.00  0.35
 525.70  0.35
 526.40  0.35
 527.10  0.35
 527.80  0.35
 528.50  0.35
 529.20  0.35
 529.90  0.35
 530.60  0.35
 531.30  0.35
 532.00  0.35
 532.70  0.35
 533.40  0.35
 534.10  0.35
 534.80  0.35
 535.50  0.35
 536.20  0.35
 536.90  0.35
 537.60  0.35
 538.30  0.35
 539.00  0.35
 539.70  0.35
 540.40  0.35
 541.10  0.35
 541.80  0.35
 542.50  0.35
 543.20  0.35
 543.90  0.35
 544.60  0.35
 545.30  0.35
 546.00  0.35
 546.70  0.35
 547.40  0.35
 548.10  0.35
 548.80  0.35
 549.50  0.35
 550.20  0.35
 550.90  0.35
 551.60  0.35
 552.30  0.35
 553.00  0.35
 553.70  0.35
 554.40  0.35
 555.10  0.35
 555.80  0.35
 556.50  0.35
 557.20  0.35
 557.90  0.35
 558.60  0.35
 559.30  0.35
 560.00  0.35
 560.70  0.35
 561.40  0.35
 562.10  0.35
 562.80  0.35
 563.50  0.35
 564.20  0.35
 564.90  0.35
 565.60  0.35
 566.30  0.35
 567.00  0.35
 567.70  0.35
 568.40  0.35
 569.10  0.35
 569.80  0.35
 570.50  0.35
 571.20  0.35
 571.90  0.35
 572.60  0.35
 573.30  0.35
 574.00  0.35
 574.70  0.35
 575.40  0.35
 576.10  0.35
 576.80  0.35
 577.50  0.35
 578.20  0.35
 578.90  0.35
 579.60  0.35
 580.30  0.35
 581.00  0.35
 581.70  0.35
 582.40  0.35
 583.10  0.35
 583.80  0.35
 584.50  0.35
 585.20  0.35
 585.90  0.35
 586.60  0.35
 587.30  0.35
 588.00  0.35
 588.70  0.35
 589.40  0.35
 590.10  0.35
 590.80  0.35
 591.50  0.35
 592.20  0.35
 592.90  0.35
 593.60  0.35
 594.30  0.35
 595.00  0.35
 595.70  0.35
 596.40  0.35
 597.10  0.35
 597.80  0.35
 598.50  0.35
 599.20  0.35
 599.90  0.35
 600.60  0.35
 601.30  0.35
 602.00  0.35
 602.70  0.35
 603.40  0.35
 604.10  0.35
 604.80  0.35
 605.50  0.35
 606.20  0.35
 606.90  0.35
 607.60  0.35
 608.30  0.35
 609.00  0.35
 609.70  0.35
 610.40  0.35
 611.10  0.35
 611.80  0.35
 612.50  0.35
 613.20  0.35
 613.90  0.35
 614.60  0.35
 615.30  0.35
 616.00  0.35
 616.70  0.35
 617.40  0.35
 618.10  0.35
 618.80  0.35
 619.50  0.35
 620.20  0.35
 620.90  0.35
 621.60  0.35
 622.30  0.35
 623.00  0.35
 623.70  0.35
 624.40  0.35
 625.10  0.35
 625.80  0.35
 626.50  0.35
 627.20  0.35
 627.90  0.35
 628.60  0.35
 629.30  0.35
 630.00  0.35
 630.70  0.35
 631.40  0.35
 632.10  0.35
 632.80  0.35
 633.50  0.35
 634.20  0.35
 634.90  0.35
 635.60  0.35
 636.30  0.35
 637.00  0.35
 637.70  0.35
 638.40  0.35
 639.10  0.35
 639.80  0.35
 640.50  0.35
 641.20  0.35
 641.90  0.35
 642.60  0.35
 643.30  0.35
 644.00  0.35
 644.70  0.35
 645.40  0.35
 646.10  0.35
 646.80  0.35
 647.50  0.35
 648.20  0.35
 648.90  0.35
 649.60  0.35
 650.30  0.35
 651.00  0.35
 651.70  0.35
 652.40  0.35
 653.10  0.35
 653.80  0.35
 654.50  0.35
 655.20  0.35
 655.90  0.35
 656.60  0.35
 657.30  0.35
 658.00  0.35
 658.70  0.35
 659.40  0.35
 660.10  0.35
 660.80  0.35
 661.50  0.35
 662.20  0.35
 662.90  0.35
 663.60  0.35
 664.30  0.35
 665.00  0.35
 665.70  0.35
 666.40  0.35
 667.10  0.35
 667.80  0.35
 668.50  0.35
 669.20  0.35
 669.90  0.35
 670.60  0.35
 671.30  0.35
 672.00  0.35
 672.70  0.35
 673.40  0.35
 674.10  0.35
 674.80  0.35
 675.50  0.35
 676.20  0.35
 676.90  0.35
 677.60  0.35
 678.30  0.35
 679.00  0.35
 679.70  0.35
 680.40  0.35
 681.10  0.35
 681.80  0.35
 682.50  0.35
 683.20  0.35
 683.90  0.35
 684.60  0.35
 685.30  0.35
 686.00  0.35
 686.70  0.35
 687.40  0.35
 688.10  0.35
 688.80  0.35
 689.50  0.35
 690.20  0.35
 690.90  0.35
 691.60  0.35
 692.30  0.35
 693.00  0.35
 693.70  0.35
 694.40  0.35
 695.10  0.35
 695.80  0.35
 696.50  0.35
 697.20  0.35
 697.90  0.35
 698.60  0.35
 699.30  0.35
 700.00  0.35
 700.70  0.35
 701.40  0.35
 702.10  0.35
 702.80  0.35
 703.50  0.35
 704.20  0.35
 704.90  0.35
 705.60  0.35
 706.30  0.35
 707.00  0.35
 707.70  0.35
 708.40  0.35
 709.10  0.35
 709.80  0.35
 710.50  0.35
 711.20  0.35
 711.90  0.35
 712.60  0.35
 713.30  0.35
 714.00  0.35
 714.70  0.35
 715.40  0.35
 716.10  0.35
 716.80  0.35
 717.50  0.35
 718.20  0.35
 718.90  0.35
 719.60  0.35
 720.30  0.35
 721.00  0.35
 721.70  0.35
 722.40  0.35
 723.10  0.35
 723.80  0.35
 724.50  0.35
 725.20  0.35
 725.90  0.35
 726.60  -0.35
 727.30  -0.35
 728.00  -0.35
 728.70  -0.35
 729.40  -0.35
 730.10  -0.35
 730.80  -0.35
 731.50  -0.35
 732.20  -0.35
 732.90  -0.35
 733.60  -0.35
 734.30  -0.35
 735.00  -0.35
 735.70  -0.35
 736.40  -0.35
 737.10  -0.35
 737.80  -0.35
 738.50  -0.35
 739.20  -0.35
 739.90  -0.35
 740.60  -0.35
 741.30  -0.35
 742.00  -0.35
 742.70  -0.35
 743.40  -0.35
 744.10  -0.35
 744.80  -0.35
 745.50  -0.35
 746.20  -0.35
 746.90  -0.35
 747.60  -0.35
 748.30  -0.35
 749.00  -0.35
 749.70  -0.35
 750.40  -0.35
 751.10  -0.35
 751.80  -0.35
 752.50  -0.35
 753.20  -0.35
 753.90  -0.35
 754.60  -0.35
 755.30  -0.35
 756.00  -0.35
 756.70  -0.35
 757.40  -0.35
 758.10  -0.35
 758.80  -0.35
 759.50  -0.35
 760.20  -0.35
 760.90  -0.35
 761.60  -0.35
 762.30  -0.35
 763.00  -0.35
 763.70  -0.35
 764.40  -0.35
 765.10  -0.35
 765.80  -0.35
 766.50  -0.35
 767.20  -0.35
 767.90  -0.35
 768.60  -0.35
 769.30  -0.35
 770.00  -0.35
 770.70  -0.35
 771.40  -0.35
 772.10  -0.35
 772.80  -0.35
 773.50  -0.35
 774.20  -0.35
 774.90  -0.35
 775.60  -0.35
 776.30  -0.35
 777.00  -0.35
 777.70  -0.35
 778.40  -0.35
 779.10  -0.35
 779.80  -0.35
 780.50  -0.35
 781.20  -0.35
 781.90  -0.35
 782.60  -0.35
 783.30  -0.35
 784.00  -0.35
 784.70  -0.35
 785.40  -0.35
 786.10  -0.35
 786.80  -0.35
 787.50  -0.35
 788.20  -0.35
 788.90  -0.35
 789.60  -0.35
 790.30  -0.35
 791.00  -0.35
 791.70  -0.35
 792.40  -0.35
 793.10  -0.35
 793.80  -0.35
 794.50  -0.35
 795.20  -0.35
 795.90  -0.35
 796.60  -0.35
 797.30  -0.35
 798.00  -0.35
 798.70  -0.35
 799.40  -0.35
 800.10  -0.35
 800.80  -0.35
 801.50  -0.35
 802.20  -0.35
 802.90  -0.35
 803.60  -0.35
 804.30  -0.35
 805.00  -0.35
 805.70  -0.35
 806.40  -0.35
 807.10  -0.35
 807.80  -0.35
 808.50  -0.35
 809.20  -0.35
 809.90  -0.35
 810.60  -0.35
 811.30  -0.35
 812.00  -0.35
 812.70  -0.35
 813.40  -0.35
 814.10  -0.35
 814.80  -0.35
 815.50  -0.35
 816.20  -0.35
 816.90  -0.35
 817.60  -0.35
 818.30  -0.35
 819.00  -0.35
 819.70  -0.35
 820.40  -0.35
 821.10  -0.35
 821.80  -0.35
 822.50  -0.35
 823.20  -0.35
 823.90  -0.35
 824.60  -0.35
 825.30  -0.35
 826.00  -0.35
 826.70  -0.35
 827.40  -0.35
 828.10  -0.35
 828.80  -0.35
 829.50  -0.35
 830.20  -0.35
 830.90  -0.35
 831.60  -0.35
 832.30  -0.35
 833.00  -0.35
 833.70  -0.35
 834.40  -0.35
 835.10  -0.35
 835.80  -0.35
 836.50  -0.35
 837.20  -0.35
 837.90  -0.35
 838.60  -0.35
 839.30  -0.35
 840.00  -0.35
 840.70  -0.35
 841.40  -0.35
 842.10  -0.35
 842.80  -0.35
 843.50  -0.35
 844.20  -0.35
 844.90  -0.35
 845.60  -0.35
 846.30  -0.35
 847.00  -0.35
 847.70  -0.35
 848.40  -0.35
 849.10  -0.35
 849.80  -0.35
 850.50  -0.35
 851.20  -0.35
 851.90  -0.35
 852.60  -0.35
 853.30  -0.35
 854.00  -0.35
 854.70  -0.35
 855.40  -0.35
 856.10  -0.35
 856.80  -0.35
 857.50  -0.35
 858.20  -0.35
 858.90  -0.35
 859.60  -0.35
 860.30  -0.35
 861.00  -0.35
 861.70  -0.35
 862.40  -0.35
 863.10  -0.35
 863.80  -0.35
 864.50  -0.35
 865.20  -0.35
 865.90  -0.35
 866.60  -0.35
 867.30  -0.35
 868.00  -0.35
 868.70  -0.35
 869.40  -0.35
 870.10  -0.35
 870.80  -0.35
 871.50  -0.35
 872.20  -0.35
 872.90  -0.35
 873.60  -0.35
 874.30  -0.35
 875.00  -0.35
 875.70  -0.35
 876.40  -0.35
 877.10  -0.35
 877.80  -0.35
 878.50  -0.35
 879.20  -0.35
 879.90  -0.35
 880.60  -0.35
 881.30  -0.35
 882.00  -0.35
 882.70  -0.35
 883.40  -0.35
 884.10  -0.35
 884.80  -0.35
 885.50  -0.35
 886.20  -0.35
 886.90  -0.35
 887.60  -0.35
 888.30  -0.35
 889.00  -0.35
 889.70  -0.35
 890.40  -0.35
 891.10  -0.35
 891.80  -0.35
 892.50  -0.35
 893.20  -0.35
 893.90  -0.35
 894.60  -0.35
 895.30  -0.35
 896.00  -0.35
 896.70  -0.35
 897.40  -0.35
 898.10  -0.35
 898.80  -0.35
 899.50  -0.35
 900.20  -0.35
 900.90  -0.35
 901.60  -0.35
 902.30  -0.35
 903.00  -0.35
 903.70  -0.35
 904.40  -0.35
 905.10  -0.35
 905.80  -0.35
 906.50  -0.35
 907.20  -0.35
 907.90  -0.35
 908.60  -0.35
 909.30  -0.35
 910.00  -0.35
 910.70  -0.35
 911.40  -0.35
 912.10  -0.35
 912.80  -0.35
 913.50  -0.35
 914.20  -0.35
 914.90  -0.35
 915.60  -0.35
 916.30  -0.35
 917.00  -0.35
 917.70  -0.35
 918.40  -0.35
 919.10  -0.35
 919.80  -0.35
 920.50  -0.35
 921.20  -0.35
 921.90  -0.35
 922.60  -0.35
 923.30  -0.35
 924.00  -0.35
 924.70  -0.35
 925.40  -0.35
 926.10  -0.35
 926.80  -0.35
 927.50  -0.35
 928.20  -0.35
 928.90  -0.35
 929.60  -0.35
 930.30  -0.35
 931.00  -0.35
 931.70  -0.35
 932.40  -0.35
 933.10  -0.35
 933.80  -0.35
 934.50  -0.35
 935.20  -0.35
 935.90  -0.35
 936.60  -0.35
 937.30  -0.35
 938.00  -0.35
 938.70  -0.35
 939.40  -0.35
 940.10  -0.35
 940.80  -0.35
 941.50  -0.35
 942.20  -0.35
 942.90  -0.35
 943.60  -0.35
 944.30  -0.35
 945.00  -0.35
 945.70  -0.35
 946.40  -0.35
 947.10  -0.35
 947.80  -0.35
 948.50  -0.35
 949.20  -0.35
 949.90  -0.35
 950.60  -0.35
 951.30  -0.35
 952.00  -0.35
 952.70  -0.35
 953.40  -0.35
 954.10  -0.35
 954.80  -0.35
 955.50  -0.35
 956.20  -0.35
 956.90  -0.35
 957.60  -0.35
 958.30  -0.35
 959.00  -0.35
 959.70  -0.35
 960.40  -0.35
 961.10  -0.35
 961.80  -0.35
 962.50  -0.35
 963.20  -0.35
 963.90  -0.35
 964.60  -0.35
 965.30  -0.35
 966.00  -0.35
 966.70  -0.35
 967.40  -0.35
 968.10  -0.35
 968.80  -0.35
 969.50  -0.35
 970.20  0.35
 970.90  0.35
 971.60  0.35
 972.30  0.35
 973.00  0.35
 973.70  0.35
 974.40  0.35
 975.10  0.35
 975.80  0.35
 976.50  0.35
 977.20  0.35
 977.90  0.35
 978.60  0.35
 979.30  0.35
 980.00  0.35
 980.70  0.35
 981.40  0.35
 982.10  0.35
 982.80  0.35
 983.50  0.35
 984.20  0.35
 984.90  0.35
 985.60  0.35
 986.30  0.35
 987.00  0.35
 987.70  0.35
 988.40  0.35
 989.10  0.35
 989.80  0.35
 990.50  0.35
 991.20  0.35
 991.90  0.35
 992.60  0.35
 993.30  0.35
 994.00  0.35
 994.70  0.35
 995.40  0.35
 996.10  0.35
 996.80  0.35
 997.50  0.35
 998.20  0.35
 998.90  0.35
 999.60  0.35
 1000.30  0.35
 1001.00  0.35
 1001.70  0.35
 1002.40  0.35
 1003.10  0.35
 1003.80  0.35
 1004.50  0.35
 1005.20  0.35
 1005.90  0.35
 1006.60  0.35
 1007.30  0.35
 1008.00  0.35
 1008.70  0.35
 1009.40  0.35
 1010.10  0.35
 1010.80  0.35
 1011.50  0.35
 1012.20  0.35
 1012.90  0.35
 1013.60  0.35
 1014.30  0.35
 1015.00  0.35
 1015.70  0.35
 1016.40  0.35
 1017.10  0.35
 1017.80  0.35
 1018.50  0.35
 1019.20  0.35
 1019.90  0.35
 1020.60  0.35
 1021.30  0.35
 1022.00  0.35
 1022.70  0.35
 1023.40  0.35
 1024.10  0.35
 1024.80  0.35
 1025.50  0.35
 1026.20  0.35
 1026.90  0.35
 1027.60  0.35
 1028.30  0.35
 1029.00  0.35
 1029.70  0.35
 1030.40  0.35
 1031.10  0.35
 1031.80  0.35
 1032.50  0.35
 1033.20  0.35
 1033.90  0.35
 1034.60  0.35
 1035.30  0.35
 1036.00  0.35
 1036.70  0.35
 1037.40  0.35
 1038.10  0.35
 1038.80  0.35
 1039.50  0.35
 1040.20  0.35
 1040.90  0.35
 1041.60  0.35
 1042.30  0.35
 1043.00  0.35
 1043.70  0.35
 1044.40  0.35
 1045.10  0.35
 1045.80  0.35
 1046.50  0.35
 1047.20  0.35
 1047.90  0.35
 1048.60  0.35
 1049.30  0.35
 1050.00  0.35
 1050.70  0.35
 1051.40  0.35
 1052.10  0.35
 1052.80  0.35
 1053.50  0.35
 1054.20  0.35
 1054.90  0.35
 1055.60  0.35
 1056.30  0.35
 1057.00  0.35
 1057.70  0.35
 1058.40  0.35
 1059.10  0.35
 1059.80  0.35
 1060.50  0.35
 1061.20  0.35
 1061.90  0.35
 1062.60  0.35
 1063.30  0.35
 1064.00  0.35
 1064.70  0.35
 1065.40  0.35
 1066.10  0.35
 1066.80  0.35
 1067.50  0.35
 1068.20  0.35
 1068.90  0.35
 1069.60  0.35
 1070.30  0.35
 1071.00  0.35
 1071.70  0.35
 1072.40  0.35
 1073.10  0.35
 1073.80  0.35
 1074.50  0.35
 1075.20  0.35
 1075.90  0.35
 1076.60  0.35
 1077.30  0.35
 1078.00  0.35
 1078.70  0.35
 1079.40  0.35
 1080.10  0.35
 1080.80  0.35
 1081.50  0.35
 1082.20  0.35
 1082.90  0.35
 1083.60  0.35
 1084.30  0.35
 1085.00  0.35
 1085.70  0.35
 1086.40  0.35
 1087.10  0.35
 1087.80  0.35
 1088.50  0.35
 1089.20  0.35
 1089.90  0.35
 1090.60  0.35
 1091.30  0.35
 1092.00  0.35
 1092.70  0.35
 1093.40  0.35
 1094.10  0.35
 1094.80  0.35
 1095.50  0.35
 1096.20  0.35
 1096.90  0.35
 1097.60  0.35
 1098.30  0.35
 1099.00  0.35
 1099.70  0.35
 1100.40  0.35
 1101.10  0.35
 1101.80  0.35
 1102.50  0.35
 1103.20  0.35
 1103.90  0.35
 1104.60  0.35
 1105.30  0.35
 1106.00  0.35
 1106.70  0.35
 1107.40  0.35
 1108.10  0.35
 1108.80  0.35
 1109.50  0.35
 1110.20  0.35
 1110.90  0.35
 1111.60  0.35
 1112.30  0.35
 1113.00  0.35
 1113.70  0.35
 1114.40  0.35
 1115.10  0.35
 1115.80  0.35
 1116.50  0.35
 1117.20  0.35
 1117.90  0.35
 1118.60  0.35
 1119.30  0.35
 1120.00  0.35
 1120.70  0.35
 1121.40  0.35
 1122.10  0.35
 1122.80  0.35
 1123.50  0.35
 1124.20  0.35
 1124.90  0.35
 1125.60  0.35
 1126.30  0.35
 1127.00  0.35
 1127.70  0.35
 1128.40  0.35
 1129.10  0.35
 1129.80  0.35
 1130.50  0.35
 1131.20  0.35
 1131.90  0.35
 1132.60  0.35
 1133.30  0.35
 1134.00  0.35
 1134.70  0.35
 1135.40  0.35
 1136.10  0.35
 1136.80  0.35
 1137.50  0.35
 1138.20  0.35
 1138.90  0.35
 1139.60  0.35
 1140.30  0.35
 1141.00  0.35
 1141.70  0.35
 1142.40  0.35
 1143.10  0.35
 1143.80  0.35
 1144.50  0.35
 1145.20  0.35
 1145.90  0.35
 1146.60  0.35
 1147.30  0.35
 1148.00  0.35
 1148.70  0.35
 1149.40  0.35
 1150.10  0.35
 1150.80  0.35
 1151.50  0.35
 1152.20  0.35
 1152.90  0.35
 1153.60  0.35
 1154.30  0.35
 1155.00  0.35
 1155.70  0.35
 1156.40  0.35
 1157.10  0.35
 1157.80  0.35
 1158.50  0.35
 1159.20  0.35
 1159.90  0.35
 1160.60  0.35
 1161.30  0.35
 1162.00  0.35
 1162.70  0.35
 1163.40  0.35
 1164.10  0.35
 1164.80  0.35
 1165.50  0.35
 1166.20  0.35
 1166.90  0.35
 1167.60  0.35
 1168.30  0.35
 1169.00  0.35
 1169.70  0.35
 1170.40  0.35
 1171.10  0.35
 1171.80  0.35
 1172.50  0.35
 1173.20  0.35
 1173.90  0.35
 1174.60  0.35
 1175.30  0.35
 1176.00  0.35
 1176.70  0.35
 1177.40  0.35
 1178.10  0.35
 1178.80  0.35
 1179.50  0.35
 1180.20  0.35
 1180.90  0.35
 1181.60  0.35
 1182.30  0.35
 1183.00  0.35
 1183.70  0.35
 1184.40  0.35
 1185.10  -0.35
 1185.80  -0.35
 1186.50  -0.35
 1187.20  -0.35
 1187.90  -0.35
 1188.60  -0.35
 1189.30  -0.35
 1190.00  -0.35
 1190.70  -0.35
 1191.40  -0.35
 1192.10  -0.35
 1192.80  -0.35
 1193.50  -0.35
 1194.20  -0.35
 1194.90  -0.35
 1195.60  -0.35
 1196.30  -0.35
 1197.00  -0.35
 1197.70  -0.35
 1198.40  -0.35
 1199.10  -0.35
 1199.80  -0.35
 1200.50  -0.35
 1201.20  -0.35
 1201.90  -0.35
 1202.60  -0.35
 1203.30  -0.35
 1204.00  -0.35
 1204.70  -0.35
 1205.40  -0.35
 1206.10  -0.35
 1206.80  -0.35
 1207.50  -0.35
 1208.20  -0.35
 1208.90  -0.35
 1209.60  -0.35
 1210.30  -0.35
 1211.00  -0.35
 1211.70  -0.35
 1212.40  -0.35
 1213.10  -0.35
 1213.80  -0.35
 1214.50  -0.35
 1215.20  -0.35
 1215.90  -0.35
 1216.60  -0.35
 1217.30  -0.35
 1218.00  -0.35
 1218.70  -0.35
 1219.40  -0.35
 1220.10  -0.35
 1220.80  -0.35
 1221.50  -0.35
 1222.20  -0.35
 1222.90  -0.35
 1223.60  -0.35
 1224.30  -0.35
 1225.00  -0.35
 1225.70  -0.35
 1226.40  -0.35
 1227.10  -0.35
 1227.80  -0.35
 1228.50  -0.35
 1229.20  -0.35
 1229.90  -0.35
 1230.60  -0.35
 1231.30  -0.35
 1232.00  -0.35
 1232.70  -0.35
 1233.40  -0.35
 1234.10  -0.35
 1234.80  -0.35
 1235.50  -0.35
 1236.20  -0.35
 1236.90  -0.35
 1237.60  -0.35
 1238.30  -0.35
 1239.00  -0.35
 1239.70  -0.35
 1240.40  -0.35
 1241.10  -0.35
 1241.80  -0.35
 1242.50  -0.35
 1243.20  -0.35
 1243.90  -0.35
 1244.60  -0.35
 1245.30  -0.35
 1246.00  -0.35
 1246.70  -0.35
 1247.40  -0.35
 1248.10  -0.35
 1248.80  -0.35
 1249.50  -0.35
 1250.20  -0.35
 1250.90  -0.35
 1251.60  -0.35
 1252.30  -0.35
 1253.00  -0.35
 1253.70  -0.35
 1254.40  -0.35
 1255.10  -0.35
 1255.80  -0.35
 1256.50  -0.35
 1257.20  -0.35
 1257.90  -0.35
 1258.60  -0.35
 1259.30  -0.35
 1260.00  -0.35
 1260.70  -0.35
 1261.40  -0.35
 1262.10  -0.35
 1262.80  -0.35
 1263.50  -0.35
 1264.20  -0.35
 1264.90  -0.35
 1265.60  -0.35
 1266.30  -0.35
 1267.00  -0.35
 1267.70  -0.35
 1268.40  -0.35
 1269.10  -0.35
 1269.80  -0.35
 1270.50  -0.35
 1271.20  -0.35
 1271.90  -0.35
 1272.60  -0.35
 1273.30  -0.35
 1274.00  -0.35
 1274.70  -0.35
 1275.40  -0.35
 1276.10  -0.35
 1276.80  -0.35
 1277.50  -0.35
 1278.20  -0.35
 1278.90  -0.35
 1279.60  -0.35
 1280.30  -0.35
 1281.00  -0.35
 1281.70  -0.35
 1282.40  -0.35
 1283.10  -0.35
 1283.80  -0.35
 1284.50  -0.35
 1285.20  -0.35
 1285.90  -0.35
 1286.60  -0.35
 1287.30  -0.35
 1288.00  -0.35
 1288.70  -0.35
 1289.40  -0.35
 1290.10  -0.35
 1290.80  -0.35
 1291.50  -0.35
 1292.20  -0.35
 1292.90  -0.35
 1293.60  -0.35
 1294.30  -0.35
 1295.00  -0.35
 1295.70  -0.35
 1296.40  -0.35
 1297.10  -0.35
 1297.80  -0.35
 1298.50  -0.35
 1299.20  -0.35
 1299.90  -0.35
 1300.60  -0.35
 1301.30  -0.35
 1302.00  -0.35
 1302.70  -0.35
 1303.40  -0.35
 1304.10  -0.35
 1304.80  -0.35
 1305.50  -0.35
 1306.20  -0.35
 1306.90  -0.35
 1307.60  -0.35
 1308.30  -0.35
 1309.00  -0.35
 1309.70  -0.35
 1310.40  -0.35
 1311.10  -0.35
 1311.80  -0.35
 1312.50  -0.35
 1313.20  -0.35
 1313.90  -0.35
 1314.60  -0.35
 1315.30  -0.35
 1316.00  -0.35
 1316.70  -0.35
 1317.40  -0.35
 1318.10  -0.35
 1318.80  -0.35
 1319.50  -0.35
 1320.20  -0.35
 1320.90  -0.35
 1321.60  -0.35
 1322.30  -0.35
 1323.00  -0.35
 1323.70  -0.35
 1324.40  -0.35
 1325.10  -0.35
 1325.80  -0.35
 1326.50  -0.35
 1327.20  -0.35
 1327.90  -0.35
 1328.60  -0.35
 1329.30  -0.35
 1330.00  -0.35
 1330.70  -0.35
 1331.40  -0.35
 1332.10  -0.35
 1332.80  -0.35
 1333.50  -0.35
 1334.20  -0.35
 1334.90  -0.35
 1335.60  -0.35
 1336.30  -0.35
 1337.00  -0.35
 1337.70  -0.35
 1338.40  -0.35
 1339.10  -0.35
 1339.80  -0.35
 1340.50  -0.35
 1341.20  -0.35
 1341.90  -0.35
 1342.60  -0.35
 1343.30  -0.35
 1344.00  -0.35
 1344.70  -0.35
 1345.40  -0.35
 1346.10  -0.35
 1346.80  -0.35
 1347.50  -0.35
 1348.20  -0.35
 1348.90  -0.35
 1349.60  -0.35
 1350.30  -0.35
 1351.00  -0.35
 1351.70  -0.35
 1352.40  -0.35
 1353.10  -0.35
 1353.80  -0.35
 1354.50  -0.35
 1355.20  -0.35
 1355.90  -0.35
 1356.60  -0.35
 1357.30  -0.35
 1358.00  -0.35
 1358.70  -0.35
 1359.40  -0.35
 1360.10  -0.35
 1360.80  -0.35
 1361.50  -0.35
 1362.20  -0.35
 1362.90  -0.35
 1363.60  -0.35
 1364.30  -0.35
 1365.00  -0.35
 1365.70  -0.35
 1366.40  -0.35
 1367.10  -0.35
 1367.80  -0.35
 1368.50  -0.35
 1369.20  -0.35
 1369.90  -0.35
 1370.60  -0.35
 1371.30  -0.35
 1372.00  -0.35
 1372.70  -0.35
 1373.40  -0.35
 1374.10  -0.35
 1374.80  -0.35
 1375.50  -0.35
 1376.20  -0.35
 1376.90  -0.35
 1377.60  -0.35
 1378.30  -0.35
 1379.00  -0.35
 1379.70  -0.35
 1380.40  -0.35
 1381.10  -0.35
 1381.80  -0.35
 1382.50  -0.35
 1383.20  -0.35
 1383.90  -0.35
 1384.60  -0.35
 1385.30  -0.35
 1386.00  -0.35
 1386.70  -0.35
 1387.40  -0.35
 1388.10  -0.35
 1388.80  -0.35
 1389.50  -0.35
 1390.20  -0.35
 1390.90  -0.35
 1391.60  -0.35
 1392.30  -0.35
 1393.00  -0.35
 1393.70  -0.35
 1394.40  -0.35
 1395.10  -0.35
 1395.80  -0.35
 1396.50  -0.35
 1397.20  -0.35
 1397.90  -0.35
 1398.60  -0.35
 1399.30  -0.35
 1400.00  -0.35
 1400.70  -0.35
 1401.40  -0.35
 1402.10  -0.35
 1402.80  -0.35
 1403.50  -0.35
 1404.20  -0.35
 1404.90  -0.35
 1405.60  -0.35
 1406.30  -0.35
 1407.00  -0.35
 1407.70  -0.35
 1408.40  -0.35
 1409.10  -0.35
 1409.80  -0.35
 1410.50  -0.35
 1411.20  -0.35
 1411.90  -0.35
 1412.60  -0.35
 1413.30  -0.35
 1414.00  -0.35
 1414.70  -0.35
 1415.40  -0.35
 1416.10  -0.35
 1416.80  -0.35
 1417.50  -0.35
 1418.20  -0.35
 1418.90  -0.35
 1419.60  -0.35
 1420.30  -0.35
 1421.00  -0.35
 1421.70  -0.35
 1422.40  -0.35
 1423.10  -0.35
 1423.80  -0.35
 1424.50  -0.35
 1425.20  -0.35
 1425.90  -0.35
 1426.60  0.35
 1427.30  0.35
 1428.00  0.35
 1428.70  0.35
 1429.40  0.35
 1430.10  0.35
 1430.80  0.35
 1431.50  0.35
 1432.20  0.35
 1432.90  0.35
 1433.60  0.35
 1434.30  0.35
 1435.00  0.35
 1435.70  0.35
 1436.40  0.35
 1437.10  0.35
 1437.80  0.35
 1438.50  0.35
 1439.20  0.35
 1439.90  0.35
 1440.60  0.35
 1441.30  0.35
 1442.00  0.35
 1442.70  0.35
 1443.40  0.35
 1444.10  0.35
 1444.80  0.35
 1445.50  0.35
 1446.20  0.35
 1446.90  0.35
 1447.60  0.35
 1448.30  0.35
 1449.00  0.35
 1449.70  0.35
 1450.40  0.35
 1451.10  0.35
 1451.80  0.35
 1452.50  0.35
 1453.20  0.35
 1453.90  0.35
 1454.60  0.35
 1455.30  0.35
 1456.00  0.35
 1456.70  0.35
 1457.40  0.35
 1458.10  0.35
 1458.80  0.35
 1459.50  0.35
 1460.20  0.35
 1460.90  0.35
 1461.60  0.35
 1462.30  0.35
 1463.00  0.35
 1463.70  0.35
 1464.40  0.35
 1465.10  0.35
 1465.80  0.35
 1466.50  0.35
 1467.20  0.35
 1467.90  0.35
 1468.60  0.35
 1469.30  0.35
 1470.00  0.35
 1470.70  0.35
 1471.40  0.35
 1472.10  0.35
 1472.80  0.35
 1473.50  0.35
 1474.20  0.35
 1474.90  0.35
 1475.60  0.35
 1476.30  0.35
 1477.00  0.35
 1477.70  0.35
 1478.40  0.35
 1479.10  0.35
 1479.80  0.35
 1480.50  0.35
 1481.20  0.35
 1481.90  0.35
 1482.60  0.35
 1483.30  0.35
 1484.00  0.35
 1484.70  0.35
 1485.40  0.35
 1486.10  0.35
 1486.80  0.35
 1487.50  0.35
 1488.20  0.35
 1488.90  0.35
 1489.60  0.35
 1490.30  0.35
 1491.00  0.35
 1491.70  0.35
 1492.40  0.35
 1493.10  0.35
 1493.80  0.35
 1494.50  0.35
 1495.20  0.35
 1495.90  0.35
 1496.60  0.35
 1497.30  0.35
 1498.00  0.35
 1498.70  0.35
 1499.40  0.35
 1500.10  0.35
 1500.80  0.35
 1501.50  0.35
 1502.20  0.35
 1502.90  0.35
 1503.60  0.35
 1504.30  0.35
 1505.00  0.35
 1505.70  0.35
 1506.40  0.35
 1507.10  0.35
 1507.80  0.35
 1508.50  0.35
 1509.20  0.35
 1509.90  0.35
 1510.60  0.35
 1511.30  0.35
 1512.00  0.35
 1512.70  0.35
 1513.40  0.35
 1514.10  0.35
 1514.80  0.35
 1515.50  0.35
 1516.20  0.35
 1516.90  0.35
 1517.60  0.35
 1518.30  0.35
 1519.00  0.35
 1519.70  0.35
 1520.40  0.35
 1521.10  0.35
 1521.80  0.35
 1522.50  0.35
 1523.20  0.35
 1523.90  0.35
 1524.60  0.35
 1525.30  0.35
 1526.00  0.35
 1526.70  0.35
 1527.40  0.35
 1528.10  0.35
 1528.80  0.35
 1529.50  0.35
 1530.20  0.35
 1530.90  0.35
 1531.60  0.35
 1532.30  0.35
 1533.00  0.35
 1533.70  0.35
 1534.40  0.35
 1535.10  0.35
 1535.80  0.35
 1536.50  0.35
 1537.20  0.35
 1537.90  0.35
 1538.60  0.35
 1539.30  0.35
 1540.00  0.35
 1540.70  0.35
 1541.40  0.35
 1542.10  0.35
 1542.80  0.35
 1543.50  0.35
 1544.20  0.35
 1544.90  0.35
 1545.60  0.35
 1546.30  0.35
 1547.00  0.35
 1547.70  0.35
 1548.40  0.35
 1549.10  0.35
 1549.80  0.35
 1550.50  0.35
 1551.20  0.35
 1551.90  0.35
 1552.60  0.35
 1553.30  0.35
 1554.00  0.35
 1554.70  0.35
 1555.40  0.35
 1556.10  0.35
 1556.80  0.35
 1557.50  0.35
 1558.20  0.35
 1558.90  0.35
 1559.60  0.35
 1560.30  0.35
 1561.00  0.35
 1561.70  0.35
 1562.40  0.35
 1563.10  0.35
 1563.80  0.35
 1564.50  0.35
 1565.20  0.35
 1565.90  0.35
 1566.60  0.35
 1567.30  0.35
 1568.00  0.35
 1568.70  0.35
 1569.40  0.35
 1570.10  0.35
 1570.80  0.35
 1571.50  0.35
 1572.20  0.35
 1572.90  0.35
 1573.60  0.35
 1574.30  0.35
 1575.00  0.35
 1575.70  0.35
 1576.40  0.35
 1577.10  0.35
 1577.80  0.35
 1578.50  0.35
 1579.20  0.35
 1579.90  0.35
 1580.60  0.35
 1581.30  0.35
 1582.00  0.35
 1582.70  0.35
 1583.40  0.35
 1584.10  0.35
 1584.80  0.35
 1585.50  0.35
 1586.20  0.35
 1586.90  0.35
 1587.60  0.35
 1588.30  0.35
 1589.00  0.35
 1589.70  0.35
 1590.40  0.35
 1591.10  0.35
 1591.80  0.35
 1592.50  0.35
 1593.20  0.35
 1593.90  0.35
 1594.60  0.35
 1595.30  0.35
 1596.00  0.35
 1596.70  0.35
 1597.40  0.35
 1598.10  0.35
 1598.80  0.35
 1599.50  0.35
 1600.20  0.35
 1600.90  0.35
 1601.60  0.35
 1602.30  0.35
 1603.00  0.35
 1603.70  0.35
 1604.40  0.35
 1605.10  0.35
 1605.80  0.35
 1606.50  0.35
 1607.20  0.35
 1607.90  0.35
 1608.60  0.35
 1609.30  0.35
 1610.00  0.35
 1610.70  0.35
 1611.40  0.35
 1612.10  0.35
 1612.80  0.35
 1613.50  0.35
 1614.20  0.35
 1614.90  0.35
 1615.60  0.35
 1616.30  0.35
 1617.00  0.35
 1617.70  0.35
 1618.40  0.35
 1619.10  0.35
 1619.80  0.35
 1620.50  0.35
 1621.20  0.35
 1621.90  0.35
 1622.60  0.35
 1623.30  0.35
 1624.00  0.35
 1624.70  0.35
 1625.40  0.35
 1626.10  0.35
 1626.80  0.35
 1627.50  0.35
 1628.20  0.35
 1628.90  0.35
 1629.60  0.35
 1630.30  0.35
 1631.00  0.35
 1631.70  0.35
 1632.40  0.35
 1633.10  0.35
 1633.80  0.35
 1634.50  0.35
 1635.20  0.35
 1635.90  0.35
 1636.60  0.35
 1637.30  0.35
 1638.00  0.35
 1638.70  0.35
 1639.40  0.35
 1640.10  0.35
 1640.80  -0.35
 1641.50  -0.35
 1642.20  -0.35
 1642.90  -0.35
 1643.60  -0.35
 1644.30  -0.35
 1645.00  -0.35
 1645.70  -0.35
 1646.40  -0.35
 1647.10  -0.35
 1647.80  -0.35
 1648.50  -0.35
 1649.20  -0.35
 1649.90  -0.35
 1650.60  -0.35
 1651.30  -0.35
 1652.00  -0.35
 1652.70  -0.35
 1653.40  -0.35
 1654.10  -0.35
 1654.80  -0.35
 1655.50  -0.35
 1656.20  -0.35
 1656.90  -0.35
 1657.60  -0.35
 1658.30  -0.35
 1659.00  -0.35
 1659.70  -0.35
 1660.40  -0.35
 1661.10  -0.35
 1661.80  -0.35
 1662.50  -0.35
 1663.20  -0.35
 1663.90  -0.35
 1664.60  -0.35
 1665.30  -0.35
 1666.00  -0.35
 1666.70  -0.35
 1667.40  -0.35
 1668.10  -0.35
 1668.80  -0.35
 1669.50  -0.35
 1670.20  -0.35
 1670.90  -0.35
 1671.60  -0.35
 1672.30  -0.35
 1673.00  -0.35
 1673.70  -0.35
 1674.40  -0.35
 1675.10  -0.35
 1675.80  -0.35
 1676.50  -0.35
 1677.20  -0.35
 1677.90  -0.35
 1678.60  -0.35
 1679.30  -0.35
 1680.00  -0.35
 1680.70  -0.35
 1681.40  -0.35
 1682.10  -0.35
 1682.80  -0.35
 1683.50  -0.35
 1684.20  -0.35
 1684.90  -0.35
 1685.60  -0.35
 1686.30  -0.35
 1687.00  -0.35
 1687.70  -0.35
 1688.40  -0.35
 1689.10  -0.35
 1689.80  -0.35
 1690.50  -0.35
 1691.20  -0.35
 1691.90  -0.35
 1692.60  -0.35
 1693.30  -0.35
 1694.00  -0.35
 1694.70  -0.35
 1695.40  -0.35
 1696.10  -0.35
 1696.80  -0.35
 1697.50  -0.35
 1698.20  -0.35
 1698.90  -0.35
 1699.60  -0.35
 1700.30  -0.35
 1701.00  -0.35
 1701.70  -0.35
 1702.40  -0.35
 1703.10  -0.35
 1703.80  -0.35
 1704.50  -0.35
 1705.20  -0.35
 1705.90  -0.35
 1706.60  -0.35
 1707.30  -0.35
 1708.00  -0.35
 1708.70  -0.35
 1709.40  -0.35
 1710.10  -0.35
 1710.80  -0.35
 1711.50  -0.35
 1712.20  -0.35
 1712.90  -0.35
 1713.60  -0.35
 1714.30  -0.35
 1715.00  -0.35
 1715.70  -0.35
 1716.40  -0.35
 1717.10  -0.35
 1717.80  -0.35
 1718.50  -0.35
 1719.20  -0.35
 1719.90  -0.35
 1720.60  -0.35
 1721.30  -0.35
 1722.00  -0.35
 1722.70  -0.35
 1723.40  -0.35
 1724.10  -0.35
 1724.80  -0.35
 1725.50  -0.35
 1726.20  -0.35
 1726.90  -0.35
 1727.60  -0.35
 1728.30  -0.35
 1729.00  -0.35
 1729.70  -0.35
 1730.40  -0.35
 1731.10  -0.35
 1731.80  -0.35
 1732.50  -0.35
 1733.20  -0.35
 1733.90  -0.35
 1734.60  -0.35
 1735.30  -0.35
 1736.00  -0.35
 1736.70  -0.35
 1737.40  -0.35
 1738.10  -0.35
 1738.80  -0.35
 1739.50  -0.35
 1740.20  -0.35
 1740.90  -0.35
 1741.60  -0.35
 1742.30  -0.35
 1743.00  -0.35
 1743.70  -0.35
 1744.40  -0.35
 1745.10  -0.35
 1745.80  -0.35
 1746.50  -0.35
 1747.20  -0.35
 1747.90  -0.35
 1748.60  -0.35
 1749.30  -0.35
 1750.00  -0.35
 1750.70  -0.35
 1751.40  -0.35
 1752.10  -0.35
 1752.80  -0.35
 1753.50  -0.35
 1754.20  -0.35
 1754.90  -0.35
 1755.60  -0.35
 1756.30  -0.35
 1757.00  -0.35
 1757.70  -0.35
 1758.40  -0.35
 1759.10  -0.35
 1759.80  -0.35
 1760.50  -0.35
 1761.20  -0.35
 1761.90  -0.35
 1762.60  -0.35
 1763.30  -0.35
 1764.00  -0.35
 1764.70  -0.35
 1765.40  -0.35
 1766.10  -0.35
 1766.80  -0.35
 1767.50  -0.35
 1768.20  -0.35
 1768.90  -0.35
 1769.60  -0.35
 1770.30  -0.35
 1771.00  -0.35
 1771.70  -0.35
 1772.40  -0.35
 1773.10  -0.35
 1773.80  -0.35
 1774.50  -0.35
 1775.20  -0.35
 1775.90  -0.35
 1776.60  -0.35
 1777.30  -0.35
 1778.00  -0.35
 1778.70  -0.35
 1779.40  -0.35
 1780.10  -0.35
 1780.80  -0.35
 1781.50  -0.35
 1782.20  -0.35
 1782.90  -0.35
 1783.60  -0.35
 1784.30  -0.35
 1785.00  -0.35
 1785.70  -0.35
 1786.40  -0.35
 1787.10  -0.35
 1787.80  -0.35
 1788.50  -0.35
 1789.20  -0.35
 1789.90  -0.35
 1790.60  -0.35
 1791.30  -0.35
 1792.00  -0.35
 1792.70  -0.35
 1793.40  -0.35
 1794.10  -0.35
 1794.80  -0.35
 1795.50  -0.35
 1796.20  -0.35
 1796.90  -0.35
 1797.60  -0.35
 1798.30  -0.35
 1799.00  -0.35
 1799.70  -0.35
 1800.40  -0.35
 1801.10  -0.35
 1801.80  -0.35
 1802.50  -0.35
 1803.20  -0.35
 1803.90  -0.35
 1804.60  -0.35
 1805.30  -0.35
 1806.00  -0.35
 1806.70  -0.35
 1807.40  -0.35
 1808.10  -0.35
 1808.80  -0.35
 1809.50  -0.35
 1810.20  -0.35
 1810.90  -0.35
 1811.60  -0.35
 1812.30  -0.35
 1813.00  -0.35
 1813.70  -0.35
 1814.40  -0.35
 1815.10  -0.35
 1815.80  -0.35
 1816.50  -0.35
 1817.20  -0.35
 1817.90  -0.35
 1818.60  -0.35
 1819.30  -0.35
 1820.00  -0.35
 1820.70  -0.35
 1821.40  -0.35
 1822.10  -0.35
 1822.80  -0.35
 1823.50  -0.35
 1824.20  -0.35
 1824.90  -0.35
 1825.60  -0.35
 1826.30  -0.35
 1827.00  -0.35
 1827.70  -0.35
 1828.40  -0.35
 1829.10  -0.35
 1829.80  -0.35
 1830.50  -0.35
 1831.20  -0.35
 1831.90  -0.35
 1832.60  -0.35
 1833.30  -0.35
 1834.00  -0.35
 1834.70  -0.35
 1835.40  -0.35
 1836.10  -0.35
 1836.80  -0.35
 1837.50  -0.35
 1838.20  -0.35
 1838.90  -0.35
 1839.60  -0.35
 1840.30  -0.35
 1841.00  -0.35
 1841.70  -0.35
 1842.40  -0.35
 1843.10  -0.35
 1843.80  -0.35
 1844.50  -0.35
 1845.20  -0.35
 1845.90  -0.35
 1846.60  -0.35
 1847.30  -0.35
 1848.00  -0.35
 1848.70  -0.35
 1849.40  -0.35
 1850.10  -0.35
 1850.80  -0.35
 1851.50  -0.35
 1852.20  -0.35
 1852.90  -0.35
 1853.60  -0.35
 1854.30  -0.35
 1855.00  -0.35
 1855.70  -0.35
 1856.40  -0.35
 1857.10  -0.35
 1857.80  -0.35
 1858.50  -0.35
 1859.20  -0.35
 1859.90  -0.35
 1860.60  -0.35
 1861.30  -0.35
 1862.00  -0.35
 1862.70  -0.35
 1863.40  -0.35
 1864.10  -0.35
 1864.80  -0.35
 1865.50  -0.35
 1866.20  -0.35
 1866.90  -0.35
 1867.60  -0.35
 1868.30  -0.35
 1869.00  -0.35
 1869.70  -0.35
 1870.40  -0.35
 1871.10  -0.35
 1871.80  -0.35
 1872.50  -0.35
 1873.20  -0.35
 1873.90  -0.35
 1874.60  -0.35
 1875.30  -0.35
 1876.00  -0.35
 1876.70  -0.35
 1877.40  -0.35
 1878.10  -0.35
 1878.80  -0.35
 1879.50  -0.35
 1880.20  -0.35
 1880.90  -0.35
 1881.60  -0.35
 1882.30  -0.35
 1883.00  0.35
 1883.70  0.35
 1884.40  0.35
 1885.10  0.35
 1885.80  0.35
 1886.50  0.35
 1887.20  0.35
 1887.90  0.35
 1888.60  0.35
 1889.30  0.35
 1890.00  0.35
 1890.70  0.35
 1891.40  0.35
 1892.10  0.35
 1892.80  0.35
 1893.50  0.35
 1894.20  0.35
 1894.90  0.35
 1895.60  0.35
 1896.30  0.35
 1897.00  0.35
 1897.70  0.35
 1898.40  0.35
 1899.10  0.35
 1899.80  0.35
 1900.50  0.35
 1901.20  0.35
 1901.90  0.35
 1902.60  0.35
 1903.30  0.35
 1904.00  0.35
 1904.70  0.35
 1905.40  0.35
 1906.10  0.35
 1906.80  0.35
 1907.50  0.35
 1908.20  0.35
 1908.90  0.35
 1909.60  0.35
 1910.30  0.35
 1911.00  0.35
 1911.70  0.35
 1912.40  0.35
 1913.10  0.35
 1913.80  0.35
 1914.50  0.35
 1915.20  0.35
 1915.90  0.35
 1916.60  0.35
 1917.30  0.35
 1918.00  0.35
 1918.70  0.35
 1919.40  0.35
 1920.10  0.35
 1920.80  0.35
 1921.50  0.35
 1922.20  0.35
 1922.90  0.35
 1923.60  0.35
 1924.30  0.35
 1925.00  0.35
 1925.70  0.35
 1926.40  0.35
 1927.10  0.35
 1927.80  0.35
 1928.50  0.35
 1929.20  0.35
 1929.90  0.35
 1930.60  0.35
 1931.30  0.35
 1932.00  0.35
 1932.70  0.35
 1933.40  0.35
 1934.10  0.35
 1934.80  0.35
 1935.50  0.35
 1936.20  0.35
 1936.90  0.35
 1937.60  0.35
 1938.30  0.35
 1939.00  0.35
 1939.70  0.35
 1940.40  0.35
 1941.10  0.35
 1941.80  0.35
 1942.50  0.35
 1943.20  0.35
 1943.90  0.35
 1944.60  0.35
 1945.30  0.35
 1946.00  0.35
 1946.70  0.35
 1947.40  0.35
 1948.10  0.35
 1948.80  0.35
 1949.50  0.35
 1950.20  0.35
 1950.90  0.35
 1951.60  0.35
 1952.30  0.35
 1953.00  0.35
 1953.70  0.35
 1954.40  0.35
 1955.10  0.35
 1955.80  0.35
 1956.50  0.35
 1957.20  0.35
 1957.90  0.35
 1958.60  0.35
 1959.30  0.35
 1960.00  0.35
 1960.70  0.35
 1961.40  0.35
 1962.10  0.35
 1962.80  0.35
 1963.50  0.35
 1964.20  0.35
 1964.90  0.35
 1965.60  0.35
 1966.30  0.35
 1967.00  0.35
 1967.70  0.35
 1968.40  0.35
 1969.10  0.35
 1969.80  0.35
 1970.50  0.35
 1971.20  0.35
 1971.90  0.35
 1972.60  0.35
 1973.30  0.35
 1974.00  0.35
 1974.70  0.35
 1975.40  0.35
 1976.10  0.35
 1976.80  0.35
 1977.50  0.35
 1978.20  0.35
 1978.90  0.35
 1979.60  0.35
 1980.30  0.35
 1981.00  0.35
 1981.70  0.35
 1982.40  0.35
 1983.10  0.35
 1983.80  0.35
 1984.50  0.35
 1985.20  0.35
 1985.90  0.35
 1986.60  0.35
 1987.30  0.35
 1988.00  0.35
 1988.70  0.35
 1989.40  0.35
 1990.10  0.35
 1990.80  0.35
 1991.50  0.35
 1992.20  0.35
 1992.90  0.35
 1993.60  0.35
 1994.30  0.35
 1995.00  0.35
 1995.70  0.35
 1996.40  0.35
 1997.10  0.35
 1997.80  0.35
 1998.50  0.35
 1999.20  0.35
 1999.90  0.35
 2000.60  0.35
 2001.30  0.35
 2002.00  0.35
 2002.70  0.35
 2003.40  0.35
 2004.10  0.35
 2004.80  0.35
 2005.50  0.35
 2006.20  0.35
 2006.90  0.35
 2007.60  0.35
 2008.30  0.35
 2009.00  0.35
 2009.70  0.35
 2010.40  0.35
 2011.10  0.35
 2011.80  0.35
 2012.50  0.35
 2013.20  0.35
 2013.90  0.35
 2014.60  0.35
 2015.30  0.35
 2016.00  0.35
 2016.70  0.35
 2017.40  0.35
 2018.10  0.35
 2018.80  0.35
 2019.50  0.35
 2020.20  0.35
 2020.90  0.35
 2021.60  0.35
 2022.30  0.35
 2023.00  0.35
 2023.70  0.35
 2024.40  0.35
 2025.10  0.35
 2025.80  0.35
 2026.50  0.35
 2027.20  0.35
 2027.90  0.35
 2028.60  0.35
 2029.30  0.35
 2030.00  0.35
 2030.70  0.35
 2031.40  0.35
 2032.10  0.35
 2032.80  0.35
 2033.50  0.35
 2034.20  0.35
 2034.90  0.35
 2035.60  0.35
 2036.30  0.35
 2037.00  0.35
 2037.70  0.35
 2038.40  0.35
 2039.10  0.35
 2039.80  0.35
 2040.50  0.35
 2041.20  0.35
 2041.90  0.35
 2042.60  0.35
 2043.30  0.35
 2044.00  0.35
 2044.70  0.35
 2045.40  0.35
 2046.10  0.35
 2046.80  0.35
 2047.50  0.35
 2048.20  0.35
 2048.90  0.35
 2049.60  0.35
 2050.30  0.35
 2051.00  0.35
 2051.70  0.35
 2052.40  0.35
 2053.10  0.35
 2053.80  0.35
 2054.50  0.35
 2055.20  0.35
 2055.90  0.35
 2056.60  0.35
 2057.30  0.35
 2058.00  0.35
 2058.70  0.35
 2059.40  0.35
 2060.10  0.35
 2060.80  0.35
 2061.50  0.35
 2062.20  0.35
 2062.90  0.35
 2063.60  0.35
 2064.30  0.35
 2065.00  0.35
 2065.70  0.35
 2066.40  0.35
 2067.10  0.35
 2067.80  0.35
 2068.50  0.35
 2069.20  0.35
 2069.90  0.35
 2070.60  0.35
 2071.30  0.35
 2072.00  0.35
 2072.70  0.35
 2073.40  0.35
 2074.10  0.35
 2074.80  0.35
 2075.50  0.35
 2076.20  0.35
 2076.90  0.35
 2077.60  0.35
 2078.30  0.35
 2079.00  0.35
 2079.70  0.35
 2080.40  0.35
 2081.10  0.35
 2081.80  0.35
 2082.50  0.35
 2083.20  0.35
 2083.90  0.35
 2084.60  0.35
 2085.30  0.35
 2086.00  0.35
 2086.70  0.35
 2087.40  0.35
 2088.10  0.35
 2088.80  0.35
 2089.50  0.35
 2090.20  0.35
 2090.90  0.35
 2091.60  0.35
 2092.30  0.35
 2093.00  0.35
 2093.70  0.35
 2094.40  0.35
 2095.10  0.35
 2095.80  0.35
 2096.50  0.35
 2097.20  0.35
 2097.90  -0.35
 2098.60  -0.35
 2099.30  -0.35
 2100.00  -0.35
 2100.70  -0.35
 2101.40  -0.35
 2102.10  -0.35
 2102.80  -0.35
 2103.50  -0.35
 2104.20  -0.35
 2104.90  -0.35
 2105.60  -0.35
 2106.30  -0.35
 2107.00  -0.35
 2107.70  -0.35
 2108.40  -0.35
 2109.10  -0.35
 2109.80  -0.35
 2110.50  -0.35
 2111.20  -0.35
 2111.90  -0.35
 2112.60  -0.35
 2113.30  -0.35
 2114.00  -0.35
 2114.70  -0.35
 2115.40  -0.35
 2116.10  -0.35
 2116.80  -0.35
 2117.50  -0.35
 2118.20  -0.35
 2118.90  -0.35
 2119.60  -0.35
 2120.30  -0.35
 2121.00  -0.35
 2121.70  -0.35
 2122.40  -0.35
 2123.10  -0.35
 2123.80  -0.35
 2124.50  -0.35
 2125.20  -0.35
 2125.90  -0.35
 2126.60  -0.35
 2127.30  -0.35
 2128.00  -0.35
 2128.70  -0.35
 2129.40  -0.35
 2130.10  -0.35
 2130.80  -0.35
 2131.50  -0.35
 2132.20  -0.35
 2132.90  -0.35
 2133.60  -0.35
 2134.30  -0.35
 2135.00  -0.35
 2135.70  -0.35
 2136.40  -0.35
 2137.10  -0.35
 2137.80  -0.35
 2138.50  -0.35
 2139.20  -0.35
 2139.90  -0.35
 2140.60  -0.35
 2141.30  -0.35
 2142.00  -0.35
 2142.70  -0.35
 2143.40  -0.35
 2144.10  -0.35
 2144.80  -0.35
 2145.50  -0.35
 2146.20  -0.35
 2146.90  -0.35
 2147.60  -0.35
 2148.30  -0.35
 2149.00  -0.35
 2149.70  -0.35
 2150.40  -0.35
 2151.10  -0.35
 2151.80  -0.35
 2152.50  -0.35
 2153.20  -0.35
 2153.90  -0.35
 2154.60  -0.35
 2155.30  -0.35
 2156.00  -0.35
 2156.70  -0.35
 2157.40  -0.35
 2158.10  -0.35
 2158.80  -0.35
 2159.50  -0.35
 2160.20  -0.35
 2160.90  -0.35
 2161.60  -0.35
 2162.30  -0.35
 2163.00  -0.35
 2163.70  -0.35
 2164.40  -0.35
 2165.10  -0.35
 2165.80  -0.35
 2166.50  -0.35
 2167.20  -0.35
 2167.90  -0.35
 2168.60  -0.35
 2169.30  -0.35
 2170.00  -0.35
 2170.70  -0.35
 2171.40  -0.35
 2172.10  -0.35
 2172.80  -0.35
 2173.50  -0.35
 2174.20  -0.35
 2174.90  -0.35
 2175.60  -0.35
 2176.30  -0.35
 2177.00  -0.35
 2177.70  -0.35
 2178.40  -0.35
 2179.10  -0.35
 2179.80  -0.35
 2180.50  -0.35
 2181.20  -0.35
 2181.90  -0.35
 2182.60  -0.35
 2183.30  -0.35
 2184.00  -0.35
 2184.70  -0.35
 2185.40  -0.35
 2186.10  -0.35
 2186.80  -0.35
 2187.50  -0.35
 2188.20  -0.35
 2188.90  -0.35
 2189.60  -0.35
 2190.30  -0.35
 2191.00  -0.35
 2191.70  -0.35
 2192.40  -0.35
 2193.10  -0.35
 2193.80  -0.35
 2194.50  -0.35
 2195.20  -0.35
 2195.90  -0.35
 2196.60  -0.35
 2197.30  -0.35
 2198.00  -0.35
 2198.70  -0.35
 2199.40  -0.35
 2200.10  -0.35
 2200.80  -0.35
 2201.50  -0.35
 2202.20  -0.35
 2202.90  -0.35
 2203.60  -0.35
 2204.30  -0.35
 2205.00  -0.35
 2205.70  -0.35
 2206.40  -0.35
 2207.10  -0.35
 2207.80  -0.35
 2208.50  -0.35
 2209.20  -0.35
 2209.90  -0.35
 2210.60  -0.35
 2211.30  -0.35
 2212.00  -0.35
 2212.70  -0.35
 2213.40  -0.35
 2214.10  -0.35
 2214.80  -0.35
 2215.50  -0.35
 2216.20  -0.35
 2216.90  -0.35
 2217.60  -0.35
 2218.30  -0.35
 2219.00  -0.35
 2219.70  -0.35
 2220.40  -0.35
 2221.10  -0.35
 2221.80  -0.35
 2222.50  -0.35
 2223.20  -0.35
 2223.90  -0.35
 2224.60  -0.35
 2225.30  -0.35
 2226.00  -0.35
 2226.70  -0.35
 2227.40  -0.35
 2228.10  -0.35
 2228.80  -0.35
 2229.50  -0.35
 2230.20  -0.35
 2230.90  -0.35
 2231.60  -0.35
 2232.30  -0.35
 2233.00  -0.35
 2233.70  -0.35
 2234.40  -0.35
 2235.10  -0.35
 2235.80  -0.35
 2236.50  -0.35
 2237.20  -0.35
 2237.90  -0.35
 2238.60  -0.35
 2239.30  -0.35
 2240.00  -0.35
 2240.70  -0.35
 2241.40  -0.35
 2242.10  -0.35
 2242.80  -0.35
 2243.50  -0.35
 2244.20  -0.35
 2244.90  -0.35
 2245.60  -0.35
 2246.30  -0.35
 2247.00  -0.35
 2247.70  -0.35
 2248.40  -0.35
 2249.10  -0.35
 2249.80  -0.35
 2250.50  -0.35
 2251.20  -0.35
 2251.90  -0.35
 2252.60  -0.35
 2253.30  -0.35
 2254.00  -0.35
 2254.70  -0.35
 2255.40  -0.35
 2256.10  -0.35
 2256.80  -0.35
 2257.50  -0.35
 2258.20  -0.35
 2258.90  -0.35
 2259.60  -0.35
 2260.30  -0.35
 2261.00  -0.35
 2261.70  -0.35
 2262.40  -0.35
 2263.10  -0.35
 2263.80  -0.35
 2264.50  -0.35
 2265.20  -0.35
 2265.90  -0.35
 2266.60  -0.35
 2267.30  -0.35
 2268.00  -0.35
 2268.70  -0.35
 2269.40  -0.35
 2270.10  -0.35
 2270.80  -0.35
 2271.50  -0.35
 2272.20  -0.35
 2272.90  -0.35
 2273.60  -0.35
 2274.30  -0.35
 2275.00  -0.35
 2275.70  -0.35
 2276.40  -0.35
 2277.10  -0.35
 2277.80  -0.35
 2278.50  -0.35
 2279.20  -0.35
 2279.90  -0.35
 2280.60  -0.35
 2281.30  -0.35
 2282.00  -0.35
 2282.70  -0.35
 2283.40  -0.35
 2284.10  -0.35
 2284.80  -0.35
 2285.50  -0.35
 2286.20  -0.35
 2286.90  -0.35
 2287.60  -0.35
 2288.30  -0.35
 2289.00  -0.35
 2289.70  -0.35
 2290.40  -0.35
 2291.10  -0.35
 2291.80  -0.35
 2292.50  -0.35
 2293.20  -0.35
 2293.90  -0.35
 2294.60  -0.35
 2295.30  -0.35
 2296.00  -0.35
 2296.70  -0.35
 2297.40  -0.35
 2298.10  -0.35
 2298.80  -0.35
 2299.50  -0.35
 2300.20  -0.35
 2300.90  -0.35
 2301.60  -0.35
 2302.30  -0.35
 2303.00  -0.35
 2303.70  -0.35
 2304.40  -0.35
 2305.10  -0.35
 2305.80  -0.35
 2306.50  -0.35
 2307.20  -0.35
 2307.90  -0.35
 2308.60  -0.35
 2309.30  -0.35
 2310.00  -0.35
 2310.70  -0.35
 2311.40  -0.35
 2312.10  -0.35
 2312.80  -0.35
 2313.50  -0.35
 2314.20  -0.35
 2314.90  -0.35
 2315.60  -0.35
 2316.30  -0.35
 2317.00  -0.35
 2317.70  -0.35
 2318.40  -0.35
 2319.10  -0.35
 2319.80  -0.35
 2320.50  -0.35
 2321.20  -0.35
 2321.90  -0.35
 2322.60  -0.35
 2323.30  -0.35
 2324.00  -0.35
 2324.70  -0.35
 2325.40  -0.35
 2326.10  -0.35
 2326.80  -0.35
 2327.50  -0.35
 2328.20  -0.35
 2328.90  -0.35
 2329.60  -0.35
 2330.30  -0.35
 2331.00  -0.35
 2331.70  -0.35
 2332.40  -0.35
 2333.10  -0.35
 2333.80  -0.35
 2334.50  -0.35
 2335.20  -0.35
 2335.90  -0.35
 2336.60  -0.35
 2337.30  -0.35
 2338.00  -0.35
 2338.70  -0.35
 2339.40  -0.35
 2340.10  0.35
 2340.80  0.35
 2341.50  0.35
 2342.20  0.35
 2342.90  0.35
 2343.60  0.35
 2344.30  0.35
 2345.00  0.35
 2345.70  0.35
 2346.40  0.35
 2347.10  0.35
 2347.80  0.35
 2348.50  0.35
 2349.20  0.35
 2349.90  0.35
 2350.60  0.35
 2351.30  0.35
 2352.00  0.35
 2352.70  0.35
 2353.40  0.35
 2354.10  0.35
 2354.80  0.35
 2355.50  0.35
 2356.20  0.35
 2356.90  0.35
 2357.60  0.35
 2358.30  0.35
 2359.00  0.35
 2359.70  0.35
 2360.40  0.35
 2361.10  0.35
 2361.80  0.35
 2362.50  0.35
 2363.20  0.35
 2363.90  0.35
 2364.60  0.35
 2365.30  0.35
 2366.00  0.35
 2366.70  0.35
 2367.40  0.35
 2368.10  0.35
 2368.80  0.35
 2369.50  0.35
 2370.20  0.35
 2370.90  0.35
 2371.60  0.35
 2372.30  0.35
 2373.00  0.35
 2373.70  0.35
 2374.40  0.35
 2375.10  0.35
 2375.80  0.35
 2376.50  0.35
 2377.20  0.35
 2377.90  0.35
 2378.60  0.35
 2379.30  0.35
 2380.00  0.35
 2380.70  0.35
 2381.40  0.35
 2382.10  0.35
 2382.80  0.35
 2383.50  0.35
 2384.20  0.35
 2384.90  0.35
 2385.60  0.35
 2386.30  0.35
 2387.00  0.35
 2387.70  0.35
 2388.40  0.35
 2389.10  0.35
 2389.80  0.35
 2390.50  0.35
 2391.20  0.35
 2391.90  0.35
 2392.60  0.35
 2393.30  0.35
 2394.00  0.35
 2394.70  0.35
 2395.40  0.35
 2396.10  0.35
 2396.80  0.35
 2397.50  0.35
 2398.20  0.35
 2398.90  0.35
 2399.60  0.35
 2400.30  0.35
 2401.00  0.35
 2401.70  0.35
 2402.40  0.35
 2403.10  0.35
 2403.80  0.35
 2404.50  0.35
 2405.20  0.35
 2405.90  0.35
 2406.60  0.35
 2407.30  0.35
 2408.00  0.35
 2408.70  0.35
 2409.40  0.35
 2410.10  0.35
 2410.80  0.35
 2411.50  0.35
 2412.20  0.35
 2412.90  0.35
 2413.60  0.35
 2414.30  0.35
 2415.00  0.35
 2415.70  0.35
 2416.40  0.35
 2417.10  0.35
 2417.80  0.35
 2418.50  0.35
 2419.20  0.35
 2419.90  0.35
 2420.60  0.35
 2421.30  0.35
 2422.00  0.35
 2422.70  0.35
 2423.40  0.35
 2424.10  0.35
 2424.80  0.35
 2425.50  0.35
 2426.20  0.35
 2426.90  0.35
 2427.60  0.35
 2428.30  0.35
 2429.00  0.35
 2429.70  0.35
 2430.40  0.35
 2431.10  0.35
 2431.80  0.35
 2432.50  0.35
 2433.20  0.35
 2433.90  0.35
 2434.60  0.35
 2435.30  0.35
 2436.00  0.35
 2436.70  0.35
 2437.40  0.35
 2438.10  0.35
 2438.80  0.35
 2439.50  0.35
 2440.20  0.35
 2440.90  0.35
 2441.60  0.35
 2442.30  0.35
 2443.00  0.35
 2443.70  0.35
 2444.40  0.35
 2445.10  0.35
 2445.80  0.35
 2446.50  0.35
 2447.20  0.35
 2447.90  0.35
 2448.60  0.35
 2449.30  0.35
 2450.00  0.35
 2450.70  0.35
 2451.40  0.35
 2452.10  0.35
 2452.80  0.35
 2453.50  0.35
 2454.20  0.35
 2454.90  0.35
 2455.60  0.35
 2456.30  0.35
 2457.00  0.35
 2457.70  0.35
 2458.40  0.35
 2459.10  0.35
 2459.80  0.35
 2460.50  0.35
 2461.20  0.35
 2461.90  0.35
 2462.60  0.35
 2463.30  0.35
 2464.00  0.35
 2464.70  0.35
 2465.40  0.35
 2466.10  0.35
 2466.80  0.35
 2467.50  0.35
 2468.20  0.35
 2468.90  0.35
 2469.60  0.35
 2470.30  0.35
 2471.00  0.35
 2471.70  0.35
 2472.40  0.35
 2473.10  0.35
 2473.80  0.35
 2474.50  0.35
 2475.20  0.35
 2475.90  0.35
 2476.60  0.35
 2477.30  0.35
 2478.00  0.35
 2478.70  0.35
 2479.40  0.35
 2480.10  0.35
 2480.80  0.35
 2481.50  0.35
 2482.20  0.35
 2482.90  0.35
 2483.60  0.35
 2484.30  0.35
 2485.00  0.35
 2485.70  0.35
 2486.40  0.35
 2487.10  0.35
 2487.80  0.35
 2488.50  0.35
 2489.20  0.35
 2489.90  0.35
 2490.60  0.35
 2491.30  0.35
 2492.00  0.35
 2492.70  0.35
 2493.40  0.35
 2494.10  0.35
 2494.80  0.35
 2495.50  0.35
 2496.20  0.35
 2496.90  0.35
 2497.60  0.35
 2498.30  0.35
 2499.00  0.35
 2499.70  0.35
 2500.40  0.35
 2501.10  0.35
 2501.80  0.35
 2502.50  0.35
 2503.20  0.35
 2503.90  0.35
 2504.60  0.35
 2505.30  0.35
 2506.00  0.35
 2506.70  0.35
 2507.40  0.35
 2508.10  0.35
 2508.80  0.35
 2509.50  0.35
 2510.20  0.35
 2510.90  0.35
 2511.60  0.35
 2512.30  0.35
 2513.00  0.35
 2513.70  0.35
 2514.40  0.35
 2515.10  0.35
 2515.80  0.35
 2516.50  0.35
 2517.20  0.35
 2517.90  0.35
 2518.60  0.35
 2519.30  0.35
 2520.00  0.35
 2520.70  0.35
 2521.40  0.35
 2522.10  0.35
 2522.80  0.35
 2523.50  0.35
 2524.20  0.35
 2524.90  0.35
 2525.60  0.35
 2526.30  0.35
 2527.00  0.35
 2527.70  0.35
 2528.40  0.35
 2529.10  0.35
 2529.80  0.35
 2530.50  0.35
 2531.20  0.35
 2531.90  0.35
 2532.60  0.35
 2533.30  0.35
 2534.00  0.35
 2534.70  0.35
 2535.40  0.35
 2536.10  0.35
 2536.80  0.35
 2537.50  0.35
 2538.20  0.35
 2538.90  0.35
 2539.60  0.35
 2540.30  0.35
 2541.00  0.35
 2541.70  0.35
 2542.40  0.35
 2543.10  0.35
 2543.80  0.35
 2544.50  0.35
 2545.20  0.35
 2545.90  0.35
 2546.60  0.35
 2547.30  0.35
 2548.00  0.35
 2548.70  0.35
 2549.40  0.35
 2550.10  0.35
 2550.80  0.35
 2551.50  0.35
 2552.20  0.35
 2552.90  0.35
 2553.60  0.35
 2554.30  0.35
 2555.00  -0.35
 2555.70  -0.35
 2556.40  -0.35
 2557.10  -0.35
 2557.80  -0.35
 2558.50  -0.35
 2559.20  -0.35
 2559.90  -0.35
 2560.60  -0.35
 2561.30  -0.35
 2562.00  -0.35
 2562.70  -0.35
 2563.40  -0.35
 2564.10  -0.35
 2564.80  -0.35
 2565.50  -0.35
 2566.20  -0.35
 2566.90  -0.35
 2567.60  -0.35
 2568.30  -0.35
 2569.00  -0.35
 2569.70  -0.35
 2570.40  -0.35
 2571.10  -0.35
 2571.80  -0.35
 2572.50  -0.35
 2573.20  -0.35
 2573.90  -0.35
 2574.60  -0.35
 2575.30  -0.35
 2576.00  -0.35
 2576.70  -0.35
 2577.40  -0.35
 2578.10  -0.35
 2578.80  -0.35
 2579.50  -0.35
 2580.20  -0.35
 2580.90  -0.35
 2581.60  -0.35
 2582.30  -0.35
 2583.00  -0.35
 2583.70  -0.35
 2584.40  -0.35
 2585.10  -0.35
 2585.80  -0.35
 2586.50  -0.35
 2587.20  -0.35
 2587.90  -0.35
 2588.60  -0.35
 2589.30  -0.35
 2590.00  -0.35
 2590.70  -0.35
 2591.40  -0.35
 2592.10  -0.35
 2592.80  -0.35
 2593.50  -0.35
 2594.20  -0.35
 2594.90  -0.35
 2595.60  -0.35
 2596.30  -0.35
 2597.00  -0.35
 2597.70  -0.35
 2598.40  -0.35
 2599.10  -0.35
 2599.80  -0.35
 2600.50  -0.35
 2601.20  -0.35
 2601.90  -0.35
 2602.60  -0.35
 2603.30  -0.35
 2604.00  -0.35
 2604.70  -0.35
 2605.40  -0.35
 2606.10  -0.35
 2606.80  -0.35
 2607.50  -0.35
 2608.20  -0.35
 2608.90  -0.35
 2609.60  -0.35
 2610.30  -0.35
 2611.00  -0.35
 2611.70  -0.35
 2612.40  -0.35
 2613.10  -0.35
 2613.80  -0.35
 2614.50  -0.35
 2615.20  -0.35
 2615.90  -0.35
 2616.60  -0.35
 2617.30  -0.35
 2618.00  -0.35
 2618.70  -0.35
 2619.40  -0.35
 2620.10  -0.35
 2620.80  -0.35
 2621.50  -0.35
 2622.20  -0.35
 2622.90  -0.35
 2623.60  -0.35
 2624.30  -0.35
 2625.00  -0.35
 2625.70  -0.35
 2626.40  -0.35
 2627.10  -0.35
 2627.80  -0.35
 2628.50  -0.35
 2629.20  -0.35
 2629.90  -0.35
 2630.60  -0.35
 2631.30  -0.35
 2632.00  -0.35
 2632.70  -0.35
 2633.40  -0.35
 2634.10  -0.35
 2634.80  -0.35
 2635.50  -0.35
 2636.20  -0.35
 2636.90  -0.35
 2637.60  -0.35
 2638.30  -0.35
 2639.00  -0.35
 2639.70  -0.35
 2640.40  -0.35
 2641.10  -0.35
 2641.80  -0.35
 2642.50  -0.35
 2643.20  -0.35
 2643.90  -0.35
 2644.60  -0.35
 2645.30  -0.35
 2646.00  -0.35
 2646.70  -0.35
 2647.40  -0.35
 2648.10  -0.35
 2648.80  -0.35
 2649.50  -0.35
 2650.20  -0.35
 2650.90  -0.35
 2651.60  -0.35
 2652.30  -0.35
 2653.00  -0.35
 2653.70  -0.35
 2654.40  -0.35
 2655.10  -0.35
 2655.80  -0.35
 2656.50  -0.35
 2657.20  -0.35
 2657.90  -0.35
 2658.60  -0.35
 2659.30  -0.35
 2660.00  -0.35
 2660.70  -0.35
 2661.40  -0.35
 2662.10  -0.35
 2662.80  -0.35
 2663.50  -0.35
 2664.20  -0.35
 2664.90  -0.35
 2665.60  -0.35
 2666.30  -0.35
 2667.00  -0.35
 2667.70  -0.35
 2668.40  -0.35
 2669.10  -0.35
 2669.80  -0.35
 2670.50  -0.35
 2671.20  -0.35
 2671.90  -0.35
 2672.60  -0.35
 2673.30  -0.35
 2674.00  -0.35
 2674.70  -0.35
 2675.40  -0.35
 2676.10  -0.35
 2676.80  -0.35
 2677.50  -0.35
 2678.20  -0.35
 2678.90  -0.35
 2679.60  -0.35
 2680.30  -0.35
 2681.00  -0.35
 2681.70  -0.35
 2682.40  -0.35
 2683.10  -0.35
 2683.80  -0.35
 2684.50  -0.35
 2685.20  -0.35
 2685.90  -0.35
 2686.60  -0.35
 2687.30  -0.35
 2688.00  -0.35
 2688.70  -0.35
 2689.40  -0.35
 2690.10  -0.35
 2690.80  -0.35
 2691.50  -0.35
 2692.20  -0.35
 2692.90  -0.35
 2693.60  -0.35
 2694.30  -0.35
 2695.00  -0.35
 2695.70  -0.35
 2696.40  -0.35
 2697.10  -0.35
 2697.80  -0.35
 2698.50  -0.35
 2699.20  -0.35
 2699.90  -0.35
 2700.60  -0.35
 2701.30  -0.35
 2702.00  -0.35
 2702.70  -0.35
 2703.40  -0.35
 2704.10  -0.35
 2704.80  -0.35
 2705.50  -0.35
 2706.20  -0.35
 2706.90  -0.35
 2707.60  -0.35
 2708.30  -0.35
 2709.00  -0.35
 2709.70  -0.35
 2710.40  -0.35
 2711.10  -0.35
 2711.80  -0.35
 2712.50  -0.35
 2713.20  -0.35
 2713.90  -0.35
 2714.60  -0.35
 2715.30  -0.35
 2716.00  -0.35
 2716.70  -0.35
 2717.40  -0.35
 2718.10  -0.35
 2718.80  -0.35
 2719.50  -0.35
 2720.20  -0.35
 2720.90  -0.35
 2721.60  -0.35
 2722.30  -0.35
 2723.00  -0.35
 2723.70  -0.35
 2724.40  -0.35
 2725.10  -0.35
 2725.80  -0.35
 2726.50  -0.35
 2727.20  -0.35
 2727.90  -0.35
 2728.60  -0.35
 2729.30  -0.35
 2730.00  -0.35
 2730.70  -0.35
 2731.40  -0.35
 2732.10  -0.35
 2732.80  -0.35
 2733.50  -0.35
 2734.20  -0.35
 2734.90  -0.35
 2735.60  -0.35
 2736.30  -0.35
 2737.00  -0.35
 2737.70  -0.35
 2738.40  -0.35
 2739.10  -0.35
 2739.80  -0.35
 2740.50  -0.35
 2741.20  -0.35
 2741.90  -0.35
 2742.60  -0.35
 2743.30  -0.35
 2744.00  -0.35
 2744.70  -0.35
 2745.40  -0.35
 2746.10  -0.35
 2746.80  -0.35
 2747.50  -0.35
 2748.20  -0.35
 2748.90  -0.35
 2749.60  -0.35
 2750.30  -0.35
 2751.00  -0.35
 2751.70  -0.35
 2752.40  -0.35
 2753.10  -0.35
 2753.80  -0.35
 2754.50  -0.35
 2755.20  -0.35
 2755.90  -0.35
 2756.60  -0.35
 2757.30  -0.35
 2758.00  -0.35
 2758.70  -0.35
 2759.40  -0.35
 2760.10  -0.35
 2760.80  -0.35
 2761.50  -0.35
 2762.20  -0.35
 2762.90  -0.35
 2763.60  -0.35
 2764.30  -0.35
 2765.00  -0.35
 2765.70  -0.35
 2766.40  -0.35
 2767.10  -0.35
 2767.80  -0.35
 2768.50  -0.35
 2769.20  -0.35
 2769.90  -0.35
 2770.60  -0.35
 2771.30  -0.35
 2772.00  -0.35
 2772.70  -0.35
 2773.40  -0.35
 2774.10  -0.35
 2774.80  -0.35
 2775.50  -0.35
 2776.20  -0.35
 2776.90  -0.35
 2777.60  -0.35
 2778.30  -0.35
 2779.00  -0.35
 2779.70  -0.35
 2780.40  -0.35
 2781.10  -0.35
 2781.80  -0.35
 2782.50  -0.35
 2783.20  -0.35
 2783.90  -0.35
 2784.60  -0.35
 2785.30  -0.35
 2786.00  -0.35
 2786.70  -0.35
 2787.40  -0.35
 2788.10  -0.35
 2788.80  -0.35
 2789.50  -0.35
 2790.20  -0.35
 2790.90  -0.35
 2791.60  -0.35
 2792.30  -0.35
 2793.00  -0.35
 2793.70  -0.35
 2794.40  -0.35
 2795.10  -0.35
 2795.80  -0.35
 2796.50  -0.35
 2797.20  0.35
 2797.90  0.35
 2798.60  0.35
 2799.30  0.35
 2800.00  0.35
 2800.70  0.35
 2801.40  0.35
 2802.10  0.35
 2802.80  0.35
 2803.50  0.35
 2804.20  0.35
 2804.90  0.35
 2805.60  0.35
 2806.30  0.35
 2807.00  0.35
 2807.70  0.35
 2808.40  0.35
 2809.10  0.35
 2809.80  0.35
 2810.50  0.35
 2811.20  0.35
 2811.90  0.35
 2812.60  0.35
 2813.30  0.35
 2814.00  0.35
 2814.70  0.35
 2815.40  0.35
 2816.10  0.35
 2816.80  0.35
 2817.50  0.35
 2818.20  0.35
 2818.90  0.35
 2819.60  0.35
 2820.30  0.35
 2821.00  0.35
 2821.70  0.35
 2822.40  0.35
 2823.10  0.35
 2823.80  0.35
 2824.50  0.35
 2825.20  0.35
 2825.90  0.35
 2826.60  0.35
 2827.30  0.35
 2828.00  0.35
 2828.70  0.35
 2829.40  0.35
 2830.10  0.35
 2830.80  0.35
 2831.50  0.35
 2832.20  0.35
 2832.90  0.35
 2833.60  0.35
 2834.30  0.35
 2835.00  0.35
 2835.70  0.35
 2836.40  0.35
 2837.10  0.35
 2837.80  0.35
 2838.50  0.35
 2839.20  0.35
 2839.90  0.35
 2840.60  0.35
 2841.30  0.35
 2842.00  0.35
 2842.70  0.35
 2843.40  0.35
 2844.10  0.35
 2844.80  0.35
 2845.50  0.35
 2846.20  0.35
 2846.90  0.35
 2847.60  0.35
 2848.30  0.35
 2849.00  0.35
 2849.70  0.35
 2850.40  0.35
 2851.10  0.35
 2851.80  0.35
 2852.50  0.35
 2853.20  0.35
 2853.90  0.35
 2854.60  0.35
 2855.30  0.35
 2856.00  0.35
 2856.70  0.35
 2857.40  0.35
 2858.10  0.35
 2858.80  0.35
 2859.50  0.35
 2860.20  0.35
 2860.90  0.35
 2861.60  0.35
 2862.30  0.35
 2863.00  0.35
 2863.70  0.35
 2864.40  0.35
 2865.10  0.35
 2865.80  0.35
 2866.50  0.35
 2867.20  0.35
 2867.90  0.35
 2868.60  0.35
 2869.30  0.35
 2870.00  0.35
 2870.70  0.35
 2871.40  0.35
 2872.10  0.35
 2872.80  0.35
 2873.50  0.35
 2874.20  0.35
 2874.90  0.35
 2875.60  0.35
 2876.30  0.35
 2877.00  0.35
 2877.70  0.35
 2878.40  0.35
 2879.10  0.35
 2879.80  0.35
 2880.50  0.35
 2881.20  0.35
 2881.90  0.35
 2882.60  0.35
 2883.30  0.35
 2884.00  0.35
 2884.70  0.35
 2885.40  0.35
 2886.10  0.35
 2886.80  0.35
 2887.50  0.35
 2888.20  0.35
 2888.90  0.35
 2889.60  0.35
 2890.30  0.35
 2891.00  0.35
 2891.70  0.35
 2892.40  0.35
 2893.10  0.35
 2893.80  0.35
 2894.50  0.35
 2895.20  0.35
 2895.90  0.35
 2896.60  0.35
 2897.30  0.35
 2898.00  0.35
 2898.70  0.35
 2899.40  0.35
 2900.10  0.35
 2900.80  0.35
 2901.50  0.35
 2902.20  0.35
 2902.90  0.35
 2903.60  0.35
 2904.30  0.35
 2905.00  0.35
 2905.70  0.35
 2906.40  0.35
 2907.10  0.35
 2907.80  0.35
 2908.50  0.35
 2909.20  0.35
 2909.90  0.35
 2910.60  0.35
 2911.30  0.35
 2912.00  0.35
 2912.70  0.35
 2913.40  0.35
 2914.10  0.35
 2914.80  0.35
 2915.50  0.35
 2916.20  0.35
 2916.90  0.35
 2917.60  0.35
 2918.30  0.35
 2919.00  0.35
 2919.70  0.35
 2920.40  0.35
 2921.10  0.35
 2921.80  0.35
 2922.50  0.35
 2923.20  0.35
 2923.90  0.35
 2924.60  0.35
 2925.30  0.35
 2926.00  0.35
 2926.70  0.35
 2927.40  0.35
 2928.10  0.35
 2928.80  0.35
 2929.50  0.35
 2930.20  0.35
 2930.90  0.35
 2931.60  0.35
 2932.30  0.35
 2933.00  0.35
 2933.70  0.35
 2934.40  0.35
 2935.10  0.35
 2935.80  0.35
 2936.50  0.35
 2937.20  0.35
 2937.90  0.35
 2938.60  0.35
 2939.30  0.35
 2940.00  0.35
 2940.70  0.35
 2941.40  0.35
 2942.10  0.35
 2942.80  0.35
 2943.50  0.35
 2944.20  0.35
 2944.90  0.35
 2945.60  0.35
 2946.30  0.35
 2947.00  0.35
 2947.70  0.35
 2948.40  0.35
 2949.10  0.35
 2949.80  0.35
 2950.50  0.35
 2951.20  0.35
 2951.90  0.35
 2952.60  0.35
 2953.30  0.35
 2954.00  0.35
 2954.70  0.35
 2955.40  0.35
 2956.10  0.35
 2956.80  0.35
 2957.50  0.35
 2958.20  0.35
 2958.90  0.35
 2959.60  0.35
 2960.30  0.35
 2961.00  0.35
 2961.70  0.35
 2962.40  0.35
 2963.10  0.35
 2963.80  0.35
 2964.50  0.35
 2965.20  0.35
 2965.90  0.35
 2966.60  0.35
 2967.30  0.35
 2968.00  0.35
 2968.70  0.35
 2969.40  0.35
 2970.10  0.35
 2970.80  0.35
 2971.50  0.35
 2972.20  0.35
 2972.90  0.35
 2973.60  0.35
 2974.30  0.35
 2975.00  0.35
 2975.70  0.35
 2976.40  0.35
 2977.10  0.35
 2977.80  0.35
 2978.50  0.35
 2979.20  0.35
 2979.90  0.35
 2980.60  0.35
 2981.30  0.35
 2982.00  0.35
 2982.70  0.35
 2983.40  0.35
 2984.10  0.35
 2984.80  0.35
 2985.50  0.35
 2986.20  0.35
 2986.90  0.35
 2987.60  0.35
 2988.30  0.35
 2989.00  0.35
 2989.70  0.35
 2990.40  0.35
 2991.10  0.35
 2991.80  0.35
 2992.50  0.35
 2993.20  0.35
 2993.90  0.35
 2994.60  0.35
 2995.30  0.35
 2996.00  0.35
 2996.70  0.35
 2997.40  0.35
 2998.10  0.35
 2998.80  0.35
 2999.50  0.35
 3000.20  0.35
 3000.90  0.35
 3001.60  0.35
 3002.30  0.35
 3003.00  0.35
 3003.70  0.35
 3004.40  0.35
 3005.10  0.35
 3005.80  0.35
 3006.50  0.35
 3007.20  0.35
 3007.90  0.35
 3008.60  0.35
 3009.30  0.35
 3010.00  0.35
 3010.70  0.35
 3011.40  0.35
 3012.10  -0.35
 3012.80  -0.35
 3013.50  -0.35
 3014.20  -0.35
 3014.90  -0.35
 3015.60  -0.35
 3016.30  -0.35
 3017.00  -0.35
 3017.70  -0.35
 3018.40  -0.35
 3019.10  -0.35
 3019.80  -0.35
 3020.50  -0.35
 3021.20  -0.35
 3021.90  -0.35
 3022.60  -0.35
 3023.30  -0.35
 3024.00  -0.35
 3024.70  -0.35
 3025.40  -0.35
 3026.10  -0.35
 3026.80  -0.35
 3027.50  -0.35
 3028.20  -0.35
 3028.90  -0.35
 3029.60  -0.35
 3030.30  -0.35
 3031.00  -0.35
 3031.70  -0.35
 3032.40  -0.35
 3033.10  -0.35
 3033.80  -0.35
 3034.50  -0.35
 3035.20  -0.35
 3035.90  -0.35
 3036.60  -0.35
 3037.30  -0.35
 3038.00  -0.35
 3038.70  -0.35
 3039.40  -0.35
 3040.10  -0.35
 3040.80  -0.35
 3041.50  -0.35
 3042.20  -0.35
 3042.90  -0.35
 3043.60  -0.35
 3044.30  -0.35
 3045.00  -0.35
 3045.70  -0.35
 3046.40  -0.35
 3047.10  -0.35
 3047.80  -0.35
 3048.50  -0.35
 3049.20  -0.35
 3049.90  -0.35
 3050.60  -0.35
 3051.30  -0.35
 3052.00  -0.35
 3052.70  -0.35
 3053.40  -0.35
 3054.10  -0.35
 3054.80  -0.35
 3055.50  -0.35
 3056.20  -0.35
 3056.90  -0.35
 3057.60  -0.35
 3058.30  -0.35
 3059.00  -0.35
 3059.70  -0.35
 3060.40  -0.35
 3061.10  -0.35
 3061.80  -0.35
 3062.50  -0.35
 3063.20  -0.35
 3063.90  -0.35
 3064.60  -0.35
 3065.30  -0.35
 3066.00  -0.35
 3066.70  -0.35
 3067.40  -0.35
 3068.10  -0.35
 3068.80  -0.35
 3069.50  -0.35
 3070.20  -0.35
 3070.90  -0.35
 3071.60  -0.35
 3072.30  -0.35
 3073.00  -0.35
 3073.70  -0.35
 3074.40  -0.35
 3075.10  -0.35
 3075.80  -0.35
 3076.50  -0.35
 3077.20  -0.35
 3077.90  -0.35
 3078.60  -0.35
 3079.30  -0.35
 3080.00  -0.35
 3080.70  -0.35
 3081.40  -0.35
 3082.10  -0.35
 3082.80  -0.35
 3083.50  -0.35
 3084.20  -0.35
 3084.90  -0.35
 3085.60  -0.35
 3086.30  -0.35
 3087.00  -0.35
 3087.70  -0.35
 3088.40  -0.35
 3089.10  -0.35
 3089.80  -0.35
 3090.50  -0.35
 3091.20  -0.35
 3091.90  -0.35
 3092.60  -0.35
 3093.30  -0.35
 3094.00  -0.35
 3094.70  -0.35
 3095.40  -0.35
 3096.10  -0.35
 3096.80  -0.35
 3097.50  -0.35
 3098.20  -0.35
 3098.90  -0.35
 3099.60  -0.35
 3100.30  -0.35
 3101.00  -0.35
 3101.70  -0.35
 3102.40  -0.35
 3103.10  -0.35
 3103.80  -0.35
 3104.50  -0.35
 3105.20  -0.35
 3105.90  -0.35
 3106.60  -0.35
 3107.30  -0.35
 3108.00  -0.35
 3108.70  -0.35
 3109.40  -0.35
 3110.10  -0.35
 3110.80  -0.35
 3111.50  -0.35
 3112.20  -0.35
 3112.90  -0.35
 3113.60  -0.35
 3114.30  -0.35
 3115.00  -0.35
 3115.70  -0.35
 3116.40  -0.35
 3117.10  -0.35
 3117.80  -0.35
 3118.50  -0.35
 3119.20  -0.35
 3119.90  -0.35
 3120.60  -0.35
 3121.30  -0.35
 3122.00  -0.35
 3122.70  -0.35
 3123.40  -0.35
 3124.10  -0.35
 3124.80  -0.35
 3125.50  -0.35
 3126.20  -0.35
 3126.90  -0.35
 3127.60  -0.35
 3128.30  -0.35
 3129.00  -0.35
 3129.70  -0.35
 3130.40  -0.35
 3131.10  -0.35
 3131.80  -0.35
 3132.50  -0.35
 3133.20  -0.35
 3133.90  -0.35
 3134.60  -0.35
 3135.30  -0.35
 3136.00  -0.35
 3136.70  -0.35
 3137.40  -0.35
 3138.10  -0.35
 3138.80  -0.35
 3139.50  -0.35
 3140.20  -0.35
 3140.90  -0.35
 3141.60  -0.35
 3142.30  -0.35
 3143.00  -0.35
 3143.70  -0.35
 3144.40  -0.35
 3145.10  -0.35
 3145.80  -0.35
 3146.50  -0.35
 3147.20  -0.35
 3147.90  -0.35
 3148.60  -0.35
 3149.30  -0.35
 3150.00  -0.35
 3150.70  -0.35
 3151.40  -0.35
 3152.10  -0.35
 3152.80  -0.35
 3153.50  -0.35
 3154.20  -0.35
 3154.90  -0.35
 3155.60  -0.35
 3156.30  -0.35
 3157.00  -0.35
 3157.70  -0.35
 3158.40  -0.35
 3159.10  -0.35
 3159.80  -0.35
 3160.50  -0.35
 3161.20  -0.35
 3161.90  -0.35
 3162.60  -0.35
 3163.30  -0.35
 3164.00  -0.35
 3164.70  -0.35
 3165.40  -0.35
 3166.10  -0.35
 3166.80  -0.35
 3167.50  -0.35
 3168.20  -0.35
 3168.90  -0.35
 3169.60  -0.35
 3170.30  -0.35
 3171.00  -0.35
 3171.70  -0.35
 3172.40  -0.35
 3173.10  -0.35
 3173.80  -0.35
 3174.50  -0.35
 3175.20  -0.35
 3175.90  -0.35
 3176.60  -0.35
 3177.30  -0.35
 3178.00  -0.35
 3178.70  -0.35
 3179.40  -0.35
 3180.10  -0.35
 3180.80  -0.35
 3181.50  -0.35
 3182.20  -0.35
 3182.90  -0.35
 3183.60  -0.35
 3184.30  -0.35
 3185.00  -0.35
 3185.70  -0.35
 3186.40  -0.35
 3187.10  -0.35
 3187.80  -0.35
 3188.50  -0.35
 3189.20  -0.35
 3189.90  -0.35
 3190.60  -0.35
 3191.30  -0.35
 3192.00  -0.35
 3192.70  -0.35
 3193.40  -0.35
 3194.10  -0.35
 3194.80  -0.35
 3195.50  -0.35
 3196.20  -0.35
 3196.90  -0.35
 3197.60  -0.35
 3198.30  -0.35
 3199.00  -0.35
 3199.70  -0.35
 3200.40  -0.35
 3201.10  -0.35
 3201.80  -0.35
 3202.50  -0.35
 3203.20  -0.35
 3203.90  -0.35
 3204.60  -0.35
 3205.30  -0.35
 3206.00  -0.35
 3206.70  -0.35
 3207.40  -0.35
 3208.10  -0.35
 3208.80  -0.35
 3209.50  -0.35
 3210.20  -0.35
 3210.90  -0.35
 3211.60  -0.35
 3212.30  -0.35
 3213.00  -0.35
 3213.70  -0.35
 3214.40  -0.35
 3215.10  -0.35
 3215.80  -0.35
 3216.50  -0.35
 3217.20  -0.35
 3217.90  -0.35
 3218.60  -0.35
 3219.30  -0.35
 3220.00  -0.35
 3220.70  -0.35
 3221.40  -0.35
 3222.10  -0.35
 3222.80  -0.35
 3223.50  -0.35
 3224.20  -0.35
 3224.90  -0.35
 3225.60  -0.35
 3226.30  -0.35
 3227.00  -0.35
 3227.70  -0.35
 3228.40  -0.35
 3229.10  -0.35
 3229.80  -0.35
 3230.50  -0.35
 3231.20  -0.35
 3231.90  -0.35
 3232.60  -0.35
 3233.30  -0.35
 3234.00  -0.35
 3234.70  -0.35
 3235.40  -0.35
 3236.10  -0.35
 3236.80  -0.35
 3237.50  -0.35
 3238.20  -0.35
 3238.90  -0.35
 3239.60  -0.35
 3240.30  -0.35
 3241.00  -0.35
 3241.70  -0.35
 3242.40  -0.35
 3243.10  -0.35
 3243.80  -0.35
 3244.50  -0.35
 3245.20  -0.35
 3245.90  -0.35
 3246.60  -0.35
 3247.30  -0.35
 3248.00  -0.35
 3248.70  -0.35
 3249.40  -0.35
 3250.10  -0.35
 3250.80  -0.35
 3251.50  -0.35
 3252.20  -0.35
 3252.90  -0.35
 3253.60  -0.35
 3254.30  0.35
 3255.00  0.35
 3255.70  0.35
 3256.40  0.35
 3257.10  0.35
 3257.80  0.35
 3258.50  0.35
 3259.20  0.35
 3259.90  0.35
 3260.60  0.35
 3261.30  0.35
 3262.00  0.35
 3262.70  0.35
 3263.40  0.35
 3264.10  0.35
 3264.80  0.35
 3265.50  0.35
 3266.20  0.35
 3266.90  0.35
 3267.60  0.35
 3268.30  0.35
 3269.00  0.35
 3269.70  0.35
 3270.40  0.35
 3271.10  0.35
 3271.80  0.35
 3272.50  0.35
 3273.20  0.35
 3273.90  0.35
 3274.60  0.35
 3275.30  0.35
 3276.00  0.35
 3276.70  0.35
 3277.40  0.35
 3278.10  0.35
 3278.80  0.35
 3279.50  0.35
 3280.20  0.35
 3280.90  0.35
 3281.60  0.35
 3282.30  0.35
 3283.00  0.35
 3283.70  0.35
 3284.40  0.35
 3285.10  0.35
 3285.80  0.35
 3286.50  0.35
 3287.20  0.35
 3287.90  0.35
 3288.60  0.35
 3289.30  0.35
 3290.00  0.35
 3290.70  0.35
 3291.40  0.35
 3292.10  0.35
 3292.80  0.35
 3293.50  0.35
 3294.20  0.35
 3294.90  0.35
 3295.60  0.35
 3296.30  0.35
 3297.00  0.35
 3297.70  0.35
 3298.40  0.35
 3299.10  0.35
 3299.80  0.35
 3300.50  0.35
 3301.20  0.35
 3301.90  0.35
 3302.60  0.35
 3303.30  0.35
 3304.00  0.35
 3304.70  0.35
 3305.40  0.35
 3306.10  0.35
 3306.80  0.35
 3307.50  0.35
 3308.20  0.35
 3308.90  0.35
 3309.60  0.35
 3310.30  0.35
 3311.00  0.35
 3311.70  0.35
 3312.40  0.35
 3313.10  0.35
 3313.80  0.35
 3314.50  0.35
 3315.20  0.35
 3315.90  0.35
 3316.60  0.35
 3317.30  0.35
 3318.00  0.35
 3318.70  0.35
 3319.40  0.35
 3320.10  0.35
 3320.80  0.35
 3321.50  0.35
 3322.20  0.35
 3322.90  0.35
 3323.60  0.35
 3324.30  0.35
 3325.00  0.35
 3325.70  0.35
 3326.40  0.35
 3327.10  0.35
 3327.80  0.35
 3328.50  0.35
 3329.20  0.35
 3329.90  0.35
 3330.60  0.35
 3331.30  0.35
 3332.00  0.35
 3332.70  0.35
 3333.40  0.35
 3334.10  0.35
 3334.80  0.35
 3335.50  0.35
 3336.20  0.35
 3336.90  0.35
 3337.60  0.35
 3338.30  0.35
 3339.00  0.35
 3339.70  0.35
 3340.40  0.35
 3341.10  0.35
 3341.80  0.35
 3342.50  0.35
 3343.20  0.35
 3343.90  0.35
 3344.60  0.35
 3345.30  0.35
 3346.00  0.35
 3346.70  0.35
 3347.40  0.35
 3348.10  0.35
 3348.80  0.35
 3349.50  0.35
 3350.20  0.35
 3350.90  0.35
 3351.60  0.35
 3352.30  0.35
 3353.00  0.35
 3353.70  0.35
 3354.40  0.35
 3355.10  0.35
 3355.80  0.35
 3356.50  0.35
 3357.20  0.35
 3357.90  0.35
 3358.60  0.35
 3359.30  0.35
 3360.00  0.35
 3360.70  0.35
 3361.40  0.35
 3362.10  0.35
 3362.80  0.35
 3363.50  0.35
 3364.20  0.35
 3364.90  0.35
 3365.60  0.35
 3366.30  0.35
 3367.00  0.35
 3367.70  0.35
 3368.40  0.35
 3369.10  0.35
 3369.80  0.35
 3370.50  0.35
 3371.20  0.35
 3371.90  0.35
 3372.60  0.35
 3373.30  0.35
 3374.00  0.35
 3374.70  0.35
 3375.40  0.35
 3376.10  0.35
 3376.80  0.35
 3377.50  0.35
 3378.20  0.35
 3378.90  0.35
 3379.60  0.35
 3380.30  0.35
 3381.00  0.35
 3381.70  0.35
 3382.40  0.35
 3383.10  0.35
 3383.80  0.35
 3384.50  0.35
 3385.20  0.35
 3385.90  0.35
 3386.60  0.35
 3387.30  0.35
 3388.00  0.35
 3388.70  0.35
 3389.40  0.35
 3390.10  0.35
 3390.80  0.35
 3391.50  0.35
 3392.20  0.35
 3392.90  0.35
 3393.60  0.35
 3394.30  0.35
 3395.00  0.35
 3395.70  0.35
 3396.40  0.35
 3397.10  0.35
 3397.80  0.35
 3398.50  0.35
 3399.20  0.35
 3399.90  0.35
 3400.60  0.35
 3401.30  0.35
 3402.00  0.35
 3402.70  0.35
 3403.40  0.35
 3404.10  0.35
 3404.80  0.35
 3405.50  0.35
 3406.20  0.35
 3406.90  0.35
 3407.60  0.35
 3408.30  0.35
 3409.00  0.35
 3409.70  0.35
 3410.40  0.35
 3411.10  0.35
 3411.80  0.35
 3412.50  0.35
 3413.20  0.35
 3413.90  0.35
 3414.60  0.35
 3415.30  0.35
 3416.00  0.35
 3416.70  0.35
 3417.40  0.35
 3418.10  0.35
 3418.80  0.35
 3419.50  0.35
 3420.20  0.35
 3420.90  0.35
 3421.60  0.35
 3422.30  0.35
 3423.00  0.35
 3423.70  0.35
 3424.40  0.35
 3425.10  0.35
 3425.80  0.35
 3426.50  0.35
 3427.20  0.35
 3427.90  0.35
 3428.60  0.35
 3429.30  0.35
 3430.00  0.35
 3430.70  0.35
 3431.40  0.35
 3432.10  0.35
 3432.80  0.35
 3433.50  0.35
 3434.20  0.35
 3434.90  0.35
 3435.60  0.35
 3436.30  0.35
 3437.00  0.35
 3437.70  0.35
 3438.40  0.35
 3439.10  0.35
 3439.80  0.35
 3440.50  0.35
 3441.20  0.35
 3441.90  0.35
 3442.60  0.35
 3443.30  0.35
 3444.00  0.35
 3444.70  0.35
 3445.40  0.35
 3446.10  0.35
 3446.80  0.35
 3447.50  0.35
 3448.20  0.35
 3448.90  0.35
 3449.60  0.35
 3450.30  0.35
 3451.00  0.35
 3451.70  0.35
 3452.40  0.35
 3453.10  0.35
 3453.80  0.35
 3454.50  0.35
 3455.20  0.35
 3455.90  0.35
 3456.60  0.35
 3457.30  0.35
 3458.00  0.35
 3458.70  0.35
 3459.40  0.35
 3460.10  0.35
 3460.80  0.35
 3461.50  0.35
 3462.20  0.35
 3462.90  0.35
 3463.60  0.35
 3464.30  0.35
 3465.00  0.35
 3465.70  0.35
 3466.40  0.35
 3467.10  0.35
 3467.80  0.35
 3468.50  -0.35
 3469.20  -0.35
 3469.90  -0.35
 3470.60  -0.35
 3471.30  -0.35
 3472.00  -0.35
 3472.70  -0.35
 3473.40  -0.35
 3474.10  -0.35
 3474.80  -0.35
 3475.50  -0.35
 3476.20  -0.35
 3476.90  -0.35
 3477.60  -0.35
 3478.30  -0.35
 3479.00  -0.35
 3479.70  -0.35
 3480.40  -0.35
 3481.10  -0.35
 3481.80  -0.35
 3482.50  -0.35
 3483.20  -0.35
 3483.90  -0.35
 3484.60  -0.35
 3485.30  -0.35
 3486.00  -0.35
 3486.70  -0.35
 3487.40  -0.35
 3488.10  -0.35
 3488.80  -0.35
 3489.50  -0.35
 3490.20  -0.35
 3490.90  -0.35
 3491.60  -0.35
 3492.30  -0.35
 3493.00  -0.35
 3493.70  -0.35
 3494.40  -0.35
 3495.10  -0.35
 3495.80  -0.35
 3496.50  -0.35
 3497.20  -0.35
 3497.90  -0.35
 3498.60  -0.35
 3499.30  -0.35
 3500.00  -0.35
 3500.70  -0.35
 3501.40  -0.35
 3502.10  -0.35
 3502.80  -0.35
 3503.50  -0.35
 3504.20  -0.35
 3504.90  -0.35
 3505.60  -0.35
 3506.30  -0.35
 3507.00  -0.35
 3507.70  -0.35
 3508.40  -0.35
 3509.10  -0.35
 3509.80  -0.35
 3510.50  -0.35
 3511.20  -0.35
 3511.90  -0.35
 3512.60  -0.35
 3513.30  -0.35
 3514.00  -0.35
 3514.70  -0.35
 3515.40  -0.35
 3516.10  -0.35
 3516.80  -0.35
 3517.50  -0.35
 3518.20  -0.35
 3518.90  -0.35
 3519.60  -0.35
 3520.30  -0.35
 3521.00  -0.35
 3521.70  -0.35
 3522.40  -0.35
 3523.10  -0.35
 3523.80  -0.35
 3524.50  -0.35
 3525.20  -0.35
 3525.90  -0.35
 3526.60  -0.35
 3527.30  -0.35
 3528.00  -0.35
 3528.70  -0.35
 3529.40  -0.35
 3530.10  -0.35
 3530.80  -0.35
 3531.50  -0.35
 3532.20  -0.35
 3532.90  -0.35
 3533.60  -0.35
 3534.30  -0.35
 3535.00  -0.35
 3535.70  -0.35
 3536.40  -0.35
 3537.10  -0.35
 3537.80  -0.35
 3538.50  -0.35
 3539.20  -0.35
 3539.90  -0.35
 3540.60  -0.35
 3541.30  -0.35
 3542.00  -0.35
 3542.70  -0.35
 3543.40  -0.35
 3544.10  -0.35
 3544.80  -0.35
 3545.50  -0.35
 3546.20  -0.35
 3546.90  -0.35
 3547.60  -0.35
 3548.30  -0.35
 3549.00  -0.35
 3549.70  -0.35
 3550.40  -0.35
 3551.10  -0.35
 3551.80  -0.35
 3552.50  -0.35
 3553.20  -0.35
 3553.90  -0.35
 3554.60  -0.35
 3555.30  -0.35
 3556.00  -0.35
 3556.70  -0.35
 3557.40  -0.35
 3558.10  -0.35
 3558.80  -0.35
 3559.50  -0.35
 3560.20  -0.35
 3560.90  -0.35
 3561.60  -0.35
 3562.30  -0.35
 3563.00  -0.35
 3563.70  -0.35
 3564.40  -0.35
 3565.10  -0.35
 3565.80  -0.35
 3566.50  -0.35
 3567.20  -0.35
 3567.90  -0.35
 3568.60  -0.35
 3569.30  -0.35
 3570.00  -0.35
 3570.70  -0.35
 3571.40  -0.35
 3572.10  -0.35
 3572.80  -0.35
 3573.50  -0.35
 3574.20  -0.35
 3574.90  -0.35
 3575.60  -0.35
 3576.30  -0.35
 3577.00  -0.35
 3577.70  -0.35
 3578.40  -0.35
 3579.10  -0.35
 3579.80  -0.35
 3580.50  -0.35
 3581.20  -0.35
 3581.90  -0.35
 3582.60  -0.35
 3583.30  -0.35
 3584.00  -0.35
 3584.70  -0.35
 3585.40  -0.35
 3586.10  -0.35
 3586.80  -0.35
 3587.50  -0.35
 3588.20  -0.35
 3588.90  -0.35
 3589.60  -0.35
 3590.30  -0.35
 3591.00  -0.35
 3591.70  -0.35
 3592.40  -0.35
 3593.10  -0.35
 3593.80  -0.35
 3594.50  -0.35
 3595.20  -0.35
 3595.90  -0.35
 3596.60  -0.35
 3597.30  -0.35
 3598.00  -0.35
 3598.70  -0.35
 3599.40  -0.35
 3600.10  -0.35
 3600.80  -0.35
 3601.50  -0.35
 3602.20  -0.35
 3602.90  -0.35
 3603.60  -0.35
 3604.30  -0.35
 3605.00  -0.35
 3605.70  -0.35
 3606.40  -0.35
 3607.10  -0.35
 3607.80  -0.35
 3608.50  -0.35
 3609.20  -0.35
 3609.90  -0.35
 3610.60  -0.35
 3611.30  -0.35
 3612.00  -0.35
 3612.70  -0.35
 3613.40  -0.35
 3614.10  -0.35
 3614.80  -0.35
 3615.50  -0.35
 3616.20  -0.35
 3616.90  -0.35
 3617.60  -0.35
 3618.30  -0.35
 3619.00  -0.35
 3619.70  -0.35
 3620.40  -0.35
 3621.10  -0.35
 3621.80  -0.35
 3622.50  -0.35
 3623.20  -0.35
 3623.90  -0.35
 3624.60  -0.35
 3625.30  -0.35
 3626.00  -0.35
 3626.70  -0.35
 3627.40  -0.35
 3628.10  -0.35
 3628.80  -0.35
 3629.50  -0.35
 3630.20  -0.35
 3630.90  -0.35
 3631.60  -0.35
 3632.30  -0.35
 3633.00  -0.35
 3633.70  -0.35
 3634.40  -0.35
 3635.10  -0.35
 3635.80  -0.35
 3636.50  -0.35
 3637.20  -0.35
 3637.90  -0.35
 3638.60  -0.35
 3639.30  -0.35
 3640.00  -0.35
 3640.70  -0.35
 3641.40  -0.35
 3642.10  -0.35
 3642.80  -0.35
 3643.50  -0.35
 3644.20  -0.35
 3644.90  -0.35
 3645.60  -0.35
 3646.30  -0.35
 3647.00  -0.35
 3647.70  -0.35
 3648.40  -0.35
 3649.10  -0.35
 3649.80  -0.35
 3650.50  -0.35
 3651.20  -0.35
 3651.90  -0.35
 3652.60  -0.35
 3653.30  -0.35
 3654.00  -0.35
 3654.70  -0.35
 3655.40  -0.35
 3656.10  -0.35
 3656.80  -0.35
 3657.50  -0.35
 3658.20  -0.35
 3658.90  -0.35
 3659.60  -0.35
 3660.30  -0.35
 3661.00  -0.35
 3661.70  -0.35
 3662.40  -0.35
 3663.10  -0.35
 3663.80  -0.35
 3664.50  -0.35
 3665.20  -0.35
 3665.90  -0.35
 3666.60  -0.35
 3667.30  -0.35
 3668.00  -0.35
 3668.70  -0.35
 3669.40  -0.35
 3670.10  -0.35
 3670.80  -0.35
 3671.50  -0.35
 3672.20  -0.35
 3672.90  -0.35
 3673.60  -0.35
 3674.30  -0.35
 3675.00  -0.35
 3675.70  -0.35
 3676.40  -0.35
 3677.10  -0.35
 3677.80  -0.35
 3678.50  -0.35
 3679.20  -0.35
 3679.90  -0.35
 3680.60  -0.35
 3681.30  -0.35
 3682.00  -0.35
 3682.70  -0.35
 3683.40  -0.35
 3684.10  -0.35
 3684.80  -0.35
 3685.50  -0.35
 3686.20  -0.35
 3686.90  -0.35
 3687.60  -0.35
 3688.30  -0.35
 3689.00  -0.35
 3689.70  -0.35
 3690.40  -0.35
 3691.10  -0.35
 3691.80  -0.35
 3692.50  -0.35
 3693.20  -0.35
 3693.90  -0.35
 3694.60  -0.35
 3695.30  -0.35
 3696.00  -0.35
 3696.70  -0.35
 3697.40  -0.35
 3698.10  -0.35
 3698.80  -0.35
 3699.50  -0.35
 3700.20  -0.35
 3700.90  -0.35
 3701.60  -0.35
 3702.30  -0.35
 3703.00  -0.35
 3703.70  -0.35
 3704.40  -0.35
 3705.10  -0.35
 3705.80  -0.35
 3706.50  -0.35
 3707.20  -0.35
 3707.90  -0.35
 3708.60  -0.35
 3709.30  -0.35
 3710.00  0.35
 3710.70  0.35
 3711.40  0.35
 3712.10  0.35
 3712.80  0.35
 3713.50  0.35
 3714.20  0.35
 3714.90  0.35
 3715.60  0.35
 3716.30  0.35
 3717.00  0.35
 3717.70  0.35
 3718.40  0.35
 3719.10  0.35
 3719.80  0.35
 3720.50  0.35
 3721.20  0.35
 3721.90  0.35
 3722.60  0.35
 3723.30  0.35
 3724.00  0.35
 3724.70  0.35
 3725.40  0.35
 3726.10  0.35
 3726.80  0.35
 3727.50  0.35
 3728.20  0.35
 3728.90  0.35
 3729.60  0.35
 3730.30  0.35
 3731.00  0.35
 3731.70  0.35
 3732.40  0.35
 3733.10  0.35
 3733.80  0.35
 3734.50  0.35
 3735.20  0.35
 3735.90  0.35
 3736.60  0.35
 3737.30  0.35
 3738.00  0.35
 3738.70  0.35
 3739.40  0.35
 3740.10  0.35
 3740.80  0.35
 3741.50  0.35
 3742.20  0.35
 3742.90  0.35
 3743.60  0.35
 3744.30  0.35
 3745.00  0.35
 3745.70  0.35
 3746.40  0.35
 3747.10  0.35
 3747.80  0.35
 3748.50  0.35
 3749.20  0.35
 3749.90  0.35
 3750.60  0.35
 3751.30  0.35
 3752.00  0.35
 3752.70  0.35
 3753.40  0.35
 3754.10  0.35
 3754.80  0.35
 3755.50  0.35
 3756.20  0.35
 3756.90  0.35
 3757.60  0.35
 3758.30  0.35
 3759.00  0.35
 3759.70  0.35
 3760.40  0.35
 3761.10  0.35
 3761.80  0.35
 3762.50  0.35
 3763.20  0.35
 3763.90  0.35
 3764.60  0.35
 3765.30  0.35
 3766.00  0.35
 3766.70  0.35
 3767.40  0.35
 3768.10  0.35
 3768.80  0.35
 3769.50  0.35
 3770.20  0.35
 3770.90  0.35
 3771.60  0.35
 3772.30  0.35
 3773.00  0.35
 3773.70  0.35
 3774.40  0.35
 3775.10  0.35
 3775.80  0.35
 3776.50  0.35
 3777.20  0.35
 3777.90  0.35
 3778.60  0.35
 3779.30  0.35
 3780.00  0.35
 3780.70  0.35
 3781.40  0.35
 3782.10  0.35
 3782.80  0.35
 3783.50  0.35
 3784.20  0.35
 3784.90  0.35
 3785.60  0.35
 3786.30  0.35
 3787.00  0.35
 3787.70  0.35
 3788.40  0.35
 3789.10  0.35
 3789.80  0.35
 3790.50  0.35
 3791.20  0.35
 3791.90  0.35
 3792.60  0.35
 3793.30  0.35
 3794.00  0.35
 3794.70  0.35
 3795.40  0.35
 3796.10  0.35
 3796.80  0.35
 3797.50  0.35
 3798.20  0.35
 3798.90  0.35
 3799.60  0.35
 3800.30  0.35
 3801.00  0.35
 3801.70  0.35
 3802.40  0.35
 3803.10  0.35
 3803.80  0.35
 3804.50  0.35
 3805.20  0.35
 3805.90  0.35
 3806.60  0.35
 3807.30  0.35
 3808.00  0.35
 3808.70  0.35
 3809.40  0.35
 3810.10  0.35
 3810.80  0.35
 3811.50  0.35
 3812.20  0.35
 3812.90  0.35
 3813.60  0.35
 3814.30  0.35
 3815.00  0.35
 3815.70  0.35
 3816.40  0.35
 3817.10  0.35
 3817.80  0.35
 3818.50  0.35
 3819.20  0.35
 3819.90  0.35
 3820.60  0.35
 3821.30  0.35
 3822.00  0.35
 3822.70  0.35
 3823.40  0.35
 3824.10  0.35
 3824.80  0.35
 3825.50  0.35
 3826.20  0.35
 3826.90  0.35
 3827.60  0.35
 3828.30  0.35
 3829.00  0.35
 3829.70  0.35
 3830.40  0.35
 3831.10  0.35
 3831.80  0.35
 3832.50  0.35
 3833.20  0.35
 3833.90  0.35
 3834.60  0.35
 3835.30  0.35
 3836.00  0.35
 3836.70  0.35
 3837.40  0.35
 3838.10  0.35
 3838.80  0.35
 3839.50  0.35
 3840.20  0.35
 3840.90  0.35
 3841.60  0.35
 3842.30  0.35
 3843.00  0.35
 3843.70  0.35
 3844.40  0.35
 3845.10  0.35
 3845.80  0.35
 3846.50  0.35
 3847.20  0.35
 3847.90  0.35
 3848.60  0.35
 3849.30  0.35
 3850.00  0.35
 3850.70  0.35
 3851.40  0.35
 3852.10  0.35
 3852.80  0.35
 3853.50  0.35
 3854.20  0.35
 3854.90  0.35
 3855.60  0.35
 3856.30  0.35
 3857.00  0.35
 3857.70  0.35
 3858.40  0.35
 3859.10  0.35
 3859.80  0.35
 3860.50  0.35
 3861.20  0.35
 3861.90  0.35
 3862.60  0.35
 3863.30  0.35
 3864.00  0.35
 3864.70  0.35
 3865.40  0.35
 3866.10  0.35
 3866.80  0.35
 3867.50  0.35
 3868.20  0.35
 3868.90  0.35
 3869.60  0.35
 3870.30  0.35
 3871.00  0.35
 3871.70  0.35
 3872.40  0.35
 3873.10  0.35
 3873.80  0.35
 3874.50  0.35
 3875.20  0.35
 3875.90  0.35
 3876.60  0.35
 3877.30  0.35
 3878.00  0.35
 3878.70  0.35
 3879.40  0.35
 3880.10  0.35
 3880.80  0.35
 3881.50  0.35
 3882.20  0.35
 3882.90  0.35
 3883.60  0.35
 3884.30  0.35
 3885.00  0.35
 3885.70  0.35
 3886.40  0.35
 3887.10  0.35
 3887.80  0.35
 3888.50  0.35
 3889.20  0.35
 3889.90  0.35
 3890.60  0.35
 3891.30  0.35
 3892.00  0.35
 3892.70  0.35
 3893.40  0.35
 3894.10  0.35
 3894.80  0.35
 3895.50  0.35
 3896.20  0.35
 3896.90  0.35
 3897.60  0.35
 3898.30  0.35
 3899.00  0.35
 3899.70  0.35
 3900.40  0.35
 3901.10  0.35
 3901.80  0.35
 3902.50  0.35
 3903.20  0.35
 3903.90  0.35
 3904.60  0.35
 3905.30  0.35
 3906.00  0.35
 3906.70  0.35
 3907.40  0.35
 3908.10  0.35
 3908.80  0.35
 3909.50  0.35
 3910.20  0.35
 3910.90  0.35
 3911.60  0.35
 3912.30  0.35
 3913.00  0.35
 3913.70  0.35
 3914.40  0.35
 3915.10  0.35
 3915.80  0.35
 3916.50  0.35
 3917.20  0.35
 3917.90  0.35
 3918.60  0.35
 3919.30  0.35
 3920.00  0.35
 3920.70  0.35
 3921.40  0.35
 3922.10  0.35
 3922.80  0.35
 3923.50  0.35
 3924.20  -0.35
 3924.90  -0.35
 3925.60  -0.35
 3926.30  -0.35
 3927.00  -0.35
 3927.70  -0.35
 3928.40  -0.35
 3929.10  -0.35
 3929.80  -0.35
 3930.50  -0.35
 3931.20  -0.35
 3931.90  -0.35
 3932.60  -0.35
 3933.30  -0.35
 3934.00  -0.35
 3934.70  -0.35
 3935.40  -0.35
 3936.10  -0.35
 3936.80  -0.35
 3937.50  -0.35
 3938.20  -0.35
 3938.90  -0.35
 3939.60  -0.35
 3940.30  -0.35
 3941.00  -0.35
 3941.70  -0.35
 3942.40  -0.35
 3943.10  -0.35
 3943.80  -0.35
 3944.50  -0.35
 3945.20  -0.35
 3945.90  -0.35
 3946.60  -0.35
 3947.30  -0.35
 3948.00  -0.35
 3948.70  -0.35
 3949.40  -0.35
 3950.10  -0.35
 3950.80  -0.35
 3951.50  -0.35
 3952.20  -0.35
 3952.90  -0.35
 3953.60  -0.35
 3954.30  -0.35
 3955.00  -0.35
 3955.70  -0.35
 3956.40  -0.35
 3957.10  -0.35
 3957.80  -0.35
 3958.50  -0.35
 3959.20  -0.35
 3959.90  -0.35
 3960.60  -0.35
 3961.30  -0.35
 3962.00  -0.35
 3962.70  -0.35
 3963.40  -0.35
 3964.10  -0.35
 3964.80  -0.35
 3965.50  -0.35
 3966.20  -0.35
 3966.90  -0.35
 3967.60  -0.35
 3968.30  -0.35
 3969.00  -0.35
 3969.70  -0.35
 3970.40  -0.35
 3971.10  -0.35
 3971.80  -0.35
 3972.50  -0.35
 3973.20  -0.35
 3973.90  -0.35
 3974.60  -0.35
 3975.30  -0.35
 3976.00  -0.35
 3976.70  -0.35
 3977.40  -0.35
 3978.10  -0.35
 3978.80  -0.35
 3979.50  -0.35
 3980.20  -0.35
 3980.90  -0.35
 3981.60  -0.35
 3982.30  -0.35
 3983.00  -0.35
 3983.70  -0.35
 3984.40  -0.35
 3985.10  -0.35
 3985.80  -0.35
 3986.50  -0.35
 3987.20  -0.35
 3987.90  -0.35
 3988.60  -0.35
 3989.30  -0.35
 3990.00  -0.35
 3990.70  -0.35
 3991.40  -0.35
 3992.10  -0.35
 3992.80  -0.35
 3993.50  -0.35
 3994.20  -0.35
 3994.90  -0.35
 3995.60  -0.35
 3996.30  -0.35
 3997.00  -0.35
 3997.70  -0.35
 3998.40  -0.35
 3999.10  -0.35
 3999.80  -0.35
