#Navio B MarAd
#Manobra de Curva                     de Zig-Zag
#
#Rotações do propulsor
#
#temp      rot
 0.00  1.42
 0.70  1.42
 1.40  1.42
 2.10  1.42
 2.80  1.42
 3.50  1.42
 4.20  1.42
 4.90  1.42
 5.60  1.42
 6.30  1.42
 7.00  1.42
 7.70  1.42
 8.40  1.42
 9.10  1.42
 9.80  1.42
 10.50  1.42
 11.20  1.42
 11.90  1.42
 12.60  1.42
 13.30  1.42
 14.00  1.42
 14.70  1.42
 15.40  1.42
 16.10  1.42
 16.80  1.42
 17.50  1.42
 18.20  1.42
 18.90  1.42
 19.60  1.42
 20.30  1.42
 21.00  1.42
 21.70  1.42
 22.40  1.42
 23.10  1.42
 23.80  1.42
 24.50  1.42
 25.20  1.42
 25.90  1.42
 26.60  1.42
 27.30  1.42
 28.00  1.42
 28.70  1.42
 29.40  1.42
 30.10  1.42
 30.80  1.42
 31.50  1.42
 32.20  1.42
 32.90  1.42
 33.60  1.42
 34.30  1.42
 35.00  1.42
 35.70  1.42
 36.40  1.42
 37.10  1.42
 37.80  1.42
 38.50  1.42
 39.20  1.42
 39.90  1.42
 40.60  1.42
 41.30  1.42
 42.00  1.42
 42.70  1.42
 43.40  1.42
 44.10  1.42
 44.80  1.42
 45.50  1.42
 46.20  1.42
 46.90  1.42
 47.60  1.42
 48.30  1.42
 49.00  1.42
 49.70  1.42
 50.40  1.42
 51.10  1.42
 51.80  1.42
 52.50  1.42
 53.20  1.42
 53.90  1.42
 54.60  1.42
 55.30  1.42
 56.00  1.42
 56.70  1.42
 57.40  1.42
 58.10  1.42
 58.80  1.42
 59.50  1.42
 60.20  1.42
 60.90  1.42
 61.60  1.42
 62.30  1.42
 63.00  1.42
 63.70  1.42
 64.40  1.42
 65.10  1.42
 65.80  1.42
 66.50  1.42
 67.20  1.42
 67.90  1.42
 68.60  1.42
 69.30  1.42
 70.00  1.42
 70.70  1.42
 71.40  1.42
 72.10  1.42
 72.80  1.42
 73.50  1.42
 74.20  1.42
 74.90  1.42
 75.60  1.42
 76.30  1.42
 77.00  1.42
 77.70  1.42
 78.40  1.42
 79.10  1.42
 79.80  1.42
 80.50  1.42
 81.20  1.42
 81.90  1.42
 82.60  1.42
 83.30  1.42
 84.00  1.42
 84.70  1.42
 85.40  1.42
 86.10  1.42
 86.80  1.42
 87.50  1.42
 88.20  1.42
 88.90  1.42
 89.60  1.42
 90.30  1.42
 91.00  1.42
 91.70  1.42
 92.40  1.42
 93.10  1.42
 93.80  1.42
 94.50  1.42
 95.20  1.42
 95.90  1.42
 96.60  1.42
 97.30  1.42
 98.00  1.42
 98.70  1.42
 99.40  1.42
 100.10  1.42
 100.80  1.42
 101.50  1.42
 102.20  1.42
 102.90  1.42
 103.60  1.42
 104.30  1.42
 105.00  1.42
 105.70  1.42
 106.40  1.42
 107.10  1.42
 107.80  1.42
 108.50  1.42
 109.20  1.42
 109.90  1.42
 110.60  1.42
 111.30  1.42
 112.00  1.42
 112.70  1.42
 113.40  1.42
 114.10  1.42
 114.80  1.42
 115.50  1.42
 116.20  1.42
 116.90  1.42
 117.60  1.42
 118.30  1.42
 119.00  1.42
 119.70  1.42
 120.40  1.42
 121.10  1.42
 121.80  1.42
 122.50  1.42
 123.20  1.42
 123.90  1.42
 124.60  1.42
 125.30  1.42
 126.00  1.42
 126.70  1.42
 127.40  1.42
 128.10  1.42
 128.80  1.42
 129.50  1.42
 130.20  1.42
 130.90  1.42
 131.60  1.42
 132.30  1.42
 133.00  1.42
 133.70  1.42
 134.40  1.42
 135.10  1.42
 135.80  1.42
 136.50  1.42
 137.20  1.42
 137.90  1.42
 138.60  1.42
 139.30  1.42
 140.00  1.42
 140.70  1.42
 141.40  1.42
 142.10  1.42
 142.80  1.42
 143.50  1.42
 144.20  1.42
 144.90  1.42
 145.60  1.42
 146.30  1.42
 147.00  1.42
 147.70  1.42
 148.40  1.42
 149.10  1.42
 149.80  1.42
 150.50  1.42
 151.20  1.42
 151.90  1.42
 152.60  1.42
 153.30  1.42
 154.00  1.42
 154.70  1.42
 155.40  1.42
 156.10  1.42
 156.80  1.42
 157.50  1.42
 158.20  1.42
 158.90  1.42
 159.60  1.42
 160.30  1.42
 161.00  1.42
 161.70  1.42
 162.40  1.42
 163.10  1.42
 163.80  1.42
 164.50  1.42
 165.20  1.42
 165.90  1.42
 166.60  1.42
 167.30  1.42
 168.00  1.42
 168.70  1.42
 169.40  1.42
 170.10  1.42
 170.80  1.42
 171.50  1.42
 172.20  1.42
 172.90  1.42
 173.60  1.42
 174.30  1.42
 175.00  1.42
 175.70  1.42
 176.40  1.42
 177.10  1.42
 177.80  1.42
 178.50  1.42
 179.20  1.42
 179.90  1.42
 180.60  1.42
 181.30  1.42
 182.00  1.42
 182.70  1.42
 183.40  1.42
 184.10  1.42
 184.80  1.42
 185.50  1.42
 186.20  1.42
 186.90  1.42
 187.60  1.42
 188.30  1.42
 189.00  1.42
 189.70  1.42
 190.40  1.42
 191.10  1.42
 191.80  1.42
 192.50  1.42
 193.20  1.42
 193.90  1.42
 194.60  1.42
 195.30  1.42
 196.00  1.42
 196.70  1.42
 197.40  1.42
 198.10  1.42
 198.80  1.42
 199.50  1.42
 200.20  1.42
 200.90  1.42
 201.60  1.42
 202.30  1.42
 203.00  1.42
 203.70  1.42
 204.40  1.42
 205.10  1.42
 205.80  1.42
 206.50  1.42
 207.20  1.42
 207.90  1.42
 208.60  1.42
 209.30  1.42
 210.00  1.42
 210.70  1.42
 211.40  1.42
 212.10  1.42
 212.80  1.42
 213.50  1.42
 214.20  1.42
 214.90  1.42
 215.60  1.42
 216.30  1.42
 217.00  1.42
 217.70  1.42
 218.40  1.42
 219.10  1.42
 219.80  1.42
 220.50  1.42
 221.20  1.42
 221.90  1.42
 222.60  1.42
 223.30  1.42
 224.00  1.42
 224.70  1.42
 225.40  1.42
 226.10  1.42
 226.80  1.42
 227.50  1.42
 228.20  1.42
 228.90  1.42
 229.60  1.42
 230.30  1.42
 231.00  1.42
 231.70  1.42
 232.40  1.42
 233.10  1.42
 233.80  1.42
 234.50  1.42
 235.20  1.42
 235.90  1.42
 236.60  1.42
 237.30  1.42
 238.00  1.42
 238.70  1.42
 239.40  1.42
 240.10  1.42
 240.80  1.42
 241.50  1.42
 242.20  1.42
 242.90  1.42
 243.60  1.42
 244.30  1.42
 245.00  1.42
 245.70  1.42
 246.40  1.42
 247.10  1.42
 247.80  1.42
 248.50  1.42
 249.20  1.42
 249.90  1.42
 250.60  1.42
 251.30  1.42
 252.00  1.42
 252.70  1.42
 253.40  1.42
 254.10  1.42
 254.80  1.42
 255.50  1.42
 256.20  1.42
 256.90  1.42
 257.60  1.42
 258.30  1.42
 259.00  1.42
 259.70  1.42
 260.40  1.42
 261.10  1.42
 261.80  1.42
 262.50  1.42
 263.20  1.42
 263.90  1.42
 264.60  1.42
 265.30  1.42
 266.00  1.42
 266.70  1.42
 267.40  1.42
 268.10  1.42
 268.80  1.42
 269.50  1.42
 270.20  1.42
 270.90  1.42
 271.60  1.42
 272.30  1.42
 273.00  1.42
 273.70  1.42
 274.40  1.42
 275.10  1.42
 275.80  1.42
 276.50  1.42
 277.20  1.42
 277.90  1.42
 278.60  1.42
 279.30  1.42
 280.00  1.42
 280.70  1.42
 281.40  1.42
 282.10  1.42
 282.80  1.42
 283.50  1.42
 284.20  1.42
 284.90  1.42
 285.60  1.42
 286.30  1.42
 287.00  1.42
 287.70  1.42
 288.40  1.42
 289.10  1.42
 289.80  1.42
 290.50  1.42
 291.20  1.42
 291.90  1.42
 292.60  1.42
 293.30  1.42
 294.00  1.42
 294.70  1.42
 295.40  1.42
 296.10  1.42
 296.80  1.42
 297.50  1.42
 298.20  1.42
 298.90  1.42
 299.60  1.42
 300.30  1.42
 301.00  1.42
 301.70  1.42
 302.40  1.42
 303.10  1.42
 303.80  1.42
 304.50  1.42
 305.20  1.42
 305.90  1.42
 306.60  1.42
 307.30  1.42
 308.00  1.42
 308.70  1.42
 309.40  1.42
 310.10  1.42
 310.80  1.42
 311.50  1.42
 312.20  1.42
 312.90  1.42
 313.60  1.42
 314.30  1.42
 315.00  1.42
 315.70  1.42
 316.40  1.42
 317.10  1.42
 317.80  1.42
 318.50  1.42
 319.20  1.42
 319.90  1.42
 320.60  1.42
 321.30  1.42
 322.00  1.42
 322.70  1.42
 323.40  1.42
 324.10  1.42
 324.80  1.42
 325.50  1.42
 326.20  1.42
 326.90  1.42
 327.60  1.42
 328.30  1.42
 329.00  1.42
 329.70  1.42
 330.40  1.42
 331.10  1.42
 331.80  1.42
 332.50  1.42
 333.20  1.42
 333.90  1.42
 334.60  1.42
 335.30  1.42
 336.00  1.42
 336.70  1.42
 337.40  1.42
 338.10  1.42
 338.80  1.42
 339.50  1.42
 340.20  1.42
 340.90  1.42
 341.60  1.42
 342.30  1.42
 343.00  1.42
 343.70  1.42
 344.40  1.42
 345.10  1.42
 345.80  1.42
 346.50  1.42
 347.20  1.42
 347.90  1.42
 348.60  1.42
 349.30  1.42
 350.00  1.42
 350.70  1.42
 351.40  1.42
 352.10  1.42
 352.80  1.42
 353.50  1.42
 354.20  1.42
 354.90  1.42
 355.60  1.42
 356.30  1.42
 357.00  1.42
 357.70  1.42
 358.40  1.42
 359.10  1.42
 359.80  1.42
 360.50  1.42
 361.20  1.42
 361.90  1.42
 362.60  1.42
 363.30  1.42
 364.00  1.42
 364.70  1.42
 365.40  1.42
 366.10  1.42
 366.80  1.42
 367.50  1.42
 368.20  1.42
 368.90  1.42
 369.60  1.42
 370.30  1.42
 371.00  1.42
 371.70  1.42
 372.40  1.42
 373.10  1.42
 373.80  1.42
 374.50  1.42
 375.20  1.42
 375.90  1.42
 376.60  1.42
 377.30  1.42
 378.00  1.42
 378.70  1.42
 379.40  1.42
 380.10  1.42
 380.80  1.42
 381.50  1.42
 382.20  1.42
 382.90  1.42
 383.60  1.42
 384.30  1.42
 385.00  1.42
 385.70  1.42
 386.40  1.42
 387.10  1.42
 387.80  1.42
 388.50  1.42
 389.20  1.42
 389.90  1.42
 390.60  1.42
 391.30  1.42
 392.00  1.42
 392.70  1.42
 393.40  1.42
 394.10  1.42
 394.80  1.42
 395.50  1.42
 396.20  1.42
 396.90  1.42
 397.60  1.42
 398.30  1.42
 399.00  1.42
 399.70  1.42
 400.40  1.42
 401.10  1.42
 401.80  1.42
 402.50  1.42
 403.20  1.42
 403.90  1.42
 404.60  1.42
 405.30  1.42
 406.00  1.42
 406.70  1.42
 407.40  1.42
 408.10  1.42
 408.80  1.42
 409.50  1.42
 410.20  1.42
 410.90  1.42
 411.60  1.42
 412.30  1.42
 413.00  1.42
 413.70  1.42
 414.40  1.42
 415.10  1.42
 415.80  1.42
 416.50  1.42
 417.20  1.42
 417.90  1.42
 418.60  1.42
 419.30  1.42
 420.00  1.42
 420.70  1.42
 421.40  1.42
 422.10  1.42
 422.80  1.42
 423.50  1.42
 424.20  1.42
 424.90  1.42
 425.60  1.42
 426.30  1.42
 427.00  1.42
 427.70  1.42
 428.40  1.42
 429.10  1.42
 429.80  1.42
 430.50  1.42
 431.20  1.42
 431.90  1.42
 432.60  1.42
 433.30  1.42
 434.00  1.42
 434.70  1.42
 435.40  1.42
 436.10  1.42
 436.80  1.42
 437.50  1.42
 438.20  1.42
 438.90  1.42
 439.60  1.42
 440.30  1.42
 441.00  1.42
 441.70  1.42
 442.40  1.42
 443.10  1.42
 443.80  1.42
 444.50  1.42
 445.20  1.42
 445.90  1.42
 446.60  1.42
 447.30  1.42
 448.00  1.42
 448.70  1.42
 449.40  1.42
 450.10  1.42
 450.80  1.42
 451.50  1.42
 452.20  1.42
 452.90  1.42
 453.60  1.42
 454.30  1.42
 455.00  1.42
 455.70  1.42
 456.40  1.42
 457.10  1.42
 457.80  1.42
 458.50  1.42
 459.20  1.42
 459.90  1.42
 460.60  1.42
 461.30  1.42
 462.00  1.42
 462.70  1.42
 463.40  1.42
 464.10  1.42
 464.80  1.42
 465.50  1.42
 466.20  1.42
 466.90  1.42
 467.60  1.42
 468.30  1.42
 469.00  1.42
 469.70  1.42
 470.40  1.42
 471.10  1.42
 471.80  1.42
 472.50  1.42
 473.20  1.42
 473.90  1.42
 474.60  1.42
 475.30  1.42
 476.00  1.42
 476.70  1.42
 477.40  1.42
 478.10  1.42
 478.80  1.42
 479.50  1.42
 480.20  1.42
 480.90  1.42
 481.60  1.42
 482.30  1.42
 483.00  1.42
 483.70  1.42
 484.40  1.42
 485.10  1.42
 485.80  1.42
 486.50  1.42
 487.20  1.42
 487.90  1.42
 488.60  1.42
 489.30  1.42
 490.00  1.42
 490.70  1.42
 491.40  1.42
 492.10  1.42
 492.80  1.42
 493.50  1.42
 494.20  1.42
 494.90  1.42
 495.60  1.42
 496.30  1.42
 497.00  1.42
 497.70  1.42
 498.40  1.42
 499.10  1.42
 499.80  1.42
 500.50  1.42
 501.20  1.42
 501.90  1.42
 502.60  1.42
 503.30  1.42
 504.00  1.42
 504.70  1.42
 505.40  1.42
 506.10  1.42
 506.80  1.42
 507.50  1.42
 508.20  1.42
 508.90  1.42
 509.60  1.42
 510.30  1.42
 511.00  1.42
 511.70  1.42
 512.40  1.42
 513.10  1.42
 513.80  1.42
 514.50  1.42
 515.20  1.42
 515.90  1.42
 516.60  1.42
 517.30  1.42
 518.00  1.42
 518.70  1.42
 519.40  1.42
 520.10  1.42
 520.80  1.42
 521.50  1.42
 522.20  1.42
 522.90  1.42
 523.60  1.42
 524.30  1.42
 525.00  1.42
 525.70  1.42
 526.40  1.42
 527.10  1.42
 527.80  1.42
 528.50  1.42
 529.20  1.42
 529.90  1.42
 530.60  1.42
 531.30  1.42
 532.00  1.42
 532.70  1.42
 533.40  1.42
 534.10  1.42
 534.80  1.42
 535.50  1.42
 536.20  1.42
 536.90  1.42
 537.60  1.42
 538.30  1.42
 539.00  1.42
 539.70  1.42
 540.40  1.42
 541.10  1.42
 541.80  1.42
 542.50  1.42
 543.20  1.42
 543.90  1.42
 544.60  1.42
 545.30  1.42
 546.00  1.42
 546.70  1.42
 547.40  1.42
 548.10  1.42
 548.80  1.42
 549.50  1.42
 550.20  1.42
 550.90  1.42
 551.60  1.42
 552.30  1.42
 553.00  1.42
 553.70  1.42
 554.40  1.42
 555.10  1.42
 555.80  1.42
 556.50  1.42
 557.20  1.42
 557.90  1.42
 558.60  1.42
 559.30  1.42
 560.00  1.42
 560.70  1.42
 561.40  1.42
 562.10  1.42
 562.80  1.42
 563.50  1.42
 564.20  1.42
 564.90  1.42
 565.60  1.42
 566.30  1.42
 567.00  1.42
 567.70  1.42
 568.40  1.42
 569.10  1.42
 569.80  1.42
 570.50  1.42
 571.20  1.42
 571.90  1.42
 572.60  1.42
 573.30  1.42
 574.00  1.42
 574.70  1.42
 575.40  1.42
 576.10  1.42
 576.80  1.42
 577.50  1.42
 578.20  1.42
 578.90  1.42
 579.60  1.42
 580.30  1.42
 581.00  1.42
 581.70  1.42
 582.40  1.42
 583.10  1.42
 583.80  1.42
 584.50  1.42
 585.20  1.42
 585.90  1.42
 586.60  1.42
 587.30  1.42
 588.00  1.42
 588.70  1.42
 589.40  1.42
 590.10  1.42
 590.80  1.42
 591.50  1.42
 592.20  1.42
 592.90  1.42
 593.60  1.42
 594.30  1.42
 595.00  1.42
 595.70  1.42
 596.40  1.42
 597.10  1.42
 597.80  1.42
 598.50  1.42
 599.20  1.42
 599.90  1.42
 600.60  1.42
 601.30  1.42
 602.00  1.42
 602.70  1.42
 603.40  1.42
 604.10  1.42
 604.80  1.42
 605.50  1.42
 606.20  1.42
 606.90  1.42
 607.60  1.42
 608.30  1.42
 609.00  1.42
 609.70  1.42
 610.40  1.42
 611.10  1.42
 611.80  1.42
 612.50  1.42
 613.20  1.42
 613.90  1.42
 614.60  1.42
 615.30  1.42
 616.00  1.42
 616.70  1.42
 617.40  1.42
 618.10  1.42
 618.80  1.42
 619.50  1.42
 620.20  1.42
 620.90  1.42
 621.60  1.42
 622.30  1.42
 623.00  1.42
 623.70  1.42
 624.40  1.42
 625.10  1.42
 625.80  1.42
 626.50  1.42
 627.20  1.42
 627.90  1.42
 628.60  1.42
 629.30  1.42
 630.00  1.42
 630.70  1.42
 631.40  1.42
 632.10  1.42
 632.80  1.42
 633.50  1.42
 634.20  1.42
 634.90  1.42
 635.60  1.42
 636.30  1.42
 637.00  1.42
 637.70  1.42
 638.40  1.42
 639.10  1.42
 639.80  1.42
 640.50  1.42
 641.20  1.42
 641.90  1.42
 642.60  1.42
 643.30  1.42
 644.00  1.42
 644.70  1.42
 645.40  1.42
 646.10  1.42
 646.80  1.42
 647.50  1.42
 648.20  1.42
 648.90  1.42
 649.60  1.42
 650.30  1.42
 651.00  1.42
 651.70  1.42
 652.40  1.42
 653.10  1.42
 653.80  1.42
 654.50  1.42
 655.20  1.42
 655.90  1.42
 656.60  1.42
 657.30  1.42
 658.00  1.42
 658.70  1.42
 659.40  1.42
 660.10  1.42
 660.80  1.42
 661.50  1.42
 662.20  1.42
 662.90  1.42
 663.60  1.42
 664.30  1.42
 665.00  1.42
 665.70  1.42
 666.40  1.42
 667.10  1.42
 667.80  1.42
 668.50  1.42
 669.20  1.42
 669.90  1.42
 670.60  1.42
 671.30  1.42
 672.00  1.42
 672.70  1.42
 673.40  1.42
 674.10  1.42
 674.80  1.42
 675.50  1.42
 676.20  1.42
 676.90  1.42
 677.60  1.42
 678.30  1.42
 679.00  1.42
 679.70  1.42
 680.40  1.42
 681.10  1.42
 681.80  1.42
 682.50  1.42
 683.20  1.42
 683.90  1.42
 684.60  1.42
 685.30  1.42
 686.00  1.42
 686.70  1.42
 687.40  1.42
 688.10  1.42
 688.80  1.42
 689.50  1.42
 690.20  1.42
 690.90  1.42
 691.60  1.42
 692.30  1.42
 693.00  1.42
 693.70  1.42
 694.40  1.42
 695.10  1.42
 695.80  1.42
 696.50  1.42
 697.20  1.42
 697.90  1.42
 698.60  1.42
 699.30  1.42
 700.00  1.42
 700.70  1.42
 701.40  1.42
 702.10  1.42
 702.80  1.42
 703.50  1.42
 704.20  1.42
 704.90  1.42
 705.60  1.42
 706.30  1.42
 707.00  1.42
 707.70  1.42
 708.40  1.42
 709.10  1.42
 709.80  1.42
 710.50  1.42
 711.20  1.42
 711.90  1.42
 712.60  1.42
 713.30  1.42
 714.00  1.42
 714.70  1.42
 715.40  1.42
 716.10  1.42
 716.80  1.42
 717.50  1.42
 718.20  1.42
 718.90  1.42
 719.60  1.42
 720.30  1.42
 721.00  1.42
 721.70  1.42
 722.40  1.42
 723.10  1.42
 723.80  1.42
 724.50  1.42
 725.20  1.42
 725.90  1.42
 726.60  1.42
 727.30  1.42
 728.00  1.42
 728.70  1.42
 729.40  1.42
 730.10  1.42
 730.80  1.42
 731.50  1.42
 732.20  1.42
 732.90  1.42
 733.60  1.42
 734.30  1.42
 735.00  1.42
 735.70  1.42
 736.40  1.42
 737.10  1.42
 737.80  1.42
 738.50  1.42
 739.20  1.42
 739.90  1.42
 740.60  1.42
 741.30  1.42
 742.00  1.42
 742.70  1.42
 743.40  1.42
 744.10  1.42
 744.80  1.42
 745.50  1.42
 746.20  1.42
 746.90  1.42
 747.60  1.42
 748.30  1.42
 749.00  1.42
 749.70  1.42
 750.40  1.42
 751.10  1.42
 751.80  1.42
 752.50  1.42
 753.20  1.42
 753.90  1.42
 754.60  1.42
 755.30  1.42
 756.00  1.42
 756.70  1.42
 757.40  1.42
 758.10  1.42
 758.80  1.42
 759.50  1.42
 760.20  1.42
 760.90  1.42
 761.60  1.42
 762.30  1.42
 763.00  1.42
 763.70  1.42
 764.40  1.42
 765.10  1.42
 765.80  1.42
 766.50  1.42
 767.20  1.42
 767.90  1.42
 768.60  1.42
 769.30  1.42
 770.00  1.42
 770.70  1.42
 771.40  1.42
 772.10  1.42
 772.80  1.42
 773.50  1.42
 774.20  1.42
 774.90  1.42
 775.60  1.42
 776.30  1.42
 777.00  1.42
 777.70  1.42
 778.40  1.42
 779.10  1.42
 779.80  1.42
 780.50  1.42
 781.20  1.42
 781.90  1.42
 782.60  1.42
 783.30  1.42
 784.00  1.42
 784.70  1.42
 785.40  1.42
 786.10  1.42
 786.80  1.42
 787.50  1.42
 788.20  1.42
 788.90  1.42
 789.60  1.42
 790.30  1.42
 791.00  1.42
 791.70  1.42
 792.40  1.42
 793.10  1.42
 793.80  1.42
 794.50  1.42
 795.20  1.42
 795.90  1.42
 796.60  1.42
 797.30  1.42
 798.00  1.42
 798.70  1.42
 799.40  1.42
 800.10  1.42
 800.80  1.42
 801.50  1.42
 802.20  1.42
 802.90  1.42
 803.60  1.42
 804.30  1.42
 805.00  1.42
 805.70  1.42
 806.40  1.42
 807.10  1.42
 807.80  1.42
 808.50  1.42
 809.20  1.42
 809.90  1.42
 810.60  1.42
 811.30  1.42
 812.00  1.42
 812.70  1.42
 813.40  1.42
 814.10  1.42
 814.80  1.42
 815.50  1.42
 816.20  1.42
 816.90  1.42
 817.60  1.42
 818.30  1.42
 819.00  1.42
 819.70  1.42
 820.40  1.42
 821.10  1.42
 821.80  1.42
 822.50  1.42
 823.20  1.42
 823.90  1.42
 824.60  1.42
 825.30  1.42
 826.00  1.42
 826.70  1.42
 827.40  1.42
 828.10  1.42
 828.80  1.42
 829.50  1.42
 830.20  1.42
 830.90  1.42
 831.60  1.42
 832.30  1.42
 833.00  1.42
 833.70  1.42
 834.40  1.42
 835.10  1.42
 835.80  1.42
 836.50  1.42
 837.20  1.42
 837.90  1.42
 838.60  1.42
 839.30  1.42
 840.00  1.42
 840.70  1.42
 841.40  1.42
 842.10  1.42
 842.80  1.42
 843.50  1.42
 844.20  1.42
 844.90  1.42
 845.60  1.42
 846.30  1.42
 847.00  1.42
 847.70  1.42
 848.40  1.42
 849.10  1.42
 849.80  1.42
 850.50  1.42
 851.20  1.42
 851.90  1.42
 852.60  1.42
 853.30  1.42
 854.00  1.42
 854.70  1.42
 855.40  1.42
 856.10  1.42
 856.80  1.42
 857.50  1.42
 858.20  1.42
 858.90  1.42
 859.60  1.42
 860.30  1.42
 861.00  1.42
 861.70  1.42
 862.40  1.42
 863.10  1.42
 863.80  1.42
 864.50  1.42
 865.20  1.42
 865.90  1.42
 866.60  1.42
 867.30  1.42
 868.00  1.42
 868.70  1.42
 869.40  1.42
 870.10  1.42
 870.80  1.42
 871.50  1.42
 872.20  1.42
 872.90  1.42
 873.60  1.42
 874.30  1.42
 875.00  1.42
 875.70  1.42
 876.40  1.42
 877.10  1.42
 877.80  1.42
 878.50  1.42
 879.20  1.42
 879.90  1.42
 880.60  1.42
 881.30  1.42
 882.00  1.42
 882.70  1.42
 883.40  1.42
 884.10  1.42
 884.80  1.42
 885.50  1.42
 886.20  1.42
 886.90  1.42
 887.60  1.42
 888.30  1.42
 889.00  1.42
 889.70  1.42
 890.40  1.42
 891.10  1.42
 891.80  1.42
 892.50  1.42
 893.20  1.42
 893.90  1.42
 894.60  1.42
 895.30  1.42
 896.00  1.42
 896.70  1.42
 897.40  1.42
 898.10  1.42
 898.80  1.42
 899.50  1.42
 900.20  1.42
 900.90  1.42
 901.60  1.42
 902.30  1.42
 903.00  1.42
 903.70  1.42
 904.40  1.42
 905.10  1.42
 905.80  1.42
 906.50  1.42
 907.20  1.42
 907.90  1.42
 908.60  1.42
 909.30  1.42
 910.00  1.42
 910.70  1.42
 911.40  1.42
 912.10  1.42
 912.80  1.42
 913.50  1.42
 914.20  1.42
 914.90  1.42
 915.60  1.42
 916.30  1.42
 917.00  1.42
 917.70  1.42
 918.40  1.42
 919.10  1.42
 919.80  1.42
 920.50  1.42
 921.20  1.42
 921.90  1.42
 922.60  1.42
 923.30  1.42
 924.00  1.42
 924.70  1.42
 925.40  1.42
 926.10  1.42
 926.80  1.42
 927.50  1.42
 928.20  1.42
 928.90  1.42
 929.60  1.42
 930.30  1.42
 931.00  1.42
 931.70  1.42
 932.40  1.42
 933.10  1.42
 933.80  1.42
 934.50  1.42
 935.20  1.42
 935.90  1.42
 936.60  1.42
 937.30  1.42
 938.00  1.42
 938.70  1.42
 939.40  1.42
 940.10  1.42
 940.80  1.42
 941.50  1.42
 942.20  1.42
 942.90  1.42
 943.60  1.42
 944.30  1.42
 945.00  1.42
 945.70  1.42
 946.40  1.42
 947.10  1.42
 947.80  1.42
 948.50  1.42
 949.20  1.42
 949.90  1.42
 950.60  1.42
 951.30  1.42
 952.00  1.42
 952.70  1.42
 953.40  1.42
 954.10  1.42
 954.80  1.42
 955.50  1.42
 956.20  1.42
 956.90  1.42
 957.60  1.42
 958.30  1.42
 959.00  1.42
 959.70  1.42
 960.40  1.42
 961.10  1.42
 961.80  1.42
 962.50  1.42
 963.20  1.42
 963.90  1.42
 964.60  1.42
 965.30  1.42
 966.00  1.42
 966.70  1.42
 967.40  1.42
 968.10  1.42
 968.80  1.42
 969.50  1.42
 970.20  1.42
 970.90  1.42
 971.60  1.42
 972.30  1.42
 973.00  1.42
 973.70  1.42
 974.40  1.42
 975.10  1.42
 975.80  1.42
 976.50  1.42
 977.20  1.42
 977.90  1.42
 978.60  1.42
 979.30  1.42
 980.00  1.42
 980.70  1.42
 981.40  1.42
 982.10  1.42
 982.80  1.42
 983.50  1.42
 984.20  1.42
 984.90  1.42
 985.60  1.42
 986.30  1.42
 987.00  1.42
 987.70  1.42
 988.40  1.42
 989.10  1.42
 989.80  1.42
 990.50  1.42
 991.20  1.42
 991.90  1.42
 992.60  1.42
 993.30  1.42
 994.00  1.42
 994.70  1.42
 995.40  1.42
 996.10  1.42
 996.80  1.42
 997.50  1.42
 998.20  1.42
 998.90  1.42
 999.60  1.42
 1000.30  1.42
 1001.00  1.42
 1001.70  1.42
 1002.40  1.42
 1003.10  1.42
 1003.80  1.42
 1004.50  1.42
 1005.20  1.42
 1005.90  1.42
 1006.60  1.42
 1007.30  1.42
 1008.00  1.42
 1008.70  1.42
 1009.40  1.42
 1010.10  1.42
 1010.80  1.42
 1011.50  1.42
 1012.20  1.42
 1012.90  1.42
 1013.60  1.42
 1014.30  1.42
 1015.00  1.42
 1015.70  1.42
 1016.40  1.42
 1017.10  1.42
 1017.80  1.42
 1018.50  1.42
 1019.20  1.42
 1019.90  1.42
 1020.60  1.42
 1021.30  1.42
 1022.00  1.42
 1022.70  1.42
 1023.40  1.42
 1024.10  1.42
 1024.80  1.42
 1025.50  1.42
 1026.20  1.42
 1026.90  1.42
 1027.60  1.42
 1028.30  1.42
 1029.00  1.42
 1029.70  1.42
 1030.40  1.42
 1031.10  1.42
 1031.80  1.42
 1032.50  1.42
 1033.20  1.42
 1033.90  1.42
 1034.60  1.42
 1035.30  1.42
 1036.00  1.42
 1036.70  1.42
 1037.40  1.42
 1038.10  1.42
 1038.80  1.42
 1039.50  1.42
 1040.20  1.42
 1040.90  1.42
 1041.60  1.42
 1042.30  1.42
 1043.00  1.42
 1043.70  1.42
 1044.40  1.42
 1045.10  1.42
 1045.80  1.42
 1046.50  1.42
 1047.20  1.42
 1047.90  1.42
 1048.60  1.42
 1049.30  1.42
 1050.00  1.42
 1050.70  1.42
 1051.40  1.42
 1052.10  1.42
 1052.80  1.42
 1053.50  1.42
 1054.20  1.42
 1054.90  1.42
 1055.60  1.42
 1056.30  1.42
 1057.00  1.42
 1057.70  1.42
 1058.40  1.42
 1059.10  1.42
 1059.80  1.42
 1060.50  1.42
 1061.20  1.42
 1061.90  1.42
 1062.60  1.42
 1063.30  1.42
 1064.00  1.42
 1064.70  1.42
 1065.40  1.42
 1066.10  1.42
 1066.80  1.42
 1067.50  1.42
 1068.20  1.42
 1068.90  1.42
 1069.60  1.42
 1070.30  1.42
 1071.00  1.42
 1071.70  1.42
 1072.40  1.42
 1073.10  1.42
 1073.80  1.42
 1074.50  1.42
 1075.20  1.42
 1075.90  1.42
 1076.60  1.42
 1077.30  1.42
 1078.00  1.42
 1078.70  1.42
 1079.40  1.42
 1080.10  1.42
 1080.80  1.42
 1081.50  1.42
 1082.20  1.42
 1082.90  1.42
 1083.60  1.42
 1084.30  1.42
 1085.00  1.42
 1085.70  1.42
 1086.40  1.42
 1087.10  1.42
 1087.80  1.42
 1088.50  1.42
 1089.20  1.42
 1089.90  1.42
 1090.60  1.42
 1091.30  1.42
 1092.00  1.42
 1092.70  1.42
 1093.40  1.42
 1094.10  1.42
 1094.80  1.42
 1095.50  1.42
 1096.20  1.42
 1096.90  1.42
 1097.60  1.42
 1098.30  1.42
 1099.00  1.42
 1099.70  1.42
 1100.40  1.42
 1101.10  1.42
 1101.80  1.42
 1102.50  1.42
 1103.20  1.42
 1103.90  1.42
 1104.60  1.42
 1105.30  1.42
 1106.00  1.42
 1106.70  1.42
 1107.40  1.42
 1108.10  1.42
 1108.80  1.42
 1109.50  1.42
 1110.20  1.42
 1110.90  1.42
 1111.60  1.42
 1112.30  1.42
 1113.00  1.42
 1113.70  1.42
 1114.40  1.42
 1115.10  1.42
 1115.80  1.42
 1116.50  1.42
 1117.20  1.42
 1117.90  1.42
 1118.60  1.42
 1119.30  1.42
 1120.00  1.42
 1120.70  1.42
 1121.40  1.42
 1122.10  1.42
 1122.80  1.42
 1123.50  1.42
 1124.20  1.42
 1124.90  1.42
 1125.60  1.42
 1126.30  1.42
 1127.00  1.42
 1127.70  1.42
 1128.40  1.42
 1129.10  1.42
 1129.80  1.42
 1130.50  1.42
 1131.20  1.42
 1131.90  1.42
 1132.60  1.42
 1133.30  1.42
 1134.00  1.42
 1134.70  1.42
 1135.40  1.42
 1136.10  1.42
 1136.80  1.42
 1137.50  1.42
 1138.20  1.42
 1138.90  1.42
 1139.60  1.42
 1140.30  1.42
 1141.00  1.42
 1141.70  1.42
 1142.40  1.42
 1143.10  1.42
 1143.80  1.42
 1144.50  1.42
 1145.20  1.42
 1145.90  1.42
 1146.60  1.42
 1147.30  1.42
 1148.00  1.42
 1148.70  1.42
 1149.40  1.42
 1150.10  1.42
 1150.80  1.42
 1151.50  1.42
 1152.20  1.42
 1152.90  1.42
 1153.60  1.42
 1154.30  1.42
 1155.00  1.42
 1155.70  1.42
 1156.40  1.42
 1157.10  1.42
 1157.80  1.42
 1158.50  1.42
 1159.20  1.42
 1159.90  1.42
 1160.60  1.42
 1161.30  1.42
 1162.00  1.42
 1162.70  1.42
 1163.40  1.42
 1164.10  1.42
 1164.80  1.42
 1165.50  1.42
 1166.20  1.42
 1166.90  1.42
 1167.60  1.42
 1168.30  1.42
 1169.00  1.42
 1169.70  1.42
 1170.40  1.42
 1171.10  1.42
 1171.80  1.42
 1172.50  1.42
 1173.20  1.42
 1173.90  1.42
 1174.60  1.42
 1175.30  1.42
 1176.00  1.42
 1176.70  1.42
 1177.40  1.42
 1178.10  1.42
 1178.80  1.42
 1179.50  1.42
 1180.20  1.42
 1180.90  1.42
 1181.60  1.42
 1182.30  1.42
 1183.00  1.42
 1183.70  1.42
 1184.40  1.42
 1185.10  1.42
 1185.80  1.42
 1186.50  1.42
 1187.20  1.42
 1187.90  1.42
 1188.60  1.42
 1189.30  1.42
 1190.00  1.42
 1190.70  1.42
 1191.40  1.42
 1192.10  1.42
 1192.80  1.42
 1193.50  1.42
 1194.20  1.42
 1194.90  1.42
 1195.60  1.42
 1196.30  1.42
 1197.00  1.42
 1197.70  1.42
 1198.40  1.42
 1199.10  1.42
 1199.80  1.42
 1200.50  1.42
 1201.20  1.42
 1201.90  1.42
 1202.60  1.42
 1203.30  1.42
 1204.00  1.42
 1204.70  1.42
 1205.40  1.42
 1206.10  1.42
 1206.80  1.42
 1207.50  1.42
 1208.20  1.42
 1208.90  1.42
 1209.60  1.42
 1210.30  1.42
 1211.00  1.42
 1211.70  1.42
 1212.40  1.42
 1213.10  1.42
 1213.80  1.42
 1214.50  1.42
 1215.20  1.42
 1215.90  1.42
 1216.60  1.42
 1217.30  1.42
 1218.00  1.42
 1218.70  1.42
 1219.40  1.42
 1220.10  1.42
 1220.80  1.42
 1221.50  1.42
 1222.20  1.42
 1222.90  1.42
 1223.60  1.42
 1224.30  1.42
 1225.00  1.42
 1225.70  1.42
 1226.40  1.42
 1227.10  1.42
 1227.80  1.42
 1228.50  1.42
 1229.20  1.42
 1229.90  1.42
 1230.60  1.42
 1231.30  1.42
 1232.00  1.42
 1232.70  1.42
 1233.40  1.42
 1234.10  1.42
 1234.80  1.42
 1235.50  1.42
 1236.20  1.42
 1236.90  1.42
 1237.60  1.42
 1238.30  1.42
 1239.00  1.42
 1239.70  1.42
 1240.40  1.42
 1241.10  1.42
 1241.80  1.42
 1242.50  1.42
 1243.20  1.42
 1243.90  1.42
 1244.60  1.42
 1245.30  1.42
 1246.00  1.42
 1246.70  1.42
 1247.40  1.42
 1248.10  1.42
 1248.80  1.42
 1249.50  1.42
 1250.20  1.42
 1250.90  1.42
 1251.60  1.42
 1252.30  1.42
 1253.00  1.42
 1253.70  1.42
 1254.40  1.42
 1255.10  1.42
 1255.80  1.42
 1256.50  1.42
 1257.20  1.42
 1257.90  1.42
 1258.60  1.42
 1259.30  1.42
 1260.00  1.42
 1260.70  1.42
 1261.40  1.42
 1262.10  1.42
 1262.80  1.42
 1263.50  1.42
 1264.20  1.42
 1264.90  1.42
 1265.60  1.42
 1266.30  1.42
 1267.00  1.42
 1267.70  1.42
 1268.40  1.42
 1269.10  1.42
 1269.80  1.42
 1270.50  1.42
 1271.20  1.42
 1271.90  1.42
 1272.60  1.42
 1273.30  1.42
 1274.00  1.42
 1274.70  1.42
 1275.40  1.42
 1276.10  1.42
 1276.80  1.42
 1277.50  1.42
 1278.20  1.42
 1278.90  1.42
 1279.60  1.42
 1280.30  1.42
 1281.00  1.42
 1281.70  1.42
 1282.40  1.42
 1283.10  1.42
 1283.80  1.42
 1284.50  1.42
 1285.20  1.42
 1285.90  1.42
 1286.60  1.42
 1287.30  1.42
 1288.00  1.42
 1288.70  1.42
 1289.40  1.42
 1290.10  1.42
 1290.80  1.42
 1291.50  1.42
 1292.20  1.42
 1292.90  1.42
 1293.60  1.42
 1294.30  1.42
 1295.00  1.42
 1295.70  1.42
 1296.40  1.42
 1297.10  1.42
 1297.80  1.42
 1298.50  1.42
 1299.20  1.42
 1299.90  1.42
 1300.60  1.42
 1301.30  1.42
 1302.00  1.42
 1302.70  1.42
 1303.40  1.42
 1304.10  1.42
 1304.80  1.42
 1305.50  1.42
 1306.20  1.42
 1306.90  1.42
 1307.60  1.42
 1308.30  1.42
 1309.00  1.42
 1309.70  1.42
 1310.40  1.42
 1311.10  1.42
 1311.80  1.42
 1312.50  1.42
 1313.20  1.42
 1313.90  1.42
 1314.60  1.42
 1315.30  1.42
 1316.00  1.42
 1316.70  1.42
 1317.40  1.42
 1318.10  1.42
 1318.80  1.42
 1319.50  1.42
 1320.20  1.42
 1320.90  1.42
 1321.60  1.42
 1322.30  1.42
 1323.00  1.42
 1323.70  1.42
 1324.40  1.42
 1325.10  1.42
 1325.80  1.42
 1326.50  1.42
 1327.20  1.42
 1327.90  1.42
 1328.60  1.42
 1329.30  1.42
 1330.00  1.42
 1330.70  1.42
 1331.40  1.42
 1332.10  1.42
 1332.80  1.42
 1333.50  1.42
 1334.20  1.42
 1334.90  1.42
 1335.60  1.42
 1336.30  1.42
 1337.00  1.42
 1337.70  1.42
 1338.40  1.42
 1339.10  1.42
 1339.80  1.42
 1340.50  1.42
 1341.20  1.42
 1341.90  1.42
 1342.60  1.42
 1343.30  1.42
 1344.00  1.42
 1344.70  1.42
 1345.40  1.42
 1346.10  1.42
 1346.80  1.42
 1347.50  1.42
 1348.20  1.42
 1348.90  1.42
 1349.60  1.42
 1350.30  1.42
 1351.00  1.42
 1351.70  1.42
 1352.40  1.42
 1353.10  1.42
 1353.80  1.42
 1354.50  1.42
 1355.20  1.42
 1355.90  1.42
 1356.60  1.42
 1357.30  1.42
 1358.00  1.42
 1358.70  1.42
 1359.40  1.42
 1360.10  1.42
 1360.80  1.42
 1361.50  1.42
 1362.20  1.42
 1362.90  1.42
 1363.60  1.42
 1364.30  1.42
 1365.00  1.42
 1365.70  1.42
 1366.40  1.42
 1367.10  1.42
 1367.80  1.42
 1368.50  1.42
 1369.20  1.42
 1369.90  1.42
 1370.60  1.42
 1371.30  1.42
 1372.00  1.42
 1372.70  1.42
 1373.40  1.42
 1374.10  1.42
 1374.80  1.42
 1375.50  1.42
 1376.20  1.42
 1376.90  1.42
 1377.60  1.42
 1378.30  1.42
 1379.00  1.42
 1379.70  1.42
 1380.40  1.42
 1381.10  1.42
 1381.80  1.42
 1382.50  1.42
 1383.20  1.42
 1383.90  1.42
 1384.60  1.42
 1385.30  1.42
 1386.00  1.42
 1386.70  1.42
 1387.40  1.42
 1388.10  1.42
 1388.80  1.42
 1389.50  1.42
 1390.20  1.42
 1390.90  1.42
 1391.60  1.42
 1392.30  1.42
 1393.00  1.42
 1393.70  1.42
 1394.40  1.42
 1395.10  1.42
 1395.80  1.42
 1396.50  1.42
 1397.20  1.42
 1397.90  1.42
 1398.60  1.42
 1399.30  1.42
 1400.00  1.42
 1400.70  1.42
 1401.40  1.42
 1402.10  1.42
 1402.80  1.42
 1403.50  1.42
 1404.20  1.42
 1404.90  1.42
 1405.60  1.42
 1406.30  1.42
 1407.00  1.42
 1407.70  1.42
 1408.40  1.42
 1409.10  1.42
 1409.80  1.42
 1410.50  1.42
 1411.20  1.42
 1411.90  1.42
 1412.60  1.42
 1413.30  1.42
 1414.00  1.42
 1414.70  1.42
 1415.40  1.42
 1416.10  1.42
 1416.80  1.42
 1417.50  1.42
 1418.20  1.42
 1418.90  1.42
 1419.60  1.42
 1420.30  1.42
 1421.00  1.42
 1421.70  1.42
 1422.40  1.42
 1423.10  1.42
 1423.80  1.42
 1424.50  1.42
 1425.20  1.42
 1425.90  1.42
 1426.60  1.42
 1427.30  1.42
 1428.00  1.42
 1428.70  1.42
 1429.40  1.42
 1430.10  1.42
 1430.80  1.42
 1431.50  1.42
 1432.20  1.42
 1432.90  1.42
 1433.60  1.42
 1434.30  1.42
 1435.00  1.42
 1435.70  1.42
 1436.40  1.42
 1437.10  1.42
 1437.80  1.42
 1438.50  1.42
 1439.20  1.42
 1439.90  1.42
 1440.60  1.42
 1441.30  1.42
 1442.00  1.42
 1442.70  1.42
 1443.40  1.42
 1444.10  1.42
 1444.80  1.42
 1445.50  1.42
 1446.20  1.42
 1446.90  1.42
 1447.60  1.42
 1448.30  1.42
 1449.00  1.42
 1449.70  1.42
 1450.40  1.42
 1451.10  1.42
 1451.80  1.42
 1452.50  1.42
 1453.20  1.42
 1453.90  1.42
 1454.60  1.42
 1455.30  1.42
 1456.00  1.42
 1456.70  1.42
 1457.40  1.42
 1458.10  1.42
 1458.80  1.42
 1459.50  1.42
 1460.20  1.42
 1460.90  1.42
 1461.60  1.42
 1462.30  1.42
 1463.00  1.42
 1463.70  1.42
 1464.40  1.42
 1465.10  1.42
 1465.80  1.42
 1466.50  1.42
 1467.20  1.42
 1467.90  1.42
 1468.60  1.42
 1469.30  1.42
 1470.00  1.42
 1470.70  1.42
 1471.40  1.42
 1472.10  1.42
 1472.80  1.42
 1473.50  1.42
 1474.20  1.42
 1474.90  1.42
 1475.60  1.42
 1476.30  1.42
 1477.00  1.42
 1477.70  1.42
 1478.40  1.42
 1479.10  1.42
 1479.80  1.42
 1480.50  1.42
 1481.20  1.42
 1481.90  1.42
 1482.60  1.42
 1483.30  1.42
 1484.00  1.42
 1484.70  1.42
 1485.40  1.42
 1486.10  1.42
 1486.80  1.42
 1487.50  1.42
 1488.20  1.42
 1488.90  1.42
 1489.60  1.42
 1490.30  1.42
 1491.00  1.42
 1491.70  1.42
 1492.40  1.42
 1493.10  1.42
 1493.80  1.42
 1494.50  1.42
 1495.20  1.42
 1495.90  1.42
 1496.60  1.42
 1497.30  1.42
 1498.00  1.42
 1498.70  1.42
 1499.40  1.42
 1500.10  1.42
 1500.80  1.42
 1501.50  1.42
 1502.20  1.42
 1502.90  1.42
 1503.60  1.42
 1504.30  1.42
 1505.00  1.42
 1505.70  1.42
 1506.40  1.42
 1507.10  1.42
 1507.80  1.42
 1508.50  1.42
 1509.20  1.42
 1509.90  1.42
 1510.60  1.42
 1511.30  1.42
 1512.00  1.42
 1512.70  1.42
 1513.40  1.42
 1514.10  1.42
 1514.80  1.42
 1515.50  1.42
 1516.20  1.42
 1516.90  1.42
 1517.60  1.42
 1518.30  1.42
 1519.00  1.42
 1519.70  1.42
 1520.40  1.42
 1521.10  1.42
 1521.80  1.42
 1522.50  1.42
 1523.20  1.42
 1523.90  1.42
 1524.60  1.42
 1525.30  1.42
 1526.00  1.42
 1526.70  1.42
 1527.40  1.42
 1528.10  1.42
 1528.80  1.42
 1529.50  1.42
 1530.20  1.42
 1530.90  1.42
 1531.60  1.42
 1532.30  1.42
 1533.00  1.42
 1533.70  1.42
 1534.40  1.42
 1535.10  1.42
 1535.80  1.42
 1536.50  1.42
 1537.20  1.42
 1537.90  1.42
 1538.60  1.42
 1539.30  1.42
 1540.00  1.42
 1540.70  1.42
 1541.40  1.42
 1542.10  1.42
 1542.80  1.42
 1543.50  1.42
 1544.20  1.42
 1544.90  1.42
 1545.60  1.42
 1546.30  1.42
 1547.00  1.42
 1547.70  1.42
 1548.40  1.42
 1549.10  1.42
 1549.80  1.42
 1550.50  1.42
 1551.20  1.42
 1551.90  1.42
 1552.60  1.42
 1553.30  1.42
 1554.00  1.42
 1554.70  1.42
 1555.40  1.42
 1556.10  1.42
 1556.80  1.42
 1557.50  1.42
 1558.20  1.42
 1558.90  1.42
 1559.60  1.42
 1560.30  1.42
 1561.00  1.42
 1561.70  1.42
 1562.40  1.42
 1563.10  1.42
 1563.80  1.42
 1564.50  1.42
 1565.20  1.42
 1565.90  1.42
 1566.60  1.42
 1567.30  1.42
 1568.00  1.42
 1568.70  1.42
 1569.40  1.42
 1570.10  1.42
 1570.80  1.42
 1571.50  1.42
 1572.20  1.42
 1572.90  1.42
 1573.60  1.42
 1574.30  1.42
 1575.00  1.42
 1575.70  1.42
 1576.40  1.42
 1577.10  1.42
 1577.80  1.42
 1578.50  1.42
 1579.20  1.42
 1579.90  1.42
 1580.60  1.42
 1581.30  1.42
 1582.00  1.42
 1582.70  1.42
 1583.40  1.42
 1584.10  1.42
 1584.80  1.42
 1585.50  1.42
 1586.20  1.42
 1586.90  1.42
 1587.60  1.42
 1588.30  1.42
 1589.00  1.42
 1589.70  1.42
 1590.40  1.42
 1591.10  1.42
 1591.80  1.42
 1592.50  1.42
 1593.20  1.42
 1593.90  1.42
 1594.60  1.42
 1595.30  1.42
 1596.00  1.42
 1596.70  1.42
 1597.40  1.42
 1598.10  1.42
 1598.80  1.42
 1599.50  1.42
 1600.20  1.42
 1600.90  1.42
 1601.60  1.42
 1602.30  1.42
 1603.00  1.42
 1603.70  1.42
 1604.40  1.42
 1605.10  1.42
 1605.80  1.42
 1606.50  1.42
 1607.20  1.42
 1607.90  1.42
 1608.60  1.42
 1609.30  1.42
 1610.00  1.42
 1610.70  1.42
 1611.40  1.42
 1612.10  1.42
 1612.80  1.42
 1613.50  1.42
 1614.20  1.42
 1614.90  1.42
 1615.60  1.42
 1616.30  1.42
 1617.00  1.42
 1617.70  1.42
 1618.40  1.42
 1619.10  1.42
 1619.80  1.42
 1620.50  1.42
 1621.20  1.42
 1621.90  1.42
 1622.60  1.42
 1623.30  1.42
 1624.00  1.42
 1624.70  1.42
 1625.40  1.42
 1626.10  1.42
 1626.80  1.42
 1627.50  1.42
 1628.20  1.42
 1628.90  1.42
 1629.60  1.42
 1630.30  1.42
 1631.00  1.42
 1631.70  1.42
 1632.40  1.42
 1633.10  1.42
 1633.80  1.42
 1634.50  1.42
 1635.20  1.42
 1635.90  1.42
 1636.60  1.42
 1637.30  1.42
 1638.00  1.42
 1638.70  1.42
 1639.40  1.42
 1640.10  1.42
 1640.80  1.42
 1641.50  1.42
 1642.20  1.42
 1642.90  1.42
 1643.60  1.42
 1644.30  1.42
 1645.00  1.42
 1645.70  1.42
 1646.40  1.42
 1647.10  1.42
 1647.80  1.42
 1648.50  1.42
 1649.20  1.42
 1649.90  1.42
 1650.60  1.42
 1651.30  1.42
 1652.00  1.42
 1652.70  1.42
 1653.40  1.42
 1654.10  1.42
 1654.80  1.42
 1655.50  1.42
 1656.20  1.42
 1656.90  1.42
 1657.60  1.42
 1658.30  1.42
 1659.00  1.42
 1659.70  1.42
 1660.40  1.42
 1661.10  1.42
 1661.80  1.42
 1662.50  1.42
 1663.20  1.42
 1663.90  1.42
 1664.60  1.42
 1665.30  1.42
 1666.00  1.42
 1666.70  1.42
 1667.40  1.42
 1668.10  1.42
 1668.80  1.42
 1669.50  1.42
 1670.20  1.42
 1670.90  1.42
 1671.60  1.42
 1672.30  1.42
 1673.00  1.42
 1673.70  1.42
 1674.40  1.42
 1675.10  1.42
 1675.80  1.42
 1676.50  1.42
 1677.20  1.42
 1677.90  1.42
 1678.60  1.42
 1679.30  1.42
 1680.00  1.42
 1680.70  1.42
 1681.40  1.42
 1682.10  1.42
 1682.80  1.42
 1683.50  1.42
 1684.20  1.42
 1684.90  1.42
 1685.60  1.42
 1686.30  1.42
 1687.00  1.42
 1687.70  1.42
 1688.40  1.42
 1689.10  1.42
 1689.80  1.42
 1690.50  1.42
 1691.20  1.42
 1691.90  1.42
 1692.60  1.42
 1693.30  1.42
 1694.00  1.42
 1694.70  1.42
 1695.40  1.42
 1696.10  1.42
 1696.80  1.42
 1697.50  1.42
 1698.20  1.42
 1698.90  1.42
 1699.60  1.42
 1700.30  1.42
 1701.00  1.42
 1701.70  1.42
 1702.40  1.42
 1703.10  1.42
 1703.80  1.42
 1704.50  1.42
 1705.20  1.42
 1705.90  1.42
 1706.60  1.42
 1707.30  1.42
 1708.00  1.42
 1708.70  1.42
 1709.40  1.42
 1710.10  1.42
 1710.80  1.42
 1711.50  1.42
 1712.20  1.42
 1712.90  1.42
 1713.60  1.42
 1714.30  1.42
 1715.00  1.42
 1715.70  1.42
 1716.40  1.42
 1717.10  1.42
 1717.80  1.42
 1718.50  1.42
 1719.20  1.42
 1719.90  1.42
 1720.60  1.42
 1721.30  1.42
 1722.00  1.42
 1722.70  1.42
 1723.40  1.42
 1724.10  1.42
 1724.80  1.42
 1725.50  1.42
 1726.20  1.42
 1726.90  1.42
 1727.60  1.42
 1728.30  1.42
 1729.00  1.42
 1729.70  1.42
 1730.40  1.42
 1731.10  1.42
 1731.80  1.42
 1732.50  1.42
 1733.20  1.42
 1733.90  1.42
 1734.60  1.42
 1735.30  1.42
 1736.00  1.42
 1736.70  1.42
 1737.40  1.42
 1738.10  1.42
 1738.80  1.42
 1739.50  1.42
 1740.20  1.42
 1740.90  1.42
 1741.60  1.42
 1742.30  1.42
 1743.00  1.42
 1743.70  1.42
 1744.40  1.42
 1745.10  1.42
 1745.80  1.42
 1746.50  1.42
 1747.20  1.42
 1747.90  1.42
 1748.60  1.42
 1749.30  1.42
 1750.00  1.42
 1750.70  1.42
 1751.40  1.42
 1752.10  1.42
 1752.80  1.42
 1753.50  1.42
 1754.20  1.42
 1754.90  1.42
 1755.60  1.42
 1756.30  1.42
 1757.00  1.42
 1757.70  1.42
 1758.40  1.42
 1759.10  1.42
 1759.80  1.42
 1760.50  1.42
 1761.20  1.42
 1761.90  1.42
 1762.60  1.42
 1763.30  1.42
 1764.00  1.42
 1764.70  1.42
 1765.40  1.42
 1766.10  1.42
 1766.80  1.42
 1767.50  1.42
 1768.20  1.42
 1768.90  1.42
 1769.60  1.42
 1770.30  1.42
 1771.00  1.42
 1771.70  1.42
 1772.40  1.42
 1773.10  1.42
 1773.80  1.42
 1774.50  1.42
 1775.20  1.42
 1775.90  1.42
 1776.60  1.42
 1777.30  1.42
 1778.00  1.42
 1778.70  1.42
 1779.40  1.42
 1780.10  1.42
 1780.80  1.42
 1781.50  1.42
 1782.20  1.42
 1782.90  1.42
 1783.60  1.42
 1784.30  1.42
 1785.00  1.42
 1785.70  1.42
 1786.40  1.42
 1787.10  1.42
 1787.80  1.42
 1788.50  1.42
 1789.20  1.42
 1789.90  1.42
 1790.60  1.42
 1791.30  1.42
 1792.00  1.42
 1792.70  1.42
 1793.40  1.42
 1794.10  1.42
 1794.80  1.42
 1795.50  1.42
 1796.20  1.42
 1796.90  1.42
 1797.60  1.42
 1798.30  1.42
 1799.00  1.42
 1799.70  1.42
 1800.40  1.42
 1801.10  1.42
 1801.80  1.42
 1802.50  1.42
 1803.20  1.42
 1803.90  1.42
 1804.60  1.42
 1805.30  1.42
 1806.00  1.42
 1806.70  1.42
 1807.40  1.42
 1808.10  1.42
 1808.80  1.42
 1809.50  1.42
 1810.20  1.42
 1810.90  1.42
 1811.60  1.42
 1812.30  1.42
 1813.00  1.42
 1813.70  1.42
 1814.40  1.42
 1815.10  1.42
 1815.80  1.42
 1816.50  1.42
 1817.20  1.42
 1817.90  1.42
 1818.60  1.42
 1819.30  1.42
 1820.00  1.42
 1820.70  1.42
 1821.40  1.42
 1822.10  1.42
 1822.80  1.42
 1823.50  1.42
 1824.20  1.42
 1824.90  1.42
 1825.60  1.42
 1826.30  1.42
 1827.00  1.42
 1827.70  1.42
 1828.40  1.42
 1829.10  1.42
 1829.80  1.42
 1830.50  1.42
 1831.20  1.42
 1831.90  1.42
 1832.60  1.42
 1833.30  1.42
 1834.00  1.42
 1834.70  1.42
 1835.40  1.42
 1836.10  1.42
 1836.80  1.42
 1837.50  1.42
 1838.20  1.42
 1838.90  1.42
 1839.60  1.42
 1840.30  1.42
 1841.00  1.42
 1841.70  1.42
 1842.40  1.42
 1843.10  1.42
 1843.80  1.42
 1844.50  1.42
 1845.20  1.42
 1845.90  1.42
 1846.60  1.42
 1847.30  1.42
 1848.00  1.42
 1848.70  1.42
 1849.40  1.42
 1850.10  1.42
 1850.80  1.42
 1851.50  1.42
 1852.20  1.42
 1852.90  1.42
 1853.60  1.42
 1854.30  1.42
 1855.00  1.42
 1855.70  1.42
 1856.40  1.42
 1857.10  1.42
 1857.80  1.42
 1858.50  1.42
 1859.20  1.42
 1859.90  1.42
 1860.60  1.42
 1861.30  1.42
 1862.00  1.42
 1862.70  1.42
 1863.40  1.42
 1864.10  1.42
 1864.80  1.42
 1865.50  1.42
 1866.20  1.42
 1866.90  1.42
 1867.60  1.42
 1868.30  1.42
 1869.00  1.42
 1869.70  1.42
 1870.40  1.42
 1871.10  1.42
 1871.80  1.42
 1872.50  1.42
 1873.20  1.42
 1873.90  1.42
 1874.60  1.42
 1875.30  1.42
 1876.00  1.42
 1876.70  1.42
 1877.40  1.42
 1878.10  1.42
 1878.80  1.42
 1879.50  1.42
 1880.20  1.42
 1880.90  1.42
 1881.60  1.42
 1882.30  1.42
 1883.00  1.42
 1883.70  1.42
 1884.40  1.42
 1885.10  1.42
 1885.80  1.42
 1886.50  1.42
 1887.20  1.42
 1887.90  1.42
 1888.60  1.42
 1889.30  1.42
 1890.00  1.42
 1890.70  1.42
 1891.40  1.42
 1892.10  1.42
 1892.80  1.42
 1893.50  1.42
 1894.20  1.42
 1894.90  1.42
 1895.60  1.42
 1896.30  1.42
 1897.00  1.42
 1897.70  1.42
 1898.40  1.42
 1899.10  1.42
 1899.80  1.42
 1900.50  1.42
 1901.20  1.42
 1901.90  1.42
 1902.60  1.42
 1903.30  1.42
 1904.00  1.42
 1904.70  1.42
 1905.40  1.42
 1906.10  1.42
 1906.80  1.42
 1907.50  1.42
 1908.20  1.42
 1908.90  1.42
 1909.60  1.42
 1910.30  1.42
 1911.00  1.42
 1911.70  1.42
 1912.40  1.42
 1913.10  1.42
 1913.80  1.42
 1914.50  1.42
 1915.20  1.42
 1915.90  1.42
 1916.60  1.42
 1917.30  1.42
 1918.00  1.42
 1918.70  1.42
 1919.40  1.42
 1920.10  1.42
 1920.80  1.42
 1921.50  1.42
 1922.20  1.42
 1922.90  1.42
 1923.60  1.42
 1924.30  1.42
 1925.00  1.42
 1925.70  1.42
 1926.40  1.42
 1927.10  1.42
 1927.80  1.42
 1928.50  1.42
 1929.20  1.42
 1929.90  1.42
 1930.60  1.42
 1931.30  1.42
 1932.00  1.42
 1932.70  1.42
 1933.40  1.42
 1934.10  1.42
 1934.80  1.42
 1935.50  1.42
 1936.20  1.42
 1936.90  1.42
 1937.60  1.42
 1938.30  1.42
 1939.00  1.42
 1939.70  1.42
 1940.40  1.42
 1941.10  1.42
 1941.80  1.42
 1942.50  1.42
 1943.20  1.42
 1943.90  1.42
 1944.60  1.42
 1945.30  1.42
 1946.00  1.42
 1946.70  1.42
 1947.40  1.42
 1948.10  1.42
 1948.80  1.42
 1949.50  1.42
 1950.20  1.42
 1950.90  1.42
 1951.60  1.42
 1952.30  1.42
 1953.00  1.42
 1953.70  1.42
 1954.40  1.42
 1955.10  1.42
 1955.80  1.42
 1956.50  1.42
 1957.20  1.42
 1957.90  1.42
 1958.60  1.42
 1959.30  1.42
 1960.00  1.42
 1960.70  1.42
 1961.40  1.42
 1962.10  1.42
 1962.80  1.42
 1963.50  1.42
 1964.20  1.42
 1964.90  1.42
 1965.60  1.42
 1966.30  1.42
 1967.00  1.42
 1967.70  1.42
 1968.40  1.42
 1969.10  1.42
 1969.80  1.42
 1970.50  1.42
 1971.20  1.42
 1971.90  1.42
 1972.60  1.42
 1973.30  1.42
 1974.00  1.42
 1974.70  1.42
 1975.40  1.42
 1976.10  1.42
 1976.80  1.42
 1977.50  1.42
 1978.20  1.42
 1978.90  1.42
 1979.60  1.42
 1980.30  1.42
 1981.00  1.42
 1981.70  1.42
 1982.40  1.42
 1983.10  1.42
 1983.80  1.42
 1984.50  1.42
 1985.20  1.42
 1985.90  1.42
 1986.60  1.42
 1987.30  1.42
 1988.00  1.42
 1988.70  1.42
 1989.40  1.42
 1990.10  1.42
 1990.80  1.42
 1991.50  1.42
 1992.20  1.42
 1992.90  1.42
 1993.60  1.42
 1994.30  1.42
 1995.00  1.42
 1995.70  1.42
 1996.40  1.42
 1997.10  1.42
 1997.80  1.42
 1998.50  1.42
 1999.20  1.42
 1999.90  1.42
 2000.60  1.42
 2001.30  1.42
 2002.00  1.42
 2002.70  1.42
 2003.40  1.42
 2004.10  1.42
 2004.80  1.42
 2005.50  1.42
 2006.20  1.42
 2006.90  1.42
 2007.60  1.42
 2008.30  1.42
 2009.00  1.42
 2009.70  1.42
 2010.40  1.42
 2011.10  1.42
 2011.80  1.42
 2012.50  1.42
 2013.20  1.42
 2013.90  1.42
 2014.60  1.42
 2015.30  1.42
 2016.00  1.42
 2016.70  1.42
 2017.40  1.42
 2018.10  1.42
 2018.80  1.42
 2019.50  1.42
 2020.20  1.42
 2020.90  1.42
 2021.60  1.42
 2022.30  1.42
 2023.00  1.42
 2023.70  1.42
 2024.40  1.42
 2025.10  1.42
 2025.80  1.42
 2026.50  1.42
 2027.20  1.42
 2027.90  1.42
 2028.60  1.42
 2029.30  1.42
 2030.00  1.42
 2030.70  1.42
 2031.40  1.42
 2032.10  1.42
 2032.80  1.42
 2033.50  1.42
 2034.20  1.42
 2034.90  1.42
 2035.60  1.42
 2036.30  1.42
 2037.00  1.42
 2037.70  1.42
 2038.40  1.42
 2039.10  1.42
 2039.80  1.42
 2040.50  1.42
 2041.20  1.42
 2041.90  1.42
 2042.60  1.42
 2043.30  1.42
 2044.00  1.42
 2044.70  1.42
 2045.40  1.42
 2046.10  1.42
 2046.80  1.42
 2047.50  1.42
 2048.20  1.42
 2048.90  1.42
 2049.60  1.42
 2050.30  1.42
 2051.00  1.42
 2051.70  1.42
 2052.40  1.42
 2053.10  1.42
 2053.80  1.42
 2054.50  1.42
 2055.20  1.42
 2055.90  1.42
 2056.60  1.42
 2057.30  1.42
 2058.00  1.42
 2058.70  1.42
 2059.40  1.42
 2060.10  1.42
 2060.80  1.42
 2061.50  1.42
 2062.20  1.42
 2062.90  1.42
 2063.60  1.42
 2064.30  1.42
 2065.00  1.42
 2065.70  1.42
 2066.40  1.42
 2067.10  1.42
 2067.80  1.42
 2068.50  1.42
 2069.20  1.42
 2069.90  1.42
 2070.60  1.42
 2071.30  1.42
 2072.00  1.42
 2072.70  1.42
 2073.40  1.42
 2074.10  1.42
 2074.80  1.42
 2075.50  1.42
 2076.20  1.42
 2076.90  1.42
 2077.60  1.42
 2078.30  1.42
 2079.00  1.42
 2079.70  1.42
 2080.40  1.42
 2081.10  1.42
 2081.80  1.42
 2082.50  1.42
 2083.20  1.42
 2083.90  1.42
 2084.60  1.42
 2085.30  1.42
 2086.00  1.42
 2086.70  1.42
 2087.40  1.42
 2088.10  1.42
 2088.80  1.42
 2089.50  1.42
 2090.20  1.42
 2090.90  1.42
 2091.60  1.42
 2092.30  1.42
 2093.00  1.42
 2093.70  1.42
 2094.40  1.42
 2095.10  1.42
 2095.80  1.42
 2096.50  1.42
 2097.20  1.42
 2097.90  1.42
 2098.60  1.42
 2099.30  1.42
 2100.00  1.42
 2100.70  1.42
 2101.40  1.42
 2102.10  1.42
 2102.80  1.42
 2103.50  1.42
 2104.20  1.42
 2104.90  1.42
 2105.60  1.42
 2106.30  1.42
 2107.00  1.42
 2107.70  1.42
 2108.40  1.42
 2109.10  1.42
 2109.80  1.42
 2110.50  1.42
 2111.20  1.42
 2111.90  1.42
 2112.60  1.42
 2113.30  1.42
 2114.00  1.42
 2114.70  1.42
 2115.40  1.42
 2116.10  1.42
 2116.80  1.42
 2117.50  1.42
 2118.20  1.42
 2118.90  1.42
 2119.60  1.42
 2120.30  1.42
 2121.00  1.42
 2121.70  1.42
 2122.40  1.42
 2123.10  1.42
 2123.80  1.42
 2124.50  1.42
 2125.20  1.42
 2125.90  1.42
 2126.60  1.42
 2127.30  1.42
 2128.00  1.42
 2128.70  1.42
 2129.40  1.42
 2130.10  1.42
 2130.80  1.42
 2131.50  1.42
 2132.20  1.42
 2132.90  1.42
 2133.60  1.42
 2134.30  1.42
 2135.00  1.42
 2135.70  1.42
 2136.40  1.42
 2137.10  1.42
 2137.80  1.42
 2138.50  1.42
 2139.20  1.42
 2139.90  1.42
 2140.60  1.42
 2141.30  1.42
 2142.00  1.42
 2142.70  1.42
 2143.40  1.42
 2144.10  1.42
 2144.80  1.42
 2145.50  1.42
 2146.20  1.42
 2146.90  1.42
 2147.60  1.42
 2148.30  1.42
 2149.00  1.42
 2149.70  1.42
 2150.40  1.42
 2151.10  1.42
 2151.80  1.42
 2152.50  1.42
 2153.20  1.42
 2153.90  1.42
 2154.60  1.42
 2155.30  1.42
 2156.00  1.42
 2156.70  1.42
 2157.40  1.42
 2158.10  1.42
 2158.80  1.42
 2159.50  1.42
 2160.20  1.42
 2160.90  1.42
 2161.60  1.42
 2162.30  1.42
 2163.00  1.42
 2163.70  1.42
 2164.40  1.42
 2165.10  1.42
 2165.80  1.42
 2166.50  1.42
 2167.20  1.42
 2167.90  1.42
 2168.60  1.42
 2169.30  1.42
 2170.00  1.42
 2170.70  1.42
 2171.40  1.42
 2172.10  1.42
 2172.80  1.42
 2173.50  1.42
 2174.20  1.42
 2174.90  1.42
 2175.60  1.42
 2176.30  1.42
 2177.00  1.42
 2177.70  1.42
 2178.40  1.42
 2179.10  1.42
 2179.80  1.42
 2180.50  1.42
 2181.20  1.42
 2181.90  1.42
 2182.60  1.42
 2183.30  1.42
 2184.00  1.42
 2184.70  1.42
 2185.40  1.42
 2186.10  1.42
 2186.80  1.42
 2187.50  1.42
 2188.20  1.42
 2188.90  1.42
 2189.60  1.42
 2190.30  1.42
 2191.00  1.42
 2191.70  1.42
 2192.40  1.42
 2193.10  1.42
 2193.80  1.42
 2194.50  1.42
 2195.20  1.42
 2195.90  1.42
 2196.60  1.42
 2197.30  1.42
 2198.00  1.42
 2198.70  1.42
 2199.40  1.42
 2200.10  1.42
 2200.80  1.42
 2201.50  1.42
 2202.20  1.42
 2202.90  1.42
 2203.60  1.42
 2204.30  1.42
 2205.00  1.42
 2205.70  1.42
 2206.40  1.42
 2207.10  1.42
 2207.80  1.42
 2208.50  1.42
 2209.20  1.42
 2209.90  1.42
 2210.60  1.42
 2211.30  1.42
 2212.00  1.42
 2212.70  1.42
 2213.40  1.42
 2214.10  1.42
 2214.80  1.42
 2215.50  1.42
 2216.20  1.42
 2216.90  1.42
 2217.60  1.42
 2218.30  1.42
 2219.00  1.42
 2219.70  1.42
 2220.40  1.42
 2221.10  1.42
 2221.80  1.42
 2222.50  1.42
 2223.20  1.42
 2223.90  1.42
 2224.60  1.42
 2225.30  1.42
 2226.00  1.42
 2226.70  1.42
 2227.40  1.42
 2228.10  1.42
 2228.80  1.42
 2229.50  1.42
 2230.20  1.42
 2230.90  1.42
 2231.60  1.42
 2232.30  1.42
 2233.00  1.42
 2233.70  1.42
 2234.40  1.42
 2235.10  1.42
 2235.80  1.42
 2236.50  1.42
 2237.20  1.42
 2237.90  1.42
 2238.60  1.42
 2239.30  1.42
 2240.00  1.42
 2240.70  1.42
 2241.40  1.42
 2242.10  1.42
 2242.80  1.42
 2243.50  1.42
 2244.20  1.42
 2244.90  1.42
 2245.60  1.42
 2246.30  1.42
 2247.00  1.42
 2247.70  1.42
 2248.40  1.42
 2249.10  1.42
 2249.80  1.42
 2250.50  1.42
 2251.20  1.42
 2251.90  1.42
 2252.60  1.42
 2253.30  1.42
 2254.00  1.42
 2254.70  1.42
 2255.40  1.42
 2256.10  1.42
 2256.80  1.42
 2257.50  1.42
 2258.20  1.42
 2258.90  1.42
 2259.60  1.42
 2260.30  1.42
 2261.00  1.42
 2261.70  1.42
 2262.40  1.42
 2263.10  1.42
 2263.80  1.42
 2264.50  1.42
 2265.20  1.42
 2265.90  1.42
 2266.60  1.42
 2267.30  1.42
 2268.00  1.42
 2268.70  1.42
 2269.40  1.42
 2270.10  1.42
 2270.80  1.42
 2271.50  1.42
 2272.20  1.42
 2272.90  1.42
 2273.60  1.42
 2274.30  1.42
 2275.00  1.42
 2275.70  1.42
 2276.40  1.42
 2277.10  1.42
 2277.80  1.42
 2278.50  1.42
 2279.20  1.42
 2279.90  1.42
 2280.60  1.42
 2281.30  1.42
 2282.00  1.42
 2282.70  1.42
 2283.40  1.42
 2284.10  1.42
 2284.80  1.42
 2285.50  1.42
 2286.20  1.42
 2286.90  1.42
 2287.60  1.42
 2288.30  1.42
 2289.00  1.42
 2289.70  1.42
 2290.40  1.42
 2291.10  1.42
 2291.80  1.42
 2292.50  1.42
 2293.20  1.42
 2293.90  1.42
 2294.60  1.42
 2295.30  1.42
 2296.00  1.42
 2296.70  1.42
 2297.40  1.42
 2298.10  1.42
 2298.80  1.42
 2299.50  1.42
 2300.20  1.42
 2300.90  1.42
 2301.60  1.42
 2302.30  1.42
 2303.00  1.42
 2303.70  1.42
 2304.40  1.42
 2305.10  1.42
 2305.80  1.42
 2306.50  1.42
 2307.20  1.42
 2307.90  1.42
 2308.60  1.42
 2309.30  1.42
 2310.00  1.42
 2310.70  1.42
 2311.40  1.42
 2312.10  1.42
 2312.80  1.42
 2313.50  1.42
 2314.20  1.42
 2314.90  1.42
 2315.60  1.42
 2316.30  1.42
 2317.00  1.42
 2317.70  1.42
 2318.40  1.42
 2319.10  1.42
 2319.80  1.42
 2320.50  1.42
 2321.20  1.42
 2321.90  1.42
 2322.60  1.42
 2323.30  1.42
 2324.00  1.42
 2324.70  1.42
 2325.40  1.42
 2326.10  1.42
 2326.80  1.42
 2327.50  1.42
 2328.20  1.42
 2328.90  1.42
 2329.60  1.42
 2330.30  1.42
 2331.00  1.42
 2331.70  1.42
 2332.40  1.42
 2333.10  1.42
 2333.80  1.42
 2334.50  1.42
 2335.20  1.42
 2335.90  1.42
 2336.60  1.42
 2337.30  1.42
 2338.00  1.42
 2338.70  1.42
 2339.40  1.42
 2340.10  1.42
 2340.80  1.42
 2341.50  1.42
 2342.20  1.42
 2342.90  1.42
 2343.60  1.42
 2344.30  1.42
 2345.00  1.42
 2345.70  1.42
 2346.40  1.42
 2347.10  1.42
 2347.80  1.42
 2348.50  1.42
 2349.20  1.42
 2349.90  1.42
 2350.60  1.42
 2351.30  1.42
 2352.00  1.42
 2352.70  1.42
 2353.40  1.42
 2354.10  1.42
 2354.80  1.42
 2355.50  1.42
 2356.20  1.42
 2356.90  1.42
 2357.60  1.42
 2358.30  1.42
 2359.00  1.42
 2359.70  1.42
 2360.40  1.42
 2361.10  1.42
 2361.80  1.42
 2362.50  1.42
 2363.20  1.42
 2363.90  1.42
 2364.60  1.42
 2365.30  1.42
 2366.00  1.42
 2366.70  1.42
 2367.40  1.42
 2368.10  1.42
 2368.80  1.42
 2369.50  1.42
 2370.20  1.42
 2370.90  1.42
 2371.60  1.42
 2372.30  1.42
 2373.00  1.42
 2373.70  1.42
 2374.40  1.42
 2375.10  1.42
 2375.80  1.42
 2376.50  1.42
 2377.20  1.42
 2377.90  1.42
 2378.60  1.42
 2379.30  1.42
 2380.00  1.42
 2380.70  1.42
 2381.40  1.42
 2382.10  1.42
 2382.80  1.42
 2383.50  1.42
 2384.20  1.42
 2384.90  1.42
 2385.60  1.42
 2386.30  1.42
 2387.00  1.42
 2387.70  1.42
 2388.40  1.42
 2389.10  1.42
 2389.80  1.42
 2390.50  1.42
 2391.20  1.42
 2391.90  1.42
 2392.60  1.42
 2393.30  1.42
 2394.00  1.42
 2394.70  1.42
 2395.40  1.42
 2396.10  1.42
 2396.80  1.42
 2397.50  1.42
 2398.20  1.42
 2398.90  1.42
 2399.60  1.42
 2400.30  1.42
 2401.00  1.42
 2401.70  1.42
 2402.40  1.42
 2403.10  1.42
 2403.80  1.42
 2404.50  1.42
 2405.20  1.42
 2405.90  1.42
 2406.60  1.42
 2407.30  1.42
 2408.00  1.42
 2408.70  1.42
 2409.40  1.42
 2410.10  1.42
 2410.80  1.42
 2411.50  1.42
 2412.20  1.42
 2412.90  1.42
 2413.60  1.42
 2414.30  1.42
 2415.00  1.42
 2415.70  1.42
 2416.40  1.42
 2417.10  1.42
 2417.80  1.42
 2418.50  1.42
 2419.20  1.42
 2419.90  1.42
 2420.60  1.42
 2421.30  1.42
 2422.00  1.42
 2422.70  1.42
 2423.40  1.42
 2424.10  1.42
 2424.80  1.42
 2425.50  1.42
 2426.20  1.42
 2426.90  1.42
 2427.60  1.42
 2428.30  1.42
 2429.00  1.42
 2429.70  1.42
 2430.40  1.42
 2431.10  1.42
 2431.80  1.42
 2432.50  1.42
 2433.20  1.42
 2433.90  1.42
 2434.60  1.42
 2435.30  1.42
 2436.00  1.42
 2436.70  1.42
 2437.40  1.42
 2438.10  1.42
 2438.80  1.42
 2439.50  1.42
 2440.20  1.42
 2440.90  1.42
 2441.60  1.42
 2442.30  1.42
 2443.00  1.42
 2443.70  1.42
 2444.40  1.42
 2445.10  1.42
 2445.80  1.42
 2446.50  1.42
 2447.20  1.42
 2447.90  1.42
 2448.60  1.42
 2449.30  1.42
 2450.00  1.42
 2450.70  1.42
 2451.40  1.42
 2452.10  1.42
 2452.80  1.42
 2453.50  1.42
 2454.20  1.42
 2454.90  1.42
 2455.60  1.42
 2456.30  1.42
 2457.00  1.42
 2457.70  1.42
 2458.40  1.42
 2459.10  1.42
 2459.80  1.42
 2460.50  1.42
 2461.20  1.42
 2461.90  1.42
 2462.60  1.42
 2463.30  1.42
 2464.00  1.42
 2464.70  1.42
 2465.40  1.42
 2466.10  1.42
 2466.80  1.42
 2467.50  1.42
 2468.20  1.42
 2468.90  1.42
 2469.60  1.42
 2470.30  1.42
 2471.00  1.42
 2471.70  1.42
 2472.40  1.42
 2473.10  1.42
 2473.80  1.42
 2474.50  1.42
 2475.20  1.42
 2475.90  1.42
 2476.60  1.42
 2477.30  1.42
 2478.00  1.42
 2478.70  1.42
 2479.40  1.42
 2480.10  1.42
 2480.80  1.42
 2481.50  1.42
 2482.20  1.42
 2482.90  1.42
 2483.60  1.42
 2484.30  1.42
 2485.00  1.42
 2485.70  1.42
 2486.40  1.42
 2487.10  1.42
 2487.80  1.42
 2488.50  1.42
 2489.20  1.42
 2489.90  1.42
 2490.60  1.42
 2491.30  1.42
 2492.00  1.42
 2492.70  1.42
 2493.40  1.42
 2494.10  1.42
 2494.80  1.42
 2495.50  1.42
 2496.20  1.42
 2496.90  1.42
 2497.60  1.42
 2498.30  1.42
 2499.00  1.42
 2499.70  1.42
 2500.40  1.42
 2501.10  1.42
 2501.80  1.42
 2502.50  1.42
 2503.20  1.42
 2503.90  1.42
 2504.60  1.42
 2505.30  1.42
 2506.00  1.42
 2506.70  1.42
 2507.40  1.42
 2508.10  1.42
 2508.80  1.42
 2509.50  1.42
 2510.20  1.42
 2510.90  1.42
 2511.60  1.42
 2512.30  1.42
 2513.00  1.42
 2513.70  1.42
 2514.40  1.42
 2515.10  1.42
 2515.80  1.42
 2516.50  1.42
 2517.20  1.42
 2517.90  1.42
 2518.60  1.42
 2519.30  1.42
 2520.00  1.42
 2520.70  1.42
 2521.40  1.42
 2522.10  1.42
 2522.80  1.42
 2523.50  1.42
 2524.20  1.42
 2524.90  1.42
 2525.60  1.42
 2526.30  1.42
 2527.00  1.42
 2527.70  1.42
 2528.40  1.42
 2529.10  1.42
 2529.80  1.42
 2530.50  1.42
 2531.20  1.42
 2531.90  1.42
 2532.60  1.42
 2533.30  1.42
 2534.00  1.42
 2534.70  1.42
 2535.40  1.42
 2536.10  1.42
 2536.80  1.42
 2537.50  1.42
 2538.20  1.42
 2538.90  1.42
 2539.60  1.42
 2540.30  1.42
 2541.00  1.42
 2541.70  1.42
 2542.40  1.42
 2543.10  1.42
 2543.80  1.42
 2544.50  1.42
 2545.20  1.42
 2545.90  1.42
 2546.60  1.42
 2547.30  1.42
 2548.00  1.42
 2548.70  1.42
 2549.40  1.42
 2550.10  1.42
 2550.80  1.42
 2551.50  1.42
 2552.20  1.42
 2552.90  1.42
 2553.60  1.42
 2554.30  1.42
 2555.00  1.42
 2555.70  1.42
 2556.40  1.42
 2557.10  1.42
 2557.80  1.42
 2558.50  1.42
 2559.20  1.42
 2559.90  1.42
 2560.60  1.42
 2561.30  1.42
 2562.00  1.42
 2562.70  1.42
 2563.40  1.42
 2564.10  1.42
 2564.80  1.42
 2565.50  1.42
 2566.20  1.42
 2566.90  1.42
 2567.60  1.42
 2568.30  1.42
 2569.00  1.42
 2569.70  1.42
 2570.40  1.42
 2571.10  1.42
 2571.80  1.42
 2572.50  1.42
 2573.20  1.42
 2573.90  1.42
 2574.60  1.42
 2575.30  1.42
 2576.00  1.42
 2576.70  1.42
 2577.40  1.42
 2578.10  1.42
 2578.80  1.42
 2579.50  1.42
 2580.20  1.42
 2580.90  1.42
 2581.60  1.42
 2582.30  1.42
 2583.00  1.42
 2583.70  1.42
 2584.40  1.42
 2585.10  1.42
 2585.80  1.42
 2586.50  1.42
 2587.20  1.42
 2587.90  1.42
 2588.60  1.42
 2589.30  1.42
 2590.00  1.42
 2590.70  1.42
 2591.40  1.42
 2592.10  1.42
 2592.80  1.42
 2593.50  1.42
 2594.20  1.42
 2594.90  1.42
 2595.60  1.42
 2596.30  1.42
 2597.00  1.42
 2597.70  1.42
 2598.40  1.42
 2599.10  1.42
 2599.80  1.42
 2600.50  1.42
 2601.20  1.42
 2601.90  1.42
 2602.60  1.42
 2603.30  1.42
 2604.00  1.42
 2604.70  1.42
 2605.40  1.42
 2606.10  1.42
 2606.80  1.42
 2607.50  1.42
 2608.20  1.42
 2608.90  1.42
 2609.60  1.42
 2610.30  1.42
 2611.00  1.42
 2611.70  1.42
 2612.40  1.42
 2613.10  1.42
 2613.80  1.42
 2614.50  1.42
 2615.20  1.42
 2615.90  1.42
 2616.60  1.42
 2617.30  1.42
 2618.00  1.42
 2618.70  1.42
 2619.40  1.42
 2620.10  1.42
 2620.80  1.42
 2621.50  1.42
 2622.20  1.42
 2622.90  1.42
 2623.60  1.42
 2624.30  1.42
 2625.00  1.42
 2625.70  1.42
 2626.40  1.42
 2627.10  1.42
 2627.80  1.42
 2628.50  1.42
 2629.20  1.42
 2629.90  1.42
 2630.60  1.42
 2631.30  1.42
 2632.00  1.42
 2632.70  1.42
 2633.40  1.42
 2634.10  1.42
 2634.80  1.42
 2635.50  1.42
 2636.20  1.42
 2636.90  1.42
 2637.60  1.42
 2638.30  1.42
 2639.00  1.42
 2639.70  1.42
 2640.40  1.42
 2641.10  1.42
 2641.80  1.42
 2642.50  1.42
 2643.20  1.42
 2643.90  1.42
 2644.60  1.42
 2645.30  1.42
 2646.00  1.42
 2646.70  1.42
 2647.40  1.42
 2648.10  1.42
 2648.80  1.42
 2649.50  1.42
 2650.20  1.42
 2650.90  1.42
 2651.60  1.42
 2652.30  1.42
 2653.00  1.42
 2653.70  1.42
 2654.40  1.42
 2655.10  1.42
 2655.80  1.42
 2656.50  1.42
 2657.20  1.42
 2657.90  1.42
 2658.60  1.42
 2659.30  1.42
 2660.00  1.42
 2660.70  1.42
 2661.40  1.42
 2662.10  1.42
 2662.80  1.42
 2663.50  1.42
 2664.20  1.42
 2664.90  1.42
 2665.60  1.42
 2666.30  1.42
 2667.00  1.42
 2667.70  1.42
 2668.40  1.42
 2669.10  1.42
 2669.80  1.42
 2670.50  1.42
 2671.20  1.42
 2671.90  1.42
 2672.60  1.42
 2673.30  1.42
 2674.00  1.42
 2674.70  1.42
 2675.40  1.42
 2676.10  1.42
 2676.80  1.42
 2677.50  1.42
 2678.20  1.42
 2678.90  1.42
 2679.60  1.42
 2680.30  1.42
 2681.00  1.42
 2681.70  1.42
 2682.40  1.42
 2683.10  1.42
 2683.80  1.42
 2684.50  1.42
 2685.20  1.42
 2685.90  1.42
 2686.60  1.42
 2687.30  1.42
 2688.00  1.42
 2688.70  1.42
 2689.40  1.42
 2690.10  1.42
 2690.80  1.42
 2691.50  1.42
 2692.20  1.42
 2692.90  1.42
 2693.60  1.42
 2694.30  1.42
 2695.00  1.42
 2695.70  1.42
 2696.40  1.42
 2697.10  1.42
 2697.80  1.42
 2698.50  1.42
 2699.20  1.42
 2699.90  1.42
 2700.60  1.42
 2701.30  1.42
 2702.00  1.42
 2702.70  1.42
 2703.40  1.42
 2704.10  1.42
 2704.80  1.42
 2705.50  1.42
 2706.20  1.42
 2706.90  1.42
 2707.60  1.42
 2708.30  1.42
 2709.00  1.42
 2709.70  1.42
 2710.40  1.42
 2711.10  1.42
 2711.80  1.42
 2712.50  1.42
 2713.20  1.42
 2713.90  1.42
 2714.60  1.42
 2715.30  1.42
 2716.00  1.42
 2716.70  1.42
 2717.40  1.42
 2718.10  1.42
 2718.80  1.42
 2719.50  1.42
 2720.20  1.42
 2720.90  1.42
 2721.60  1.42
 2722.30  1.42
 2723.00  1.42
 2723.70  1.42
 2724.40  1.42
 2725.10  1.42
 2725.80  1.42
 2726.50  1.42
 2727.20  1.42
 2727.90  1.42
 2728.60  1.42
 2729.30  1.42
 2730.00  1.42
 2730.70  1.42
 2731.40  1.42
 2732.10  1.42
 2732.80  1.42
 2733.50  1.42
 2734.20  1.42
 2734.90  1.42
 2735.60  1.42
 2736.30  1.42
 2737.00  1.42
 2737.70  1.42
 2738.40  1.42
 2739.10  1.42
 2739.80  1.42
 2740.50  1.42
 2741.20  1.42
 2741.90  1.42
 2742.60  1.42
 2743.30  1.42
 2744.00  1.42
 2744.70  1.42
 2745.40  1.42
 2746.10  1.42
 2746.80  1.42
 2747.50  1.42
 2748.20  1.42
 2748.90  1.42
 2749.60  1.42
 2750.30  1.42
 2751.00  1.42
 2751.70  1.42
 2752.40  1.42
 2753.10  1.42
 2753.80  1.42
 2754.50  1.42
 2755.20  1.42
 2755.90  1.42
 2756.60  1.42
 2757.30  1.42
 2758.00  1.42
 2758.70  1.42
 2759.40  1.42
 2760.10  1.42
 2760.80  1.42
 2761.50  1.42
 2762.20  1.42
 2762.90  1.42
 2763.60  1.42
 2764.30  1.42
 2765.00  1.42
 2765.70  1.42
 2766.40  1.42
 2767.10  1.42
 2767.80  1.42
 2768.50  1.42
 2769.20  1.42
 2769.90  1.42
 2770.60  1.42
 2771.30  1.42
 2772.00  1.42
 2772.70  1.42
 2773.40  1.42
 2774.10  1.42
 2774.80  1.42
 2775.50  1.42
 2776.20  1.42
 2776.90  1.42
 2777.60  1.42
 2778.30  1.42
 2779.00  1.42
 2779.70  1.42
 2780.40  1.42
 2781.10  1.42
 2781.80  1.42
 2782.50  1.42
 2783.20  1.42
 2783.90  1.42
 2784.60  1.42
 2785.30  1.42
 2786.00  1.42
 2786.70  1.42
 2787.40  1.42
 2788.10  1.42
 2788.80  1.42
 2789.50  1.42
 2790.20  1.42
 2790.90  1.42
 2791.60  1.42
 2792.30  1.42
 2793.00  1.42
 2793.70  1.42
 2794.40  1.42
 2795.10  1.42
 2795.80  1.42
 2796.50  1.42
 2797.20  1.42
 2797.90  1.42
 2798.60  1.42
 2799.30  1.42
 2800.00  1.42
 2800.70  1.42
 2801.40  1.42
 2802.10  1.42
 2802.80  1.42
 2803.50  1.42
 2804.20  1.42
 2804.90  1.42
 2805.60  1.42
 2806.30  1.42
 2807.00  1.42
 2807.70  1.42
 2808.40  1.42
 2809.10  1.42
 2809.80  1.42
 2810.50  1.42
 2811.20  1.42
 2811.90  1.42
 2812.60  1.42
 2813.30  1.42
 2814.00  1.42
 2814.70  1.42
 2815.40  1.42
 2816.10  1.42
 2816.80  1.42
 2817.50  1.42
 2818.20  1.42
 2818.90  1.42
 2819.60  1.42
 2820.30  1.42
 2821.00  1.42
 2821.70  1.42
 2822.40  1.42
 2823.10  1.42
 2823.80  1.42
 2824.50  1.42
 2825.20  1.42
 2825.90  1.42
 2826.60  1.42
 2827.30  1.42
 2828.00  1.42
 2828.70  1.42
 2829.40  1.42
 2830.10  1.42
 2830.80  1.42
 2831.50  1.42
 2832.20  1.42
 2832.90  1.42
 2833.60  1.42
 2834.30  1.42
 2835.00  1.42
 2835.70  1.42
 2836.40  1.42
 2837.10  1.42
 2837.80  1.42
 2838.50  1.42
 2839.20  1.42
 2839.90  1.42
 2840.60  1.42
 2841.30  1.42
 2842.00  1.42
 2842.70  1.42
 2843.40  1.42
 2844.10  1.42
 2844.80  1.42
 2845.50  1.42
 2846.20  1.42
 2846.90  1.42
 2847.60  1.42
 2848.30  1.42
 2849.00  1.42
 2849.70  1.42
 2850.40  1.42
 2851.10  1.42
 2851.80  1.42
 2852.50  1.42
 2853.20  1.42
 2853.90  1.42
 2854.60  1.42
 2855.30  1.42
 2856.00  1.42
 2856.70  1.42
 2857.40  1.42
 2858.10  1.42
 2858.80  1.42
 2859.50  1.42
 2860.20  1.42
 2860.90  1.42
 2861.60  1.42
 2862.30  1.42
 2863.00  1.42
 2863.70  1.42
 2864.40  1.42
 2865.10  1.42
 2865.80  1.42
 2866.50  1.42
 2867.20  1.42
 2867.90  1.42
 2868.60  1.42
 2869.30  1.42
 2870.00  1.42
 2870.70  1.42
 2871.40  1.42
 2872.10  1.42
 2872.80  1.42
 2873.50  1.42
 2874.20  1.42
 2874.90  1.42
 2875.60  1.42
 2876.30  1.42
 2877.00  1.42
 2877.70  1.42
 2878.40  1.42
 2879.10  1.42
 2879.80  1.42
 2880.50  1.42
 2881.20  1.42
 2881.90  1.42
 2882.60  1.42
 2883.30  1.42
 2884.00  1.42
 2884.70  1.42
 2885.40  1.42
 2886.10  1.42
 2886.80  1.42
 2887.50  1.42
 2888.20  1.42
 2888.90  1.42
 2889.60  1.42
 2890.30  1.42
 2891.00  1.42
 2891.70  1.42
 2892.40  1.42
 2893.10  1.42
 2893.80  1.42
 2894.50  1.42
 2895.20  1.42
 2895.90  1.42
 2896.60  1.42
 2897.30  1.42
 2898.00  1.42
 2898.70  1.42
 2899.40  1.42
 2900.10  1.42
 2900.80  1.42
 2901.50  1.42
 2902.20  1.42
 2902.90  1.42
 2903.60  1.42
 2904.30  1.42
 2905.00  1.42
 2905.70  1.42
 2906.40  1.42
 2907.10  1.42
 2907.80  1.42
 2908.50  1.42
 2909.20  1.42
 2909.90  1.42
 2910.60  1.42
 2911.30  1.42
 2912.00  1.42
 2912.70  1.42
 2913.40  1.42
 2914.10  1.42
 2914.80  1.42
 2915.50  1.42
 2916.20  1.42
 2916.90  1.42
 2917.60  1.42
 2918.30  1.42
 2919.00  1.42
 2919.70  1.42
 2920.40  1.42
 2921.10  1.42
 2921.80  1.42
 2922.50  1.42
 2923.20  1.42
 2923.90  1.42
 2924.60  1.42
 2925.30  1.42
 2926.00  1.42
 2926.70  1.42
 2927.40  1.42
 2928.10  1.42
 2928.80  1.42
 2929.50  1.42
 2930.20  1.42
 2930.90  1.42
 2931.60  1.42
 2932.30  1.42
 2933.00  1.42
 2933.70  1.42
 2934.40  1.42
 2935.10  1.42
 2935.80  1.42
 2936.50  1.42
 2937.20  1.42
 2937.90  1.42
 2938.60  1.42
 2939.30  1.42
 2940.00  1.42
 2940.70  1.42
 2941.40  1.42
 2942.10  1.42
 2942.80  1.42
 2943.50  1.42
 2944.20  1.42
 2944.90  1.42
 2945.60  1.42
 2946.30  1.42
 2947.00  1.42
 2947.70  1.42
 2948.40  1.42
 2949.10  1.42
 2949.80  1.42
 2950.50  1.42
 2951.20  1.42
 2951.90  1.42
 2952.60  1.42
 2953.30  1.42
 2954.00  1.42
 2954.70  1.42
 2955.40  1.42
 2956.10  1.42
 2956.80  1.42
 2957.50  1.42
 2958.20  1.42
 2958.90  1.42
 2959.60  1.42
 2960.30  1.42
 2961.00  1.42
 2961.70  1.42
 2962.40  1.42
 2963.10  1.42
 2963.80  1.42
 2964.50  1.42
 2965.20  1.42
 2965.90  1.42
 2966.60  1.42
 2967.30  1.42
 2968.00  1.42
 2968.70  1.42
 2969.40  1.42
 2970.10  1.42
 2970.80  1.42
 2971.50  1.42
 2972.20  1.42
 2972.90  1.42
 2973.60  1.42
 2974.30  1.42
 2975.00  1.42
 2975.70  1.42
 2976.40  1.42
 2977.10  1.42
 2977.80  1.42
 2978.50  1.42
 2979.20  1.42
 2979.90  1.42
 2980.60  1.42
 2981.30  1.42
 2982.00  1.42
 2982.70  1.42
 2983.40  1.42
 2984.10  1.42
 2984.80  1.42
 2985.50  1.42
 2986.20  1.42
 2986.90  1.42
 2987.60  1.42
 2988.30  1.42
 2989.00  1.42
 2989.70  1.42
 2990.40  1.42
 2991.10  1.42
 2991.80  1.42
 2992.50  1.42
 2993.20  1.42
 2993.90  1.42
 2994.60  1.42
 2995.30  1.42
 2996.00  1.42
 2996.70  1.42
 2997.40  1.42
 2998.10  1.42
 2998.80  1.42
 2999.50  1.42
 3000.20  1.42
 3000.90  1.42
 3001.60  1.42
 3002.30  1.42
 3003.00  1.42
 3003.70  1.42
 3004.40  1.42
 3005.10  1.42
 3005.80  1.42
 3006.50  1.42
 3007.20  1.42
 3007.90  1.42
 3008.60  1.42
 3009.30  1.42
 3010.00  1.42
 3010.70  1.42
 3011.40  1.42
 3012.10  1.42
 3012.80  1.42
 3013.50  1.42
 3014.20  1.42
 3014.90  1.42
 3015.60  1.42
 3016.30  1.42
 3017.00  1.42
 3017.70  1.42
 3018.40  1.42
 3019.10  1.42
 3019.80  1.42
 3020.50  1.42
 3021.20  1.42
 3021.90  1.42
 3022.60  1.42
 3023.30  1.42
 3024.00  1.42
 3024.70  1.42
 3025.40  1.42
 3026.10  1.42
 3026.80  1.42
 3027.50  1.42
 3028.20  1.42
 3028.90  1.42
 3029.60  1.42
 3030.30  1.42
 3031.00  1.42
 3031.70  1.42
 3032.40  1.42
 3033.10  1.42
 3033.80  1.42
 3034.50  1.42
 3035.20  1.42
 3035.90  1.42
 3036.60  1.42
 3037.30  1.42
 3038.00  1.42
 3038.70  1.42
 3039.40  1.42
 3040.10  1.42
 3040.80  1.42
 3041.50  1.42
 3042.20  1.42
 3042.90  1.42
 3043.60  1.42
 3044.30  1.42
 3045.00  1.42
 3045.70  1.42
 3046.40  1.42
 3047.10  1.42
 3047.80  1.42
 3048.50  1.42
 3049.20  1.42
 3049.90  1.42
 3050.60  1.42
 3051.30  1.42
 3052.00  1.42
 3052.70  1.42
 3053.40  1.42
 3054.10  1.42
 3054.80  1.42
 3055.50  1.42
 3056.20  1.42
 3056.90  1.42
 3057.60  1.42
 3058.30  1.42
 3059.00  1.42
 3059.70  1.42
 3060.40  1.42
 3061.10  1.42
 3061.80  1.42
 3062.50  1.42
 3063.20  1.42
 3063.90  1.42
 3064.60  1.42
 3065.30  1.42
 3066.00  1.42
 3066.70  1.42
 3067.40  1.42
 3068.10  1.42
 3068.80  1.42
 3069.50  1.42
 3070.20  1.42
 3070.90  1.42
 3071.60  1.42
 3072.30  1.42
 3073.00  1.42
 3073.70  1.42
 3074.40  1.42
 3075.10  1.42
 3075.80  1.42
 3076.50  1.42
 3077.20  1.42
 3077.90  1.42
 3078.60  1.42
 3079.30  1.42
 3080.00  1.42
 3080.70  1.42
 3081.40  1.42
 3082.10  1.42
 3082.80  1.42
 3083.50  1.42
 3084.20  1.42
 3084.90  1.42
 3085.60  1.42
 3086.30  1.42
 3087.00  1.42
 3087.70  1.42
 3088.40  1.42
 3089.10  1.42
 3089.80  1.42
 3090.50  1.42
 3091.20  1.42
 3091.90  1.42
 3092.60  1.42
 3093.30  1.42
 3094.00  1.42
 3094.70  1.42
 3095.40  1.42
 3096.10  1.42
 3096.80  1.42
 3097.50  1.42
 3098.20  1.42
 3098.90  1.42
 3099.60  1.42
 3100.30  1.42
 3101.00  1.42
 3101.70  1.42
 3102.40  1.42
 3103.10  1.42
 3103.80  1.42
 3104.50  1.42
 3105.20  1.42
 3105.90  1.42
 3106.60  1.42
 3107.30  1.42
 3108.00  1.42
 3108.70  1.42
 3109.40  1.42
 3110.10  1.42
 3110.80  1.42
 3111.50  1.42
 3112.20  1.42
 3112.90  1.42
 3113.60  1.42
 3114.30  1.42
 3115.00  1.42
 3115.70  1.42
 3116.40  1.42
 3117.10  1.42
 3117.80  1.42
 3118.50  1.42
 3119.20  1.42
 3119.90  1.42
 3120.60  1.42
 3121.30  1.42
 3122.00  1.42
 3122.70  1.42
 3123.40  1.42
 3124.10  1.42
 3124.80  1.42
 3125.50  1.42
 3126.20  1.42
 3126.90  1.42
 3127.60  1.42
 3128.30  1.42
 3129.00  1.42
 3129.70  1.42
 3130.40  1.42
 3131.10  1.42
 3131.80  1.42
 3132.50  1.42
 3133.20  1.42
 3133.90  1.42
 3134.60  1.42
 3135.30  1.42
 3136.00  1.42
 3136.70  1.42
 3137.40  1.42
 3138.10  1.42
 3138.80  1.42
 3139.50  1.42
 3140.20  1.42
 3140.90  1.42
 3141.60  1.42
 3142.30  1.42
 3143.00  1.42
 3143.70  1.42
 3144.40  1.42
 3145.10  1.42
 3145.80  1.42
 3146.50  1.42
 3147.20  1.42
 3147.90  1.42
 3148.60  1.42
 3149.30  1.42
 3150.00  1.42
 3150.70  1.42
 3151.40  1.42
 3152.10  1.42
 3152.80  1.42
 3153.50  1.42
 3154.20  1.42
 3154.90  1.42
 3155.60  1.42
 3156.30  1.42
 3157.00  1.42
 3157.70  1.42
 3158.40  1.42
 3159.10  1.42
 3159.80  1.42
 3160.50  1.42
 3161.20  1.42
 3161.90  1.42
 3162.60  1.42
 3163.30  1.42
 3164.00  1.42
 3164.70  1.42
 3165.40  1.42
 3166.10  1.42
 3166.80  1.42
 3167.50  1.42
 3168.20  1.42
 3168.90  1.42
 3169.60  1.42
 3170.30  1.42
 3171.00  1.42
 3171.70  1.42
 3172.40  1.42
 3173.10  1.42
 3173.80  1.42
 3174.50  1.42
 3175.20  1.42
 3175.90  1.42
 3176.60  1.42
 3177.30  1.42
 3178.00  1.42
 3178.70  1.42
 3179.40  1.42
 3180.10  1.42
 3180.80  1.42
 3181.50  1.42
 3182.20  1.42
 3182.90  1.42
 3183.60  1.42
 3184.30  1.42
 3185.00  1.42
 3185.70  1.42
 3186.40  1.42
 3187.10  1.42
 3187.80  1.42
 3188.50  1.42
 3189.20  1.42
 3189.90  1.42
 3190.60  1.42
 3191.30  1.42
 3192.00  1.42
 3192.70  1.42
 3193.40  1.42
 3194.10  1.42
 3194.80  1.42
 3195.50  1.42
 3196.20  1.42
 3196.90  1.42
 3197.60  1.42
 3198.30  1.42
 3199.00  1.42
 3199.70  1.42
 3200.40  1.42
 3201.10  1.42
 3201.80  1.42
 3202.50  1.42
 3203.20  1.42
 3203.90  1.42
 3204.60  1.42
 3205.30  1.42
 3206.00  1.42
 3206.70  1.42
 3207.40  1.42
 3208.10  1.42
 3208.80  1.42
 3209.50  1.42
 3210.20  1.42
 3210.90  1.42
 3211.60  1.42
 3212.30  1.42
 3213.00  1.42
 3213.70  1.42
 3214.40  1.42
 3215.10  1.42
 3215.80  1.42
 3216.50  1.42
 3217.20  1.42
 3217.90  1.42
 3218.60  1.42
 3219.30  1.42
 3220.00  1.42
 3220.70  1.42
 3221.40  1.42
 3222.10  1.42
 3222.80  1.42
 3223.50  1.42
 3224.20  1.42
 3224.90  1.42
 3225.60  1.42
 3226.30  1.42
 3227.00  1.42
 3227.70  1.42
 3228.40  1.42
 3229.10  1.42
 3229.80  1.42
 3230.50  1.42
 3231.20  1.42
 3231.90  1.42
 3232.60  1.42
 3233.30  1.42
 3234.00  1.42
 3234.70  1.42
 3235.40  1.42
 3236.10  1.42
 3236.80  1.42
 3237.50  1.42
 3238.20  1.42
 3238.90  1.42
 3239.60  1.42
 3240.30  1.42
 3241.00  1.42
 3241.70  1.42
 3242.40  1.42
 3243.10  1.42
 3243.80  1.42
 3244.50  1.42
 3245.20  1.42
 3245.90  1.42
 3246.60  1.42
 3247.30  1.42
 3248.00  1.42
 3248.70  1.42
 3249.40  1.42
 3250.10  1.42
 3250.80  1.42
 3251.50  1.42
 3252.20  1.42
 3252.90  1.42
 3253.60  1.42
 3254.30  1.42
 3255.00  1.42
 3255.70  1.42
 3256.40  1.42
 3257.10  1.42
 3257.80  1.42
 3258.50  1.42
 3259.20  1.42
 3259.90  1.42
 3260.60  1.42
 3261.30  1.42
 3262.00  1.42
 3262.70  1.42
 3263.40  1.42
 3264.10  1.42
 3264.80  1.42
 3265.50  1.42
 3266.20  1.42
 3266.90  1.42
 3267.60  1.42
 3268.30  1.42
 3269.00  1.42
 3269.70  1.42
 3270.40  1.42
 3271.10  1.42
 3271.80  1.42
 3272.50  1.42
 3273.20  1.42
 3273.90  1.42
 3274.60  1.42
 3275.30  1.42
 3276.00  1.42
 3276.70  1.42
 3277.40  1.42
 3278.10  1.42
 3278.80  1.42
 3279.50  1.42
 3280.20  1.42
 3280.90  1.42
 3281.60  1.42
 3282.30  1.42
 3283.00  1.42
 3283.70  1.42
 3284.40  1.42
 3285.10  1.42
 3285.80  1.42
 3286.50  1.42
 3287.20  1.42
 3287.90  1.42
 3288.60  1.42
 3289.30  1.42
 3290.00  1.42
 3290.70  1.42
 3291.40  1.42
 3292.10  1.42
 3292.80  1.42
 3293.50  1.42
 3294.20  1.42
 3294.90  1.42
 3295.60  1.42
 3296.30  1.42
 3297.00  1.42
 3297.70  1.42
 3298.40  1.42
 3299.10  1.42
 3299.80  1.42
 3300.50  1.42
 3301.20  1.42
 3301.90  1.42
 3302.60  1.42
 3303.30  1.42
 3304.00  1.42
 3304.70  1.42
 3305.40  1.42
 3306.10  1.42
 3306.80  1.42
 3307.50  1.42
 3308.20  1.42
 3308.90  1.42
 3309.60  1.42
 3310.30  1.42
 3311.00  1.42
 3311.70  1.42
 3312.40  1.42
 3313.10  1.42
 3313.80  1.42
 3314.50  1.42
 3315.20  1.42
 3315.90  1.42
 3316.60  1.42
 3317.30  1.42
 3318.00  1.42
 3318.70  1.42
 3319.40  1.42
 3320.10  1.42
 3320.80  1.42
 3321.50  1.42
 3322.20  1.42
 3322.90  1.42
 3323.60  1.42
 3324.30  1.42
 3325.00  1.42
 3325.70  1.42
 3326.40  1.42
 3327.10  1.42
 3327.80  1.42
 3328.50  1.42
 3329.20  1.42
 3329.90  1.42
 3330.60  1.42
 3331.30  1.42
 3332.00  1.42
 3332.70  1.42
 3333.40  1.42
 3334.10  1.42
 3334.80  1.42
 3335.50  1.42
 3336.20  1.42
 3336.90  1.42
 3337.60  1.42
 3338.30  1.42
 3339.00  1.42
 3339.70  1.42
 3340.40  1.42
 3341.10  1.42
 3341.80  1.42
 3342.50  1.42
 3343.20  1.42
 3343.90  1.42
 3344.60  1.42
 3345.30  1.42
 3346.00  1.42
 3346.70  1.42
 3347.40  1.42
 3348.10  1.42
 3348.80  1.42
 3349.50  1.42
 3350.20  1.42
 3350.90  1.42
 3351.60  1.42
 3352.30  1.42
 3353.00  1.42
 3353.70  1.42
 3354.40  1.42
 3355.10  1.42
 3355.80  1.42
 3356.50  1.42
 3357.20  1.42
 3357.90  1.42
 3358.60  1.42
 3359.30  1.42
 3360.00  1.42
 3360.70  1.42
 3361.40  1.42
 3362.10  1.42
 3362.80  1.42
 3363.50  1.42
 3364.20  1.42
 3364.90  1.42
 3365.60  1.42
 3366.30  1.42
 3367.00  1.42
 3367.70  1.42
 3368.40  1.42
 3369.10  1.42
 3369.80  1.42
 3370.50  1.42
 3371.20  1.42
 3371.90  1.42
 3372.60  1.42
 3373.30  1.42
 3374.00  1.42
 3374.70  1.42
 3375.40  1.42
 3376.10  1.42
 3376.80  1.42
 3377.50  1.42
 3378.20  1.42
 3378.90  1.42
 3379.60  1.42
 3380.30  1.42
 3381.00  1.42
 3381.70  1.42
 3382.40  1.42
 3383.10  1.42
 3383.80  1.42
 3384.50  1.42
 3385.20  1.42
 3385.90  1.42
 3386.60  1.42
 3387.30  1.42
 3388.00  1.42
 3388.70  1.42
 3389.40  1.42
 3390.10  1.42
 3390.80  1.42
 3391.50  1.42
 3392.20  1.42
 3392.90  1.42
 3393.60  1.42
 3394.30  1.42
 3395.00  1.42
 3395.70  1.42
 3396.40  1.42
 3397.10  1.42
 3397.80  1.42
 3398.50  1.42
 3399.20  1.42
 3399.90  1.42
 3400.60  1.42
 3401.30  1.42
 3402.00  1.42
 3402.70  1.42
 3403.40  1.42
 3404.10  1.42
 3404.80  1.42
 3405.50  1.42
 3406.20  1.42
 3406.90  1.42
 3407.60  1.42
 3408.30  1.42
 3409.00  1.42
 3409.70  1.42
 3410.40  1.42
 3411.10  1.42
 3411.80  1.42
 3412.50  1.42
 3413.20  1.42
 3413.90  1.42
 3414.60  1.42
 3415.30  1.42
 3416.00  1.42
 3416.70  1.42
 3417.40  1.42
 3418.10  1.42
 3418.80  1.42
 3419.50  1.42
 3420.20  1.42
 3420.90  1.42
 3421.60  1.42
 3422.30  1.42
 3423.00  1.42
 3423.70  1.42
 3424.40  1.42
 3425.10  1.42
 3425.80  1.42
 3426.50  1.42
 3427.20  1.42
 3427.90  1.42
 3428.60  1.42
 3429.30  1.42
 3430.00  1.42
 3430.70  1.42
 3431.40  1.42
 3432.10  1.42
 3432.80  1.42
 3433.50  1.42
 3434.20  1.42
 3434.90  1.42
 3435.60  1.42
 3436.30  1.42
 3437.00  1.42
 3437.70  1.42
 3438.40  1.42
 3439.10  1.42
 3439.80  1.42
 3440.50  1.42
 3441.20  1.42
 3441.90  1.42
 3442.60  1.42
 3443.30  1.42
 3444.00  1.42
 3444.70  1.42
 3445.40  1.42
 3446.10  1.42
 3446.80  1.42
 3447.50  1.42
 3448.20  1.42
 3448.90  1.42
 3449.60  1.42
 3450.30  1.42
 3451.00  1.42
 3451.70  1.42
 3452.40  1.42
 3453.10  1.42
 3453.80  1.42
 3454.50  1.42
 3455.20  1.42
 3455.90  1.42
 3456.60  1.42
 3457.30  1.42
 3458.00  1.42
 3458.70  1.42
 3459.40  1.42
 3460.10  1.42
 3460.80  1.42
 3461.50  1.42
 3462.20  1.42
 3462.90  1.42
 3463.60  1.42
 3464.30  1.42
 3465.00  1.42
 3465.70  1.42
 3466.40  1.42
 3467.10  1.42
 3467.80  1.42
 3468.50  1.42
 3469.20  1.42
 3469.90  1.42
 3470.60  1.42
 3471.30  1.42
 3472.00  1.42
 3472.70  1.42
 3473.40  1.42
 3474.10  1.42
 3474.80  1.42
 3475.50  1.42
 3476.20  1.42
 3476.90  1.42
 3477.60  1.42
 3478.30  1.42
 3479.00  1.42
 3479.70  1.42
 3480.40  1.42
 3481.10  1.42
 3481.80  1.42
 3482.50  1.42
 3483.20  1.42
 3483.90  1.42
 3484.60  1.42
 3485.30  1.42
 3486.00  1.42
 3486.70  1.42
 3487.40  1.42
 3488.10  1.42
 3488.80  1.42
 3489.50  1.42
 3490.20  1.42
 3490.90  1.42
 3491.60  1.42
 3492.30  1.42
 3493.00  1.42
 3493.70  1.42
 3494.40  1.42
 3495.10  1.42
 3495.80  1.42
 3496.50  1.42
 3497.20  1.42
 3497.90  1.42
 3498.60  1.42
 3499.30  1.42
 3500.00  1.42
 3500.70  1.42
 3501.40  1.42
 3502.10  1.42
 3502.80  1.42
 3503.50  1.42
 3504.20  1.42
 3504.90  1.42
 3505.60  1.42
 3506.30  1.42
 3507.00  1.42
 3507.70  1.42
 3508.40  1.42
 3509.10  1.42
 3509.80  1.42
 3510.50  1.42
 3511.20  1.42
 3511.90  1.42
 3512.60  1.42
 3513.30  1.42
 3514.00  1.42
 3514.70  1.42
 3515.40  1.42
 3516.10  1.42
 3516.80  1.42
 3517.50  1.42
 3518.20  1.42
 3518.90  1.42
 3519.60  1.42
 3520.30  1.42
 3521.00  1.42
 3521.70  1.42
 3522.40  1.42
 3523.10  1.42
 3523.80  1.42
 3524.50  1.42
 3525.20  1.42
 3525.90  1.42
 3526.60  1.42
 3527.30  1.42
 3528.00  1.42
 3528.70  1.42
 3529.40  1.42
 3530.10  1.42
 3530.80  1.42
 3531.50  1.42
 3532.20  1.42
 3532.90  1.42
 3533.60  1.42
 3534.30  1.42
 3535.00  1.42
 3535.70  1.42
 3536.40  1.42
 3537.10  1.42
 3537.80  1.42
 3538.50  1.42
 3539.20  1.42
 3539.90  1.42
 3540.60  1.42
 3541.30  1.42
 3542.00  1.42
 3542.70  1.42
 3543.40  1.42
 3544.10  1.42
 3544.80  1.42
 3545.50  1.42
 3546.20  1.42
 3546.90  1.42
 3547.60  1.42
 3548.30  1.42
 3549.00  1.42
 3549.70  1.42
 3550.40  1.42
 3551.10  1.42
 3551.80  1.42
 3552.50  1.42
 3553.20  1.42
 3553.90  1.42
 3554.60  1.42
 3555.30  1.42
 3556.00  1.42
 3556.70  1.42
 3557.40  1.42
 3558.10  1.42
 3558.80  1.42
 3559.50  1.42
 3560.20  1.42
 3560.90  1.42
 3561.60  1.42
 3562.30  1.42
 3563.00  1.42
 3563.70  1.42
 3564.40  1.42
 3565.10  1.42
 3565.80  1.42
 3566.50  1.42
 3567.20  1.42
 3567.90  1.42
 3568.60  1.42
 3569.30  1.42
 3570.00  1.42
 3570.70  1.42
 3571.40  1.42
 3572.10  1.42
 3572.80  1.42
 3573.50  1.42
 3574.20  1.42
 3574.90  1.42
 3575.60  1.42
 3576.30  1.42
 3577.00  1.42
 3577.70  1.42
 3578.40  1.42
 3579.10  1.42
 3579.80  1.42
 3580.50  1.42
 3581.20  1.42
 3581.90  1.42
 3582.60  1.42
 3583.30  1.42
 3584.00  1.42
 3584.70  1.42
 3585.40  1.42
 3586.10  1.42
 3586.80  1.42
 3587.50  1.42
 3588.20  1.42
 3588.90  1.42
 3589.60  1.42
 3590.30  1.42
 3591.00  1.42
 3591.70  1.42
 3592.40  1.42
 3593.10  1.42
 3593.80  1.42
 3594.50  1.42
 3595.20  1.42
 3595.90  1.42
 3596.60  1.42
 3597.30  1.42
 3598.00  1.42
 3598.70  1.42
 3599.40  1.42
 3600.10  1.42
 3600.80  1.42
 3601.50  1.42
 3602.20  1.42
 3602.90  1.42
 3603.60  1.42
 3604.30  1.42
 3605.00  1.42
 3605.70  1.42
 3606.40  1.42
 3607.10  1.42
 3607.80  1.42
 3608.50  1.42
 3609.20  1.42
 3609.90  1.42
 3610.60  1.42
 3611.30  1.42
 3612.00  1.42
 3612.70  1.42
 3613.40  1.42
 3614.10  1.42
 3614.80  1.42
 3615.50  1.42
 3616.20  1.42
 3616.90  1.42
 3617.60  1.42
 3618.30  1.42
 3619.00  1.42
 3619.70  1.42
 3620.40  1.42
 3621.10  1.42
 3621.80  1.42
 3622.50  1.42
 3623.20  1.42
 3623.90  1.42
 3624.60  1.42
 3625.30  1.42
 3626.00  1.42
 3626.70  1.42
 3627.40  1.42
 3628.10  1.42
 3628.80  1.42
 3629.50  1.42
 3630.20  1.42
 3630.90  1.42
 3631.60  1.42
 3632.30  1.42
 3633.00  1.42
 3633.70  1.42
 3634.40  1.42
 3635.10  1.42
 3635.80  1.42
 3636.50  1.42
 3637.20  1.42
 3637.90  1.42
 3638.60  1.42
 3639.30  1.42
 3640.00  1.42
 3640.70  1.42
 3641.40  1.42
 3642.10  1.42
 3642.80  1.42
 3643.50  1.42
 3644.20  1.42
 3644.90  1.42
 3645.60  1.42
 3646.30  1.42
 3647.00  1.42
 3647.70  1.42
 3648.40  1.42
 3649.10  1.42
 3649.80  1.42
 3650.50  1.42
 3651.20  1.42
 3651.90  1.42
 3652.60  1.42
 3653.30  1.42
 3654.00  1.42
 3654.70  1.42
 3655.40  1.42
 3656.10  1.42
 3656.80  1.42
 3657.50  1.42
 3658.20  1.42
 3658.90  1.42
 3659.60  1.42
 3660.30  1.42
 3661.00  1.42
 3661.70  1.42
 3662.40  1.42
 3663.10  1.42
 3663.80  1.42
 3664.50  1.42
 3665.20  1.42
 3665.90  1.42
 3666.60  1.42
 3667.30  1.42
 3668.00  1.42
 3668.70  1.42
 3669.40  1.42
 3670.10  1.42
 3670.80  1.42
 3671.50  1.42
 3672.20  1.42
 3672.90  1.42
 3673.60  1.42
 3674.30  1.42
 3675.00  1.42
 3675.70  1.42
 3676.40  1.42
 3677.10  1.42
 3677.80  1.42
 3678.50  1.42
 3679.20  1.42
 3679.90  1.42
 3680.60  1.42
 3681.30  1.42
 3682.00  1.42
 3682.70  1.42
 3683.40  1.42
 3684.10  1.42
 3684.80  1.42
 3685.50  1.42
 3686.20  1.42
 3686.90  1.42
 3687.60  1.42
 3688.30  1.42
 3689.00  1.42
 3689.70  1.42
 3690.40  1.42
 3691.10  1.42
 3691.80  1.42
 3692.50  1.42
 3693.20  1.42
 3693.90  1.42
 3694.60  1.42
 3695.30  1.42
 3696.00  1.42
 3696.70  1.42
 3697.40  1.42
 3698.10  1.42
 3698.80  1.42
 3699.50  1.42
 3700.20  1.42
 3700.90  1.42
 3701.60  1.42
 3702.30  1.42
 3703.00  1.42
 3703.70  1.42
 3704.40  1.42
 3705.10  1.42
 3705.80  1.42
 3706.50  1.42
 3707.20  1.42
 3707.90  1.42
 3708.60  1.42
 3709.30  1.42
 3710.00  1.42
 3710.70  1.42
 3711.40  1.42
 3712.10  1.42
 3712.80  1.42
 3713.50  1.42
 3714.20  1.42
 3714.90  1.42
 3715.60  1.42
 3716.30  1.42
 3717.00  1.42
 3717.70  1.42
 3718.40  1.42
 3719.10  1.42
 3719.80  1.42
 3720.50  1.42
 3721.20  1.42
 3721.90  1.42
 3722.60  1.42
 3723.30  1.42
 3724.00  1.42
 3724.70  1.42
 3725.40  1.42
 3726.10  1.42
 3726.80  1.42
 3727.50  1.42
 3728.20  1.42
 3728.90  1.42
 3729.60  1.42
 3730.30  1.42
 3731.00  1.42
 3731.70  1.42
 3732.40  1.42
 3733.10  1.42
 3733.80  1.42
 3734.50  1.42
 3735.20  1.42
 3735.90  1.42
 3736.60  1.42
 3737.30  1.42
 3738.00  1.42
 3738.70  1.42
 3739.40  1.42
 3740.10  1.42
 3740.80  1.42
 3741.50  1.42
 3742.20  1.42
 3742.90  1.42
 3743.60  1.42
 3744.30  1.42
 3745.00  1.42
 3745.70  1.42
 3746.40  1.42
 3747.10  1.42
 3747.80  1.42
 3748.50  1.42
 3749.20  1.42
 3749.90  1.42
 3750.60  1.42
 3751.30  1.42
 3752.00  1.42
 3752.70  1.42
 3753.40  1.42
 3754.10  1.42
 3754.80  1.42
 3755.50  1.42
 3756.20  1.42
 3756.90  1.42
 3757.60  1.42
 3758.30  1.42
 3759.00  1.42
 3759.70  1.42
 3760.40  1.42
 3761.10  1.42
 3761.80  1.42
 3762.50  1.42
 3763.20  1.42
 3763.90  1.42
 3764.60  1.42
 3765.30  1.42
 3766.00  1.42
 3766.70  1.42
 3767.40  1.42
 3768.10  1.42
 3768.80  1.42
 3769.50  1.42
 3770.20  1.42
 3770.90  1.42
 3771.60  1.42
 3772.30  1.42
 3773.00  1.42
 3773.70  1.42
 3774.40  1.42
 3775.10  1.42
 3775.80  1.42
 3776.50  1.42
 3777.20  1.42
 3777.90  1.42
 3778.60  1.42
 3779.30  1.42
 3780.00  1.42
 3780.70  1.42
 3781.40  1.42
 3782.10  1.42
 3782.80  1.42
 3783.50  1.42
 3784.20  1.42
 3784.90  1.42
 3785.60  1.42
 3786.30  1.42
 3787.00  1.42
 3787.70  1.42
 3788.40  1.42
 3789.10  1.42
 3789.80  1.42
 3790.50  1.42
 3791.20  1.42
 3791.90  1.42
 3792.60  1.42
 3793.30  1.42
 3794.00  1.42
 3794.70  1.42
 3795.40  1.42
 3796.10  1.42
 3796.80  1.42
 3797.50  1.42
 3798.20  1.42
 3798.90  1.42
 3799.60  1.42
 3800.30  1.42
 3801.00  1.42
 3801.70  1.42
 3802.40  1.42
 3803.10  1.42
 3803.80  1.42
 3804.50  1.42
 3805.20  1.42
 3805.90  1.42
 3806.60  1.42
 3807.30  1.42
 3808.00  1.42
 3808.70  1.42
 3809.40  1.42
 3810.10  1.42
 3810.80  1.42
 3811.50  1.42
 3812.20  1.42
 3812.90  1.42
 3813.60  1.42
 3814.30  1.42
 3815.00  1.42
 3815.70  1.42
 3816.40  1.42
 3817.10  1.42
 3817.80  1.42
 3818.50  1.42
 3819.20  1.42
 3819.90  1.42
 3820.60  1.42
 3821.30  1.42
 3822.00  1.42
 3822.70  1.42
 3823.40  1.42
 3824.10  1.42
 3824.80  1.42
 3825.50  1.42
 3826.20  1.42
 3826.90  1.42
 3827.60  1.42
 3828.30  1.42
 3829.00  1.42
 3829.70  1.42
 3830.40  1.42
 3831.10  1.42
 3831.80  1.42
 3832.50  1.42
 3833.20  1.42
 3833.90  1.42
 3834.60  1.42
 3835.30  1.42
 3836.00  1.42
 3836.70  1.42
 3837.40  1.42
 3838.10  1.42
 3838.80  1.42
 3839.50  1.42
 3840.20  1.42
 3840.90  1.42
 3841.60  1.42
 3842.30  1.42
 3843.00  1.42
 3843.70  1.42
 3844.40  1.42
 3845.10  1.42
 3845.80  1.42
 3846.50  1.42
 3847.20  1.42
 3847.90  1.42
 3848.60  1.42
 3849.30  1.42
 3850.00  1.42
 3850.70  1.42
 3851.40  1.42
 3852.10  1.42
 3852.80  1.42
 3853.50  1.42
 3854.20  1.42
 3854.90  1.42
 3855.60  1.42
 3856.30  1.42
 3857.00  1.42
 3857.70  1.42
 3858.40  1.42
 3859.10  1.42
 3859.80  1.42
 3860.50  1.42
 3861.20  1.42
 3861.90  1.42
 3862.60  1.42
 3863.30  1.42
 3864.00  1.42
 3864.70  1.42
 3865.40  1.42
 3866.10  1.42
 3866.80  1.42
 3867.50  1.42
 3868.20  1.42
 3868.90  1.42
 3869.60  1.42
 3870.30  1.42
 3871.00  1.42
 3871.70  1.42
 3872.40  1.42
 3873.10  1.42
 3873.80  1.42
 3874.50  1.42
 3875.20  1.42
 3875.90  1.42
 3876.60  1.42
 3877.30  1.42
 3878.00  1.42
 3878.70  1.42
 3879.40  1.42
 3880.10  1.42
 3880.80  1.42
 3881.50  1.42
 3882.20  1.42
 3882.90  1.42
 3883.60  1.42
 3884.30  1.42
 3885.00  1.42
 3885.70  1.42
 3886.40  1.42
 3887.10  1.42
 3887.80  1.42
 3888.50  1.42
 3889.20  1.42
 3889.90  1.42
 3890.60  1.42
 3891.30  1.42
 3892.00  1.42
 3892.70  1.42
 3893.40  1.42
 3894.10  1.42
 3894.80  1.42
 3895.50  1.42
 3896.20  1.42
 3896.90  1.42
 3897.60  1.42
 3898.30  1.42
 3899.00  1.42
 3899.70  1.42
 3900.40  1.42
 3901.10  1.42
 3901.80  1.42
 3902.50  1.42
 3903.20  1.42
 3903.90  1.42
 3904.60  1.42
 3905.30  1.42
 3906.00  1.42
 3906.70  1.42
 3907.40  1.42
 3908.10  1.42
 3908.80  1.42
 3909.50  1.42
 3910.20  1.42
 3910.90  1.42
 3911.60  1.42
 3912.30  1.42
 3913.00  1.42
 3913.70  1.42
 3914.40  1.42
 3915.10  1.42
 3915.80  1.42
 3916.50  1.42
 3917.20  1.42
 3917.90  1.42
 3918.60  1.42
 3919.30  1.42
 3920.00  1.42
 3920.70  1.42
 3921.40  1.42
 3922.10  1.42
 3922.80  1.42
 3923.50  1.42
 3924.20  1.42
 3924.90  1.42
 3925.60  1.42
 3926.30  1.42
 3927.00  1.42
 3927.70  1.42
 3928.40  1.42
 3929.10  1.42
 3929.80  1.42
 3930.50  1.42
 3931.20  1.42
 3931.90  1.42
 3932.60  1.42
 3933.30  1.42
 3934.00  1.42
 3934.70  1.42
 3935.40  1.42
 3936.10  1.42
 3936.80  1.42
 3937.50  1.42
 3938.20  1.42
 3938.90  1.42
 3939.60  1.42
 3940.30  1.42
 3941.00  1.42
 3941.70  1.42
 3942.40  1.42
 3943.10  1.42
 3943.80  1.42
 3944.50  1.42
 3945.20  1.42
 3945.90  1.42
 3946.60  1.42
 3947.30  1.42
 3948.00  1.42
 3948.70  1.42
 3949.40  1.42
 3950.10  1.42
 3950.80  1.42
 3951.50  1.42
 3952.20  1.42
 3952.90  1.42
 3953.60  1.42
 3954.30  1.42
 3955.00  1.42
 3955.70  1.42
 3956.40  1.42
 3957.10  1.42
 3957.80  1.42
 3958.50  1.42
 3959.20  1.42
 3959.90  1.42
 3960.60  1.42
 3961.30  1.42
 3962.00  1.42
 3962.70  1.42
 3963.40  1.42
 3964.10  1.42
 3964.80  1.42
 3965.50  1.42
 3966.20  1.42
 3966.90  1.42
 3967.60  1.42
 3968.30  1.42
 3969.00  1.42
 3969.70  1.42
 3970.40  1.42
 3971.10  1.42
 3971.80  1.42
 3972.50  1.42
 3973.20  1.42
 3973.90  1.42
 3974.60  1.42
 3975.30  1.42
 3976.00  1.42
 3976.70  1.42
 3977.40  1.42
 3978.10  1.42
 3978.80  1.42
 3979.50  1.42
 3980.20  1.42
 3980.90  1.42
 3981.60  1.42
 3982.30  1.42
 3983.00  1.42
 3983.70  1.42
 3984.40  1.42
 3985.10  1.42
 3985.80  1.42
 3986.50  1.42
 3987.20  1.42
 3987.90  1.42
 3988.60  1.42
 3989.30  1.42
 3990.00  1.42
 3990.70  1.42
 3991.40  1.42
 3992.10  1.42
 3992.80  1.42
 3993.50  1.42
 3994.20  1.42
 3994.90  1.42
 3995.60  1.42
 3996.30  1.42
 3997.00  1.42
 3997.70  1.42
 3998.40  1.42
 3999.10  1.42
 3999.80  1.42
